subj_idx,session,block,trial,stimulus,coherence,response,rt,prevstim,prevresp,prev2resp,prev2stim,prevrt
1,1,1,2,-3,3,0,0.48389196395874,1,1,-1,-1,0.300688505172729
1,1,1,3,-3,3,1,0.617121934890747,-1,-1,1,1,0.23389196395874
1,1,1,4,-27,27,0,0.483788013458252,-1,1,-1,-1,0.367121934890747
1,1,1,5,9,9,1,0.484246015548706,-1,-1,1,-1,0.233788013458252
1,1,1,6,3,3,1,0.533806562423706,1,1,-1,-1,0.234246015548706
1,1,1,7,27,27,1,0.3504638671875,1,1,1,1,0.283806562423706
1,1,1,8,27,27,1,0.500915050506592,1,1,1,1,0.1004638671875
1,1,1,9,0,0,0,0.56714391708374,1,1,1,1,0.250915050506592
1,1,1,10,-81,81,0,0.483842849731445,1,-1,1,1,0.31714391708374
1,1,1,11,-3,3,0,1.06712794303894,-1,-1,-1,1,0.233842849731445
1,1,1,12,-27,27,0,0.567131280899048,-1,-1,-1,-1,0.81712794303894
1,1,1,13,-3,3,0,1.08377909660339,-1,-1,-1,-1,0.317131280899048
1,1,1,14,-3,3,0,0.417197942733765,-1,-1,-1,-1,0.833779096603394
1,1,1,15,-3,3,0,0.533799648284912,-1,-1,-1,-1,0.167197942733765
1,1,1,16,-9,9,0,0.483818054199219,-1,-1,-1,-1,0.283799648284912
1,1,1,17,-3,3,0,0.400465250015259,-1,-1,-1,-1,0.233818054199219
1,1,1,18,-27,27,0,0.417136192321777,-1,-1,-1,-1,0.150465250015259
1,1,1,19,-27,27,0,0.300492286682129,-1,-1,-1,-1,0.167136192321777
1,1,1,20,-9,9,1,0.600461006164551,-1,-1,-1,-1,0.0504922866821289
1,1,1,21,0,0,0,0.383825063705444,-1,1,-1,-1,0.350461006164551
1,1,1,22,81,81,1,0.250938892364502,1,-1,1,-1,0.133825063705444
1,1,1,23,81,81,1,0.500928163528442,1,1,-1,1,0.000938892364501953
1,1,1,24,-27,27,0,0.367132902145386,1,1,1,1,0.250928163528442
1,1,1,25,-9,9,1,0.51712703704834,-1,-1,1,1,0.117132902145386
1,1,1,26,-9,9,0,0.517589092254639,-1,1,-1,-1,0.26712703704834
1,1,1,27,-81,81,0,0.434244871139526,-1,-1,1,-1,0.267589092254639
1,1,1,28,9,9,1,1.35045289993286,-1,-1,-1,-1,0.184244871139526
1,1,1,29,81,81,1,0.600468158721924,1,1,-1,-1,1.10045289993286
1,1,1,30,-81,81,0,0.567663908004761,1,1,1,1,0.350468158721924
1,1,1,31,-81,81,0,0.417601823806763,-1,-1,1,1,0.317663908004761
1,1,1,32,-3,3,1,0.533793926239014,-1,-1,-1,-1,0.167601823806763
1,1,1,33,-9,9,0,0.567129850387573,-1,1,-1,-1,0.283793926239014
1,1,1,34,27,27,1,0.483822822570801,-1,-1,1,-1,0.317129850387573
1,1,1,35,-81,81,0,0.567143201828003,1,1,-1,-1,0.233822822570801
1,1,1,36,-3,3,1,0.500908851623535,-1,-1,1,1,0.317143201828003
1,1,1,37,9,9,1,0.617125272750854,-1,1,-1,-1,0.250908851623535
1,1,1,38,9,9,0,0.96759295463562,1,1,1,-1,0.367125272750854
1,1,1,39,9,9,0,0.567598819732666,1,-1,1,1,0.71759295463562
1,1,1,40,9,9,1,0.567162990570068,1,-1,-1,1,0.317598819732666
1,1,1,41,9,9,1,0.550472259521484,1,1,-1,1,0.317162990570068
1,1,1,42,-3,3,1,0.617129564285278,1,1,1,1,0.300472259521484
1,1,1,43,-27,27,0,0.467599868774414,-1,1,1,1,0.367129564285278
1,1,1,44,-9,9,0,0.43379282951355,-1,-1,1,-1,0.217599868774414
1,1,1,45,0,0,1,0.433807611465454,-1,-1,-1,-1,0.18379282951355
1,1,1,46,0,0,0,0.884245634078979,1,1,-1,-1,0.183807611465454
1,1,1,47,3,3,0,0.667146921157837,1,-1,1,1,0.634245634078979
1,1,1,48,-9,9,0,0.333804130554199,1,-1,-1,1,0.417146921157837
1,1,1,49,-81,81,0,0.467162609100342,-1,-1,-1,1,0.0838041305541992
1,1,1,50,27,27,1,0.367644071578979,-1,-1,-1,-1,0.217162609100342
1,1,1,51,-27,27,0,0.41713809967041,1,1,-1,-1,0.117644071578979
1,1,1,52,-3,3,1,0.633799076080322,-1,-1,1,1,0.16713809967041
1,1,1,53,-81,81,0,0.567128896713257,-1,1,-1,-1,0.383799076080322
1,1,1,54,-27,27,0,0.667126178741455,-1,-1,1,-1,0.317128896713257
1,1,1,55,-3,3,0,0.617149353027344,-1,-1,-1,-1,0.417126178741455
1,1,1,56,81,81,1,0.467120885848999,-1,-1,-1,-1,0.367149353027344
1,1,1,57,27,27,1,0.434247493743896,1,1,-1,-1,0.217120885848999
1,1,1,58,-0,0,0,0.300467014312744,1,1,1,1,0.184247493743896
1,1,1,59,0,0,1,0.868026733398438,-1,-1,1,1,0.0504670143127441
1,1,1,60,3,3,1,0.567131996154785,1,1,-1,-1,0.618026733398438
1,1,1,61,81,81,1,0.284255027770996,1,1,1,1,0.317131996154785
1,1,1,62,-0,0,0,0.433897256851196,1,1,1,1,0.0342550277709961
1,1,1,63,-27,27,0,0.350495100021362,-1,-1,1,1,0.183897256851196
1,1,1,64,3,3,1,0.667139768600464,-1,-1,-1,-1,0.100495100021362
1,1,1,65,9,9,0,0.283795833587646,1,1,-1,-1,0.417139768600464
1,1,1,66,9,9,1,0.550455093383789,1,-1,1,1,0.0337958335876465
1,1,1,67,27,27,1,0.300489902496338,1,1,-1,1,0.300455093383789
1,1,1,68,81,81,1,0.367614507675171,1,1,1,1,0.0504899024963379
1,1,1,69,9,9,1,0.484289169311523,1,1,1,1,0.117614507675171
1,1,1,70,-0,0,1,0.350554943084717,1,1,1,1,0.234289169311523
1,1,1,71,27,27,1,0.500450134277344,-1,1,1,1,0.100554943084717
1,1,1,72,81,81,1,0.417589902877808,1,1,1,-1,0.250450134277344
1,1,1,73,3,3,0,0.517136812210083,1,1,1,1,0.167589902877808
1,1,1,74,-27,27,0,0.533804416656494,1,-1,1,1,0.267136812210083
1,1,1,75,3,3,0,1.3337869644165,-1,-1,-1,1,0.283804416656494
1,1,1,76,81,81,1,0.484248876571655,1,-1,-1,-1,1.0837869644165
1,1,1,77,-0,0,1,0.60045599937439,1,1,-1,1,0.234248876571655
1,1,1,78,27,27,1,0.400949954986572,-1,1,1,1,0.35045599937439
1,1,1,79,-9,9,0,0.400459051132202,1,1,1,-1,0.150949954986572
1,1,1,80,-81,81,0,0.350472927093506,-1,-1,1,1,0.150459051132202
1,1,1,81,9,9,1,0.434262990951538,-1,-1,-1,-1,0.100472927093506
1,1,1,82,3,3,1,0.783785820007324,1,1,-1,-1,0.184262990951538
1,1,1,83,-27,27,0,0.38385796546936,1,1,1,1,0.533785820007324
1,1,1,84,27,27,1,0.617124795913696,-1,-1,1,1,0.13385796546936
1,1,1,85,-81,81,0,0.317598819732666,1,1,-1,-1,0.367124795913696
1,1,1,86,-27,27,0,0.484220266342163,-1,-1,1,1,0.067598819732666
1,1,1,87,81,81,1,0.333822965621948,-1,-1,-1,-1,0.234220266342163
1,1,1,88,81,81,1,0.933784961700439,1,1,-1,-1,0.0838229656219482
1,1,1,89,-3,3,0,0.467132568359375,1,1,1,1,0.683784961700439
1,1,1,90,-0,0,0,0.367131948471069,-1,-1,1,1,0.217132568359375
1,1,1,91,0,0,1,0.467149019241333,-1,-1,-1,-1,0.117131948471069
1,1,1,92,-9,9,1,0.384259939193726,1,1,-1,-1,0.217149019241333
1,1,1,93,-3,3,0,0.333802938461304,-1,1,1,1,0.134259939193726
1,1,1,94,-27,27,0,0.284235954284668,-1,-1,1,-1,0.0838029384613037
1,1,1,95,81,81,1,0.467652559280396,-1,-1,-1,-1,0.034235954284668
1,1,1,96,-9,9,1,0.300950527191162,1,1,-1,-1,0.217652559280396
1,1,1,97,-3,3,1,0.683783054351807,-1,1,1,1,0.0509505271911621
1,1,1,98,-81,81,0,0.333835601806641,-1,1,1,-1,0.433783054351807
1,1,1,99,-9,9,0,0.483809471130371,-1,-1,1,-1,0.0838356018066406
1,1,2,2,-27,27,0,0.500463008880615,-1,-1,-1,1,0.334012985229492
1,1,2,3,-27,27,0,0.383810997009277,-1,-1,-1,-1,0.250463008880615
1,1,2,4,0,0,1,0.468309164047241,-1,-1,-1,-1,0.133810997009277
1,1,2,5,0,0,0,0.500936031341553,1,1,-1,-1,0.218309164047241
1,1,2,6,3,3,0,0.817128419876099,1,-1,1,1,0.250936031341553
1,1,2,7,27,27,1,0.400946140289307,1,-1,-1,1,0.567128419876099
1,1,2,8,-27,27,0,0.567569255828857,1,1,-1,1,0.150946140289307
1,1,2,9,9,9,1,0.41716194152832,-1,-1,1,1,0.317569255828857
1,1,2,10,-9,9,0,0.717120409011841,1,1,-1,-1,0.16716194152832
1,1,2,11,0,0,1,0.800441980361938,-1,-1,1,1,0.467120409011841
1,1,2,12,-9,9,1,0.367642879486084,1,1,-1,-1,0.550441980361938
1,1,2,13,27,27,1,0.483781099319458,-1,1,1,1,0.117642879486084
1,1,2,14,81,81,1,0.383795976638794,1,1,1,-1,0.233781099319458
1,1,2,15,81,81,1,0.517127990722656,1,1,1,1,0.133795976638794
1,1,2,16,-3,3,0,0.800899982452393,1,1,1,1,0.267127990722656
1,1,2,17,27,27,1,0.400518894195557,-1,-1,1,1,0.550899982452393
1,1,2,18,81,81,1,0.800498008728027,1,1,-1,-1,0.150518894195557
1,1,2,19,-81,81,0,0.46712327003479,1,1,1,1,0.550498008728027
1,1,2,20,-81,81,0,0.483790159225464,-1,-1,1,1,0.21712327003479
1,1,2,21,-27,27,0,0.517158985137939,-1,-1,-1,-1,0.233790159225464
1,1,2,22,-9,9,0,0.550915956497192,-1,-1,-1,-1,0.267158985137939
1,1,2,23,9,9,1,0.417146682739258,-1,-1,-1,-1,0.300915956497192
1,1,2,24,-81,81,0,0.567113161087036,1,1,-1,-1,0.167146682739258
1,1,2,25,3,3,1,0.800930023193359,-1,-1,1,1,0.317113161087036
1,1,2,26,-3,3,1,0.617144823074341,1,1,-1,-1,0.550930023193359
1,1,2,27,0,0,0,0.667128324508667,-1,1,1,1,0.367144823074341
1,1,2,28,9,9,1,0.433802843093872,1,-1,1,-1,0.417128324508667
1,1,2,29,27,27,1,0.450453042984009,1,1,-1,1,0.183802843093872
1,1,2,30,-3,3,1,0.66711950302124,1,1,1,1,0.200453042984009
1,1,2,31,27,27,1,0.433846950531006,-1,1,1,1,0.41711950302124
1,1,2,32,-9,9,0,0.433861017227173,1,1,1,-1,0.183846950531006
1,1,2,33,0,0,0,0.617583036422729,-1,-1,1,1,0.183861017227173
1,1,2,34,-0,0,1,0.584409952163696,1,-1,-1,-1,0.367583036422729
1,1,2,35,-0,0,0,0.650909900665283,-1,1,-1,1,0.334409952163696
1,1,2,36,9,9,1,0.400454044342041,-1,-1,1,-1,0.400909900665283
1,1,2,37,9,9,1,0.500449895858765,1,1,-1,-1,0.150454044342041
1,1,2,38,81,81,1,0.367140769958496,1,1,1,1,0.250449895858765
1,1,2,39,9,9,1,0.534243822097778,1,1,1,1,0.117140769958496
1,1,2,40,-81,81,0,0.367604970932007,1,1,1,1,0.284243822097778
1,1,2,41,-3,3,1,0.717674255371094,-1,-1,1,1,0.117604970932007
1,1,2,42,27,27,1,0.583796977996826,-1,1,-1,-1,0.467674255371094
1,1,2,43,9,9,1,0.750915050506592,1,1,1,-1,0.333796977996826
1,1,2,44,81,81,1,0.600460290908813,1,1,1,1,0.500915050506592
1,1,2,45,81,81,1,0.517149925231934,1,1,1,1,0.350460290908813
1,1,2,46,-81,81,0,0.567588090896606,1,1,1,1,0.267149925231934
1,1,2,47,-27,27,0,0.450450897216797,-1,-1,1,1,0.317588090896606
1,1,2,48,-3,3,0,0.767589569091797,-1,-1,-1,-1,0.200450897216797
1,1,2,49,-27,27,0,0.500483989715576,-1,-1,-1,-1,0.517589569091797
1,1,2,50,3,3,1,0.584247827529907,-1,-1,-1,-1,0.250483989715576
1,1,2,51,81,81,1,0.467582702636719,1,1,-1,-1,0.334247827529907
1,1,2,52,-27,27,0,0.500463962554932,1,1,1,1,0.217582702636719
1,1,2,53,9,9,1,0.484251022338867,-1,-1,1,1,0.250463962554932
1,1,2,54,-81,81,0,0.483790874481201,1,1,-1,-1,0.234251022338867
1,1,2,55,-3,3,1,0.850454092025757,-1,-1,1,1,0.233790874481201
1,1,2,56,9,9,1,0.350525617599487,-1,1,-1,-1,0.600454092025757
1,1,2,57,-3,3,1,0.567158937454224,1,1,1,-1,0.100525617599487
1,1,2,58,27,27,1,0.467119932174683,-1,1,1,1,0.317158937454224
1,1,2,59,81,81,1,0.400460004806519,1,1,1,-1,0.217119932174683
1,1,2,60,-3,3,1,0.467194080352783,1,1,1,1,0.150460004806519
1,1,2,61,-81,81,0,0.267145872116089,-1,1,1,1,0.217194080352783
1,1,2,62,0,0,0,0.617590665817261,-1,-1,1,-1,0.0171458721160889
1,1,2,63,3,3,0,0.633869886398315,1,-1,-1,-1,0.367590665817261
1,1,2,64,-9,9,1,0.550448894500732,1,-1,-1,1,0.383869886398315
1,1,2,65,-9,9,0,0.384555101394653,-1,1,-1,1,0.300448894500732
1,1,2,66,0,0,0,0.500455856323242,-1,-1,1,-1,0.134555101394653
1,1,2,67,9,9,1,0.500915050506592,1,-1,-1,-1,0.250455856323242
1,1,2,68,-3,3,0,0.484248876571655,1,1,-1,1,0.250915050506592
1,1,2,69,9,9,1,0.283797979354858,-1,-1,1,1,0.234248876571655
1,1,2,70,0,0,1,1.0508987903595,1,1,-1,-1,0.0337979793548584
1,1,2,71,27,27,1,0.51758599281311,1,1,1,1,0.800898790359497
1,1,2,72,27,27,1,0.534251928329468,1,1,1,1,0.26758599281311
1,1,2,73,27,27,1,0.600495100021362,1,1,1,1,0.284251928329468
1,1,2,74,-9,9,0,0.550461292266846,1,1,1,1,0.350495100021362
1,1,2,75,-27,27,0,0.367216110229492,-1,-1,1,1,0.300461292266846
1,1,2,76,-9,9,0,0.400470972061157,-1,-1,-1,-1,0.117216110229492
1,1,2,77,27,27,1,0.367144584655762,-1,-1,-1,-1,0.150470972061157
1,1,2,78,-81,81,0,0.583822250366211,1,1,-1,-1,0.117144584655762
1,1,2,79,-27,27,0,0.500464916229248,-1,-1,1,1,0.333822250366211
1,1,2,80,3,3,0,0.634236812591553,-1,-1,-1,-1,0.250464916229248
1,1,2,81,-3,3,1,0.784516096115112,1,-1,-1,-1,0.384236812591553
1,1,2,82,3,3,1,0.700454711914062,-1,1,-1,1,0.534516096115112
1,1,2,83,81,81,1,0.350890159606934,1,1,1,-1,0.450454711914062
1,1,2,84,-3,3,0,0.884238958358765,1,1,1,1,0.100890159606934
1,1,2,85,81,81,1,0.467134237289429,-1,-1,1,1,0.634238958358765
1,1,2,86,-9,9,0,0.634236097335815,1,1,-1,-1,0.217134237289429
1,1,2,87,0,0,1,0.567134380340576,-1,-1,1,1,0.384236097335815
1,1,2,88,27,27,1,0.484267950057983,1,1,-1,-1,0.317134380340576
1,1,2,89,81,81,1,0.500468969345093,1,1,1,1,0.234267950057983
1,1,2,90,-81,81,0,0.300495862960815,1,1,1,1,0.250468969345093
1,1,2,91,-3,3,0,0.517129182815552,-1,-1,1,1,0.0504958629608154
1,1,2,92,-9,9,0,0.467143774032593,-1,-1,-1,-1,0.267129182815552
1,1,2,93,-3,3,1,0.767107009887695,-1,-1,-1,-1,0.217143774032593
1,1,2,94,81,81,1,0.267124891281128,-1,1,-1,-1,0.517107009887695
1,1,2,95,-81,81,0,0.383806943893433,1,1,1,-1,0.0171248912811279
1,1,2,96,-9,9,0,0.550492525100708,-1,-1,1,1,0.133806943893433
1,1,2,97,3,3,1,0.850896596908569,-1,-1,-1,-1,0.300492525100708
1,1,2,98,-3,3,0,0.484248876571655,1,1,-1,-1,0.600896596908569
1,1,2,99,3,3,0,0.86757230758667,-1,-1,1,1,0.234248876571655
1,1,3,2,-0,0,0,0.550934076309204,-1,-1,1,1,0.184463024139404
1,1,3,3,-81,81,0,0.517152070999146,-1,-1,-1,-1,0.300934076309204
1,1,3,4,-3,3,1,0.768115043640137,-1,-1,-1,-1,0.267152070999146
1,1,3,5,-3,3,0,0.617116689682007,-1,1,-1,-1,0.518115043640137
1,1,3,6,3,3,1,0.617146015167236,-1,-1,1,-1,0.367116689682007
1,1,3,7,-3,3,0,0.417139053344727,1,1,-1,-1,0.367146015167236
1,1,3,8,-81,81,0,0.450917959213257,-1,-1,1,1,0.167139053344727
1,1,3,9,3,3,1,0.467160940170288,-1,-1,-1,-1,0.200917959213257
1,1,3,10,9,9,1,0.433789968490601,1,1,-1,-1,0.217160940170288
1,1,3,11,9,9,1,0.900460958480835,1,1,1,1,0.183789968490601
1,1,3,12,3,3,1,0.883788585662842,1,1,1,1,0.650460958480835
1,1,3,13,27,27,1,0.333791017532349,1,1,1,1,0.633788585662842
1,1,3,14,-3,3,1,0.884232044219971,1,1,1,1,0.0837910175323486
1,1,3,15,9,9,1,0.500933408737183,-1,1,1,1,0.634232044219971
1,1,3,16,9,9,1,0.467137813568115,1,1,1,-1,0.250933408737183
1,1,3,17,9,9,1,0.584260940551758,1,1,1,1,0.217137813568115
1,1,3,18,0,0,1,0.567181825637817,1,1,1,1,0.334260940551758
1,1,3,19,81,81,1,0.351433038711548,1,1,1,1,0.317181825637817
1,1,3,20,27,27,1,0.400520086288452,1,1,1,1,0.101433038711548
1,1,3,21,81,81,1,0.367630004882812,1,1,1,1,0.150520086288452
1,1,3,22,3,3,0,0.800911664962769,1,1,1,1,0.117630004882812
1,1,3,23,81,81,1,0.400466680526733,1,-1,1,1,0.550911664962769
1,1,3,24,9,9,1,0.400464773178101,1,1,-1,1,0.150466680526733
1,1,3,25,-81,81,0,0.600528955459595,1,1,1,1,0.150464773178101
1,1,3,26,-81,81,0,0.483796834945679,-1,-1,1,1,0.350528955459595
1,1,3,27,-27,27,0,0.350471019744873,-1,-1,-1,-1,0.233796834945679
1,1,3,28,-27,27,0,0.417145967483521,-1,-1,-1,-1,0.100471019744873
1,1,3,29,9,9,0,0.467586994171143,-1,-1,-1,-1,0.167145967483521
1,1,3,30,81,81,1,0.367589950561523,1,-1,-1,-1,0.217586994171143
1,1,3,31,0,0,1,0.500913858413696,1,1,-1,1,0.117589950561523
1,1,3,32,3,3,1,0.650929689407349,1,1,1,1,0.250913858413696
1,1,3,33,27,27,1,0.450494527816772,1,1,1,1,0.400929689407349
1,1,3,34,0,0,0,0.46822452545166,1,1,1,1,0.200494527816772
1,1,3,35,0,0,0,0.48380708694458,1,-1,1,1,0.21822452545166
1,1,3,36,81,81,1,0.434252023696899,1,-1,-1,1,0.23380708694458
1,1,3,37,27,27,1,0.517127990722656,1,1,-1,1,0.184252023696899
1,1,3,38,81,81,1,0.467587232589722,1,1,1,1,0.267127990722656
1,1,3,39,-3,3,0,0.584266901016235,1,1,1,1,0.217587232589722
1,1,3,40,-81,81,0,0.533790111541748,-1,-1,1,1,0.334266901016235
1,1,3,41,9,9,1,0.684268951416016,-1,-1,-1,-1,0.283790111541748
1,1,3,42,-0,0,1,0.633784770965576,1,1,-1,-1,0.434268951416016
1,1,3,43,-9,9,0,0.383824825286865,-1,1,1,1,0.383784770965576
1,1,3,44,-81,81,0,0.267138957977295,-1,-1,1,-1,0.133824825286865
1,1,3,45,-9,9,0,0.483803987503052,-1,-1,-1,-1,0.0171389579772949
1,1,3,46,-27,27,0,0.4504714012146,-1,-1,-1,-1,0.233803987503052
1,1,3,47,-3,3,0,0.917135953903198,-1,-1,-1,-1,0.2004714012146
1,1,3,48,-9,9,0,0.434256553649902,-1,-1,-1,-1,0.667135953903198
1,1,3,49,-81,81,0,0.483800888061523,-1,-1,-1,-1,0.184256553649902
1,1,3,50,-0,0,1,0.500484943389893,-1,-1,-1,-1,0.233800888061523
1,1,3,51,-27,27,0,0.40052318572998,-1,1,-1,-1,0.250484943389893
1,1,3,52,9,9,1,0.417584896087646,-1,-1,1,-1,0.15052318572998
1,1,3,53,-3,3,1,0.484247922897339,1,1,-1,-1,0.167584896087646
1,1,3,54,-9,9,0,0.65091609954834,-1,1,1,1,0.234247922897339
1,1,3,55,-9,9,0,0.383790969848633,-1,-1,1,-1,0.40091609954834
1,1,3,56,-27,27,0,0.484278917312622,-1,-1,-1,-1,0.133790969848633
1,1,3,57,27,27,1,0.384530067443848,-1,-1,-1,-1,0.234278917312622
1,1,3,58,81,81,1,0.433841943740845,1,1,-1,-1,0.134530067443848
1,1,3,59,3,3,1,0.517611026763916,1,1,1,1,0.183841943740845
1,1,3,60,3,3,1,0.434256076812744,1,1,1,1,0.267611026763916
1,1,3,61,0,0,1,0.434226274490356,1,1,1,1,0.184256076812744
1,1,3,62,3,3,1,0.450484037399292,1,1,1,1,0.184226274490356
1,1,3,63,27,27,1,0.433799028396606,1,1,1,1,0.200484037399292
1,1,3,64,-0,0,0,0.533847093582153,1,1,1,1,0.183799028396606
1,1,3,65,-27,27,0,0.500463962554932,-1,-1,1,1,0.283847093582153
1,1,3,66,27,27,1,0.500488996505737,-1,-1,-1,-1,0.250463962554932
1,1,3,67,27,27,1,0.400932550430298,1,1,-1,-1,0.250488996505737
1,1,3,68,9,9,1,0.500488758087158,1,1,1,1,0.150932550430298
1,1,3,69,27,27,1,0.433799982070923,1,1,1,1,0.250488758087158
1,1,3,70,-27,27,0,0.434251070022583,1,1,1,1,0.183799982070923
1,1,3,71,27,27,1,0.367612600326538,-1,-1,1,1,0.184251070022583
1,1,3,72,-81,81,0,0.583796739578247,1,1,-1,-1,0.117612600326538
1,1,3,73,-81,81,0,0.400476932525635,-1,-1,1,1,0.333796739578247
1,1,3,74,-9,9,0,0.567116975784302,-1,-1,-1,-1,0.150476932525635
1,1,3,75,-3,3,0,0.500461101531982,-1,-1,-1,-1,0.317116975784302
1,1,3,76,-81,81,0,0.333791255950928,-1,-1,-1,-1,0.250461101531982
1,1,3,77,-9,9,0,0.383822917938232,-1,-1,-1,-1,0.0837912559509277
1,1,3,78,-3,3,0,0.550465106964111,-1,-1,-1,-1,0.133822917938232
1,1,3,79,-27,27,0,0.434255123138428,-1,-1,-1,-1,0.300465106964111
1,1,3,80,-9,9,0,0.600481033325195,-1,-1,-1,-1,0.184255123138428
1,1,3,81,81,81,1,0.400492906570435,-1,-1,-1,-1,0.350481033325195
1,1,3,82,9,9,1,0.633795499801636,1,1,-1,-1,0.150492906570435
1,1,3,83,-27,27,0,0.433808326721191,1,1,1,1,0.383795499801636
1,1,3,84,-27,27,0,0.483791589736938,-1,-1,1,1,0.183808326721191
1,1,3,85,-27,27,0,0.250940799713135,-1,-1,-1,-1,0.233791589736938
1,1,3,86,-9,9,1,0.650485992431641,-1,-1,-1,-1,0.000940799713134766
1,1,3,87,0,0,0,0.550489187240601,-1,1,-1,-1,0.400485992431641
1,1,3,88,-27,27,0,0.483822107315063,1,-1,1,-1,0.300489187240601
1,1,3,89,-9,9,0,0.467822074890137,-1,-1,-1,1,0.233822107315063
1,1,3,90,-81,81,0,0.484284639358521,-1,-1,-1,-1,0.217822074890137
1,1,3,91,81,81,1,0.400469779968262,-1,-1,-1,-1,0.234284639358521
1,1,3,92,3,3,1,0.717571973800659,1,1,-1,-1,0.150469779968262
1,1,3,93,81,81,1,0.433818817138672,1,1,1,1,0.467571973800659
1,1,3,94,-3,3,0,0.750937938690186,1,1,1,1,0.183818817138672
1,1,3,95,-3,3,0,0.467582941055298,-1,-1,1,1,0.500937938690186
1,1,3,96,-0,0,0,0.433820009231567,-1,-1,-1,-1,0.217582941055298
1,1,3,97,9,9,1,0.433806896209717,-1,-1,-1,-1,0.183820009231567
1,1,3,98,3,3,0,0.550915956497192,1,1,-1,-1,0.183806896209717
1,1,3,99,3,3,1,0.433801174163818,1,-1,1,1,0.300915956497192
1,1,4,2,-0,0,1,0.451587915420532,1,1,1,1,0.484015941619873
1,1,4,3,81,81,1,0.333798885345459,-1,1,1,1,0.201587915420532
1,1,4,8,-27,27,0,0.550481796264648,1,-1,-1,-1,0.500459909439087
1,1,4,9,9,9,1,0.583791017532349,-1,-1,-1,1,0.300481796264648
1,1,4,10,-27,27,0,0.500447988510132,1,1,-1,-1,0.333791017532349
1,1,4,11,81,81,1,0.467129707336426,-1,-1,1,1,0.250447988510132
1,1,4,12,-0,0,0,0.650445938110352,1,1,-1,-1,0.217129707336426
1,1,4,13,0,0,0,0.650452613830566,-1,-1,1,1,0.400445938110352
1,1,4,14,-81,81,0,0.483798027038574,1,-1,-1,-1,0.400452613830566
1,1,4,15,81,81,1,0.500882148742676,-1,-1,-1,1,0.233798027038574
1,1,4,16,-9,9,0,0.267158031463623,1,1,-1,-1,0.250882148742676
1,1,4,17,81,81,1,0.4671311378479,-1,-1,1,1,0.017158031463623
1,1,4,22,-9,9,0,0.701720952987671,1,1,-1,-1,0.167109966278076
1,1,4,23,81,81,1,0.567108154296875,-1,-1,1,1,0.451720952987671
1,1,4,24,-27,27,0,0.484308004379272,1,1,-1,-1,0.317108154296875
1,1,4,25,9,9,1,0.533796072006226,-1,-1,1,1,0.234308004379272
1,1,4,26,-9,9,0,0.650516033172607,1,1,-1,-1,0.283796072006226
1,1,4,27,81,81,1,0.550935029983521,-1,-1,1,1,0.400516033172607
1,1,4,28,-3,3,0,0.583810806274414,1,1,-1,-1,0.300935029983521
1,1,4,29,-81,81,0,0.367131948471069,-1,-1,1,1,0.333810806274414
1,1,4,30,27,27,1,0.533824443817139,-1,-1,-1,-1,0.117131948471069
1,1,4,31,-81,81,0,0.484219074249268,1,1,-1,-1,0.283824443817139
1,1,4,32,-0,0,0,0.500483989715576,-1,-1,1,1,0.234219074249268
1,1,4,33,-27,27,0,0.433796882629395,-1,-1,-1,-1,0.250483989715576
1,1,4,34,3,3,0,0.583794832229614,-1,-1,-1,-1,0.183796882629395
1,1,4,35,-0,0,0,0.517148971557617,1,-1,-1,-1,0.333794832229614
1,1,4,36,81,81,1,0.333797931671143,-1,-1,-1,1,0.267148971557617
1,1,4,37,-81,81,0,0.667144775390625,1,1,-1,-1,0.0837979316711426
1,1,4,38,9,9,1,0.517138957977295,-1,-1,1,1,0.417144775390625
1,1,4,39,-3,3,1,0.567129850387573,1,1,-1,-1,0.267138957977295
1,1,4,40,3,3,0,0.517131805419922,-1,1,1,1,0.317129850387573
1,1,4,41,-9,9,0,0.45052170753479,1,-1,1,-1,0.267131805419922
1,1,4,42,9,9,1,0.733792066574097,-1,-1,-1,1,0.20052170753479
1,1,4,43,3,3,0,0.350924491882324,1,1,-1,-1,0.483792066574097
1,1,4,44,-81,81,0,0.417115926742554,1,-1,1,1,0.100924491882324
1,1,4,45,3,3,1,0.783807992935181,-1,-1,-1,1,0.167115926742554
1,1,4,46,-3,3,0,0.56827449798584,1,1,-1,-1,0.533807992935181
1,1,4,47,-9,9,0,0.400931596755981,-1,-1,1,1,0.31827449798584
1,1,4,48,-81,81,0,0.534254550933838,-1,-1,-1,-1,0.150931596755981
1,1,4,49,27,27,1,0.483790159225464,-1,-1,-1,-1,0.284254550933838
1,1,4,50,-81,81,0,0.433850765228271,1,1,-1,-1,0.233790159225464
1,1,4,51,9,9,1,0.600456953048706,-1,-1,1,1,0.183850765228271
1,1,4,52,-3,3,1,0.583783149719238,1,1,-1,-1,0.350456953048706
1,1,4,53,27,27,1,0.383815050125122,-1,1,1,1,0.333783149719238
1,1,4,54,-9,9,0,0.450946092605591,1,1,1,-1,0.133815050125122
1,1,4,55,3,3,0,0.433790445327759,-1,-1,1,1,0.200946092605591
1,1,4,56,-27,27,0,0.351356983184814,1,-1,-1,-1,0.183790445327759
1,1,4,57,3,3,1,0.500478982925415,-1,-1,-1,1,0.101356983184814
1,1,4,58,-9,9,0,0.550997734069824,1,1,-1,-1,0.250478982925415
1,1,4,59,27,27,1,0.367120265960693,-1,-1,1,1,0.300997734069824
1,1,4,60,-0,0,0,0.967628955841064,1,1,-1,-1,0.117120265960693
1,1,4,61,27,27,1,0.384273052215576,-1,-1,1,1,0.717628955841064
1,1,4,62,81,81,1,0.500482082366943,1,1,-1,-1,0.134273052215576
1,1,4,63,-27,27,0,0.367585897445679,1,1,1,1,0.250482082366943
1,1,4,64,-3,3,0,0.617128849029541,-1,-1,1,1,0.117585897445679
1,1,4,65,-27,27,0,0.467178106307983,-1,-1,-1,-1,0.367128849029541
1,1,4,66,9,9,1,0.517127752304077,-1,-1,-1,-1,0.217178106307983
1,1,4,67,0,0,1,0.501009941101074,1,1,-1,-1,0.267127752304077
1,1,4,68,-9,9,0,0.500516653060913,1,1,1,1,0.251009941101074
1,1,4,69,27,27,1,0.417136907577515,-1,-1,1,1,0.250516653060913
1,1,4,70,81,81,1,0.434276103973389,1,1,-1,-1,0.167136907577515
1,1,4,71,27,27,1,0.517581939697266,1,1,1,1,0.184276103973389
1,1,4,72,9,9,1,0.617177963256836,1,1,1,1,0.267581939697266
1,1,4,73,81,81,1,0.483788967132568,1,1,1,1,0.367177963256836
1,1,4,74,-27,27,0,0.467153072357178,1,1,1,1,0.233788967132568
1,1,4,75,-27,27,0,0.300464868545532,-1,-1,1,1,0.217153072357178
1,1,4,76,81,81,1,0.417119026184082,-1,-1,-1,-1,0.0504648685455322
1,1,4,77,27,27,1,0.450459003448486,1,1,-1,-1,0.167119026184082
1,1,4,78,3,3,0,0.617156505584717,1,1,1,1,0.200459003448486
1,1,4,79,-3,3,0,0.53382396697998,1,-1,1,1,0.367156505584717
1,1,4,80,3,3,0,0.650462865829468,-1,-1,-1,1,0.28382396697998
1,1,4,81,-3,3,0,0.467581987380981,1,-1,-1,-1,0.400462865829468
1,1,4,82,9,9,1,0.500468969345093,-1,-1,-1,1,0.217581987380981
1,1,4,83,-3,3,0,0.434223890304565,1,1,-1,-1,0.250468969345093
1,1,4,84,-27,27,0,0.450466632843018,-1,-1,1,1,0.184223890304565
1,1,4,85,81,81,1,0.350466966629028,-1,-1,-1,-1,0.200466632843018
1,1,4,86,9,9,0,0.850445032119751,1,1,-1,-1,0.100466966629028
1,1,4,87,-3,3,0,0.58425498008728,1,-1,1,1,0.600445032119751
1,1,4,88,0,0,0,0.618453979492188,-1,-1,-1,1,0.33425498008728
1,1,4,89,-3,3,0,0.567121982574463,1,-1,-1,-1,0.368453979492188
1,1,4,90,27,27,1,0.367137908935547,-1,-1,-1,1,0.317121982574463
1,1,4,91,-3,3,1,0.650460958480835,1,1,-1,-1,0.117137908935547
1,1,4,92,0,0,0,0.733793497085571,-1,1,1,1,0.400460958480835
1,1,4,93,81,81,1,0.367578029632568,1,-1,1,-1,0.483793497085571
1,1,4,94,-9,9,1,0.483849048614502,1,1,-1,1,0.117578029632568
1,1,4,95,27,27,1,0.317661285400391,-1,1,1,1,0.233849048614502
1,1,4,96,-81,81,0,0.500460863113403,1,1,1,-1,0.0676612854003906
1,1,4,97,0,0,1,0.633816957473755,-1,-1,1,1,0.250460863113403
1,1,4,98,-81,81,0,0.500454664230347,1,1,-1,-1,0.383816957473755
1,1,4,99,27,27,1,0.43425726890564,-1,-1,1,1,0.250454664230347
1,1,5,2,3,3,1,0.583792924880981,-1,-1,-1,1,0.250705480575562
1,1,5,3,3,3,0,0.583807945251465,1,1,-1,-1,0.333792924880981
1,1,5,4,-81,81,0,0.334252834320068,1,-1,1,1,0.333807945251465
1,1,5,5,-27,27,0,0.517128944396973,-1,-1,-1,1,0.0842528343200684
1,1,5,6,3,3,1,0.500471830368042,-1,-1,-1,-1,0.267128944396973
1,1,5,7,-27,27,0,0.500480890274048,1,1,-1,-1,0.250471830368042
1,1,5,8,81,81,1,0.367679119110107,-1,-1,1,1,0.250480890274048
1,1,5,9,-81,81,0,0.434249877929688,1,1,-1,-1,0.117679119110107
1,1,5,10,81,81,1,0.350470066070557,-1,-1,1,1,0.184249877929688
1,1,5,11,-9,9,0,0.600450038909912,1,1,-1,-1,0.100470066070557
1,1,5,12,27,27,1,0.483794927597046,-1,-1,1,1,0.350450038909912
1,1,5,13,-27,27,0,0.383802175521851,1,1,-1,-1,0.233794927597046
1,1,5,14,9,9,1,0.467628955841064,-1,-1,1,1,0.133802175521851
1,1,5,15,-9,9,0,0.600452184677124,1,1,-1,-1,0.217628955841064
1,1,5,16,27,27,1,0.500468969345093,-1,-1,1,1,0.350452184677124
1,1,5,17,81,81,1,0.384269952774048,1,1,-1,-1,0.250468969345093
1,1,5,18,-9,9,0,0.450464963912964,1,1,1,1,0.134269952774048
1,1,5,19,9,9,1,0.333799123764038,-1,-1,1,1,0.200464963912964
1,1,5,20,-9,9,0,0.417129993438721,1,1,-1,-1,0.0837991237640381
1,1,5,21,3,3,1,0.633778095245361,-1,-1,1,1,0.167129993438721
1,1,5,22,-3,3,1,0.433803081512451,1,1,-1,-1,0.383778095245361
1,1,5,23,27,27,1,0.3675856590271,-1,1,1,1,0.183803081512451
1,1,5,24,-9,9,0,0.650952577590942,1,1,1,-1,0.1175856590271
1,1,5,25,81,81,1,0.467156887054443,-1,-1,1,1,0.400952577590942
1,1,5,26,-27,27,0,0.334271907806396,1,1,-1,-1,0.217156887054443
1,1,5,27,0,0,1,0.433784008026123,-1,-1,1,1,0.0842719078063965
1,1,5,28,-81,81,0,0.500916957855225,1,1,-1,-1,0.183784008026123
1,1,5,29,9,9,1,0.450452089309692,-1,-1,1,1,0.250916957855225
1,1,5,30,-9,9,1,0.917567491531372,1,1,-1,-1,0.200452089309692
1,1,5,31,0,0,1,0.583786249160767,-1,1,1,1,0.667567491531372
1,1,5,32,9,9,1,0.400923013687134,1,1,1,-1,0.333786249160767
1,1,5,33,-3,3,1,0.517128944396973,1,1,1,1,0.150923013687134
1,1,5,34,3,3,1,0.717154741287231,-1,1,1,1,0.267128944396973
1,1,5,35,-27,27,0,0.534243822097778,1,1,1,-1,0.467154741287231
1,1,5,36,81,81,1,0.500454187393188,-1,-1,1,1,0.284243822097778
1,1,5,37,-81,81,0,0.450513124465942,1,1,-1,-1,0.250454187393188
1,1,5,38,9,9,1,0.53426194190979,-1,-1,1,1,0.200513124465942
1,1,5,39,3,3,0,0.567157983779907,1,1,-1,-1,0.28426194190979
1,1,5,40,-9,9,0,0.400471925735474,1,-1,1,1,0.317157983779907
1,1,5,41,3,3,1,0.367171049118042,-1,-1,-1,1,0.150471925735474
1,1,5,42,-27,27,0,0.367565870285034,1,1,-1,-1,0.117171049118042
1,1,5,43,-27,27,0,0.33425498008728,-1,-1,1,1,0.117565870285034
1,1,5,44,3,3,1,0.450906991958618,-1,-1,-1,-1,0.0842549800872803
1,1,5,45,-3,3,0,0.483797788619995,1,1,-1,-1,0.200906991958618
1,1,5,46,27,27,1,0.433799982070923,-1,-1,1,1,0.233797788619995
1,1,5,47,-27,27,0,0.383816242218018,1,1,-1,-1,0.183799982070923
1,1,5,48,81,81,1,0.367625713348389,-1,-1,1,1,0.133816242218018
1,1,5,49,27,27,1,0.550879001617432,1,1,-1,-1,0.117625713348389
1,1,5,50,-3,3,1,0.450887203216553,1,1,1,1,0.300879001617432
1,1,5,51,81,81,1,0.38425087928772,-1,1,1,1,0.200887203216553
1,1,5,52,-81,81,0,0.517159938812256,1,1,1,-1,0.13425087928772
1,1,5,53,3,3,1,0.650460004806519,-1,-1,1,1,0.267159938812256
1,1,5,54,3,3,0,0.735116958618164,1,1,-1,-1,0.400460004806519
1,1,5,55,27,27,1,0.483818054199219,1,-1,1,1,0.485116958618164
1,1,5,56,27,27,1,0.400525093078613,1,1,-1,1,0.233818054199219
1,1,5,57,3,3,1,0.634255170822144,1,1,1,1,0.150525093078613
1,1,5,58,-27,27,0,0.500464916229248,1,1,1,1,0.384255170822144
1,1,5,59,0,0,1,0.667604207992554,-1,-1,1,1,0.250464916229248
1,1,5,60,3,3,1,0.783808946609497,1,1,-1,-1,0.417604207992554
1,1,5,61,-81,81,0,0.434276103973389,1,1,1,1,0.533808946609497
1,1,5,62,0,0,0,0.600457906723022,-1,-1,1,1,0.184276103973389
1,1,5,63,-81,81,0,0.450460195541382,1,-1,-1,-1,0.350457906723022
1,1,5,64,0,0,0,0.784265041351318,-1,-1,-1,1,0.200460195541382
1,1,5,65,-9,9,0,0.517129898071289,1,-1,-1,-1,0.534265041351318
1,1,5,66,0,0,1,0.43425178527832,-1,-1,-1,1,0.267129898071289
1,1,5,67,-81,81,0,0.483821153640747,1,1,-1,-1,0.18425178527832
1,1,5,68,-27,27,0,0.384269714355469,-1,-1,1,1,0.233821153640747
1,1,5,69,81,81,1,0.367141008377075,-1,-1,-1,-1,0.134269714355469
1,1,5,70,-0,0,0,0.883800983428955,1,1,-1,-1,0.117141008377075
1,1,5,71,3,3,0,0.73426342010498,-1,-1,1,1,0.633800983428955
1,1,5,72,-0,0,1,0.600910902023315,1,-1,-1,-1,0.48426342010498
1,1,5,73,9,9,1,0.450936079025269,-1,1,-1,1,0.350910902023315
1,1,5,74,-0,0,1,0.767576932907104,1,1,1,-1,0.200936079025269
1,1,5,75,81,81,1,0.500463962554932,-1,1,1,1,0.517576932907104
1,1,5,76,-81,81,0,0.534631967544556,1,1,1,-1,0.250463962554932
1,1,5,77,-9,9,0,0.617575883865356,-1,-1,1,1,0.284631967544556
1,1,5,78,9,9,1,0.617120027542114,-1,-1,-1,-1,0.367575883865356
1,1,5,79,-81,81,0,0.48380184173584,1,1,-1,-1,0.367120027542114
1,1,5,80,-27,27,0,0.483794927597046,-1,-1,1,1,0.23380184173584
1,1,5,81,-27,27,0,0.367145299911499,-1,-1,-1,-1,0.233794927597046
1,1,5,82,9,9,1,0.50088906288147,-1,-1,-1,-1,0.117145299911499
1,1,5,83,-9,9,0,0.483799934387207,1,1,-1,-1,0.25088906288147
1,1,5,84,27,27,1,0.318473815917969,-1,-1,1,1,0.233799934387207
1,1,5,85,81,81,1,0.300932168960571,1,1,-1,-1,0.0684738159179688
1,1,5,86,-81,81,0,0.434612035751343,1,1,1,1,0.0509321689605713
1,1,5,87,9,9,1,0.517129182815552,-1,-1,1,1,0.184612035751343
1,1,5,88,-3,3,0,0.450468063354492,1,1,-1,-1,0.267129182815552
1,1,5,89,3,3,1,0.500470876693726,-1,-1,1,1,0.200468063354492
1,1,5,93,0,0,1,0.651199102401733,-1,1,-1,-1,0.467123985290527
1,1,5,94,-9,9,0,0.56712818145752,1,1,1,-1,0.401199102401733
1,1,5,95,27,27,1,0.500463962554932,-1,-1,1,1,0.31712818145752
1,1,5,96,-3,3,0,0.667604446411133,1,1,-1,-1,0.250463962554932
1,1,5,97,3,3,1,0.65092396736145,-1,-1,1,1,0.417604446411133
1,1,5,98,-9,9,0,0.50091814994812,1,1,-1,-1,0.40092396736145
1,1,5,99,0,0,0,0.817130327224731,-1,-1,1,1,0.25091814994812
1,1,6,2,81,81,1,0.467137575149536,1,1,-1,-1,0.234047412872314
1,1,6,3,27,27,1,0.300934314727783,1,1,1,1,0.217137575149536
1,1,6,4,81,81,1,0.484246253967285,1,1,1,1,0.0509343147277832
1,1,6,5,3,3,1,0.450916051864624,1,1,1,1,0.234246253967285
1,1,6,6,27,27,1,0.250936031341553,1,1,1,1,0.200916051864624
1,1,6,7,3,3,0,0.750441074371338,1,1,1,1,0.000936031341552734
1,1,6,8,0,0,1,0.434240102767944,1,-1,1,1,0.500441074371338
1,1,6,9,0,0,1,0.467148780822754,1,1,-1,1,0.184240102767944
1,1,6,10,81,81,1,0.434246063232422,1,1,1,1,0.217148780822754
1,1,6,11,81,81,1,0.484246015548706,1,1,1,1,0.184246063232422
1,1,6,12,3,3,1,0.617727994918823,1,1,1,1,0.234246015548706
1,1,6,13,-27,27,0,0.417582273483276,1,1,1,1,0.367727994918823
1,1,6,14,-27,27,0,0.417582988739014,-1,-1,1,1,0.167582273483276
1,1,6,15,-9,9,0,0.550457954406738,-1,-1,-1,-1,0.167582988739014
1,1,6,16,81,81,1,0.367157697677612,-1,-1,-1,-1,0.300457954406738
1,1,6,17,9,9,1,0.433797836303711,1,1,-1,-1,0.117157697677612
1,1,6,18,3,3,0,0.867122173309326,1,1,1,1,0.183797836303711
1,1,6,19,-27,27,0,0.367141962051392,1,-1,1,1,0.617122173309326
1,1,6,20,9,9,1,0.50091814994812,-1,-1,-1,1,0.117141962051392
1,1,6,21,81,81,1,0.48380184173584,1,1,-1,-1,0.25091814994812
1,1,6,22,3,3,1,0.783787965774536,1,1,1,1,0.23380184173584
1,1,6,23,9,9,1,0.317132949829102,1,1,1,1,0.533787965774536
1,1,6,24,0,0,1,0.450475215911865,1,1,1,1,0.0671329498291016
1,1,6,25,0,0,1,0.550912857055664,1,1,1,1,0.200475215911865
1,1,6,26,27,27,1,0.417598247528076,1,1,1,1,0.300912857055664
1,1,6,27,9,9,1,0.417147159576416,1,1,1,1,0.167598247528076
1,1,6,28,81,81,1,0.417695999145508,1,1,1,1,0.167147159576416
1,1,6,29,9,9,1,0.583783149719238,1,1,1,1,0.167695999145508
1,1,6,30,81,81,1,0.483835935592651,1,1,1,1,0.333783149719238
1,1,6,31,0,0,1,0.450917959213257,1,1,1,1,0.233835935592651
1,1,6,32,-3,3,0,0.583796977996826,1,1,1,1,0.200917959213257
1,1,6,33,-27,27,0,0.317140340805054,-1,-1,1,1,0.333796977996826
1,1,6,34,-27,27,0,0.567122936248779,-1,-1,-1,-1,0.0671403408050537
1,1,6,35,-27,27,0,0.450916051864624,-1,-1,-1,-1,0.317122936248779
1,1,6,36,-81,81,0,0.483797073364258,-1,-1,-1,-1,0.200916051864624
1,1,6,37,-9,9,0,0.334409952163696,-1,-1,-1,-1,0.233797073364258
1,1,6,38,-81,81,0,0.534250020980835,-1,-1,-1,-1,0.0844099521636963
1,1,6,43,9,9,1,0.467578887939453,-1,-1,-1,-1,0.333809852600098
1,1,6,44,-81,81,0,0.500465869903564,1,1,-1,-1,0.217578887939453
1,1,6,45,-9,9,0,0.53383994102478,-1,-1,1,1,0.250465869903564
1,1,6,46,-81,81,0,0.467577934265137,-1,-1,-1,-1,0.28383994102478
1,1,6,47,-27,27,0,0.467175722122192,-1,-1,-1,-1,0.217577934265137
1,1,6,48,-3,3,0,0.800457715988159,-1,-1,-1,-1,0.217175722122192
1,1,6,49,-3,3,0,0.617577791213989,-1,-1,-1,-1,0.550457715988159
1,1,6,50,-3,3,0,0.550881862640381,-1,-1,-1,-1,0.367577791213989
1,1,6,51,-27,27,0,0.450473070144653,-1,-1,-1,-1,0.300881862640381
1,1,6,52,-9,9,0,0.617593050003052,-1,-1,-1,-1,0.200473070144653
1,1,6,53,-0,0,0,0.683773040771484,-1,-1,-1,-1,0.367593050003052
1,1,6,54,-3,3,0,0.517617225646973,-1,-1,-1,-1,0.433773040771484
1,1,6,55,-27,27,0,0.417151927947998,-1,-1,-1,-1,0.267617225646973
1,1,6,56,27,27,1,0.367150068283081,-1,-1,-1,-1,0.167151927947998
1,1,6,57,3,3,1,0.850460052490234,1,1,-1,-1,0.117150068283081
1,1,6,58,-27,27,0,0.433796882629395,1,1,1,1,0.600460052490234
1,1,6,59,-27,27,0,0.417585849761963,-1,-1,1,1,0.183796882629395
1,1,6,60,-9,9,0,0.483827114105225,-1,-1,-1,-1,0.167585849761963
1,1,6,61,81,81,1,0.450495004653931,-1,-1,-1,-1,0.233827114105225
1,1,6,62,-3,3,0,0.583785772323608,1,1,-1,-1,0.200495004653931
1,1,6,63,-9,9,0,0.517117977142334,-1,-1,1,1,0.333785772323608
1,1,6,64,-0,0,0,0.30047607421875,-1,-1,-1,-1,0.267117977142334
1,1,6,65,9,9,0,0.434245109558105,-1,-1,-1,-1,0.05047607421875
1,1,6,66,3,3,0,0.450914144515991,1,-1,-1,-1,0.184245109558105
1,1,6,67,3,3,1,0.401280164718628,1,-1,-1,1,0.200914144515991
1,1,6,68,-81,81,0,0.383824110031128,1,1,-1,1,0.151280164718628
1,1,6,69,-3,3,1,0.433798789978027,-1,-1,1,1,0.133824110031128
1,1,6,70,-9,9,0,0.533805131912231,-1,1,-1,-1,0.183798789978027
1,1,6,71,-3,3,0,0.550463914871216,-1,-1,1,-1,0.283805131912231
1,1,6,72,-27,27,0,0.417129039764404,-1,-1,-1,-1,0.300463914871216
1,1,6,73,27,27,1,0.350910186767578,-1,-1,-1,-1,0.167129039764404
1,1,6,74,81,81,1,0.534223079681396,1,1,-1,-1,0.100910186767578
1,1,6,75,3,3,0,0.867136001586914,1,1,1,1,0.284223079681396
1,1,6,76,27,27,1,0.417114019393921,1,-1,1,1,0.617136001586914
1,1,6,77,9,9,1,0.417142391204834,1,1,-1,1,0.167114019393921
1,1,6,78,9,9,1,0.434255838394165,1,1,1,1,0.167142391204834
1,1,6,79,-0,0,1,0.450928926467896,1,1,1,1,0.184255838394165
1,1,6,80,-9,9,0,0.583782196044922,-1,1,1,1,0.200928926467896
1,1,6,81,-3,3,0,0.500488996505737,-1,-1,1,-1,0.333782196044922
1,1,6,82,-27,27,0,0.484262943267822,-1,-1,-1,-1,0.250488996505737
1,1,6,83,-9,9,0,0.433799743652344,-1,-1,-1,-1,0.234262943267822
1,1,6,84,3,3,0,0.817148447036743,-1,-1,-1,-1,0.183799743652344
1,1,6,85,-81,81,0,0.36712908744812,1,-1,-1,-1,0.567148447036743
1,1,6,86,-81,81,0,0.533796072006226,-1,-1,-1,1,0.11712908744812
1,1,6,87,9,9,1,0.733808994293213,-1,-1,-1,-1,0.283796072006226
1,1,6,88,9,9,1,0.517123937606812,1,1,-1,-1,0.483808994293213
1,1,6,89,0,0,1,0.450448989868164,1,1,1,1,0.267123937606812
1,1,6,90,81,81,1,0.267191886901855,1,1,1,1,0.200448989868164
1,1,6,91,81,81,1,0.26720118522644,1,1,1,1,0.0171918869018555
1,1,6,92,3,3,1,0.583785533905029,1,1,1,1,0.0172011852264404
1,1,6,93,0,0,1,0.617125988006592,1,1,1,1,0.333785533905029
1,1,6,94,-3,3,1,0.450919151306152,1,1,1,1,0.367125988006592
1,1,6,95,-9,9,0,0.767107009887695,-1,1,1,1,0.200919151306152
1,1,6,96,-81,81,0,0.533787965774536,-1,-1,1,-1,0.517107009887695
1,1,6,97,-3,3,1,0.501093149185181,-1,-1,-1,-1,0.283787965774536
1,1,6,98,-27,27,0,0.350940942764282,-1,1,-1,-1,0.251093149185181
1,1,6,99,-81,81,0,0.350965976715088,-1,-1,1,-1,0.100940942764282
1,2,1,2,3,3,1,0.550457954406738,-1,-1,1,1,0.350692749023438
1,2,1,3,-81,81,0,0.467126131057739,1,1,-1,-1,0.300457954406738
1,2,1,4,0,0,1,0.56715989112854,-1,-1,1,1,0.217126131057739
1,2,1,5,-27,27,0,0.483795166015625,1,1,-1,-1,0.31715989112854
1,2,1,6,3,3,0,0.65089750289917,-1,-1,1,1,0.233795166015625
1,2,1,7,-3,3,1,0.567600011825562,1,-1,-1,-1,0.40089750289917
1,2,1,8,9,9,1,0.867157936096191,-1,1,-1,1,0.317600011825562
1,2,1,9,-27,27,0,0.367592811584473,1,1,1,-1,0.617157936096191
1,2,1,10,3,3,1,0.650924682617188,-1,-1,1,1,0.117592811584473
1,2,1,11,-81,81,0,0.433838367462158,1,1,-1,-1,0.400924682617188
1,2,1,12,27,27,1,0.467162609100342,-1,-1,1,1,0.183838367462158
1,2,1,13,-9,9,0,0.467119216918945,1,1,-1,-1,0.217162609100342
1,2,1,14,3,3,1,0.767156600952148,-1,-1,1,1,0.217119216918945
1,2,1,15,-81,81,0,0.467154979705811,1,1,-1,-1,0.517156600952148
1,2,1,16,27,27,1,0.333827018737793,-1,-1,1,1,0.217154979705811
1,2,1,17,0,0,1,0.80047607421875,1,1,-1,-1,0.083827018737793
1,2,1,18,-27,27,0,0.800883054733276,1,1,1,1,0.55047607421875
1,2,1,19,-0,0,1,0.583817005157471,-1,-1,1,1,0.550883054733276
1,2,1,20,3,3,1,0.784253597259521,-1,1,-1,-1,0.333817005157471
1,2,1,21,-81,81,0,0.400936841964722,1,1,1,-1,0.534253597259521
1,2,1,22,27,27,1,0.650952816009521,-1,-1,1,1,0.150936841964722
1,2,1,26,-81,81,0,0.433827638626099,1,1,1,-1,0.350461006164551
1,2,1,27,81,81,1,0.467159986495972,-1,-1,1,1,0.183827638626099
1,2,1,28,-3,3,0,0.500488996505737,1,1,-1,-1,0.217159986495972
1,2,1,29,-27,27,0,0.417625665664673,-1,-1,1,1,0.250488996505737
1,2,1,30,0,0,0,0.734218120574951,-1,-1,-1,-1,0.167625665664673
1,2,1,31,-0,0,1,0.600922107696533,1,-1,-1,-1,0.484218120574951
1,2,1,32,81,81,1,0.400490999221802,-1,1,-1,1,0.350922107696533
1,2,1,33,-0,0,1,0.500519275665283,1,1,1,-1,0.150490999221802
1,2,1,34,-9,9,0,0.400502920150757,-1,1,1,1,0.250519275665283
1,2,1,35,-3,3,1,0.517156600952148,-1,-1,1,-1,0.150502920150757
1,2,1,36,3,3,1,0.550493478775024,-1,1,-1,-1,0.267156600952148
1,2,1,37,-3,3,0,0.66760516166687,1,1,1,-1,0.300493478775024
1,2,1,38,27,27,1,0.717108011245728,-1,-1,1,1,0.41760516166687
1,2,1,39,-27,27,0,0.367563247680664,1,1,-1,-1,0.467108011245728
1,2,1,40,81,81,1,0.400474309921265,-1,-1,1,1,0.117563247680664
1,2,1,41,9,9,1,0.517173767089844,1,1,-1,-1,0.150474309921265
1,2,1,42,-27,27,0,0.567156791687012,1,1,1,1,0.267173767089844
1,2,1,43,-9,9,1,0.551831722259521,-1,-1,1,1,0.317156791687012
1,2,1,44,27,27,1,0.300901174545288,-1,1,-1,-1,0.301831722259521
1,2,1,45,-3,3,0,0.567596673965454,1,1,1,-1,0.0509011745452881
1,2,1,46,81,81,1,0.46715259552002,-1,-1,1,1,0.317596673965454
1,2,1,47,-27,27,0,0.467168807983398,1,1,-1,-1,0.21715259552002
1,2,1,48,81,81,1,1.01716089248657,-1,-1,1,1,0.217168807983398
1,2,1,49,-9,9,0,0.434283018112183,1,1,-1,-1,0.767160892486572
1,2,1,50,27,27,1,0.383829116821289,-1,-1,1,1,0.184283018112183
1,2,1,51,-27,27,0,0.367582321166992,1,1,-1,-1,0.133829116821289
1,2,1,52,-9,9,0,0.467179536819458,-1,-1,1,1,0.117582321166992
1,2,1,53,27,27,1,0.500996112823486,-1,-1,-1,-1,0.217179536819458
1,2,1,54,-9,9,0,0.684618949890137,1,1,-1,-1,0.250996112823486
1,2,1,55,3,3,1,0.550894260406494,-1,-1,1,1,0.434618949890137
1,2,1,56,-9,9,0,0.500494956970215,1,1,-1,-1,0.300894260406494
1,2,1,57,9,9,1,0.450497627258301,-1,-1,1,1,0.250494956970215
1,2,1,58,9,9,1,0.484255075454712,1,1,-1,-1,0.200497627258301
1,2,1,59,-81,81,0,0.484259366989136,1,1,1,1,0.234255075454712
1,2,1,60,81,81,1,0.484264135360718,-1,-1,1,1,0.234259366989136
1,2,1,61,-3,3,0,0.567564010620117,1,1,-1,-1,0.234264135360718
1,2,1,62,9,9,0,0.400518655776978,-1,-1,1,1,0.317564010620117
1,2,1,63,-27,27,0,0.367130994796753,1,-1,-1,-1,0.150518655776978
1,2,1,64,81,81,1,0.650503635406494,-1,-1,-1,1,0.117130994796753
1,2,1,65,-3,3,1,0.534224271774292,1,1,-1,-1,0.400503635406494
1,2,1,66,81,81,1,0.383794069290161,-1,1,1,1,0.284224271774292
1,2,1,67,9,9,1,0.400908231735229,1,1,1,-1,0.133794069290161
1,2,1,68,-9,9,1,0.534289836883545,1,1,1,1,0.150908231735229
1,2,1,69,3,3,0,0.334275722503662,-1,1,1,1,0.284289836883545
1,2,1,70,-81,81,0,0.333797931671143,1,-1,1,-1,0.0842757225036621
1,2,1,75,81,81,1,0.450954437255859,1,1,-1,-1,0.28383994102478
1,2,1,76,-81,81,0,0.433834552764893,1,1,1,1,0.200954437255859
1,2,1,77,3,3,1,0.633816957473755,-1,-1,1,1,0.183834552764893
1,2,1,78,-81,81,0,0.45049786567688,1,1,-1,-1,0.383816957473755
1,2,1,79,9,9,1,0.484275817871094,-1,-1,1,1,0.20049786567688
1,2,1,80,0,0,1,0.483838081359863,1,1,-1,-1,0.234275817871094
1,2,1,81,-3,3,0,0.600479364395142,1,1,1,1,0.233838081359863
1,2,1,82,9,9,0,0.467568159103394,-1,-1,1,1,0.350479364395142
1,2,1,83,-9,9,0,0.517593860626221,1,-1,-1,-1,0.217568159103394
1,2,1,84,0,0,0,0.500488042831421,-1,-1,-1,1,0.267593860626221
1,2,1,85,9,9,0,0.567158699035645,1,-1,-1,-1,0.250488042831421
1,2,1,86,-0,0,0,0.400472164154053,1,-1,-1,1,0.317158699035645
1,2,1,87,-81,81,0,0.317638635635376,-1,-1,-1,1,0.150472164154053
1,2,1,88,3,3,1,0.450459241867065,-1,-1,-1,-1,0.067638635635376
1,2,1,89,-9,9,0,0.450950622558594,1,1,-1,-1,0.200459241867065
1,2,1,90,81,81,1,0.450513124465942,-1,-1,1,1,0.200950622558594
1,2,1,91,3,3,0,0.533854961395264,1,1,-1,-1,0.200513124465942
1,2,1,92,9,9,0,0.567137479782104,1,-1,1,1,0.283854961395264
1,2,1,93,0,0,0,0.333801031112671,1,-1,-1,1,0.317137479782104
1,2,1,94,-27,27,0,0.417617082595825,1,-1,-1,1,0.0838010311126709
1,2,1,95,3,3,1,0.467595100402832,-1,-1,-1,1,0.167617082595825
1,2,1,96,-27,27,0,0.467188119888306,1,1,-1,-1,0.217595100402832
1,2,1,97,9,9,1,0.800938367843628,-1,-1,1,1,0.217188119888306
1,2,1,98,-27,27,0,0.368714570999146,1,1,-1,-1,0.550938367843628
1,2,1,99,27,27,1,0.48473596572876,-1,-1,1,1,0.118714570999146
1,2,2,2,3,3,1,0.417124032974243,1,1,1,1,0.350699186325073
1,2,2,3,3,3,1,0.434256553649902,1,1,1,1,0.167124032974243
1,2,2,4,-0,0,1,0.467147350311279,1,1,1,1,0.184256553649902
1,2,2,5,81,81,1,0.518155574798584,-1,1,1,1,0.217147350311279
1,2,2,6,9,9,1,0.433823347091675,1,1,1,-1,0.268155574798584
1,2,2,7,27,27,1,0.56760573387146,1,1,1,1,0.183823347091675
1,2,2,8,9,9,0,0.983816385269165,1,1,1,1,0.31760573387146
1,2,2,9,-27,27,0,0.41717004776001,1,-1,1,1,0.733816385269165
1,2,2,10,-81,81,0,0.383831739425659,-1,-1,-1,1,0.16717004776001
1,2,2,11,-81,81,0,0.417592525482178,-1,-1,-1,-1,0.133831739425659
1,2,2,12,9,9,0,0.50045108795166,-1,-1,-1,-1,0.167592525482178
1,2,2,13,81,81,1,0.333809375762939,1,-1,-1,-1,0.25045108795166
1,2,2,14,3,3,0,0.583827495574951,1,1,-1,1,0.0838093757629395
1,2,2,15,-81,81,0,0.450889110565186,1,-1,1,1,0.333827495574951
1,2,2,16,-3,3,0,0.38383674621582,-1,-1,-1,1,0.200889110565186
1,2,2,17,-9,9,0,0.600494623184204,-1,-1,-1,-1,0.13383674621582
1,2,2,18,27,27,1,0.434269905090332,-1,-1,-1,-1,0.350494623184204
1,2,2,19,-9,9,1,0.683799505233765,1,1,-1,-1,0.184269905090332
1,2,2,20,-81,81,0,0.500931262969971,-1,1,1,1,0.433799505233765
1,2,2,21,-27,27,0,0.500889301300049,-1,-1,1,-1,0.250931262969971
1,2,2,22,-27,27,0,0.467125177383423,-1,-1,-1,-1,0.250889301300049
1,2,2,23,-0,0,1,0.383825540542603,-1,-1,-1,-1,0.217125177383423
1,2,2,24,-81,81,0,0.46760892868042,-1,1,-1,-1,0.133825540542603
1,2,2,25,-3,3,0,0.650940418243408,-1,-1,1,-1,0.21760892868042
1,2,2,26,-81,81,0,0.483928442001343,-1,-1,-1,-1,0.400940418243408
1,2,2,27,-3,3,1,0.467124223709106,-1,-1,-1,-1,0.233928442001343
1,2,2,28,-81,81,0,0.4837965965271,-1,1,-1,-1,0.217124223709106
1,2,2,29,3,3,1,0.650936603546143,-1,-1,1,-1,0.2337965965271
1,2,2,30,-3,3,0,0.633826494216919,1,1,-1,-1,0.400936603546143
1,2,2,31,-27,27,0,0.433798551559448,-1,-1,1,1,0.383826494216919
1,2,2,32,-27,27,0,0.400524139404297,-1,-1,-1,-1,0.183798551559448
1,2,2,33,-27,27,0,0.46762752532959,-1,-1,-1,-1,0.150524139404297
1,2,2,34,-9,9,0,0.384227514266968,-1,-1,-1,-1,0.21762752532959
1,2,2,35,-0,0,1,0.467559576034546,-1,-1,-1,-1,0.134227514266968
1,2,2,36,27,27,1,0.450461149215698,-1,1,-1,-1,0.217559576034546
1,2,2,37,9,9,1,0.417138576507568,1,1,1,-1,0.200461149215698
1,2,2,38,3,3,0,0.484270572662354,1,1,1,1,0.167138576507568
1,2,2,39,9,9,1,0.46762752532959,1,-1,1,1,0.234270572662354
1,2,2,40,-0,0,0,0.450499534606934,1,1,-1,1,0.21762752532959
1,2,2,41,-81,81,0,0.384255647659302,-1,-1,1,1,0.200499534606934
1,2,2,42,-27,27,0,0.533812284469604,-1,-1,-1,-1,0.134255647659302
1,2,2,43,27,27,1,0.517143487930298,-1,-1,-1,-1,0.283812284469604
1,2,2,44,81,81,1,0.533843517303467,1,1,-1,-1,0.267143487930298
1,2,2,45,27,27,1,0.550490617752075,1,1,1,1,0.283843517303467
1,2,2,46,0,0,1,0.533830404281616,1,1,1,1,0.300490617752075
1,2,2,47,-81,81,0,0.467128992080688,1,1,1,1,0.283830404281616
1,2,2,48,-9,9,1,0.667156457901001,-1,-1,1,1,0.217128992080688
1,2,2,49,-81,81,0,0.367614507675171,-1,1,-1,-1,0.417156457901001
1,2,2,50,3,3,0,0.934272527694702,-1,-1,1,-1,0.117614507675171
1,2,2,51,27,27,1,0.317137479782104,1,-1,-1,-1,0.684272527694702
1,2,2,52,81,81,1,0.517166137695312,1,1,-1,1,0.0671374797821045
1,2,2,53,3,3,1,0.418431282043457,1,1,1,1,0.267166137695312
1,2,2,54,3,3,1,0.483864068984985,1,1,1,1,0.168431282043457
1,2,2,55,81,81,1,0.517132759094238,1,1,1,1,0.233864068984985
1,2,2,56,0,0,1,0.717131614685059,1,1,1,1,0.267132759094238
1,2,2,57,3,3,1,0.550494432449341,1,1,1,1,0.467131614685059
1,2,2,58,0,0,0,0.517151117324829,1,1,1,1,0.300494432449341
1,2,2,59,0,0,0,0.517614364624023,1,-1,1,1,0.267151117324829
1,2,2,60,-3,3,0,0.650937080383301,1,-1,-1,1,0.267614364624023
1,2,2,61,-81,81,0,0.600948095321655,-1,-1,-1,1,0.400937080383301
1,2,2,62,-81,81,0,0.400472402572632,-1,-1,-1,-1,0.350948095321655
1,2,2,63,3,3,0,0.56761360168457,-1,-1,-1,-1,0.150472402572632
1,2,2,64,27,27,1,0.284306526184082,1,-1,-1,-1,0.31761360168457
1,2,2,65,81,81,1,0.46761417388916,1,1,-1,1,0.034306526184082
1,2,2,66,27,27,1,0.367162704467773,1,1,1,1,0.21761417388916
1,2,2,67,81,81,1,0.400899410247803,1,1,1,1,0.117162704467773
1,2,2,68,9,9,1,0.517158508300781,1,1,1,1,0.150899410247803
1,2,2,69,27,27,1,0.550894021987915,1,1,1,1,0.267158508300781
1,2,2,70,9,9,1,0.334354400634766,1,1,1,1,0.300894021987915
1,2,2,71,27,27,1,0.483799457550049,1,1,1,1,0.0843544006347656
1,2,2,72,-9,9,0,0.517572164535522,1,1,1,1,0.233799457550049
1,2,2,73,-81,81,0,0.567621469497681,-1,-1,1,1,0.267572164535522
1,2,2,74,-0,0,0,0.500505208969116,-1,-1,-1,-1,0.317621469497681
1,2,2,75,27,27,1,0.383792161941528,-1,-1,-1,-1,0.250505208969116
1,2,2,76,9,9,0,0.484239339828491,1,1,-1,-1,0.133792161941528
1,2,2,77,9,9,1,0.517626047134399,1,-1,1,1,0.234239339828491
1,2,2,78,3,3,0,0.750485420227051,1,1,-1,1,0.267626047134399
1,2,2,79,-9,9,0,0.534260511398315,1,-1,1,1,0.500485420227051
1,2,2,80,81,81,1,0.500939846038818,-1,-1,-1,1,0.284260511398315
1,2,2,81,9,9,1,0.500476598739624,1,1,-1,-1,0.250939846038818
1,2,2,82,3,3,0,0.550505399703979,1,1,1,1,0.250476598739624
1,2,2,83,9,9,1,0.650920391082764,1,-1,1,1,0.300505399703979
1,2,2,84,-27,27,0,0.484291553497314,1,1,-1,1,0.400920391082764
1,2,2,85,-27,27,0,0.500894069671631,-1,-1,1,1,0.234291553497314
1,2,2,86,-9,9,0,0.467119693756104,-1,-1,-1,-1,0.250894069671631
1,2,2,87,-27,27,0,0.483788251876831,-1,-1,-1,-1,0.217119693756104
1,2,2,88,-3,3,0,0.417330503463745,-1,-1,-1,-1,0.233788251876831
1,2,2,89,-9,9,0,0.50168514251709,-1,-1,-1,-1,0.167330503463745
1,2,2,90,-3,3,0,0.450517416000366,-1,-1,-1,-1,0.25168514251709
1,2,2,91,-3,3,0,0.350903272628784,-1,-1,-1,-1,0.200517416000366
1,2,2,92,-81,81,0,0.38383960723877,-1,-1,-1,-1,0.100903272628784
1,2,2,93,-9,9,0,0.334292411804199,-1,-1,-1,-1,0.13383960723877
1,2,2,94,-9,9,0,0.367150783538818,-1,-1,-1,-1,0.0842924118041992
1,2,2,95,-27,27,0,0.41761302947998,-1,-1,-1,-1,0.117150783538818
1,2,2,96,-9,9,0,0.417593002319336,-1,-1,-1,-1,0.16761302947998
1,2,2,97,-0,0,0,0.633811712265015,-1,-1,-1,-1,0.167593002319336
1,2,2,98,3,3,0,0.467163562774658,-1,-1,-1,-1,0.383811712265015
1,2,2,99,0,0,1,0.517593622207642,1,-1,-1,-1,0.217163562774658
1,2,3,2,-81,81,0,0.334229230880737,-1,-1,-1,-1,0.284526586532593
1,2,3,3,27,27,1,0.450517654418945,-1,-1,-1,-1,0.0842292308807373
1,2,3,4,-3,3,1,0.717191457748413,1,1,-1,-1,0.200517654418945
1,2,3,5,-27,27,0,0.450495481491089,-1,1,1,1,0.467191457748413
1,2,3,6,0,0,0,0.467588901519775,-1,-1,1,-1,0.200495481491089
1,2,3,7,81,81,1,0.600941896438599,1,-1,-1,-1,0.217588901519775
1,2,3,8,27,27,1,0.367633581161499,1,1,-1,1,0.350941896438599
1,2,3,9,-9,9,0,0.567156553268433,1,1,1,1,0.117633581161499
1,2,3,10,3,3,1,0.534289360046387,-1,-1,1,1,0.317156553268433
1,2,3,11,81,81,1,0.48427939414978,1,1,-1,-1,0.284289360046387
1,2,3,12,-27,27,0,0.550890445709229,1,1,1,1,0.23427939414978
1,2,3,13,-3,3,1,0.600512504577637,-1,-1,1,1,0.300890445709229
1,2,3,14,-81,81,0,0.483864545822144,-1,1,-1,-1,0.350512504577637
1,2,3,15,-81,81,0,0.767166137695312,-1,-1,1,-1,0.233864545822144
1,2,3,19,-9,9,0,0.400897979736328,1,1,1,1,0.317559480667114
1,2,3,20,0,0,1,0.717615604400635,-1,-1,1,1,0.150897979736328
1,2,3,21,3,3,0,0.800943374633789,1,1,-1,-1,0.467615604400635
1,2,3,22,-27,27,0,0.450456142425537,1,-1,1,1,0.550943374633789
1,2,3,23,27,27,1,0.517601490020752,-1,-1,-1,1,0.200456142425537
1,2,3,24,3,3,1,0.684276342391968,1,1,-1,-1,0.267601490020752
1,2,3,25,0,0,0,0.550942182540894,1,1,1,1,0.434276342391968
1,2,3,26,9,9,0,0.417599439620972,1,-1,1,1,0.300942182540894
1,2,3,27,81,81,1,0.63381814956665,1,-1,-1,1,0.167599439620972
1,2,3,28,-9,9,0,0.400511264801025,1,1,-1,1,0.38381814956665
1,2,3,29,-3,3,0,0.66763973236084,-1,-1,1,1,0.150511264801025
1,2,3,30,81,81,1,0.367618560791016,-1,-1,-1,-1,0.41763973236084
1,2,3,31,9,9,1,0.450497388839722,1,1,-1,-1,0.117618560791016
1,2,3,32,27,27,1,0.534227609634399,1,1,1,1,0.200497388839722
1,2,3,33,-0,0,0,0.483806371688843,1,1,1,1,0.284227609634399
1,2,3,34,27,27,1,0.384283304214478,-1,-1,1,1,0.233806371688843
1,2,3,35,-27,27,0,0.483820199966431,1,1,-1,-1,0.134283304214478
1,2,3,36,-9,9,1,0.417166948318481,-1,-1,1,1,0.233820199966431
1,2,3,37,-81,81,0,0.667115211486816,-1,1,-1,-1,0.167166948318481
1,2,3,38,81,81,1,0.400465965270996,-1,-1,1,-1,0.417115211486816
1,2,3,39,-0,0,0,0.534309148788452,1,1,-1,-1,0.150465965270996
1,2,3,40,0,0,1,0.41715145111084,-1,-1,1,1,0.284309148788452
1,2,3,41,-27,27,0,0.500497341156006,1,1,-1,-1,0.16715145111084
1,2,3,42,27,27,1,0.517582654953003,-1,-1,1,1,0.250497341156006
1,2,3,43,-9,9,0,0.483787059783936,1,1,-1,-1,0.267582654953003
1,2,3,44,81,81,1,0.450496435165405,-1,-1,1,1,0.233787059783936
1,2,3,45,-9,9,0,0.550954580307007,1,1,-1,-1,0.200496435165405
1,2,3,46,9,9,1,0.500956535339355,-1,-1,1,1,0.300954580307007
1,2,3,47,3,3,1,0.650492191314697,1,1,-1,-1,0.250956535339355
1,2,3,48,27,27,1,0.483788728713989,1,1,1,1,0.400492191314697
1,2,3,49,-0,0,0,0.517630338668823,1,1,1,1,0.233788728713989
1,2,3,50,-81,81,0,0.367618560791016,-1,-1,1,1,0.267630338668823
1,2,3,51,-0,0,1,0.551121473312378,-1,-1,-1,-1,0.117618560791016
1,2,3,52,-9,9,0,0.318138122558594,-1,1,-1,-1,0.301121473312378
1,2,3,53,27,27,1,0.284308433532715,-1,-1,1,-1,0.0681381225585938
1,2,3,54,3,3,0,0.45089316368103,1,1,-1,-1,0.0343084335327148
1,2,3,55,-0,0,1,0.283811569213867,1,-1,1,1,0.20089316368103
1,2,3,56,-3,3,1,0.300899267196655,-1,1,-1,1,0.0338115692138672
1,2,3,57,-9,9,0,0.317604541778564,-1,1,1,-1,0.0508992671966553
1,2,3,58,-9,9,0,0.434230089187622,-1,-1,1,-1,0.0676045417785645
1,2,3,59,81,81,1,0.601407527923584,-1,-1,-1,-1,0.184230089187622
1,2,3,60,-81,81,0,0.500462532043457,1,1,-1,-1,0.351407527923584
1,2,3,61,-3,3,0,0.41713547706604,-1,-1,1,1,0.250462532043457
1,2,3,62,-27,27,0,0.384230136871338,-1,-1,-1,-1,0.16713547706604
1,2,3,63,9,9,1,0.350485801696777,-1,-1,-1,-1,0.134230136871338
1,2,3,64,3,3,0,0.55089807510376,1,1,-1,-1,0.100485801696777
1,2,3,65,-3,3,0,0.434286594390869,1,-1,1,1,0.30089807510376
1,2,3,66,-81,81,0,0.817602634429932,-1,-1,-1,1,0.184286594390869
1,2,3,67,9,9,1,0.500568389892578,-1,-1,-1,-1,0.567602634429932
1,2,3,68,-3,3,0,0.417165517807007,1,1,-1,-1,0.250568389892578
1,2,3,69,-81,81,0,0.250947952270508,-1,-1,1,1,0.167165517807007
1,2,3,73,3,3,0,0.550891160964966,-1,1,-1,-1,0.284274578094482
1,2,3,74,9,9,0,0.517568111419678,1,-1,1,-1,0.300891160964966
1,2,3,75,27,27,1,0.367610454559326,1,-1,-1,1,0.267568111419678
1,2,3,76,-27,27,0,0.533790111541748,1,1,-1,1,0.117610454559326
1,2,3,77,81,81,1,0.417638540267944,-1,-1,1,1,0.283790111541748
1,2,3,78,9,9,1,0.500513553619385,1,1,-1,-1,0.167638540267944
1,2,3,79,-27,27,0,0.317143678665161,1,1,1,1,0.250513553619385
1,2,3,80,-3,3,0,0.550977468490601,-1,-1,1,1,0.0671436786651611
1,2,3,81,-3,3,0,0.717552661895752,-1,-1,-1,-1,0.300977468490601
1,2,3,82,-9,9,1,0.767819881439209,-1,-1,-1,-1,0.467552661895752
1,2,3,83,-9,9,0,0.283841609954834,-1,1,-1,-1,0.517819881439209
1,2,3,84,3,3,1,0.483832359313965,-1,-1,1,-1,0.033841609954834
1,2,3,85,81,81,1,0.467138290405273,1,1,-1,-1,0.233832359313965
1,2,3,86,-0,0,1,0.434298515319824,1,1,1,1,0.217138290405273
1,2,3,87,27,27,1,0.433905363082886,-1,1,1,1,0.184298515319824
1,2,3,88,81,81,1,0.450506448745728,1,1,1,-1,0.183905363082886
1,2,3,89,27,27,1,0.383797645568848,1,1,1,1,0.200506448745728
1,2,3,90,-9,9,1,0.484293460845947,1,1,1,1,0.133797645568848
1,2,3,91,-0,0,0,0.267613649368286,-1,1,1,1,0.234293460845947
1,2,3,92,-27,27,0,0.584295511245728,-1,-1,1,-1,0.0176136493682861
1,2,3,93,3,3,1,0.401621580123901,-1,-1,-1,-1,0.334295511245728
1,2,3,94,27,27,1,0.250971794128418,1,1,-1,-1,0.151621580123901
1,2,3,95,-81,81,0,0.501116514205933,1,1,1,1,0.000971794128417969
1,2,3,96,81,81,1,0.484299659729004,-1,-1,1,1,0.251116514205933
1,2,3,97,-9,9,0,0.450979471206665,1,1,-1,-1,0.234299659729004
1,2,3,98,81,81,1,0.500503540039062,-1,-1,1,1,0.200979471206665
1,2,3,99,-3,3,0,0.467233419418335,1,1,-1,-1,0.250503540039062
1,2,4,2,27,27,1,0.434228181838989,-1,-1,-1,-1,0.384508371353149
1,2,4,3,0,0,1,0.73427152633667,1,1,-1,-1,0.184228181838989
1,2,4,4,-81,81,0,0.417736530303955,1,1,1,1,0.48427152633667
1,2,4,5,-81,81,0,0.367157459259033,-1,-1,1,1,0.167736530303955
1,2,4,6,3,3,1,0.450519561767578,-1,-1,-1,-1,0.117157459259033
1,2,4,7,9,9,1,0.517142534255981,1,1,-1,-1,0.200519561767578
1,2,4,8,3,3,1,0.484686136245728,1,1,1,1,0.267142534255981
1,2,4,9,0,0,0,0.66764760017395,1,1,1,1,0.234686136245728
1,2,4,10,0,0,0,0.517558336257935,1,-1,1,1,0.41764760017395
1,2,4,11,27,27,1,0.417595386505127,1,-1,-1,1,0.267558336257935
1,2,4,12,3,3,1,0.384282350540161,1,1,-1,1,0.167595386505127
1,2,4,13,27,27,1,0.434217929840088,1,1,1,1,0.134282350540161
1,2,4,14,3,3,1,0.500898599624634,1,1,1,1,0.184217929840088
1,2,4,15,3,3,0,0.750478506088257,1,1,1,1,0.250898599624634
1,2,4,16,81,81,1,0.500453472137451,1,-1,1,1,0.500478506088257
1,2,4,17,3,3,0,0.683826923370361,1,1,-1,1,0.250453472137451
1,2,4,18,27,27,1,0.417128324508667,1,-1,1,1,0.433826923370361
1,2,4,19,-0,0,1,0.550452470779419,1,1,-1,1,0.167128324508667
1,2,4,20,-27,27,0,0.33379864692688,-1,1,1,1,0.300452470779419
1,2,4,21,-3,3,0,0.567595481872559,-1,-1,1,-1,0.0837986469268799
1,2,4,22,-0,0,0,0.667178392410278,-1,-1,-1,-1,0.317595481872559
1,2,4,23,81,81,1,0.417561292648315,-1,-1,-1,-1,0.417178392410278
1,2,4,24,3,3,0,0.517629384994507,1,1,-1,-1,0.167561292648315
1,2,4,25,3,3,1,0.367619514465332,1,-1,1,1,0.267629384994507
1,2,4,26,9,9,1,0.250972509384155,1,1,-1,1,0.117619514465332
1,2,4,27,-27,27,0,0.500587463378906,1,1,1,1,0.000972509384155273
1,2,4,28,-9,9,0,0.484274864196777,-1,-1,1,1,0.250587463378906
1,2,4,29,-81,81,0,0.267179489135742,-1,-1,-1,-1,0.234274864196777
1,2,4,30,-81,81,0,0.450971364974976,-1,-1,-1,-1,0.0171794891357422
1,2,4,31,-9,9,0,0.467613935470581,-1,-1,-1,-1,0.200971364974976
1,2,4,32,-27,27,0,0.433833360671997,-1,-1,-1,-1,0.217613935470581
1,2,4,33,-0,0,0,0.717593669891357,-1,-1,-1,-1,0.183833360671997
1,2,4,34,-3,3,0,0.500453472137451,-1,-1,-1,-1,0.467593669891357
1,2,4,35,-3,3,0,0.567557334899902,-1,-1,-1,-1,0.250453472137451
1,2,4,36,-9,9,0,0.467158555984497,-1,-1,-1,-1,0.317557334899902
1,2,4,37,27,27,1,0.484273910522461,-1,-1,-1,-1,0.217158555984497
1,2,4,38,9,9,1,0.50092077255249,1,1,-1,-1,0.234273910522461
1,2,4,39,0,0,1,0.450957536697388,1,1,1,1,0.25092077255249
1,2,4,40,9,9,1,0.567176342010498,1,1,1,1,0.200957536697388
1,2,4,41,0,0,1,0.400951623916626,1,1,1,1,0.317176342010498
1,2,4,42,0,0,1,0.417131423950195,1,1,1,1,0.150951623916626
1,2,4,43,0,0,0,0.534283399581909,1,1,1,1,0.167131423950195
1,2,4,44,27,27,1,0.36714243888855,1,-1,1,1,0.284283399581909
1,2,4,45,81,81,1,0.317178726196289,1,1,-1,1,0.11714243888855
1,2,4,46,-81,81,0,0.483824729919434,1,1,1,1,0.0671787261962891
1,2,4,47,3,3,1,0.650481939315796,-1,-1,1,1,0.233824729919434
1,2,4,48,9,9,1,0.333810806274414,1,1,-1,-1,0.400481939315796
1,2,4,49,3,3,1,0.317168712615967,1,1,1,1,0.0838108062744141
1,2,4,50,3,3,1,0.350927829742432,1,1,1,1,0.0671687126159668
1,2,4,51,3,3,1,0.400885343551636,1,1,1,1,0.100927829742432
1,2,4,52,27,27,1,0.417620658874512,1,1,1,1,0.150885343551636
1,2,4,53,-27,27,0,0.383841514587402,1,1,1,1,0.167620658874512
1,2,4,54,-9,9,0,0.400465250015259,-1,-1,1,1,0.133841514587402
1,2,4,55,3,3,1,0.367169618606567,-1,-1,-1,-1,0.150465250015259
1,2,4,56,9,9,1,0.383859634399414,1,1,-1,-1,0.117169618606567
1,2,4,57,3,3,1,0.400879859924316,1,1,1,1,0.133859634399414
1,2,4,58,81,81,1,0.400450468063354,1,1,1,1,0.150879859924316
1,2,4,59,-27,27,0,0.417756795883179,1,1,1,1,0.150450468063354
1,2,4,60,-27,27,0,0.433829784393311,-1,-1,1,1,0.167756795883179
1,2,4,61,-9,9,0,0.517601728439331,-1,-1,-1,-1,0.183829784393311
1,2,4,62,-81,81,0,0.384284734725952,-1,-1,-1,-1,0.267601728439331
1,2,4,63,-9,9,1,0.500882863998413,-1,-1,-1,-1,0.134284734725952
1,2,4,64,-81,81,0,0.467163324356079,-1,1,-1,-1,0.250882863998413
1,2,4,65,-9,9,0,0.501011371612549,-1,-1,1,-1,0.217163324356079
1,2,4,66,81,81,1,0.450933456420898,-1,-1,-1,-1,0.251011371612549
1,2,4,67,81,81,1,0.467154741287231,1,1,-1,-1,0.200933456420898
1,2,4,68,-3,3,0,0.483822822570801,1,1,1,1,0.217154741287231
1,2,4,69,81,81,1,0.450543642044067,-1,-1,1,1,0.233822822570801
1,2,4,70,27,27,1,0.367606401443481,1,1,-1,-1,0.200543642044067
1,2,4,71,3,3,0,0.600926876068115,1,1,1,1,0.117606401443481
1,2,4,72,-27,27,0,0.417142629623413,1,-1,1,1,0.350926876068115
1,2,4,73,-81,81,0,1.15098166465759,-1,-1,-1,1,0.167142629623413
1,2,4,74,-81,81,0,0.483876466751099,-1,-1,-1,-1,0.900981664657593
1,2,4,75,-9,9,0,0.383837461471558,-1,-1,-1,-1,0.233876466751099
1,2,4,76,-9,9,0,0.550950527191162,-1,-1,-1,-1,0.133837461471558
1,2,4,77,-3,3,1,0.617160320281982,-1,-1,-1,-1,0.300950527191162
1,2,4,78,-27,27,0,0.250990629196167,-1,1,-1,-1,0.367160320281982
1,2,4,79,-27,27,0,0.367613554000854,-1,-1,1,-1,0.000990629196166992
1,2,4,80,-9,9,0,0.450489521026611,-1,-1,-1,-1,0.117613554000854
1,2,4,81,-9,9,0,0.400514602661133,-1,-1,-1,-1,0.200489521026611
1,2,4,82,81,81,1,0.38431453704834,-1,-1,-1,-1,0.150514602661133
1,2,4,83,81,81,1,0.284236431121826,1,1,-1,-1,0.13431453704834
1,2,4,84,9,9,1,0.483834028244019,1,1,1,1,0.0342364311218262
1,2,4,85,-9,9,0,0.583820819854736,1,1,1,1,0.233834028244019
1,2,4,86,-3,3,1,0.383830547332764,-1,-1,1,1,0.333820819854736
1,2,4,87,-27,27,0,0.350932359695435,-1,1,-1,-1,0.133830547332764
1,2,4,88,-9,9,0,0.500917673110962,-1,-1,1,-1,0.100932359695435
1,2,4,89,-27,27,0,0.450499773025513,-1,-1,-1,-1,0.250917673110962
1,2,4,90,-27,27,0,0.400507688522339,-1,-1,-1,-1,0.200499773025513
1,2,4,91,81,81,1,0.350903272628784,-1,-1,-1,-1,0.150507688522339
1,2,4,92,27,27,1,0.467617511749268,1,1,-1,-1,0.100903272628784
1,2,4,93,81,81,1,0.367619752883911,1,1,1,1,0.217617511749268
1,2,4,94,3,3,1,0.450475931167603,1,1,1,1,0.117619752883911
1,2,4,95,81,81,1,0.417615652084351,1,1,1,1,0.200475931167603
1,2,4,96,9,9,1,0.517167568206787,1,1,1,1,0.167615652084351
1,2,4,97,-27,27,0,0.41716742515564,1,1,1,1,0.267167568206787
1,2,4,98,-0,0,1,0.600948572158813,-1,-1,1,1,0.16716742515564
1,2,4,99,-81,81,0,0.350485324859619,-1,1,-1,-1,0.350948572158813
1,2,5,2,3,3,1,0.567161560058594,-1,-1,1,1,0.217840194702148
1,2,5,3,-81,81,0,0.317594051361084,1,1,-1,-1,0.317161560058594
1,2,5,4,9,9,1,0.567119359970093,-1,-1,1,1,0.067594051361084
1,2,5,5,3,3,1,0.717547655105591,1,1,-1,-1,0.317119359970093
1,2,5,6,3,3,1,0.350460290908813,1,1,1,1,0.467547655105591
1,2,5,7,-9,9,1,0.617607593536377,1,1,1,1,0.100460290908813
1,2,5,8,81,81,1,0.450454235076904,-1,1,1,1,0.367607593536377
1,2,5,9,-81,81,0,0.300901174545288,1,1,1,-1,0.200454235076904
1,2,5,10,3,3,1,0.484279632568359,-1,-1,1,1,0.0509011745452881
1,2,5,11,-81,81,0,0.383795499801636,1,1,-1,-1,0.234279632568359
1,2,5,12,81,81,1,0.400951385498047,-1,-1,1,1,0.133795499801636
1,2,5,13,-9,9,0,0.517159461975098,1,1,-1,-1,0.150951385498047
1,2,5,14,-3,3,0,0.400917768478394,-1,-1,1,1,0.267159461975098
1,2,5,15,9,9,0,0.483807563781738,-1,-1,-1,-1,0.150917768478394
1,2,5,16,-3,3,0,0.567607164382935,1,-1,-1,-1,0.233807563781738
1,2,5,17,27,27,1,0.400513887405396,-1,-1,-1,1,0.317607164382935
1,2,5,18,-81,81,0,0.567612409591675,1,1,-1,-1,0.150513887405396
1,2,5,19,81,81,1,0.367165327072144,-1,-1,1,1,0.317612409591675
1,2,5,20,-81,81,0,0.383836507797241,1,1,-1,-1,0.117165327072144
1,2,5,21,27,27,1,0.5004563331604,-1,-1,1,1,0.133836507797241
1,2,5,22,-9,9,0,0.484285354614258,1,1,-1,-1,0.2504563331604
1,2,5,23,27,27,1,0.433825731277466,-1,-1,1,1,0.234285354614258
1,2,5,24,-9,9,0,0.350953578948975,1,1,-1,-1,0.183825731277466
1,2,5,25,3,3,1,0.350951671600342,-1,-1,1,1,0.100953578948975
1,2,5,26,3,3,0,0.617173194885254,1,1,-1,-1,0.100951671600342
1,2,5,27,-9,9,0,0.650503635406494,1,-1,1,1,0.367173194885254
1,2,5,28,9,9,1,0.384227275848389,-1,-1,-1,1,0.400503635406494
1,2,5,29,-0,0,1,0.550468444824219,1,1,-1,-1,0.134227275848389
1,2,5,30,27,27,1,0.483813524246216,-1,1,1,1,0.300468444824219
1,2,5,31,-27,27,0,0.268365383148193,1,1,1,-1,0.233813524246216
1,2,5,32,3,3,1,0.400969505310059,-1,-1,1,1,0.0183653831481934
1,2,5,33,-3,3,1,0.30046010017395,1,1,-1,-1,0.150969505310059
1,2,5,37,27,27,1,0.334283590316772,-1,-1,-1,-1,0.0671696662902832
1,2,5,38,-27,27,0,0.350512504577637,1,1,-1,-1,0.0842835903167725
1,2,5,39,27,27,1,0.717611789703369,-1,-1,1,1,0.100512504577637
1,2,5,40,27,27,1,0.350464344024658,1,1,-1,-1,0.467611789703369
1,2,5,41,-81,81,0,0.517194271087646,1,1,1,1,0.100464344024658
1,2,5,42,9,9,1,0.500468730926514,-1,-1,1,1,0.267194271087646
1,2,5,43,27,27,1,0.383832454681396,1,1,-1,-1,0.250468730926514
1,2,5,44,-3,3,0,0.484258651733398,1,1,1,1,0.133832454681396
1,2,5,45,3,3,1,0.500474691390991,-1,-1,1,1,0.234258651733398
1,2,5,46,-81,81,0,0.317787885665894,1,1,-1,-1,0.250474691390991
1,2,5,47,9,9,1,0.483795404434204,-1,-1,1,1,0.0677878856658936
1,2,5,48,-81,81,0,0.484311580657959,1,1,-1,-1,0.233795404434204
1,2,5,49,3,3,1,0.567155599594116,-1,-1,1,1,0.234311580657959
1,2,5,50,-9,9,0,0.450490713119507,1,1,-1,-1,0.317155599594116
1,2,5,51,-27,27,0,0.300973415374756,-1,-1,1,1,0.200490713119507
1,2,5,52,81,81,1,0.317159652709961,-1,-1,-1,-1,0.0509734153747559
1,2,5,53,-27,27,0,0.433787107467651,1,1,-1,-1,0.0671596527099609
1,2,5,54,81,81,1,0.433793067932129,-1,-1,1,1,0.183787107467651
1,2,5,55,-3,3,0,0.684957504272461,1,1,-1,-1,0.183793067932129
1,2,5,56,81,81,1,0.334283590316772,-1,-1,1,1,0.434957504272461
1,2,5,57,81,81,1,0.350531816482544,1,1,-1,-1,0.0842835903167725
1,2,5,58,-0,0,1,0.367203712463379,1,1,1,1,0.100531816482544
1,2,5,59,-27,27,0,0.250997304916382,-1,1,1,1,0.117203712463379
1,2,5,60,9,9,1,0.400497913360596,-1,-1,1,-1,0.000997304916381836
1,2,5,61,-27,27,0,0.31756067276001,1,1,-1,-1,0.150497913360596
1,2,5,62,3,3,1,0.467237710952759,-1,-1,1,1,0.0675606727600098
1,2,5,63,-9,9,1,0.817103624343872,1,1,-1,-1,0.217237710952759
1,2,5,64,3,3,1,0.517155647277832,-1,1,1,1,0.567103624343872
1,2,5,65,-27,27,0,0.483798503875732,1,1,1,-1,0.267155647277832
1,2,5,66,3,3,1,0.400953531265259,-1,-1,1,1,0.233798503875732
1,2,5,67,-0,0,0,0.350931644439697,1,1,-1,-1,0.150953531265259
1,2,5,68,27,27,1,0.300530433654785,-1,-1,1,1,0.100931644439697
1,2,5,69,0,0,0,0.784274816513062,1,1,-1,-1,0.0505304336547852
1,2,5,70,-9,9,1,0.58382248878479,1,-1,1,1,0.534274816513062
1,2,5,71,27,27,1,0.300522565841675,-1,1,-1,1,0.33382248878479
1,2,5,72,-9,9,0,0.767656087875366,1,1,1,-1,0.0505225658416748
1,2,5,73,9,9,1,0.46717381477356,-1,-1,1,1,0.517656087875366
1,2,5,74,-0,0,0,0.650969743728638,1,1,-1,-1,0.21717381477356
1,2,5,75,9,9,1,0.483794689178467,-1,-1,1,1,0.400969743728638
1,2,5,76,81,81,1,0.350510597229004,1,1,-1,-1,0.233794689178467
1,2,5,77,0,0,0,0.783781051635742,1,1,1,1,0.100510597229004
1,2,5,78,-81,81,0,0.500917911529541,1,-1,1,1,0.533781051635742
1,2,5,79,-0,0,0,0.800943613052368,-1,-1,-1,1,0.250917911529541
1,2,5,80,0,0,0,0.600967168807983,-1,-1,-1,-1,0.550943613052368
1,2,5,81,-9,9,0,0.317619562149048,1,-1,-1,-1,0.350967168807983
1,2,5,82,9,9,0,0.617597818374634,-1,-1,-1,1,0.0676195621490479
1,2,5,83,0,0,0,0.567140579223633,1,-1,-1,-1,0.367597818374634
1,2,5,84,-27,27,0,0.434287786483765,1,-1,-1,1,0.317140579223633
1,2,5,85,-9,9,0,0.467142105102539,-1,-1,-1,1,0.184287786483765
1,2,5,86,-81,81,0,0.467625856399536,-1,-1,-1,-1,0.217142105102539
1,2,5,87,27,27,1,0.283871650695801,-1,-1,-1,-1,0.217625856399536
1,2,5,88,-81,81,0,0.517163991928101,1,1,-1,-1,0.0338716506958008
1,2,5,89,27,27,1,0.467168569564819,-1,-1,1,1,0.267163991928101
1,2,5,90,-81,81,0,0.501018524169922,1,1,-1,-1,0.217168569564819
1,2,5,91,0,0,0,0.617159128189087,-1,-1,1,1,0.251018524169922
1,2,5,92,-27,27,0,0.283860445022583,1,-1,-1,-1,0.367159128189087
1,2,5,93,3,3,0,0.533854484558105,-1,-1,-1,1,0.033860445022583
1,2,5,94,-3,3,0,0.53382134437561,1,-1,-1,-1,0.283854484558105
1,2,5,95,27,27,1,0.450511932373047,-1,-1,-1,1,0.28382134437561
1,2,5,96,-0,0,0,0.633780002593994,1,1,-1,-1,0.200511932373047
1,2,5,97,81,81,1,0.483844757080078,-1,-1,1,1,0.383780002593994
1,2,5,98,-3,3,1,0.567157983779907,1,1,-1,-1,0.233844757080078
1,2,5,99,9,9,1,0.600503921508789,-1,1,1,1,0.317157983779907
1,2,6,2,-27,27,0,0.434264659881592,1,1,-1,-1,0.517385482788086
1,2,6,3,0,0,1,0.334294080734253,-1,-1,1,1,0.184264659881592
1,2,6,4,27,27,1,0.96756911277771,1,1,-1,-1,0.0842940807342529
1,2,6,5,-9,9,1,0.63381290435791,1,1,1,1,0.71756911277771
1,2,6,6,3,3,0,1.40088891983032,-1,1,1,1,0.38381290435791
1,2,6,7,3,3,1,0.700974464416504,1,-1,1,-1,1.15088891983032
1,2,6,8,-9,9,0,0.517153024673462,1,1,-1,1,0.450974464416504
1,2,6,9,-9,9,0,0.5181565284729,-1,-1,1,1,0.267153024673462
1,2,6,10,-81,81,0,0.50089430809021,-1,-1,-1,-1,0.2681565284729
1,2,6,11,-9,9,0,0.667610168457031,-1,-1,-1,-1,0.25089430809021
1,2,6,12,9,9,0,0.584226131439209,-1,-1,-1,-1,0.417610168457031
1,2,6,13,-0,0,1,0.534223318099976,1,-1,-1,-1,0.334226131439209
1,2,6,14,9,9,1,0.533809900283813,-1,1,-1,1,0.284223318099976
1,2,6,15,-81,81,0,0.500894784927368,1,1,1,-1,0.283809900283813
1,2,6,16,-81,81,0,0.434273719787598,-1,-1,1,1,0.250894784927368
1,2,6,17,-27,27,0,0.434276342391968,-1,-1,-1,-1,0.184273719787598
1,2,6,18,0,0,0,0.450484275817871,-1,-1,-1,-1,0.184276342391968
1,2,6,19,-3,3,0,0.517634630203247,1,-1,-1,-1,0.200484275817871
1,2,6,20,-27,27,0,0.43382740020752,-1,-1,-1,1,0.267634630203247
1,2,6,21,27,27,1,0.500460147857666,-1,-1,-1,-1,0.18382740020752
1,2,6,22,3,3,0,0.467167615890503,1,1,-1,-1,0.250460147857666
1,2,6,23,9,9,1,0.450918912887573,1,-1,1,1,0.217167615890503
1,2,6,24,9,9,1,0.484222173690796,1,1,-1,1,0.200918912887573
1,2,6,25,-0,0,1,0.583837032318115,1,1,1,1,0.234222173690796
1,2,6,26,-9,9,0,0.700922012329102,-1,1,1,1,0.333837032318115
1,2,6,27,27,27,1,0.467125177383423,-1,-1,1,-1,0.450922012329102
1,2,6,28,9,9,1,0.400459051132202,1,1,-1,-1,0.217125177383423
1,2,6,29,3,3,1,0.767539501190186,1,1,1,1,0.150459051132202
1,2,6,30,-3,3,0,0.850471019744873,1,1,1,1,0.517539501190186
1,2,6,31,81,81,1,0.33422327041626,-1,-1,1,1,0.600471019744873
1,2,6,32,27,27,1,0.400631904602051,1,1,-1,-1,0.0842232704162598
1,2,6,33,-81,81,0,0.467161893844604,1,1,1,1,0.150631904602051
1,2,6,34,-9,9,0,0.417126178741455,-1,-1,1,1,0.217161893844604
1,2,6,35,-0,0,0,0.41756010055542,-1,-1,-1,-1,0.167126178741455
1,2,6,36,-81,81,0,0.433789968490601,-1,-1,-1,-1,0.16756010055542
1,2,6,37,-0,0,0,0.500939607620239,-1,-1,-1,-1,0.183789968490601
1,2,6,38,-3,3,0,0.317570209503174,-1,-1,-1,-1,0.250939607620239
1,2,6,39,3,3,0,0.767176389694214,-1,-1,-1,-1,0.0675702095031738
1,2,6,40,-9,9,0,0.383798599243164,1,-1,-1,-1,0.517176389694214
1,2,6,41,-0,0,0,0.283890724182129,-1,-1,-1,1,0.133798599243164
1,2,6,42,81,81,1,0.400957584381104,-1,-1,-1,-1,0.0338907241821289
1,2,6,43,-3,3,1,0.650498628616333,1,1,-1,-1,0.150957584381104
1,2,6,44,-3,3,0,0.550929307937622,-1,1,1,1,0.400498628616333
1,2,6,45,-3,3,0,0.367166519165039,-1,-1,1,-1,0.300929307937622
1,2,6,46,-0,0,0,0.383830547332764,-1,-1,-1,-1,0.117166519165039
1,2,6,47,-3,3,0,0.383828163146973,-1,-1,-1,-1,0.133830547332764
1,2,6,48,-9,9,0,0.333837509155273,-1,-1,-1,-1,0.133828163146973
1,2,6,49,27,27,1,0.25096583366394,-1,-1,-1,-1,0.0838375091552734
1,2,6,50,27,27,1,0.500900268554688,1,1,-1,-1,0.00096583366394043
1,2,6,51,-3,3,0,0.450495719909668,1,1,1,1,0.250900268554688
1,2,6,52,-81,81,0,0.533824682235718,-1,-1,1,1,0.200495719909668
1,2,6,53,3,3,0,0.417155504226685,-1,-1,-1,-1,0.283824682235718
1,2,6,54,-27,27,0,0.383808612823486,1,-1,-1,-1,0.167155504226685
1,2,6,55,3,3,0,0.585107088088989,-1,-1,-1,1,0.133808612823486
1,2,6,56,-81,81,0,0.383797168731689,1,-1,-1,-1,0.335107088088989
1,2,6,57,0,0,0,0.534224033355713,-1,-1,-1,1,0.133797168731689
1,2,6,58,-81,81,0,0.500946521759033,1,-1,-1,-1,0.284224033355713
1,2,6,59,-27,27,0,0.317620515823364,-1,-1,-1,1,0.250946521759033
1,2,6,63,-9,9,0,0.500921010971069,1,1,1,1,0.217164516448975
1,2,6,64,-3,3,1,0.567153692245483,-1,-1,1,1,0.250921010971069
1,2,6,65,81,81,1,0.400494575500488,-1,1,-1,-1,0.317153692245483
1,2,6,66,81,81,1,0.45050048828125,1,1,1,-1,0.150494575500488
1,2,6,67,3,3,1,0.533836603164673,1,1,1,1,0.20050048828125
1,2,6,68,27,27,1,0.284290552139282,1,1,1,1,0.283836603164673
1,2,6,69,0,0,1,0.517611503601074,1,1,1,1,0.0342905521392822
1,2,6,70,81,81,1,0.417167663574219,1,1,1,1,0.267611503601074
1,2,6,71,27,27,1,0.33429217338562,1,1,1,1,0.167167663574219
1,2,6,72,3,3,0,0.617618560791016,1,1,1,1,0.0842921733856201
1,2,6,73,-81,81,0,0.433834552764893,1,-1,1,1,0.367618560791016
1,2,6,74,27,27,1,0.434282064437866,-1,-1,-1,1,0.183834552764893
1,2,6,75,-27,27,0,0.600502490997314,1,1,-1,-1,0.184282064437866
1,2,6,76,81,81,1,0.367614030838013,-1,-1,1,1,0.350502490997314
1,2,6,77,9,9,1,0.533833503723145,1,1,-1,-1,0.117614030838013
1,2,6,78,-0,0,1,0.50049352645874,1,1,1,1,0.283833503723145
1,2,6,79,9,9,1,0.534277439117432,-1,1,1,1,0.25049352645874
1,2,6,80,-9,9,0,0.484282255172729,1,1,1,-1,0.284277439117432
1,2,6,81,-9,9,0,0.417125225067139,-1,-1,1,1,0.234282255172729
1,2,6,82,27,27,1,0.417842149734497,-1,-1,-1,-1,0.167125225067139
1,2,6,83,-3,3,1,0.617557287216187,1,1,-1,-1,0.167842149734497
1,2,6,84,-3,3,0,0.584278583526611,-1,1,1,1,0.367557287216187
1,2,6,85,9,9,1,0.53422212600708,-1,-1,1,-1,0.334278583526611
1,2,6,86,-27,27,0,0.534283399581909,1,1,-1,-1,0.28422212600708
1,2,6,87,27,27,1,0.434353590011597,-1,-1,1,1,0.284283399581909
1,2,6,88,27,27,1,0.450948715209961,1,1,-1,-1,0.184353590011597
1,2,6,89,-3,3,1,0.567638158798218,1,1,1,1,0.200948715209961
1,2,6,90,-9,9,0,0.384232044219971,-1,1,1,1,0.317638158798218
1,2,6,91,3,3,0,0.633782148361206,-1,-1,1,-1,0.134232044219971
1,2,6,92,-81,81,0,0.467161655426025,1,-1,-1,-1,0.383782148361206
1,2,6,93,81,81,1,0.367625713348389,-1,-1,-1,1,0.217161655426025
1,2,6,94,-27,27,0,0.451728582382202,1,1,-1,-1,0.117625713348389
1,2,6,95,9,9,1,0.51715350151062,-1,-1,1,1,0.201728582382202
1,2,6,96,81,81,1,0.483787536621094,1,1,-1,-1,0.26715350151062
1,2,6,97,-81,81,0,0.533821105957031,1,1,1,1,0.233787536621094
1,2,6,98,27,27,1,0.350494623184204,-1,-1,1,1,0.283821105957031
1,2,6,99,-81,81,0,0.483817577362061,1,1,-1,-1,0.100494623184204
1,3,1,2,-3,3,1,0.700886011123657,1,1,1,-1,0.400743246078491
1,3,1,3,9,9,0,0.550569772720337,-1,1,1,1,0.450886011123657
1,3,1,4,-9,9,0,0.500942945480347,1,-1,1,-1,0.300569772720337
1,3,1,5,9,9,1,0.75047779083252,-1,-1,-1,1,0.250942945480347
1,3,1,6,-0,0,1,0.700461149215698,1,1,-1,-1,0.50047779083252
1,3,1,7,-27,27,0,0.550920009613037,-1,1,1,1,0.450461149215698
1,3,1,8,81,81,1,0.50050163269043,-1,-1,1,-1,0.300920009613037
1,3,1,9,-3,3,0,0.817600727081299,1,1,-1,-1,0.25050163269043
1,3,1,10,27,27,1,0.66716194152832,-1,-1,1,1,0.567600727081299
1,3,1,11,-27,27,0,0.41712498664856,1,1,-1,-1,0.41716194152832
1,3,1,12,0,0,0,1.08422684669495,-1,-1,1,1,0.16712498664856
1,3,1,13,-0,0,0,0.500475168228149,1,-1,-1,-1,0.834226846694946
1,3,1,14,81,81,1,0.501731872558594,-1,-1,-1,1,0.250475168228149
1,3,1,15,-27,27,0,0.484256982803345,1,1,-1,-1,0.251731872558594
1,3,1,16,3,3,1,0.500473976135254,-1,-1,1,1,0.234256982803345
1,3,1,17,-27,27,0,0.483790874481201,1,1,-1,-1,0.250473976135254
1,3,1,18,9,9,1,0.550487995147705,-1,-1,1,1,0.233790874481201
1,3,1,19,-3,3,1,0.650460958480835,1,1,-1,-1,0.300487995147705
1,3,1,20,81,81,1,0.500490188598633,-1,1,1,1,0.400460958480835
1,3,1,21,-81,81,0,0.934470176696777,1,1,1,-1,0.250490188598633
1,3,1,22,27,27,1,0.600927114486694,-1,-1,1,1,0.684470176696777
1,3,1,23,-81,81,0,0.534250020980835,1,1,-1,-1,0.350927114486694
1,3,1,24,27,27,1,0.667135000228882,-1,-1,1,1,0.284250020980835
1,3,1,25,-81,81,0,0.450489044189453,1,1,-1,-1,0.417135000228882
1,3,1,26,3,3,1,0.567117214202881,-1,-1,1,1,0.200489044189453
1,3,1,27,-27,27,0,0.617133855819702,1,1,-1,-1,0.317117214202881
1,3,1,28,0,0,1,0.867584943771362,-1,-1,1,1,0.367133855819702
1,3,1,29,-81,81,0,0.500918865203857,1,1,-1,-1,0.617584943771362
1,3,1,30,27,27,1,0.484232902526855,-1,-1,1,1,0.250918865203857
1,3,1,31,-27,27,0,0.51711893081665,1,1,-1,-1,0.234232902526855
1,3,1,32,0,0,1,0.584268093109131,-1,-1,1,1,0.26711893081665
1,3,1,33,-3,3,0,0.784236907958984,1,1,-1,-1,0.334268093109131
1,3,1,34,9,9,1,0.650442838668823,-1,-1,1,1,0.534236907958984
1,3,1,35,-0,0,1,0.450513124465942,1,1,-1,-1,0.400442838668823
1,3,1,36,9,9,1,0.667132616043091,-1,1,1,1,0.200513124465942
1,3,1,37,-81,81,0,0.850894212722778,1,1,1,-1,0.417132616043091
1,3,1,38,-27,27,0,0.517153024673462,-1,-1,1,1,0.600894212722778
1,3,1,46,-81,81,0,0.417143106460571,-1,-1,1,1,0.333800315856934
1,3,1,47,9,9,1,0.25097393989563,-1,-1,-1,-1,0.167143106460571
1,3,1,53,81,81,1,0.267145156860352,-1,1,1,1,0.150496006011963
1,3,1,54,-81,81,0,0.85091495513916,1,1,1,-1,0.0171451568603516
1,3,1,55,81,81,1,0.534249067306519,-1,-1,1,1,0.60091495513916
1,3,1,56,-3,3,1,0.334272146224976,1,1,-1,-1,0.284249067306519
1,3,1,57,27,27,1,0.384252786636353,-1,1,1,1,0.0842721462249756
1,3,1,61,-9,9,1,0.467596054077148,1,1,-1,-1,0.333800077438354
1,3,1,62,-9,9,0,0.450490951538086,-1,1,1,1,0.217596054077148
1,3,1,63,3,3,1,0.533804893493652,-1,-1,1,-1,0.200490951538086
1,3,1,64,-3,3,0,0.717144966125488,1,1,-1,-1,0.283804893493652
1,3,1,65,-81,81,0,0.550449371337891,-1,-1,1,1,0.467144966125488
1,3,1,66,81,81,1,0.53425145149231,-1,-1,-1,-1,0.300449371337891
1,3,1,67,-9,9,0,0.750884056091309,1,1,-1,-1,0.28425145149231
1,3,1,68,3,3,1,0.500467777252197,-1,-1,1,1,0.500884056091309
1,3,1,69,-81,81,0,0.650468349456787,1,1,-1,-1,0.250467777252197
1,3,1,70,81,81,1,0.751701831817627,-1,-1,1,1,0.400468349456787
1,3,1,71,-9,9,0,0.467152833938599,1,1,-1,-1,0.501701831817627
1,3,1,72,81,81,1,0.350471019744873,-1,-1,1,1,0.217152833938599
1,3,1,73,-27,27,0,0.434232234954834,1,1,-1,-1,0.100471019744873
1,3,1,78,9,9,1,0.600456953048706,-1,1,1,1,0.551123142242432
1,3,1,79,-3,3,0,0.650485038757324,1,1,1,-1,0.350456953048706
1,3,1,80,3,3,1,0.53380298614502,-1,-1,1,1,0.400485038757324
1,3,1,81,-9,9,1,0.851389169692993,1,1,-1,-1,0.28380298614502
1,3,1,82,81,81,1,0.517119169235229,-1,1,1,1,0.601389169692993
1,3,1,83,-9,9,0,0.734286069869995,1,1,1,-1,0.267119169235229
1,3,1,84,0,0,1,1.38422012329102,-1,-1,1,1,0.484286069869995
1,3,1,85,-27,27,0,0.700906038284302,1,1,-1,-1,1.13422012329102
1,3,1,86,-3,3,0,0.667580127716064,-1,-1,1,1,0.450906038284302
1,3,1,87,9,9,1,0.83379602432251,-1,-1,-1,-1,0.417580127716064
1,3,1,88,-81,81,0,0.550902843475342,1,1,-1,-1,0.58379602432251
1,3,1,89,27,27,1,0.533828020095825,-1,-1,1,1,0.300902843475342
1,3,1,90,-27,27,0,0.484233140945435,1,1,-1,-1,0.283828020095825
1,3,1,91,3,3,1,0.550467014312744,-1,-1,1,1,0.234233140945435
1,3,1,92,-81,81,0,0.550488948822021,1,1,-1,-1,0.300467014312744
1,3,1,93,3,3,1,0.600479125976562,-1,-1,1,1,0.300488948822021
1,3,1,94,-0,0,1,0.550488948822021,1,1,-1,-1,0.350479125976562
1,3,1,95,3,3,0,0.767555952072144,-1,1,1,1,0.300488948822021
1,3,1,96,3,3,1,0.617913484573364,1,-1,1,-1,0.517555952072144
1,3,1,97,-3,3,0,0.500469923019409,1,1,-1,1,0.367913484573364
1,3,1,98,9,9,1,0.733803749084473,-1,-1,1,1,0.250469923019409
1,3,1,99,-3,3,1,0.600466012954712,1,1,-1,-1,0.483803749084473
1,3,1,2,27,27,1,0.333802938461304,-1,-1,1,1,0.334015846252441
1,3,1,3,-9,9,0,0.633795022964478,1,1,-1,-1,0.0838029384613037
1,3,1,4,-81,81,0,0.550481796264648,-1,-1,1,1,0.383795022964478
1,3,1,5,81,81,1,0.517132043838501,-1,-1,-1,-1,0.300481796264648
1,3,1,6,0,0,1,0.717577219009399,1,1,-1,-1,0.267132043838501
1,3,1,7,-0,0,1,0.884245634078979,1,1,1,1,0.467577219009399
1,3,1,8,3,3,1,0.483805894851685,-1,1,1,1,0.634245634078979
1,3,1,9,-9,9,1,0.550925254821777,1,1,1,-1,0.233805894851685
1,3,1,10,3,3,1,0.417600870132446,-1,1,1,1,0.300925254821777
1,3,1,11,-27,27,0,0.501336574554443,1,1,1,-1,0.167600870132446
1,3,1,12,3,3,1,0.500915050506592,-1,-1,1,1,0.251336574554443
1,3,1,13,-3,3,1,0.800928831100464,1,1,-1,-1,0.250915050506592
1,3,1,14,81,81,1,0.467588901519775,-1,1,1,1,0.550928831100464
1,3,1,15,-27,27,0,0.484251976013184,1,1,1,-1,0.217588901519775
1,3,1,16,3,3,0,0.617127180099487,-1,-1,1,1,0.234251976013184
1,3,1,17,-3,3,1,0.450524806976318,1,-1,-1,-1,0.367127180099487
1,3,1,18,81,81,1,0.483819007873535,-1,1,-1,1,0.200524806976318
1,3,1,19,-9,9,0,0.417208909988403,1,1,1,-1,0.233819007873535
1,3,1,20,3,3,1,0.53429651260376,-1,-1,1,1,0.167208909988403
1,3,1,21,-27,27,0,0.533796072006226,1,1,-1,-1,0.28429651260376
1,3,1,22,-9,9,0,0.367791175842285,-1,-1,1,1,0.283796072006226
1,3,1,23,0,0,1,0.500468015670776,-1,-1,-1,-1,0.117791175842285
1,3,1,24,-3,3,0,0.550493240356445,1,1,-1,-1,0.250468015670776
1,3,1,25,9,9,1,0.400925159454346,-1,-1,1,1,0.300493240356445
1,3,1,26,-81,81,0,0.500974178314209,1,1,-1,-1,0.150925159454346
1,3,1,27,27,27,1,0.417598247528076,-1,-1,1,1,0.250974178314209
1,3,1,28,-9,9,0,0.467133045196533,1,1,-1,-1,0.167598247528076
1,3,1,29,81,81,1,0.483823776245117,-1,-1,1,1,0.217133045196533
1,3,1,30,-81,81,0,0.400467157363892,1,1,-1,-1,0.233823776245117
1,3,1,31,-0,0,1,0.517145872116089,-1,-1,1,1,0.150467157363892
1,3,1,32,-3,3,0,0.534284591674805,-1,1,-1,-1,0.267145872116089
1,3,1,33,-81,81,0,0.517141580581665,-1,-1,1,-1,0.284284591674805
1,3,1,34,81,81,1,0.433846950531006,-1,-1,-1,-1,0.267141580581665
1,3,1,35,-9,9,0,0.417135953903198,1,1,-1,-1,0.183846950531006
1,3,1,36,0,0,0,0.533801078796387,-1,-1,1,1,0.167135953903198
1,3,1,37,-9,9,0,0.517596960067749,1,-1,-1,-1,0.283801078796387
1,3,1,38,81,81,1,0.41718864440918,-1,-1,-1,1,0.267596960067749
1,3,1,39,3,3,1,0.700473546981812,1,1,-1,-1,0.16718864440918
1,3,1,40,-81,81,0,0.767154693603516,1,1,1,1,0.450473546981812
1,3,1,41,81,81,1,0.367604732513428,-1,-1,1,1,0.517154693603516
1,3,1,42,-9,9,0,0.450898170471191,1,1,-1,-1,0.117604732513428
1,3,1,43,81,81,1,0.367139577865601,-1,-1,1,1,0.200898170471191
1,3,1,44,-81,81,0,0.534266233444214,1,1,-1,-1,0.117139577865601
1,3,1,45,3,3,1,0.367165803909302,-1,-1,1,1,0.284266233444214
1,3,1,46,-27,27,0,0.483834981918335,1,1,-1,-1,0.117165803909302
1,3,1,47,81,81,1,0.46758508682251,-1,-1,1,1,0.233834981918335
1,3,1,48,-3,3,0,0.633798122406006,1,1,-1,-1,0.21758508682251
1,3,1,49,27,27,1,0.467132091522217,-1,-1,1,1,0.383798122406006
1,3,1,50,-0,0,0,0.617127895355225,1,1,-1,-1,0.217132091522217
1,3,1,51,9,9,1,0.383812665939331,-1,-1,1,1,0.367127895355225
1,3,1,52,-27,27,0,0.31731104850769,1,1,-1,-1,0.133812665939331
1,3,1,53,81,81,1,0.550489187240601,-1,-1,1,1,0.0673110485076904
1,3,1,54,-27,27,0,0.51760196685791,1,1,-1,-1,0.300489187240601
1,3,1,55,-3,3,1,0.700461149215698,-1,-1,1,1,0.26760196685791
1,3,1,56,27,27,1,0.483798742294312,-1,1,-1,-1,0.450461149215698
1,3,1,57,3,3,1,0.467133760452271,1,1,1,-1,0.233798742294312
1,3,1,58,27,27,1,0.484233140945435,1,1,1,1,0.217133760452271
1,3,1,59,-3,3,1,0.71713662147522,1,1,1,1,0.234233140945435
1,3,1,60,-0,0,0,0.634245872497559,-1,1,1,1,0.46713662147522
1,3,1,61,3,3,0,0.684216976165771,-1,-1,1,-1,0.384245872497559
1,3,1,62,-27,27,0,0.367120981216431,1,-1,-1,-1,0.434216976165771
1,3,1,63,81,81,1,0.450927972793579,-1,-1,-1,1,0.117120981216431
1,3,1,64,-27,27,0,0.500460147857666,1,1,-1,-1,0.200927972793579
1,3,1,65,-9,9,0,0.550472974777222,-1,-1,1,1,0.250460147857666
1,3,1,66,9,9,1,0.484261751174927,-1,-1,-1,-1,0.300472974777222
1,3,1,67,-27,27,0,0.367157220840454,1,1,-1,-1,0.234261751174927
1,3,1,68,3,3,1,0.700947046279907,-1,-1,1,1,0.117157220840454
1,3,1,69,-0,0,0,0.38424825668335,1,1,-1,-1,0.450947046279907
1,3,1,70,-9,9,1,0.650908231735229,-1,-1,1,1,0.13424825668335
1,3,1,71,27,27,1,0.467160940170288,-1,1,-1,-1,0.400908231735229
1,3,1,72,-0,0,1,0.533797025680542,1,1,1,-1,0.217160940170288
1,3,1,73,81,81,1,0.500986814498901,-1,1,1,1,0.283797025680542
1,3,1,74,9,9,1,0.350480079650879,1,1,1,-1,0.250986814498901
1,3,1,75,3,3,0,0.417119979858398,1,1,1,1,0.100480079650879
1,3,1,76,-81,81,0,0.467136859893799,1,-1,1,1,0.167119979858398
1,3,1,77,9,9,0,0.483820676803589,-1,-1,-1,1,0.217136859893799
1,3,1,78,9,9,1,0.517117738723755,1,-1,-1,-1,0.233820676803589
1,3,1,79,-9,9,0,0.350509166717529,1,1,-1,1,0.267117738723755
1,3,1,80,-81,81,0,0.483801126480103,-1,-1,1,1,0.100509166717529
1,3,1,81,9,9,1,0.467127799987793,-1,-1,-1,-1,0.233801126480103
1,3,1,82,-27,27,0,0.467613220214844,1,1,-1,-1,0.217127799987793
1,3,1,83,3,3,1,0.417602777481079,-1,-1,1,1,0.217613220214844
1,3,1,84,-27,27,0,0.400498390197754,1,1,-1,-1,0.167602777481079
1,3,1,88,-3,3,0,0.433799028396606,1,1,-1,-1,0.233787059783936
1,3,1,89,-3,3,0,0.500926971435547,-1,-1,1,1,0.183799028396606
1,3,1,90,-81,81,0,0.517618894577026,-1,-1,-1,-1,0.250926971435547
1,3,1,91,9,9,0,0.634256839752197,-1,-1,-1,-1,0.267618894577026
1,3,1,92,-27,27,0,0.400498151779175,1,-1,-1,-1,0.384256839752197
1,3,1,93,0,0,0,0.551578998565674,-1,-1,-1,1,0.150498151779175
1,3,1,94,-81,81,0,0.450484991073608,1,-1,-1,-1,0.301578998565674
1,3,1,95,9,9,1,0.417908191680908,-1,-1,-1,1,0.200484991073608
1,3,1,96,-9,9,0,0.535134315490723,1,1,-1,-1,0.167908191680908
1,3,1,97,0,0,1,0.467129230499268,-1,-1,1,1,0.285134315490723
1,3,1,98,-9,9,0,0.617132902145386,1,1,-1,-1,0.217129230499268
1,3,1,99,27,27,1,0.400919914245605,-1,-1,1,1,0.367132902145386
1,3,2,2,-3,3,1,0.617120742797852,1,1,1,-1,0.351186990737915
1,3,2,3,27,27,1,0.433828115463257,-1,1,1,1,0.367120742797852
1,3,2,4,-81,81,0,0.450918912887573,1,1,1,-1,0.183828115463257
1,3,2,5,0,0,0,0.51715087890625,-1,-1,1,1,0.200918912887573
1,3,2,6,-81,81,0,0.683806896209717,1,-1,-1,-1,0.26715087890625
1,3,2,7,-3,3,1,0.61760687828064,-1,-1,-1,1,0.433806896209717
1,3,2,8,-27,27,0,0.585173606872559,-1,1,-1,-1,0.36760687828064
1,3,2,9,81,81,1,0.384226083755493,-1,-1,1,-1,0.335173606872559
1,3,2,10,-81,81,0,0.500923871994019,1,1,-1,-1,0.134226083755493
1,3,2,11,9,9,1,0.517557144165039,-1,-1,1,1,0.250923871994019
1,3,2,12,9,9,1,0.55048394203186,1,1,-1,-1,0.267557144165039
1,3,2,13,-81,81,0,0.583887100219727,1,1,1,1,0.30048394203186
1,3,2,14,27,27,1,0.5346360206604,-1,-1,1,1,0.333887100219727
1,3,2,15,-27,27,0,0.500465631484985,1,1,-1,-1,0.2846360206604
1,3,2,16,9,9,1,0.46762490272522,-1,-1,1,1,0.250465631484985
1,3,2,17,-81,81,0,0.533782958984375,1,1,-1,-1,0.21762490272522
1,3,2,22,-9,9,1,1.33376097679138,1,1,1,1,0.467118978500366
1,3,2,23,3,3,1,0.38428807258606,-1,1,1,1,1.08376097679138
1,3,2,24,-27,27,0,0.367591381072998,1,1,1,-1,0.13428807258606
1,3,2,25,-27,27,1,0.384264707565308,-1,-1,1,1,0.117591381072998
1,3,2,26,9,9,1,0.567172765731812,-1,1,-1,-1,0.134264707565308
1,3,2,27,-27,27,0,0.568452119827271,1,1,1,-1,0.317172765731812
1,3,2,28,9,9,1,0.533806562423706,-1,-1,1,1,0.318452119827271
1,3,2,29,-81,81,0,0.600472927093506,1,1,-1,-1,0.283806562423706
1,3,2,30,27,27,1,0.284305810928345,-1,-1,1,1,0.350472927093506
1,3,2,31,-27,27,0,0.250915050506592,1,1,-1,-1,0.0343058109283447
1,3,2,32,9,9,1,0.550935029983521,-1,-1,1,1,0.000915050506591797
1,3,2,33,-3,3,1,0.717112064361572,1,1,-1,-1,0.300935029983521
1,3,2,34,9,9,1,0.517141103744507,-1,1,1,1,0.467112064361572
1,3,2,35,-27,27,0,0.550487518310547,1,1,1,-1,0.267141103744507
1,3,2,36,-27,27,0,0.517132043838501,-1,-1,1,1,0.300487518310547
1,3,2,37,81,81,1,0.484808921813965,-1,-1,-1,-1,0.267132043838501
1,3,2,38,-27,27,0,0.450886249542236,1,1,-1,-1,0.234808921813965
1,3,2,39,3,3,1,0.400498867034912,-1,-1,1,1,0.200886249542236
1,3,2,40,-0,0,1,0.467134952545166,1,1,-1,-1,0.150498867034912
1,3,2,41,3,3,1,0.533789873123169,-1,1,1,1,0.217134952545166
1,3,2,42,81,81,1,0.567568778991699,1,1,1,-1,0.283789873123169
1,3,2,43,-9,9,1,0.467587947845459,1,1,1,1,0.317568778991699
1,3,2,44,0,0,1,0.768121957778931,-1,1,1,1,0.217587947845459
1,3,2,45,-9,9,0,0.667579889297485,1,1,1,-1,0.518121957778931
1,3,2,46,9,9,1,0.483803033828735,-1,-1,1,1,0.417579889297485
1,3,2,47,-27,27,0,0.484245300292969,1,1,-1,-1,0.233803033828735
1,3,2,48,27,27,1,0.484248876571655,-1,-1,1,1,0.234245300292969
1,3,2,49,-9,9,0,0.61758017539978,1,1,-1,-1,0.234248876571655
1,3,2,50,27,27,1,1.2337760925293,-1,-1,1,1,0.36758017539978
1,3,2,51,-9,9,0,0.417140007019043,1,1,-1,-1,0.983776092529297
1,3,2,52,-9,9,0,0.617160081863403,-1,-1,1,1,0.167140007019043
1,3,2,53,-0,0,0,0.667135000228882,-1,-1,-1,-1,0.367160081863403
1,3,2,54,-3,3,0,0.534260034561157,-1,-1,-1,-1,0.417135000228882
1,3,2,55,-3,3,1,0.617138862609863,-1,-1,-1,-1,0.284260034561157
1,3,2,56,81,81,1,0.517161130905151,-1,1,-1,-1,0.367138862609863
1,3,2,57,-0,0,1,0.583808898925781,1,1,1,-1,0.267161130905151
1,3,2,58,81,81,1,0.500465869903564,-1,1,1,1,0.333808898925781
1,3,2,59,-9,9,1,0.683796882629395,1,1,1,-1,0.250465869903564
1,3,2,60,9,9,0,0.584280252456665,-1,1,1,1,0.433796882629395
1,3,2,61,-9,9,0,0.567140102386475,1,-1,1,-1,0.334280252456665
1,3,2,62,3,3,1,0.700459241867065,-1,-1,-1,1,0.317140102386475
1,3,2,63,0,0,1,0.483798980712891,1,1,-1,-1,0.450459241867065
1,3,2,64,-81,81,0,0.484258890151978,1,1,1,1,0.233798980712891
1,3,2,65,27,27,1,0.500470876693726,-1,-1,1,1,0.234258890151978
1,3,2,66,-0,0,0,0.600458145141602,1,1,-1,-1,0.250470876693726
1,3,2,67,81,81,1,0.533807754516602,-1,-1,1,1,0.350458145141602
1,3,2,68,-3,3,0,0.617154836654663,1,1,-1,-1,0.283807754516602
1,3,2,69,9,9,1,0.487643003463745,-1,-1,1,1,0.367154836654663
1,3,2,70,-81,81,0,0.533808946609497,1,1,-1,-1,0.237643003463745
1,3,2,71,3,3,1,0.567186832427979,-1,-1,1,1,0.283808946609497
1,3,2,72,-0,0,1,0.533807992935181,1,1,-1,-1,0.317186832427979
1,3,2,73,81,81,1,0.634246349334717,-1,1,1,1,0.283807992935181
1,3,2,74,-27,27,0,0.533821821212769,1,1,1,-1,0.384246349334717
1,3,2,75,3,3,1,0.567154884338379,-1,-1,1,1,0.283821821212769
1,3,2,76,-81,81,0,0.617130041122437,1,1,-1,-1,0.317154884338379
1,3,2,77,0,0,1,0.500458240509033,-1,-1,1,1,0.367130041122437
1,3,2,78,-3,3,1,0.750466108322144,1,1,-1,-1,0.250458240509033
1,3,2,79,-3,3,0,0.583850145339966,-1,1,1,1,0.500466108322144
1,3,2,80,-27,27,0,0.58421516418457,-1,-1,1,-1,0.333850145339966
1,3,2,81,3,3,1,0.534258127212524,-1,-1,-1,-1,0.33421516418457
1,3,2,82,81,81,1,0.533797025680542,1,1,-1,-1,0.284258127212524
1,3,2,83,27,27,1,0.334261894226074,1,1,1,1,0.283797025680542
1,3,2,84,-81,81,0,0.5175940990448,1,1,1,1,0.0842618942260742
1,3,2,85,81,81,1,0.46766996383667,-1,-1,1,1,0.2675940990448
1,3,2,86,27,27,1,0.567747116088867,1,1,-1,-1,0.21766996383667
1,3,2,87,-9,9,1,0.450501203536987,1,1,1,1,0.317747116088867
1,3,2,88,0,0,0,0.800910949707031,-1,1,1,1,0.200501203536987
1,3,2,89,-3,3,1,0.784240961074829,1,-1,1,-1,0.550910949707031
1,3,2,90,81,81,1,0.33426308631897,-1,1,-1,1,0.534240961074829
1,3,2,91,-9,9,0,0.517142772674561,1,1,1,-1,0.0842630863189697
1,3,2,92,3,3,1,0.500481843948364,-1,-1,1,1,0.267142772674561
1,3,2,93,-0,0,1,0.550465106964111,1,1,-1,-1,0.250481843948364
1,3,2,94,9,9,1,0.300469160079956,-1,1,1,1,0.300465106964111
1,3,2,95,-27,27,0,0.550894021987915,1,1,1,-1,0.0504691600799561
1,3,2,96,-9,9,0,0.650918960571289,-1,-1,1,1,0.300894021987915
1,3,2,97,27,27,1,0.517161130905151,-1,-1,-1,-1,0.400918960571289
1,3,2,98,81,81,1,0.550485134124756,1,1,-1,-1,0.267161130905151
1,3,2,99,-3,3,1,0.584242343902588,1,1,1,1,0.300485134124756
1,3,3,2,-0,0,1,0.450946569442749,1,-1,1,1,0.400681257247925
1,3,3,3,-3,3,1,0.534248828887939,-1,1,-1,1,0.200946569442749
1,3,3,4,-9,9,0,0.867574691772461,-1,1,1,-1,0.284248828887939
1,3,3,5,-9,9,0,0.650911808013916,-1,-1,1,-1,0.617574691772461
1,3,3,6,9,9,1,0.551773071289062,-1,-1,-1,-1,0.400911808013916
1,3,3,7,-81,81,0,0.717602014541626,1,1,-1,-1,0.301773071289062
1,3,3,8,-0,0,0,0.733786106109619,-1,-1,1,1,0.467602014541626
1,3,3,9,-9,9,0,0.683787822723389,-1,-1,-1,-1,0.483786106109619
1,3,3,10,81,81,1,0.484257936477661,-1,-1,-1,-1,0.433787822723389
1,3,3,11,-81,81,0,0.700907945632935,1,1,-1,-1,0.234257936477661
1,3,3,12,-27,27,0,0.933784008026123,-1,-1,1,1,0.450907945632935
1,3,3,13,81,81,1,0.500914812088013,-1,-1,-1,-1,0.683784008026123
1,3,3,14,81,81,1,0.400924921035767,1,1,-1,-1,0.250914812088013
1,3,3,15,9,9,1,0.500459909439087,1,1,1,1,0.150924921035767
1,3,3,16,27,27,1,0.517608880996704,1,1,1,1,0.250459909439087
1,3,3,17,-3,3,1,0.617184162139893,1,1,1,1,0.267608880996704
1,3,3,18,27,27,1,0.384262561798096,-1,1,1,1,0.367184162139893
1,3,3,19,-27,27,0,0.617866039276123,1,1,1,-1,0.134262561798096
1,3,3,20,-3,3,0,0.617793083190918,-1,-1,1,1,0.367866039276123
1,3,3,21,81,81,1,0.48421311378479,-1,-1,-1,-1,0.367793083190918
1,3,3,22,3,3,0,0.567586898803711,1,1,-1,-1,0.23421311378479
1,3,3,23,-81,81,0,0.433815956115723,1,-1,1,1,0.317586898803711
1,3,3,24,27,27,1,0.433825969696045,-1,-1,-1,1,0.183815956115723
1,3,3,25,-81,81,0,0.383826971054077,1,1,-1,-1,0.183825969696045
1,3,3,26,9,9,1,0.584230899810791,-1,-1,1,1,0.133826971054077
1,3,3,27,81,81,1,0.533801078796387,1,1,-1,-1,0.334230899810791
1,3,3,32,3,3,0,0.6338210105896,-1,-1,1,-1,0.384285688400269
1,3,3,33,3,3,0,1.200434923172,1,-1,-1,-1,0.3838210105896
1,3,3,34,-0,0,0,0.600486993789673,1,-1,-1,1,0.950434923171997
1,3,3,35,-9,9,0,0.633795499801636,-1,-1,-1,1,0.350486993789673
1,3,3,36,-0,0,1,0.433817863464355,-1,-1,-1,-1,0.383795499801636
1,3,3,37,-81,81,0,0.467588901519775,-1,1,-1,-1,0.183817863464355
1,3,3,38,-3,3,0,0.51714825630188,-1,-1,1,-1,0.217588901519775
1,3,3,39,27,27,1,0.500459909439087,-1,-1,-1,-1,0.26714825630188
1,3,3,40,-0,0,0,0.584268569946289,1,1,-1,-1,0.250459909439087
1,3,3,41,-27,27,0,0.417591094970703,-1,-1,1,1,0.334268569946289
1,3,3,42,3,3,0,0.833815097808838,-1,-1,-1,-1,0.167591094970703
1,3,3,43,9,9,1,0.500494956970215,1,-1,-1,-1,0.583815097808838
1,3,3,44,0,0,1,0.400473117828369,1,1,-1,1,0.250494956970215
1,3,3,45,-81,81,0,0.400902986526489,1,1,1,1,0.150473117828369
1,3,3,46,3,3,0,0.717127799987793,-1,-1,1,1,0.150902986526489
1,3,3,47,-3,3,1,0.550945997238159,1,-1,-1,-1,0.467127799987793
1,3,3,48,-81,81,0,0.53382396697998,-1,1,-1,1,0.300945997238159
1,3,3,49,-9,9,0,0.550473928451538,-1,-1,1,-1,0.28382396697998
1,3,3,50,3,3,0,0.850900888442993,-1,-1,-1,-1,0.300473928451538
1,3,3,51,81,81,1,0.617603063583374,1,-1,-1,-1,0.600900888442993
1,3,3,52,-9,9,1,0.567149877548218,1,1,-1,1,0.367603063583374
1,3,3,53,3,3,1,0.600479125976562,-1,1,1,1,0.317149877548218
1,3,3,54,27,27,1,0.467127561569214,1,1,1,-1,0.350479125976562
1,3,3,55,-3,3,1,0.767122745513916,1,1,1,1,0.217127561569214
1,3,3,56,0,0,0,0.600954532623291,-1,1,1,1,0.517122745513916
1,3,3,57,9,9,1,0.517761468887329,1,-1,1,-1,0.350954532623291
1,3,3,58,3,3,1,0.983787775039673,1,1,-1,1,0.267761468887329
1,3,3,59,-3,3,1,0.883790016174316,1,1,1,1,0.733787775039673
1,3,3,60,-81,81,0,0.517142057418823,-1,1,1,1,0.633790016174316
1,3,3,61,27,27,1,0.517131805419922,-1,-1,1,-1,0.267142057418823
1,3,3,62,81,81,1,0.533811330795288,1,1,-1,-1,0.267131805419922
1,3,3,63,-0,0,1,0.567131996154785,1,1,1,1,0.283811330795288
1,3,3,64,-9,9,0,1.2675769329071,-1,1,1,1,0.317131996154785
1,3,3,65,-81,81,0,0.600469350814819,-1,-1,1,-1,1.0175769329071
1,3,3,66,-27,27,0,0.583783149719238,-1,-1,-1,-1,0.350469350814819
1,3,3,67,-3,3,1,0.467562198638916,-1,-1,-1,-1,0.333783149719238
1,3,3,68,81,81,1,0.517560958862305,-1,1,-1,-1,0.217562198638916
1,3,3,69,-9,9,0,0.533797979354858,1,1,1,-1,0.267560958862305
1,3,3,70,-81,81,0,0.501063108444214,-1,-1,1,1,0.283797979354858
1,3,3,71,-27,27,0,0.26715350151062,-1,-1,-1,-1,0.251063108444214
1,3,3,72,81,81,1,0.367618322372437,-1,-1,-1,-1,0.0171535015106201
1,3,3,73,-9,9,0,0.417617321014404,1,1,-1,-1,0.117618322372437
1,3,3,74,-27,27,0,0.417145967483521,-1,-1,1,1,0.167617321014404
1,3,3,75,81,81,1,0.400943994522095,-1,-1,-1,-1,0.167145967483521
1,3,3,76,27,27,1,0.450925827026367,1,1,-1,-1,0.150943994522095
1,3,3,77,-27,27,0,0.517590045928955,1,1,1,1,0.200925827026367
1,3,3,78,-3,3,1,0.500488996505737,-1,-1,1,1,0.267590045928955
1,3,3,79,0,0,1,0.567196130752563,-1,1,-1,-1,0.250488996505737
1,3,3,80,3,3,1,0.300950527191162,1,1,1,-1,0.317196130752563
1,3,3,81,9,9,1,0.300470113754272,1,1,1,1,0.0509505271911621
1,3,3,82,27,27,1,0.450892210006714,1,1,1,1,0.0504701137542725
1,3,3,83,9,9,1,0.400464057922363,1,1,1,1,0.200892210006714
1,3,3,84,-3,3,0,0.300927877426147,1,1,1,1,0.150464057922363
1,3,3,85,81,81,1,0.367605209350586,-1,-1,1,1,0.0509278774261475
1,3,3,86,-3,3,1,0.767579793930054,1,1,-1,-1,0.117605209350586
1,3,3,87,-27,27,0,0.617132186889648,-1,1,1,1,0.517579793930054
1,3,3,88,9,9,1,0.534256219863892,-1,-1,1,-1,0.367132186889648
1,3,3,89,-81,81,0,0.517156839370728,1,1,-1,-1,0.284256219863892
1,3,3,90,9,9,1,0.567141056060791,-1,-1,1,1,0.267156839370728
1,3,3,91,-3,3,1,0.367597818374634,1,1,-1,-1,0.317141056060791
1,3,3,92,27,27,1,0.617593050003052,-1,1,1,1,0.117597818374634
1,3,3,93,-27,27,0,0.484253883361816,1,1,1,-1,0.367593050003052
1,3,3,94,27,27,1,0.434261083602905,-1,-1,1,1,0.234253883361816
1,3,3,95,-0,0,0,0.550910949707031,1,1,-1,-1,0.184261083602905
1,3,3,96,9,9,1,0.767575979232788,-1,-1,1,1,0.300910949707031
1,3,3,97,-27,27,0,0.483851909637451,1,1,-1,-1,0.517575979232788
1,3,3,98,27,27,1,0.433817863464355,-1,-1,1,1,0.233851909637451
1,3,3,99,9,9,1,0.317630052566528,1,1,-1,-1,0.183817863464355
1,3,4,2,-27,27,0,0.483804941177368,-1,1,-1,-1,0.28445291519165
1,3,4,3,-9,9,0,0.783802270889282,-1,-1,1,-1,0.233804941177368
1,3,4,4,-27,27,0,0.500924110412598,-1,-1,-1,-1,0.533802270889282
1,3,4,5,-81,81,0,0.70093297958374,-1,-1,-1,-1,0.250924110412598
1,3,4,6,-27,27,0,0.484237909317017,-1,-1,-1,-1,0.45093297958374
1,3,4,7,9,9,1,0.550920963287354,-1,-1,-1,-1,0.234237909317017
1,3,4,8,3,3,1,0.550932645797729,1,1,-1,-1,0.300920963287354
1,3,4,9,3,3,1,0.667577028274536,1,1,1,1,0.300932645797729
1,3,4,10,9,9,1,0.567137002944946,1,1,1,1,0.417577028274536
1,3,4,11,3,3,1,0.700474262237549,1,1,1,1,0.317137002944946
1,3,4,12,81,81,1,0.550525903701782,1,1,1,1,0.450474262237549
1,3,4,13,81,81,1,0.534265279769897,1,1,1,1,0.300525903701782
1,3,4,14,3,3,1,0.501513957977295,1,1,1,1,0.284265279769897
1,3,4,15,-81,81,0,0.517138004302979,1,1,1,1,0.251513957977295
1,3,4,16,-9,9,1,0.467589378356934,-1,-1,1,1,0.267138004302979
1,3,4,17,-81,81,0,0.367166996002197,-1,1,-1,-1,0.217589378356934
1,3,4,18,-81,81,0,0.900466918945312,-1,-1,1,-1,0.117166996002197
1,3,4,19,3,3,1,0.434252977371216,-1,-1,-1,-1,0.650466918945312
1,3,4,20,0,0,1,0.417593002319336,1,1,-1,-1,0.184252977371216
1,3,4,21,9,9,1,0.683840274810791,1,1,1,1,0.167593002319336
1,3,4,22,9,9,1,0.96712327003479,1,1,1,1,0.433840274810791
1,3,4,23,81,81,1,0.467129945755005,1,1,1,1,0.71712327003479
1,3,4,24,81,81,1,0.567600965499878,1,1,1,1,0.217129945755005
1,3,4,25,9,9,1,0.434270858764648,1,1,1,1,0.317600965499878
1,3,4,26,27,27,1,0.484254837036133,1,1,1,1,0.184270858764648
1,3,4,27,81,81,1,0.38379979133606,1,1,1,1,0.234254837036133
1,3,4,28,3,3,1,0.501240491867065,1,1,1,1,0.13379979133606
1,3,4,29,9,9,1,0.517157077789307,1,1,1,1,0.251240491867065
1,3,4,30,0,0,1,0.584965944290161,1,1,1,1,0.267157077789307
1,3,4,31,-0,0,1,0.850473642349243,1,1,1,1,0.334965944290161
1,3,4,32,-9,9,1,0.484252214431763,-1,1,1,1,0.600473642349243
1,3,4,33,27,27,1,0.733795166015625,-1,1,1,-1,0.234252214431763
1,3,4,34,27,27,1,0.484245777130127,1,1,1,-1,0.483795166015625
1,3,4,35,9,9,1,0.667560815811157,1,1,1,1,0.234245777130127
1,3,4,36,27,27,1,0.484272956848145,1,1,1,1,0.417560815811157
1,3,4,37,9,9,1,0.533818006515503,1,1,1,1,0.234272956848145
1,3,4,38,3,3,1,0.484262943267822,1,1,1,1,0.283818006515503
1,3,4,39,3,3,1,0.483794689178467,1,1,1,1,0.234262943267822
1,3,4,40,9,9,1,0.417158842086792,1,1,1,1,0.233794689178467
1,3,4,41,81,81,1,0.367599010467529,1,1,1,1,0.167158842086792
1,3,4,42,3,3,0,0.667129516601562,1,1,1,1,0.117599010467529
1,3,4,43,-3,3,0,0.517160892486572,1,-1,1,1,0.417129516601562
1,3,4,44,-27,27,0,0.350469827651978,-1,-1,-1,1,0.267160892486572
1,3,4,45,-9,9,1,0.500473499298096,-1,-1,-1,-1,0.100469827651978
1,3,4,46,3,3,1,0.600494623184204,-1,1,-1,-1,0.250473499298096
1,3,4,47,27,27,1,0.450942039489746,1,1,1,-1,0.350494623184204
1,3,4,48,27,27,1,0.734272956848145,1,1,1,1,0.200942039489746
1,3,4,49,0,0,0,0.867775917053223,1,1,1,1,0.484272956848145
1,3,4,50,81,81,1,0.417601823806763,1,-1,1,1,0.617775917053223
1,3,4,51,-3,3,0,0.534255981445312,1,1,-1,1,0.167601823806763
1,3,4,52,-9,9,0,0.750468730926514,-1,-1,1,1,0.284255981445312
1,3,4,53,-27,27,0,0.26761794090271,-1,-1,-1,-1,0.500468730926514
1,3,4,54,-9,9,0,0.483824014663696,-1,-1,-1,-1,0.01761794090271
1,3,4,55,-0,0,0,0.833775043487549,-1,-1,-1,-1,0.233824014663696
1,3,4,56,27,27,1,0.433819770812988,-1,-1,-1,-1,0.583775043487549
1,3,4,57,3,3,1,0.567167997360229,1,1,-1,-1,0.183819770812988
1,3,4,58,0,0,0,0.684229135513306,1,1,1,1,0.317167997360229
1,3,4,59,3,3,1,0.46712589263916,1,-1,1,1,0.434229135513306
1,3,4,60,9,9,1,0.600950479507446,1,1,-1,1,0.21712589263916
1,3,4,61,27,27,1,0.383819103240967,1,1,1,1,0.350950479507446
1,3,4,62,81,81,1,0.500456094741821,1,1,1,1,0.133819103240967
1,3,4,63,27,27,1,0.400931119918823,1,1,1,1,0.250456094741821
1,3,4,64,-0,0,0,0.717127084732056,1,1,1,1,0.150931119918823
1,3,4,68,-9,9,1,0.617578029632568,-1,-1,-1,-1,0.934252023696899
1,3,4,69,-0,0,1,0.583789110183716,-1,1,-1,-1,0.367578029632568
1,3,4,70,-27,27,0,0.417164087295532,-1,1,1,-1,0.333789110183716
1,3,4,71,-9,9,0,0.48443865776062,-1,-1,1,-1,0.167164087295532
1,3,4,72,-3,3,0,0.583802461624146,-1,-1,-1,-1,0.23443865776062
1,3,4,73,-81,81,0,0.518148899078369,-1,-1,-1,-1,0.333802461624146
1,3,4,74,-3,3,0,0.433825016021729,-1,-1,-1,-1,0.268148899078369
1,3,4,75,27,27,1,0.500918865203857,-1,-1,-1,-1,0.183825016021729
1,3,4,76,0,0,0,0.517123460769653,1,1,-1,-1,0.250918865203857
1,3,4,77,-81,81,0,0.483813285827637,1,-1,1,1,0.267123460769653
1,3,4,78,-81,81,0,0.450946092605591,-1,-1,-1,1,0.233813285827637
1,3,4,79,-81,81,0,0.46757984161377,-1,-1,-1,-1,0.200946092605591
1,3,4,80,-9,9,0,0.6338210105896,-1,-1,-1,-1,0.21757984161377
1,3,4,81,-27,27,0,0.450898885726929,-1,-1,-1,-1,0.3838210105896
1,3,4,82,-3,3,1,0.534247636795044,-1,-1,-1,-1,0.200898885726929
1,3,4,83,-27,27,0,0.517128944396973,-1,1,-1,-1,0.284247636795044
1,3,4,84,27,27,1,0.684273481369019,-1,-1,1,-1,0.267128944396973
1,3,4,85,27,27,1,0.517549991607666,1,1,-1,-1,0.434273481369019
1,3,4,86,9,9,1,0.50045108795166,1,1,1,1,0.267549991607666
1,3,4,87,9,9,1,0.367140054702759,1,1,1,1,0.25045108795166
1,3,4,88,81,81,1,0.500916957855225,1,1,1,1,0.117140054702759
1,3,4,89,3,3,1,0.4671950340271,1,1,1,1,0.250916957855225
1,3,4,90,81,81,1,0.517606973648071,1,1,1,1,0.2171950340271
1,3,4,91,81,81,1,0.500485897064209,1,1,1,1,0.267606973648071
1,3,4,92,3,3,1,0.350537538528442,1,1,1,1,0.250485897064209
1,3,4,93,81,81,1,0.500916004180908,1,1,1,1,0.100537538528442
1,3,4,94,-27,27,0,0.334819555282593,1,1,1,1,0.250916004180908
1,3,4,95,-81,81,0,0.417587995529175,-1,-1,1,1,0.0848195552825928
1,3,4,96,-81,81,0,0.400930643081665,-1,-1,-1,-1,0.167587995529175
1,3,4,97,-0,0,0,0.367146253585815,-1,-1,-1,-1,0.150930643081665
1,3,4,98,-3,3,0,0.750903844833374,-1,-1,-1,-1,0.117146253585815
1,3,4,99,-27,27,0,0.417130947113037,-1,-1,-1,-1,0.500903844833374
1,3,5,2,-3,3,1,0.417152881622314,1,-1,-1,-1,0.667802095413208
1,3,5,3,-81,81,0,0.383816957473755,-1,1,-1,1,0.167152881622314
1,3,5,4,-9,9,1,0.534264802932739,-1,-1,1,-1,0.133816957473755
1,3,5,5,-27,27,0,0.401732921600342,-1,1,-1,-1,0.284264802932739
1,3,5,6,9,9,1,0.534250020980835,-1,-1,1,-1,0.151732921600342
1,3,5,7,81,81,1,0.484258890151978,1,1,-1,-1,0.284250020980835
1,3,5,8,-81,81,0,0.58379054069519,1,1,1,1,0.234258890151978
1,3,5,9,81,81,1,0.517120122909546,-1,-1,1,1,0.33379054069519
1,3,5,10,9,9,0,0.384230852127075,1,1,-1,-1,0.267120122909546
1,3,5,11,-27,27,0,0.467134237289429,1,-1,1,1,0.134230852127075
1,3,5,12,3,3,1,0.317585945129395,-1,-1,-1,1,0.217134237289429
1,3,5,13,3,3,1,0.500884294509888,1,1,-1,-1,0.0675859451293945
1,3,5,14,9,9,1,0.450464963912964,1,1,1,1,0.250884294509888
1,3,5,15,81,81,1,0.550889253616333,1,1,1,1,0.200464963912964
1,3,5,16,0,0,1,0.717554092407227,1,1,1,1,0.300889253616333
1,3,5,17,-0,0,1,0.500468969345093,1,1,1,1,0.467554092407227
1,3,5,18,-9,9,0,0.450474262237549,-1,1,1,1,0.250468969345093
1,3,5,19,3,3,1,0.350918054580688,-1,-1,1,-1,0.200474262237549
1,3,5,20,-0,0,0,0.383787155151367,1,1,-1,-1,0.100918054580688
1,3,5,21,27,27,1,0.517612934112549,-1,-1,1,1,0.133787155151367
1,3,5,22,-81,81,0,0.717133522033691,1,1,-1,-1,0.267612934112549
1,3,5,23,-3,3,0,0.900902986526489,-1,-1,1,1,0.467133522033691
1,3,5,24,-81,81,0,0.450484037399292,-1,-1,-1,-1,0.650902986526489
1,3,5,25,27,27,1,0.467172861099243,-1,-1,-1,-1,0.200484037399292
1,3,5,26,81,81,1,0.400463819503784,1,1,-1,-1,0.217172861099243
1,3,5,27,-27,27,0,0.400477647781372,1,1,1,1,0.150463819503784
1,3,5,28,81,81,1,0.517585754394531,-1,-1,1,1,0.150477647781372
1,3,5,29,-27,27,0,0.617607355117798,1,1,-1,-1,0.267585754394531
1,3,5,30,-81,81,0,0.584250926971436,-1,-1,1,1,0.367607355117798
1,3,5,31,-3,3,0,0.634254693984985,-1,-1,-1,-1,0.334250926971436
1,3,5,32,-9,9,0,1.06709599494934,-1,-1,-1,-1,0.384254693984985
1,3,5,33,-3,3,1,0.683799982070923,-1,-1,-1,-1,0.817095994949341
1,3,5,34,-9,9,1,0.683793067932129,-1,1,-1,-1,0.433799982070923
1,3,5,35,9,9,1,0.467166900634766,-1,1,1,-1,0.433793067932129
1,3,5,36,9,9,1,0.467144012451172,1,1,1,-1,0.217166900634766
1,3,5,37,-81,81,0,0.367134809494019,1,1,1,1,0.217144012451172
1,3,5,38,27,27,1,0.534616231918335,-1,-1,1,1,0.117134809494019
1,3,5,39,-27,27,0,0.483808517456055,1,1,-1,-1,0.284616231918335
1,3,5,40,-27,27,0,0.450903654098511,-1,-1,1,1,0.233808517456055
1,3,5,41,-81,81,0,0.534566164016724,-1,-1,-1,-1,0.200903654098511
1,3,5,42,27,27,1,0.484279870986938,-1,-1,-1,-1,0.284566164016724
1,3,5,43,27,27,1,0.467628002166748,1,1,-1,-1,0.234279870986938
1,3,5,44,-3,3,0,0.434280157089233,1,1,1,1,0.217628002166748
1,3,5,45,-81,81,0,0.583867073059082,-1,-1,1,1,0.184280157089233
1,3,5,46,-3,3,1,0.484289646148682,-1,-1,-1,-1,0.333867073059082
1,3,5,47,-3,3,0,0.634218215942383,-1,1,-1,-1,0.234289646148682
1,3,5,48,9,9,1,0.434807777404785,-1,-1,1,-1,0.384218215942383
1,3,5,49,-0,0,0,0.383800029754639,1,1,-1,-1,0.184807777404785
1,3,5,50,-9,9,0,0.850463151931763,-1,-1,1,1,0.133800029754639
1,3,5,51,-9,9,0,0.384267091751099,-1,-1,-1,-1,0.600463151931763
1,3,5,52,0,0,1,0.500911235809326,-1,-1,-1,-1,0.134267091751099
1,3,5,53,-3,3,1,0.61713695526123,1,1,-1,-1,0.250911235809326
1,3,5,54,9,9,1,0.400495052337646,-1,1,1,1,0.36713695526123
1,3,5,55,-3,3,1,0.550934076309204,1,1,1,-1,0.150495052337646
1,3,5,56,9,9,1,0.483969688415527,-1,1,1,1,0.300934076309204
1,3,5,57,-0,0,0,0.400933980941772,1,1,1,-1,0.233969688415527
1,3,5,58,27,27,1,0.367600917816162,-1,-1,1,1,0.150933980941772
1,3,5,59,27,27,1,0.700456619262695,1,1,-1,-1,0.117600917816162
1,3,5,60,-81,81,0,0.433809995651245,1,1,1,1,0.450456619262695
1,3,5,61,-9,9,0,0.367620944976807,-1,-1,1,1,0.183809995651245
1,3,5,62,0,0,0,0.500925779342651,-1,-1,-1,-1,0.117620944976807
1,3,5,63,-81,81,0,0.700903177261353,1,-1,-1,-1,0.250925779342651
1,3,5,64,-27,27,0,0.400922298431396,-1,-1,-1,1,0.450903177261353
1,3,5,65,-27,27,0,0.583805322647095,-1,-1,-1,-1,0.150922298431396
1,3,5,66,3,3,1,0.367137908935547,-1,-1,-1,-1,0.333805322647095
1,3,5,67,-81,81,0,0.400932788848877,1,1,-1,-1,0.117137908935547
1,3,5,68,-9,9,0,0.534258842468262,-1,-1,1,1,0.150932788848877
1,3,5,69,-81,81,0,0.48383903503418,-1,-1,-1,-1,0.284258842468262
1,3,5,70,-3,3,0,0.383854150772095,-1,-1,-1,-1,0.23383903503418
1,3,5,71,27,27,1,0.383838891983032,-1,-1,-1,-1,0.133854150772095
1,3,5,72,3,3,1,0.533787965774536,1,1,-1,-1,0.133838891983032
1,3,5,73,27,27,1,0.484264850616455,1,1,1,1,0.283787965774536
1,3,5,74,-3,3,0,0.750449657440186,1,1,1,1,0.234264850616455
1,3,5,75,0,0,1,0.417613983154297,-1,-1,1,1,0.500449657440186
1,3,5,76,9,9,1,0.317147016525269,1,1,-1,-1,0.167613983154297
1,3,5,77,-27,27,0,0.400480985641479,1,1,1,1,0.0671470165252686
1,3,5,78,-27,27,0,0.300473928451538,-1,-1,1,1,0.150480985641479
1,3,5,79,-3,3,0,0.483859062194824,-1,-1,-1,-1,0.0504739284515381
1,3,5,83,-0,0,1,0.450469255447388,1,-1,1,1,0.400487899780273
1,3,5,84,-81,81,0,0.534260034561157,-1,1,-1,1,0.200469255447388
1,3,5,85,-3,3,1,0.567125082015991,-1,-1,1,-1,0.284260034561157
1,3,5,86,9,9,1,0.500494480133057,-1,1,-1,-1,0.317125082015991
1,3,5,87,-27,27,0,0.383859872817993,1,1,1,-1,0.250494480133057
1,3,5,88,-9,9,0,0.517584085464478,-1,-1,1,1,0.133859872817993
1,3,5,89,9,9,1,0.484271049499512,-1,-1,-1,-1,0.267584085464478
1,3,5,90,81,81,1,0.467627048492432,1,1,-1,-1,0.234271049499512
1,3,5,91,81,81,1,0.733792066574097,1,1,1,1,0.217627048492432
1,3,5,92,3,3,1,0.533800840377808,1,1,1,1,0.483792066574097
1,3,5,93,-81,81,0,0.483803033828735,1,1,1,1,0.283800840377808
1,3,5,94,3,3,0,0.350476741790771,-1,-1,1,1,0.233803033828735
1,3,5,95,3,3,1,0.400925874710083,1,-1,-1,-1,0.100476741790771
1,3,5,96,-9,9,1,0.651313781738281,1,1,-1,1,0.150925874710083
1,3,5,97,-3,3,1,0.650470972061157,-1,1,1,1,0.401313781738281
1,3,5,98,9,9,1,0.767148017883301,-1,1,1,-1,0.400470972061157
1,3,5,99,-27,27,0,0.550935029983521,1,1,1,-1,0.517148017883301
1,3,6,2,-9,9,0,0.3842613697052,-1,-1,1,1,0.35102391242981
1,3,6,3,-9,9,0,0.633790969848633,-1,-1,-1,-1,0.1342613697052
1,3,6,4,-81,81,0,0.45044994354248,-1,-1,-1,-1,0.383790969848633
1,3,6,5,-81,81,0,0.533817529678345,-1,-1,-1,-1,0.20044994354248
1,3,6,6,-0,0,1,0.93422532081604,-1,-1,-1,-1,0.283817529678345
1,3,6,7,81,81,1,0.384253978729248,-1,1,-1,-1,0.68422532081604
1,3,6,8,0,0,1,0.58381986618042,1,1,1,-1,0.134253978729248
1,3,6,9,81,81,1,0.500944137573242,1,1,1,1,0.33381986618042
1,3,6,10,0,0,1,0.550915956497192,1,1,1,1,0.250944137573242
1,3,6,11,27,27,1,0.300468921661377,1,1,1,1,0.300915956497192
1,3,6,12,3,3,1,0.267972946166992,1,1,1,1,0.050468921661377
1,3,6,13,-27,27,0,0.45091986656189,1,1,1,1,0.0179729461669922
1,3,6,14,-3,3,0,0.567137956619263,-1,-1,1,1,0.20091986656189
1,3,6,15,9,9,1,0.467137575149536,-1,-1,-1,-1,0.317137956619263
1,3,6,16,27,27,1,0.500918865203857,1,1,-1,-1,0.217137575149536
1,3,6,17,9,9,0,0.750910043716431,1,1,1,1,0.250918865203857
1,3,6,18,9,9,1,0.383802175521851,1,-1,1,1,0.500910043716431
1,3,6,19,3,3,1,0.800445795059204,1,1,-1,1,0.133802175521851
1,3,6,20,9,9,1,0.36713719367981,1,1,1,1,0.550445795059204
1,3,6,21,81,81,1,0.500453948974609,1,1,1,1,0.11713719367981
1,3,6,22,3,3,0,0.5338134765625,1,1,1,1,0.250453948974609
1,3,6,23,3,3,0,0.684247970581055,1,-1,1,1,0.2838134765625
1,3,6,24,9,9,1,0.400472402572632,1,-1,-1,1,0.434247970581055
1,3,6,25,27,27,1,1.10046696662903,1,1,-1,1,0.150472402572632
1,3,6,26,3,3,1,0.400923013687134,1,1,1,1,0.850466966629028
1,3,6,27,3,3,1,0.600461006164551,1,1,1,1,0.150923013687134
1,3,6,28,9,9,1,0.500466823577881,1,1,1,1,0.350461006164551
1,3,6,29,-27,27,0,0.267593860626221,1,1,1,1,0.250466823577881
1,3,6,30,-81,81,0,0.467154026031494,-1,-1,1,1,0.0175938606262207
1,3,6,31,3,3,1,0.567128896713257,-1,-1,-1,-1,0.217154026031494
1,3,6,32,-27,27,0,0.534259080886841,1,1,-1,-1,0.317128896713257
1,3,6,33,-27,27,0,0.550472974777222,-1,-1,1,1,0.284259080886841
1,3,6,34,3,3,0,0.483798027038574,-1,-1,-1,-1,0.300472974777222
1,3,6,35,9,9,1,0.433799982070923,1,-1,-1,-1,0.233798027038574
1,3,6,36,3,3,1,0.550552606582642,1,1,-1,1,0.183799982070923
1,3,6,37,27,27,1,0.533804893493652,1,1,1,1,0.300552606582642
1,3,6,38,81,81,1,0.484606504440308,1,1,1,1,0.283804893493652
1,3,6,39,-3,3,1,0.600460767745972,1,1,1,1,0.234606504440308
1,3,6,40,27,27,1,0.500924348831177,-1,1,1,1,0.350460767745972
1,3,6,41,-27,27,0,0.517137289047241,1,1,1,-1,0.250924348831177
1,3,6,42,-0,0,0,0.567799806594849,-1,-1,1,1,0.267137289047241
1,3,6,43,81,81,1,0.717148065567017,-1,-1,-1,-1,0.317799806594849
1,3,6,44,81,81,1,0.300902366638184,1,1,-1,-1,0.467148065567017
1,3,6,48,-27,27,0,0.367592811584473,-1,-1,-1,-1,0.250463962554932
1,3,6,49,-9,9,1,0.450461864471436,-1,-1,-1,-1,0.117592811584473
1,3,6,50,-0,0,0,0.550496578216553,-1,1,-1,-1,0.200461864471436
1,3,6,51,-0,0,1,0.867135286331177,-1,-1,1,-1,0.300496578216553
1,3,6,52,-27,27,0,0.467612981796265,-1,1,-1,-1,0.617135286331177
1,3,6,53,-3,3,0,0.634267091751099,-1,-1,1,-1,0.217612981796265
1,3,6,54,-3,3,1,0.450448989868164,-1,-1,-1,-1,0.384267091751099
1,3,6,55,27,27,1,0.484255075454712,-1,1,-1,-1,0.200448989868164
1,3,6,56,81,81,1,0.533793687820435,1,1,1,-1,0.234255075454712
1,3,6,57,81,81,1,0.450926065444946,1,1,1,1,0.283793687820435
1,3,6,58,27,27,1,0.333834886550903,1,1,1,1,0.200926065444946
1,3,6,59,3,3,1,0.683788061141968,1,1,1,1,0.0838348865509033
1,3,6,60,-27,27,0,0.38381290435791,1,1,1,1,0.433788061141968
1,3,6,61,81,81,1,0.434266090393066,-1,-1,1,1,0.13381290435791
1,3,6,62,81,81,1,0.350476980209351,1,1,-1,-1,0.184266090393066
1,3,6,63,9,9,1,0.317592859268188,1,1,1,1,0.100476980209351
1,3,6,64,0,0,0,0.450460195541382,1,1,1,1,0.0675928592681885
1,3,6,65,81,81,1,0.517113924026489,1,-1,1,1,0.200460195541382
1,3,6,66,-3,3,0,0.400898933410645,1,1,-1,1,0.267113924026489
1,3,6,67,-81,81,0,0.584244012832642,-1,-1,1,1,0.150898933410645
1,3,6,68,27,27,1,0.717542886734009,-1,-1,-1,-1,0.334244012832642
1,3,6,69,27,27,1,0.517142057418823,1,1,-1,-1,0.467542886734009
1,3,6,70,9,9,0,0.667582035064697,1,1,1,1,0.267142057418823
1,3,6,71,9,9,1,0.517144203186035,1,-1,1,1,0.417582035064697
1,3,6,72,3,3,1,0.450913906097412,1,1,-1,1,0.267144203186035
1,3,6,73,3,3,0,1.05043888092041,1,1,1,1,0.200913906097412
1,3,6,74,0,0,0,0.933804035186768,1,-1,1,1,0.80043888092041
1,3,6,75,27,27,1,0.400931596755981,1,-1,-1,1,0.683804035186768
1,3,6,76,0,0,0,0.867554187774658,1,1,-1,1,0.150931596755981
1,3,6,77,27,27,1,0.617578983306885,1,-1,1,1,0.617554187774658
1,3,6,78,81,81,1,0.467156887054443,1,1,-1,1,0.367578983306885
1,3,6,79,9,9,1,0.567584991455078,1,1,1,1,0.217156887054443
1,3,6,80,27,27,1,0.433879852294922,1,1,1,1,0.317584991455078
1,3,6,81,-3,3,0,0.550473928451538,1,1,1,1,0.183879852294922
1,3,6,82,-3,3,1,0.41716480255127,-1,-1,1,1,0.300473928451538
1,3,6,83,-81,81,0,0.467139482498169,-1,1,-1,-1,0.16716480255127
1,3,6,84,-9,9,0,0.584243774414062,-1,-1,1,-1,0.217139482498169
1,3,6,85,-3,3,1,0.850938558578491,-1,-1,-1,-1,0.334243774414062
1,3,6,86,-9,9,0,0.600488901138306,-1,1,-1,-1,0.600938558578491
1,3,6,87,-81,81,0,0.650486946105957,-1,-1,1,-1,0.350488901138306
1,3,6,88,-81,81,0,0.534556865692139,-1,-1,-1,-1,0.400486946105957
1,3,6,89,-3,3,0,0.43381404876709,-1,-1,-1,-1,0.284556865692139
1,3,6,90,-0,0,0,0.600916862487793,-1,-1,-1,-1,0.18381404876709
1,3,6,91,-9,9,0,0.317141056060791,-1,-1,-1,-1,0.350916862487793
1,3,6,92,-9,9,0,0.33427906036377,-1,-1,-1,-1,0.067141056060791
1,3,6,93,-81,81,0,0.467172622680664,-1,-1,-1,-1,0.0842790603637695
1,3,6,94,0,0,0,0.300489902496338,-1,-1,-1,-1,0.217172622680664
1,3,6,95,9,9,1,0.483790874481201,1,-1,-1,-1,0.0504899024963379
1,3,6,96,9,9,1,0.550450086593628,1,1,-1,1,0.233790874481201
1,3,6,97,81,81,1,0.46761679649353,1,1,1,1,0.300450086593628
1,3,6,98,9,9,1,0.434229850769043,1,1,1,1,0.21761679649353
1,3,6,99,27,27,1,0.583801984786987,1,1,1,1,0.184229850769043
2,1,1,5,9,9,1,0.700453758239746,-1,-1,1,1,0.317657947540283
2,1,1,6,-0,0,0,0.800922155380249,1,1,-1,-1,0.450453758239746
2,1,1,7,3,3,1,0.784236907958984,-1,-1,1,1,0.550922155380249
2,1,1,8,-3,3,0,0.750454902648926,1,1,-1,-1,0.534236907958984
2,1,1,9,81,81,1,0.484699010848999,-1,-1,1,1,0.500454902648926
2,1,1,10,-9,9,1,0.867120742797852,1,1,-1,-1,0.234699010848999
2,1,1,11,27,27,1,0.767606973648071,-1,1,1,1,0.617120742797852
2,1,1,12,-27,27,0,0.534258127212524,1,1,1,-1,0.517606973648071
2,1,1,13,3,3,1,0.683795928955078,-1,-1,1,1,0.284258127212524
2,1,1,14,27,27,1,0.600480079650879,1,1,-1,-1,0.433795928955078
2,1,1,15,-9,9,1,0.867540121078491,1,1,1,1,0.350480079650879
2,1,1,16,9,9,1,0.750452041625977,-1,1,1,1,0.617540121078491
2,1,1,17,9,9,0,0.70047402381897,1,1,1,-1,0.500452041625977
2,1,1,18,-27,27,0,0.600897073745728,1,-1,1,1,0.45047402381897
2,1,1,19,81,81,1,0.417163848876953,-1,-1,-1,1,0.350897073745728
2,1,1,20,3,3,1,0.750463008880615,1,1,-1,-1,0.167163848876953
2,1,1,21,-9,9,0,0.617590665817261,1,1,1,1,0.500463008880615
2,1,1,22,27,27,1,0.434250116348267,-1,-1,1,1,0.367590665817261
2,1,1,23,9,9,1,0.567119121551514,1,1,-1,-1,0.184250116348267
2,1,1,24,-9,9,1,0.667130470275879,1,1,1,1,0.317119121551514
2,1,1,25,-3,3,1,0.450466871261597,-1,1,1,1,0.417130470275879
2,1,1,26,81,81,1,0.583813190460205,-1,1,1,-1,0.200466871261597
2,1,1,27,-9,9,0,0.717578887939453,1,1,1,-1,0.333813190460205
2,1,1,28,27,27,1,0.284233093261719,-1,-1,1,1,0.467578887939453
2,1,1,29,-0,0,0,0.617586851119995,1,1,-1,-1,0.0342330932617188
2,1,1,30,27,27,1,0.484254837036133,-1,-1,1,1,0.367586851119995
2,1,1,31,-3,3,1,0.55045485496521,1,1,-1,-1,0.234254837036133
2,1,1,32,3,3,1,0.767574071884155,-1,1,1,1,0.30045485496521
2,1,1,33,-9,9,0,0.500461339950562,1,1,1,-1,0.517574071884155
2,1,1,38,9,9,0,0.617125988006592,-1,-1,1,1,0.184713125228882
2,1,1,39,-81,81,0,0.533792018890381,1,-1,-1,-1,0.367125988006592
2,1,1,40,-9,9,0,0.484253168106079,-1,-1,-1,1,0.283792018890381
2,1,1,41,27,27,1,0.750458002090454,-1,-1,-1,-1,0.234253168106079
2,1,1,42,-81,81,0,0.450923204421997,1,1,-1,-1,0.500458002090454
2,1,1,43,27,27,1,0.467594861984253,-1,-1,1,1,0.200923204421997
2,1,1,44,-27,27,0,0.550926446914673,1,1,-1,-1,0.217594861984253
2,1,1,45,9,9,1,0.56711220741272,-1,-1,1,1,0.300926446914673
2,1,1,46,-0,0,1,0.750442028045654,1,1,-1,-1,0.31711220741272
2,1,1,47,9,9,1,0.483788967132568,-1,1,1,1,0.500442028045654
2,1,1,48,-81,81,0,0.450459241867065,1,1,1,-1,0.233788967132568
2,1,1,49,9,9,1,0.567594766616821,-1,-1,1,1,0.200459241867065
2,1,1,50,-3,3,0,0.767138957977295,1,1,-1,-1,0.317594766616821
2,1,1,51,27,27,1,0.40093731880188,-1,-1,1,1,0.517138957977295
2,1,1,52,-9,9,0,0.75088095664978,1,1,-1,-1,0.15093731880188
2,1,1,53,81,81,1,0.467588186264038,-1,-1,1,1,0.50088095664978
2,1,1,54,-3,3,1,0.567593097686768,1,1,-1,-1,0.217588186264038
2,1,1,55,-81,81,0,0.467129230499268,-1,1,1,1,0.317593097686768
2,1,1,56,27,27,1,0.467167139053345,-1,-1,1,-1,0.217129230499268
2,1,1,57,-0,0,1,0.633812665939331,1,1,-1,-1,0.217167139053345
2,1,1,58,81,81,1,0.384261131286621,-1,1,1,1,0.383812665939331
2,1,1,59,0,0,1,0.534242153167725,1,1,1,-1,0.134261131286621
2,1,1,60,-3,3,0,0.684246063232422,1,1,1,1,0.284242153167725
2,1,1,61,81,81,1,0.500924110412598,-1,-1,1,1,0.434246063232422
2,1,1,62,-81,81,0,0.483797073364258,1,1,-1,-1,0.250924110412598
2,1,1,63,-81,81,0,0.450469017028809,-1,-1,1,1,0.233797073364258
2,1,1,64,3,3,1,0.667728185653687,-1,-1,-1,-1,0.200469017028809
2,1,1,65,-0,0,0,0.550455093383789,1,1,-1,-1,0.417728185653687
2,1,1,66,81,81,1,0.467561006546021,-1,-1,1,1,0.300455093383789
2,1,1,67,-81,81,0,0.500923871994019,1,1,-1,-1,0.217561006546021
2,1,1,68,-3,3,1,0.800456047058105,-1,-1,1,1,0.250923871994019
2,1,1,69,9,9,1,0.717593193054199,-1,1,-1,-1,0.550456047058105
2,1,1,70,3,3,0,0.58487606048584,1,1,1,-1,0.467593193054199
2,1,1,71,-27,27,0,0.467587947845459,1,-1,1,1,0.33487606048584
2,1,1,72,27,27,1,0.317599058151245,-1,-1,-1,1,0.217587947845459
2,1,1,73,-3,3,1,0.700468063354492,1,1,-1,-1,0.0675990581512451
2,1,1,74,-27,27,0,0.384361982345581,-1,1,1,1,0.450468063354492
2,1,1,75,81,81,1,0.434276103973389,-1,-1,1,-1,0.134361982345581
2,1,1,76,-0,0,0,0.283812761306763,1,1,-1,-1,0.184276103973389
2,1,1,77,9,9,1,0.667139530181885,-1,-1,1,1,0.0338127613067627
2,1,1,78,-3,3,1,0.700913190841675,1,1,-1,-1,0.417139530181885
2,1,1,79,-3,3,1,0.934217214584351,-1,1,1,1,0.450913190841675
2,1,1,80,3,3,0,0.933794021606445,-1,1,1,-1,0.684217214584351
2,1,1,81,-81,81,0,0.500999212265015,1,-1,1,-1,0.683794021606445
2,1,1,82,81,81,1,0.433809995651245,-1,-1,-1,1,0.250999212265015
2,1,1,83,-27,27,0,0.500931978225708,1,1,-1,-1,0.183809995651245
2,1,1,84,-9,9,1,0.78378438949585,-1,-1,1,1,0.250931978225708
2,1,1,85,27,27,1,0.350481986999512,-1,1,-1,-1,0.53378438949585
2,1,1,86,-27,27,0,0.434262037277222,1,1,1,-1,0.100481986999512
2,1,1,87,81,81,1,0.417160034179688,-1,-1,1,1,0.184262037277222
2,1,1,88,-3,3,1,1.08378005027771,1,1,-1,-1,0.167160034179688
2,1,1,89,3,3,1,0.667140007019043,-1,1,1,1,0.83378005027771
2,1,1,90,-3,3,0,0.617589235305786,1,1,1,-1,0.417140007019043
2,1,1,91,-81,81,0,0.483869314193726,-1,-1,1,1,0.367589235305786
2,1,1,92,0,0,0,0.967108249664307,-1,-1,-1,-1,0.233869314193726
2,1,1,93,-81,81,0,0.484242916107178,1,-1,-1,-1,0.717108249664307
2,1,1,94,-3,3,0,0.750480890274048,-1,-1,-1,1,0.234242916107178
2,1,1,95,0,0,0,0.651205062866211,-1,-1,-1,-1,0.500480890274048
2,1,1,96,27,27,1,0.517588138580322,1,-1,-1,-1,0.401205062866211
2,1,1,97,-3,3,1,0.917107105255127,1,1,-1,1,0.267588138580322
2,1,1,98,27,27,1,0.384268999099731,-1,1,1,1,0.667107105255127
2,1,1,99,0,0,0,0.584239959716797,1,1,1,-1,0.134268999099731
2,1,2,2,9,9,1,0.533802270889282,-1,-1,1,1,0.284008979797363
2,1,2,3,-81,81,0,0.567131042480469,1,1,-1,-1,0.283802270889282
2,1,2,4,-3,3,1,1.01711106300354,-1,-1,1,1,0.317131042480469
2,1,2,5,-27,27,0,0.450926065444946,-1,1,-1,-1,0.76711106300354
2,1,2,6,27,27,1,0.451287984848022,-1,-1,1,-1,0.200926065444946
2,1,2,7,9,9,1,0.617587089538574,1,1,-1,-1,0.201287984848022
2,1,2,8,-3,3,0,0.600460767745972,1,1,1,1,0.367587089538574
2,1,2,9,9,9,1,0.467149019241333,-1,-1,1,1,0.350460767745972
2,1,2,10,-27,27,0,0.450531959533691,1,1,-1,-1,0.217149019241333
2,1,2,11,-3,3,0,0.501155853271484,-1,-1,1,1,0.200531959533691
2,1,2,12,9,9,1,0.600915908813477,-1,-1,-1,-1,0.251155853271484
2,1,2,13,-27,27,0,0.451483964920044,1,1,-1,-1,0.350915908813477
2,1,2,14,9,9,1,0.534226894378662,-1,-1,1,1,0.201483964920044
2,1,2,15,-3,3,1,0.733807802200317,1,1,-1,-1,0.284226894378662
2,1,2,16,0,0,1,0.800442218780518,-1,1,1,1,0.483807802200317
2,1,2,17,3,3,1,0.583801984786987,1,1,1,-1,0.550442218780518
2,1,2,18,-81,81,0,0.417586088180542,1,1,1,1,0.333801984786987
2,1,2,19,-81,81,0,0.534308195114136,-1,-1,1,1,0.167586088180542
2,1,2,20,27,27,1,0.50046706199646,-1,-1,-1,-1,0.284308195114136
2,1,2,21,-81,81,0,0.467128992080688,1,1,-1,-1,0.25046706199646
2,1,2,22,-9,9,0,0.517119884490967,-1,-1,1,1,0.217128992080688
2,1,2,23,27,27,1,0.467984199523926,-1,-1,-1,-1,0.267119884490967
2,1,2,24,-81,81,0,0.334264039993286,1,1,-1,-1,0.217984199523926
2,1,2,25,27,27,1,0.650460720062256,-1,-1,1,1,0.0842640399932861
2,1,2,26,3,3,0,0.583805561065674,1,1,-1,-1,0.400460720062256
2,1,2,27,9,9,0,0.767581939697266,1,-1,1,1,0.333805561065674
2,1,2,28,-0,0,1,0.567134141921997,1,-1,-1,1,0.517581939697266
2,1,2,29,3,3,1,0.717122077941895,-1,1,-1,1,0.317134141921997
2,1,2,30,-3,3,0,0.550503015518188,1,1,1,-1,0.467122077941895
2,1,2,31,9,9,1,0.800432920455933,-1,-1,1,1,0.300503015518188
2,1,2,32,-27,27,0,0.4842529296875,1,1,-1,-1,0.550432920455933
2,1,2,33,9,9,1,0.60045337677002,-1,-1,1,1,0.2342529296875
2,1,2,34,-27,27,0,0.367128133773804,1,1,-1,-1,0.35045337677002
2,1,2,35,0,0,1,0.667135000228882,-1,-1,1,1,0.117128133773804
2,1,2,36,-0,0,0,0.635033130645752,1,1,-1,-1,0.417135000228882
2,1,2,37,-81,81,0,0.43382740020752,-1,-1,1,1,0.385033130645752
2,1,2,38,3,3,1,0.933793067932129,-1,-1,-1,-1,0.18382740020752
2,1,2,39,81,81,1,0.500927448272705,1,1,-1,-1,0.683793067932129
2,1,2,40,-81,81,0,0.334262132644653,1,1,1,1,0.250927448272705
2,1,2,41,81,81,1,0.434273242950439,-1,-1,1,1,0.0842621326446533
2,1,2,42,-27,27,0,0.500463962554932,1,1,-1,-1,0.184273242950439
2,1,2,43,27,27,1,0.367649078369141,-1,-1,1,1,0.250463962554932
2,1,2,44,-3,3,1,0.717584133148193,1,1,-1,-1,0.117649078369141
2,1,2,45,3,3,1,0.533832550048828,-1,1,1,1,0.467584133148193
2,1,2,46,9,9,1,0.367141962051392,1,1,1,-1,0.283832550048828
2,1,2,47,-3,3,0,1.05092906951904,1,1,1,1,0.117141962051392
2,1,2,48,9,9,0,0.600465059280396,-1,-1,1,1,0.800929069519043
2,1,2,49,-27,27,0,0.400923013687134,1,-1,-1,-1,0.350465059280396
2,1,2,50,9,9,1,0.517584085464478,-1,-1,-1,1,0.150923013687134
2,1,2,51,-9,9,0,0.467128992080688,1,1,-1,-1,0.267584085464478
2,1,2,52,3,3,0,0.484256982803345,-1,-1,1,1,0.217128992080688
2,1,2,53,-9,9,0,0.500469923019409,1,-1,-1,-1,0.234256982803345
2,1,2,54,9,9,1,0.350919961929321,-1,-1,-1,1,0.250469923019409
2,1,2,55,-9,9,0,0.61760401725769,1,1,-1,-1,0.100919961929321
2,1,2,56,-3,3,0,0.800889015197754,-1,-1,1,1,0.36760401725769
2,1,2,57,-27,27,0,0.367119550704956,-1,-1,-1,-1,0.550889015197754
2,1,2,58,-27,27,0,0.434231281280518,-1,-1,-1,-1,0.117119550704956
2,1,2,59,-3,3,0,0.700466156005859,-1,-1,-1,-1,0.184231281280518
2,1,2,60,9,9,1,0.433808088302612,-1,-1,-1,-1,0.450466156005859
2,1,2,61,-81,81,0,0.417145013809204,1,1,-1,-1,0.183808088302612
2,1,2,62,-81,81,0,0.417135953903198,-1,-1,1,1,0.167145013809204
2,1,2,63,27,27,1,0.417129993438721,-1,-1,-1,-1,0.167135953903198
2,1,2,64,-0,0,1,0.617572069168091,1,1,-1,-1,0.167129993438721
2,1,2,65,0,0,1,0.500452995300293,-1,1,1,1,0.367572069168091
2,1,2,66,27,27,1,0.450898170471191,1,1,1,-1,0.250452995300293
2,1,2,67,-81,81,0,0.417604207992554,1,1,1,1,0.200898170471191
2,1,2,68,9,9,1,0.484254121780396,-1,-1,1,1,0.167604207992554
2,1,2,69,-3,3,0,0.617576837539673,1,1,-1,-1,0.234254121780396
2,1,2,70,9,9,0,0.50047492980957,-1,-1,1,1,0.367576837539673
2,1,2,71,-3,3,1,0.500488996505737,1,-1,-1,-1,0.25047492980957
2,1,2,72,3,3,1,0.667156934738159,-1,1,-1,1,0.250488996505737
2,1,2,73,-0,0,1,0.617148160934448,1,1,1,-1,0.417156934738159
2,1,2,74,0,0,0,1.20086073875427,-1,1,1,1,0.367148160934448
2,1,2,75,-3,3,1,0.650918006896973,1,-1,1,-1,0.950860738754272
2,1,2,76,27,27,1,0.417593955993652,-1,1,-1,1,0.400918006896973
2,1,2,77,-0,0,0,0.600889205932617,1,1,1,-1,0.167593955993652
2,1,2,78,27,27,1,0.283814191818237,-1,-1,1,1,0.350889205932617
2,1,2,79,-3,3,0,0.834238052368164,1,1,-1,-1,0.0338141918182373
2,1,2,80,81,81,1,0.400471210479736,-1,-1,1,1,0.584238052368164
2,1,2,81,-9,9,0,0.600465297698975,1,1,-1,-1,0.150471210479736
2,1,2,82,-0,0,1,0.367146968841553,-1,-1,1,1,0.350465297698975
2,1,2,83,81,81,1,0.450495958328247,-1,1,-1,-1,0.117146968841553
2,1,2,88,27,27,1,0.467139959335327,-1,-1,1,1,0.167137622833252
2,1,2,89,-81,81,0,0.36713695526123,1,1,-1,-1,0.217139959335327
2,1,2,90,27,27,1,0.350480079650879,-1,-1,1,1,0.11713695526123
2,1,2,91,-0,0,0,0.817113161087036,1,1,-1,-1,0.100480079650879
2,1,2,92,-81,81,0,0.400902271270752,-1,-1,1,1,0.567113161087036
2,1,2,93,9,9,1,0.45096492767334,-1,-1,-1,-1,0.150902271270752
2,1,2,94,-3,3,0,0.334252119064331,1,1,-1,-1,0.20096492767334
2,1,2,95,81,81,1,0.350504159927368,-1,-1,1,1,0.0842521190643311
2,1,2,96,-81,81,0,0.450929880142212,1,1,-1,-1,0.100504159927368
2,1,2,97,81,81,1,0.384253978729248,-1,-1,1,1,0.200929880142212
2,1,2,98,-27,27,0,0.483838796615601,1,1,-1,-1,0.134253978729248
2,1,2,99,81,81,1,0.367602825164795,-1,-1,1,1,0.233838796615601
2,1,3,2,-81,81,0,0.467150926589966,-1,-1,1,-1,0.800658941268921
2,1,3,6,27,27,1,0.450922966003418,1,1,1,-1,0.217592000961304
2,1,3,7,9,9,0,0.583796977996826,1,1,1,1,0.200922966003418
2,1,3,8,9,9,1,0.550917148590088,1,-1,1,1,0.333796977996826
2,1,3,9,9,9,1,0.4171302318573,1,1,-1,1,0.300917148590088
2,1,3,10,3,3,1,0.767116069793701,1,1,1,1,0.1671302318573
2,1,3,11,81,81,1,0.284265995025635,1,1,1,1,0.517116069793701
2,1,3,12,9,9,1,0.51715087890625,1,1,1,1,0.0342659950256348
2,1,3,13,9,9,1,0.55053186416626,1,1,1,1,0.26715087890625
2,1,3,14,3,3,1,0.550462007522583,1,1,1,1,0.30053186416626
2,1,3,15,27,27,1,0.400469064712524,1,1,1,1,0.300462007522583
2,1,3,16,3,3,1,0.568006038665771,1,1,1,1,0.150469064712524
2,1,3,17,81,81,1,0.334250926971436,1,1,1,1,0.318006038665771
2,1,3,18,0,0,1,0.650923013687134,1,1,1,1,0.0842509269714355
2,1,3,19,0,0,1,0.567579984664917,1,1,1,1,0.400923013687134
2,1,3,20,27,27,1,0.517120122909546,1,1,1,1,0.317579984664917
2,1,3,21,81,81,1,0.450456142425537,1,1,1,1,0.267120122909546
2,1,3,22,9,9,1,0.800445079803467,1,1,1,1,0.200456142425537
2,1,3,23,3,3,1,0.683807134628296,1,1,1,1,0.550445079803467
2,1,3,24,81,81,1,0.367120265960693,1,1,1,1,0.433807134628296
2,1,3,25,81,81,1,0.400486946105957,1,1,1,1,0.117120265960693
2,1,3,26,3,3,1,0.600935935974121,1,1,1,1,0.150486946105957
2,1,3,27,9,9,0,0.817169189453125,1,1,1,1,0.350935935974121
2,1,3,28,9,9,1,0.584256887435913,1,-1,1,1,0.567169189453125
2,1,3,29,81,81,1,0.317620992660522,1,1,-1,1,0.334256887435913
2,1,3,30,-81,81,0,0.284266948699951,1,1,1,1,0.0676209926605225
2,1,3,31,-27,27,0,0.450467348098755,-1,-1,1,1,0.0342669486999512
2,1,3,32,-0,0,0,0.350476980209351,-1,-1,-1,-1,0.200467348098755
2,1,3,33,-3,3,0,0.63423228263855,-1,-1,-1,-1,0.100476980209351
2,1,3,34,-27,27,0,0.550484180450439,-1,-1,-1,-1,0.38423228263855
2,1,3,35,-27,27,0,0.517606258392334,-1,-1,-1,-1,0.300484180450439
2,1,3,36,3,3,1,0.717120170593262,-1,-1,-1,-1,0.267606258392334
2,1,3,37,0,0,0,1.11756801605225,1,1,-1,-1,0.467120170593262
2,1,3,38,0,0,1,0.5175940990448,1,-1,1,1,0.867568016052246
2,1,3,39,27,27,1,0.483775854110718,1,1,-1,1,0.2675940990448
2,1,3,40,3,3,1,0.583817958831787,1,1,1,1,0.233775854110718
2,1,3,41,-81,81,0,0.500929832458496,1,1,1,1,0.333817958831787
2,1,3,42,-3,3,1,0.417137861251831,-1,-1,1,1,0.250929832458496
2,1,3,43,3,3,1,0.367583036422729,-1,1,-1,-1,0.167137861251831
2,1,3,44,3,3,1,0.384278059005737,1,1,1,-1,0.117583036422729
2,1,3,45,-0,0,0,0.617587089538574,1,1,1,1,0.134278059005737
2,1,3,46,-27,27,0,0.267155170440674,-1,-1,1,1,0.367587089538574
2,1,3,47,9,9,1,0.333868026733398,-1,-1,-1,-1,0.0171551704406738
2,1,3,48,9,9,1,0.384226083755493,1,1,-1,-1,0.0838680267333984
2,1,3,49,-9,9,0,0.367140531539917,1,1,1,1,0.134226083755493
2,1,3,50,-27,27,0,0.367594003677368,-1,-1,1,1,0.117140531539917
2,1,3,51,-0,0,0,0.567203044891357,-1,-1,-1,-1,0.117594003677368
2,1,3,52,-0,0,0,0.583814144134521,-1,-1,-1,-1,0.317203044891357
2,1,3,53,-9,9,0,0.367138385772705,-1,-1,-1,-1,0.333814144134521
2,1,3,54,-27,27,0,0.300472021102905,-1,-1,-1,-1,0.117138385772705
2,1,3,55,-27,27,0,0.350467920303345,-1,-1,-1,-1,0.0504720211029053
2,1,3,56,-9,9,0,0.367607355117798,-1,-1,-1,-1,0.100467920303345
2,1,3,57,-27,27,0,0.567137956619263,-1,-1,-1,-1,0.117607355117798
2,1,3,58,27,27,1,0.467123031616211,-1,-1,-1,-1,0.317137956619263
2,1,3,59,-3,3,1,0.667575836181641,1,1,-1,-1,0.217123031616211
2,1,3,60,-81,81,0,0.500479936599731,-1,1,1,1,0.417575836181641
2,1,3,61,-27,27,0,0.467587232589722,-1,-1,1,-1,0.250479936599731
2,1,3,62,9,9,1,0.851709842681885,-1,-1,-1,-1,0.217587232589722
2,1,3,63,3,3,1,0.634241342544556,1,1,-1,-1,0.601709842681885
2,1,3,64,27,27,1,0.367143869400024,1,1,1,1,0.384241342544556
2,1,3,68,-81,81,0,0.53383994102478,1,1,-1,-1,0.450471162796021
2,1,3,69,0,0,1,0.534257173538208,-1,-1,1,1,0.28383994102478
2,1,3,70,3,3,1,0.583801984786987,1,1,-1,-1,0.284257173538208
2,1,3,71,81,81,1,0.433791160583496,1,1,1,1,0.333801984786987
2,1,3,72,-9,9,0,0.567153215408325,1,1,1,1,0.183791160583496
2,1,3,73,-0,0,1,0.667147159576416,-1,-1,1,1,0.317153215408325
2,1,3,74,-27,27,0,0.467586040496826,-1,1,-1,-1,0.417147159576416
2,1,3,75,9,9,1,0.383801937103271,-1,-1,1,-1,0.217586040496826
2,1,3,76,81,81,1,0.550920486450195,1,1,-1,-1,0.133801937103271
2,1,3,77,3,3,0,0.784235000610352,1,1,1,1,0.300920486450195
2,1,3,78,-9,9,0,0.835016012191772,1,-1,1,1,0.534235000610352
2,1,3,79,-81,81,0,0.450472831726074,-1,-1,-1,1,0.585016012191772
2,1,3,80,-81,81,0,0.383840799331665,-1,-1,-1,-1,0.200472831726074
2,1,3,81,-81,81,0,0.384248495101929,-1,-1,-1,-1,0.133840799331665
2,1,3,82,27,27,1,0.400920152664185,-1,-1,-1,-1,0.134248495101929
2,1,3,83,-9,9,0,0.617152214050293,1,1,-1,-1,0.150920152664185
2,1,3,84,-27,27,0,0.400954008102417,-1,-1,1,1,0.367152214050293
2,1,3,85,3,3,0,0.850898265838623,-1,-1,-1,-1,0.150954008102417
2,1,3,86,9,9,1,0.500478982925415,1,-1,-1,-1,0.600898265838623
2,1,3,87,-81,81,0,0.567132234573364,1,1,-1,1,0.250478982925415
2,1,3,88,-9,9,0,0.383817911148071,-1,-1,1,1,0.317132234573364
2,1,3,89,-81,81,0,0.350483655929565,-1,-1,-1,-1,0.133817911148071
2,1,3,90,9,9,1,0.434257984161377,-1,-1,-1,-1,0.100483655929565
2,1,3,91,3,3,0,0.567634105682373,1,1,-1,-1,0.184257984161377
2,1,3,92,27,27,1,0.367146015167236,1,-1,1,1,0.317634105682373
2,1,3,93,3,3,1,0.550486087799072,1,1,-1,1,0.117146015167236
2,1,3,94,0,0,1,0.733791828155518,1,1,1,1,0.300486087799072
2,1,3,95,27,27,1,0.317131996154785,1,1,1,1,0.483791828155518
2,1,3,96,81,81,1,0.433803081512451,1,1,1,1,0.0671319961547852
2,1,3,97,81,81,1,0.417617559432983,1,1,1,1,0.183803081512451
2,1,3,98,-3,3,0,0.817111968994141,1,1,1,1,0.167617559432983
2,1,3,99,-3,3,1,0.517152070999146,-1,-1,1,1,0.567111968994141
2,1,4,2,-81,81,0,0.517151117324829,1,1,1,-1,0.284439086914062
2,1,4,3,-27,27,0,0.434252977371216,-1,-1,1,1,0.267151117324829
2,1,4,4,27,27,1,0.433802127838135,-1,-1,-1,-1,0.184252977371216
2,1,4,5,-81,81,0,0.384262323379517,1,1,-1,-1,0.183802127838135
2,1,4,6,-3,3,1,0.800906896591187,-1,-1,1,1,0.134262323379517
2,1,4,7,-0,0,1,0.450944900512695,-1,1,-1,-1,0.550906896591187
2,1,4,8,0,0,0,0.584217071533203,-1,1,1,-1,0.200944900512695
2,1,4,9,0,0,1,0.434252023696899,1,-1,1,-1,0.334217071533203
2,1,4,10,-27,27,0,0.600889921188354,1,1,-1,1,0.184252023696899
2,1,4,11,-9,9,0,0.434251546859741,-1,-1,1,1,0.350889921188354
2,1,4,12,-3,3,0,0.567176818847656,-1,-1,-1,-1,0.184251546859741
2,1,4,13,27,27,1,0.450890302658081,-1,-1,-1,-1,0.317176818847656
2,1,4,14,81,81,1,0.384264945983887,1,1,-1,-1,0.200890302658081
2,1,4,15,81,81,1,0.401222944259644,1,1,1,1,0.134264945983887
2,1,4,16,-81,81,0,0.60045313835144,1,1,1,1,0.151222944259644
2,1,4,17,-27,27,0,0.550472974777222,-1,-1,1,1,0.35045313835144
2,1,4,18,-3,3,0,0.767581224441528,-1,-1,-1,-1,0.300472974777222
2,1,4,19,-27,27,0,0.550458908081055,-1,-1,-1,-1,0.517581224441528
2,1,4,20,-81,81,0,0.483799934387207,-1,-1,-1,-1,0.300458908081055
2,1,4,21,-9,9,0,0.600468873977661,-1,-1,-1,-1,0.233799934387207
2,1,4,22,9,9,1,0.550919055938721,-1,-1,-1,-1,0.350468873977661
2,1,4,23,-27,27,0,0.40046215057373,1,1,-1,-1,0.300919055938721
2,1,4,24,81,81,1,0.367594003677368,-1,-1,1,1,0.15046215057373
2,1,4,25,-3,3,0,0.633803367614746,1,1,-1,-1,0.117594003677368
2,1,4,26,-81,81,0,0.533813953399658,-1,-1,1,1,0.383803367614746
2,1,4,27,9,9,1,0.617105007171631,-1,-1,-1,-1,0.283813953399658
2,1,4,28,-27,27,0,0.350473880767822,1,1,-1,-1,0.367105007171631
2,1,4,29,81,81,1,0.350976943969727,-1,-1,1,1,0.100473880767822
2,1,4,30,81,81,1,0.317577123641968,1,1,-1,-1,0.100976943969727
2,1,4,31,-27,27,0,0.417651414871216,1,1,1,1,0.0675771236419678
2,1,4,32,-3,3,1,0.883776187896729,-1,-1,1,1,0.167651414871216
2,1,4,33,-27,27,0,0.417628288269043,-1,1,-1,-1,0.633776187896729
2,1,4,34,3,3,1,0.633810997009277,-1,-1,1,-1,0.167628288269043
2,1,4,35,-27,27,0,0.3175950050354,1,1,-1,-1,0.383810997009277
2,1,4,36,-0,0,1,0.967116355895996,-1,-1,1,1,0.0675950050354004
2,1,4,37,-27,27,0,0.517154932022095,-1,1,-1,-1,0.717116355895996
2,1,4,38,9,9,0,0.60045313835144,-1,-1,1,-1,0.267154932022095
2,1,4,39,-3,3,1,0.533793210983276,1,-1,-1,-1,0.35045313835144
2,1,4,40,-0,0,0,0.583801984786987,-1,1,-1,1,0.283793210983276
2,1,4,41,-3,3,1,0.55051326751709,-1,-1,1,-1,0.333801984786987
2,1,4,42,-0,0,0,0.650468111038208,-1,1,-1,-1,0.30051326751709
2,1,4,43,-27,27,0,0.433815240859985,-1,-1,1,-1,0.400468111038208
2,1,4,44,-3,3,1,0.567119836807251,-1,-1,-1,-1,0.183815240859985
2,1,4,45,-0,0,1,1.067134141922,-1,1,-1,-1,0.317119836807251
2,1,4,46,9,9,1,0.717131853103638,-1,1,1,-1,0.817134141921997
2,1,4,47,-9,9,0,0.650951385498047,1,1,1,-1,0.467131853103638
2,1,4,48,-27,27,0,0.450931072235107,-1,-1,1,1,0.400951385498047
2,1,4,49,-81,81,0,0.435104131698608,-1,-1,-1,-1,0.200931072235107
2,1,4,50,-3,3,0,0.717130899429321,-1,-1,-1,-1,0.185104131698608
2,1,4,51,-9,9,1,1.11776638031006,-1,-1,-1,-1,0.467130899429321
2,1,4,52,-27,27,0,0.434262990951538,-1,1,-1,-1,0.867766380310059
2,1,4,53,-9,9,0,0.534234285354614,-1,-1,1,-1,0.184262990951538
2,1,4,54,9,9,1,0.317153930664062,-1,-1,-1,-1,0.284234285354614
2,1,4,55,3,3,1,0.550925016403198,1,1,-1,-1,0.0671539306640625
2,1,4,56,3,3,1,0.48379921913147,1,1,1,1,0.300925016403198
2,1,4,57,27,27,1,0.450454711914062,1,1,1,1,0.23379921913147
2,1,4,58,3,3,1,0.70048713684082,1,1,1,1,0.200454711914062
2,1,4,59,-81,81,0,0.467156887054443,1,1,1,1,0.45048713684082
2,1,4,60,-27,27,0,0.450933933258057,-1,-1,1,1,0.217156887054443
2,1,4,61,-3,3,1,0.633795976638794,-1,-1,-1,-1,0.200933933258057
2,1,4,62,3,3,1,0.51761794090271,-1,1,-1,-1,0.383795976638794
2,1,4,63,-81,81,0,0.500464200973511,1,1,1,-1,0.26761794090271
2,1,4,64,-3,3,0,0.683819770812988,-1,-1,1,1,0.250464200973511
2,1,4,65,-0,0,1,0.500915288925171,-1,-1,-1,-1,0.433819770812988
2,1,4,66,-81,81,0,0.417139053344727,-1,1,-1,-1,0.250915288925171
2,1,4,67,-81,81,0,0.367131233215332,-1,-1,1,-1,0.167139053344727
2,1,4,68,3,3,1,0.417171239852905,-1,-1,-1,-1,0.117131233215332
2,1,4,69,-9,9,0,0.367116451263428,1,1,-1,-1,0.167171239852905
2,1,4,70,-9,9,0,0.3838050365448,-1,-1,1,1,0.117116451263428
2,1,4,71,27,27,1,0.334224939346313,-1,-1,-1,-1,0.1338050365448
2,1,4,72,-81,81,0,0.400942087173462,1,1,-1,-1,0.0842249393463135
2,1,4,73,81,81,1,0.383865118026733,-1,-1,1,1,0.150942087173462
2,1,4,74,81,81,1,0.367145299911499,1,1,-1,-1,0.133865118026733
2,1,4,75,-81,81,0,0.483862638473511,1,1,1,1,0.117145299911499
2,1,4,76,3,3,1,0.417142152786255,-1,-1,1,1,0.233862638473511
2,1,4,77,3,3,1,0.417142152786255,1,1,-1,-1,0.167142152786255
2,1,4,78,-27,27,0,0.250945091247559,1,1,1,1,0.167142152786255
2,1,4,79,-27,27,0,0.401458263397217,-1,-1,1,1,0.000945091247558594
2,1,4,80,-9,9,0,0.550927400588989,-1,-1,-1,-1,0.151458263397217
2,1,4,84,9,9,1,0.36714506149292,1,-1,-1,-1,0.300933361053467
2,1,4,85,-27,27,0,0.583796977996826,1,1,-1,1,0.11714506149292
2,1,4,86,3,3,0,0.483809232711792,-1,-1,1,1,0.333796977996826
2,1,4,87,9,9,1,0.400505304336548,1,-1,-1,-1,0.233809232711792
2,1,4,88,-81,81,0,0.434252977371216,1,1,-1,1,0.150505304336548
2,1,4,89,81,81,1,0.55091381072998,-1,-1,1,1,0.184252977371216
2,1,4,90,9,9,1,0.450464248657227,1,1,-1,-1,0.30091381072998
2,1,4,91,9,9,1,0.5171799659729,1,1,1,1,0.200464248657227
2,1,4,92,-9,9,0,0.333814144134521,1,1,1,1,0.2671799659729
2,1,4,93,3,3,1,0.66755199432373,-1,-1,1,1,0.0838141441345215
2,1,4,94,3,3,1,0.567558765411377,1,1,-1,-1,0.41755199432373
2,1,4,95,0,0,1,0.817137956619263,1,1,1,1,0.317558765411377
2,1,4,96,-0,0,0,0.650932312011719,1,1,1,1,0.567137956619263
2,1,4,97,-0,0,0,0.51720118522644,-1,-1,1,1,0.400932312011719
2,1,4,98,81,81,1,0.483789920806885,-1,-1,-1,-1,0.26720118522644
2,1,4,99,-9,9,1,1.05045294761658,1,1,-1,-1,0.233789920806885
2,1,5,2,-9,9,0,0.450944662094116,1,-1,-1,-1,0.484064102172852
2,1,5,3,-27,27,0,0.434251070022583,-1,-1,-1,1,0.200944662094116
2,1,5,4,-27,27,0,0.3509202003479,-1,-1,-1,-1,0.184251070022583
2,1,5,5,0,0,1,0.467136859893799,-1,-1,-1,-1,0.1009202003479
2,1,5,6,3,3,1,0.517138242721558,1,1,-1,-1,0.217136859893799
2,1,5,7,9,9,1,0.467558145523071,1,1,1,1,0.267138242721558
2,1,5,8,81,81,1,0.450472116470337,1,1,1,1,0.217558145523071
2,1,5,12,-81,81,0,0.567161083221436,1,1,-1,-1,0.200920104980469
2,1,5,13,9,9,1,0.417142152786255,-1,-1,1,1,0.317161083221436
2,1,5,14,81,81,1,0.517123222351074,1,1,-1,-1,0.167142152786255
2,1,5,15,3,3,1,0.850873231887817,1,1,1,1,0.267123222351074
2,1,5,16,9,9,1,0.383809089660645,1,1,1,1,0.600873231887817
2,1,5,17,81,81,1,0.45048713684082,1,1,1,1,0.133809089660645
2,1,5,18,81,81,1,0.350492000579834,1,1,1,1,0.20048713684082
2,1,5,19,-27,27,0,0.350497007369995,1,1,1,1,0.100492000579834
2,1,5,20,3,3,1,0.784203052520752,-1,-1,1,1,0.100497007369995
2,1,5,21,3,3,1,0.650464057922363,1,1,-1,-1,0.534203052520752
2,1,5,22,27,27,1,0.517570972442627,1,1,1,1,0.400464057922363
2,1,5,23,81,81,1,0.467126846313477,1,1,1,1,0.267570972442627
2,1,5,24,-9,9,0,0.433815956115723,1,1,1,1,0.217126846313477
2,1,5,25,9,9,1,0.483824968338013,-1,-1,1,1,0.183815956115723
2,1,5,26,3,3,0,1.03377223014832,1,1,-1,-1,0.233824968338013
2,1,5,27,-27,27,0,0.384256839752197,1,-1,1,1,0.783772230148315
2,1,5,28,-0,0,1,0.517575979232788,-1,-1,-1,1,0.134256839752197
2,1,5,29,-3,3,1,0.634248018264771,-1,1,-1,-1,0.267575979232788
2,1,5,30,81,81,1,0.550487041473389,-1,1,1,-1,0.384248018264771
2,1,5,31,27,27,1,0.383802890777588,1,1,1,-1,0.300487041473389
2,1,5,32,-3,3,0,0.551738977432251,1,1,1,1,0.133802890777588
2,1,5,33,-27,27,0,0.48384690284729,-1,-1,1,1,0.301738977432251
2,1,5,34,27,27,1,0.400459289550781,-1,-1,-1,-1,0.23384690284729
2,1,5,35,-0,0,1,0.535100221633911,1,1,-1,-1,0.150459289550781
2,1,5,36,-0,0,0,0.850465297698975,-1,1,1,1,0.285100221633911
2,1,5,37,-0,0,1,0.334257125854492,-1,-1,1,-1,0.600465297698975
2,1,5,38,27,27,1,0.483842134475708,-1,1,-1,-1,0.0842571258544922
2,1,5,39,-3,3,0,0.350486755371094,1,1,1,-1,0.233842134475708
2,1,5,40,-9,9,0,0.46760106086731,-1,-1,1,1,0.100486755371094
2,1,5,41,81,81,1,0.450914859771729,-1,-1,-1,-1,0.21760106086731
2,1,5,42,81,81,1,0.41713285446167,1,1,-1,-1,0.200914859771729
2,1,5,43,27,27,1,0.400563955307007,1,1,1,1,0.16713285446167
2,1,5,44,27,27,1,0.417590141296387,1,1,1,1,0.150563955307007
2,1,5,45,27,27,1,0.550490379333496,1,1,1,1,0.167590141296387
2,1,5,46,-3,3,0,0.534254789352417,1,1,1,1,0.300490379333496
2,1,5,47,-3,3,0,0.601526260375977,-1,-1,1,1,0.284254789352417
2,1,5,48,27,27,1,0.334264993667603,-1,-1,-1,-1,0.351526260375977
2,1,5,49,-9,9,0,0.484229326248169,1,1,-1,-1,0.0842649936676025
2,1,5,50,-3,3,1,0.483813285827637,-1,-1,1,1,0.234229326248169
2,1,5,51,81,81,1,0.333811283111572,-1,1,-1,-1,0.233813285827637
2,1,5,52,-81,81,0,0.534807920455933,1,1,1,-1,0.0838112831115723
2,1,5,53,-3,3,1,0.65089225769043,-1,-1,1,1,0.284807920455933
2,1,5,54,81,81,1,0.40048623085022,-1,1,-1,-1,0.40089225769043
2,1,5,55,0,0,1,0.867119073867798,1,1,1,-1,0.15048623085022
2,1,5,56,-0,0,0,0.58382511138916,1,1,1,1,0.617119073867798
2,1,5,57,3,3,1,0.450929880142212,-1,-1,1,1,0.33382511138916
2,1,5,58,-27,27,0,0.467156887054443,1,1,-1,-1,0.200929880142212
2,1,5,59,81,81,1,0.300475835800171,-1,-1,1,1,0.217156887054443
2,1,5,60,-9,9,0,0.517580270767212,1,1,-1,-1,0.0504758358001709
2,1,5,61,-9,9,0,0.550464153289795,-1,-1,1,1,0.267580270767212
2,1,5,62,0,0,0,0.417151927947998,-1,-1,-1,-1,0.300464153289795
2,1,5,63,81,81,1,0.450464248657227,1,-1,-1,-1,0.167151927947998
2,1,5,64,-3,3,0,0.417598009109497,1,1,-1,1,0.200464248657227
2,1,5,65,81,81,1,0.250980138778687,-1,-1,1,1,0.167598009109497
2,1,5,66,3,3,1,0.667598009109497,1,1,-1,-1,0.000980138778686523
2,1,5,67,9,9,1,0.283837080001831,1,1,1,1,0.417598009109497
2,1,5,68,-27,27,0,0.333814144134521,1,1,1,1,0.0338370800018311
2,1,5,69,-0,0,1,0.934214115142822,-1,-1,1,1,0.0838141441345215
2,1,5,70,9,9,1,0.550472259521484,-1,1,-1,-1,0.684214115142822
2,1,5,71,-3,3,0,0.600501537322998,1,1,1,-1,0.300472259521484
2,1,5,72,-3,3,0,0.583808898925781,-1,-1,1,1,0.350501537322998
2,1,5,73,-0,0,0,0.917571067810059,-1,-1,-1,-1,0.333808898925781
2,1,5,74,27,27,1,0.400465250015259,-1,-1,-1,-1,0.667571067810059
2,1,5,75,-81,81,0,0.667135238647461,1,1,-1,-1,0.150465250015259
2,1,5,76,81,81,1,0.417137145996094,-1,-1,1,1,0.417135238647461
2,1,5,77,-27,27,0,0.367612838745117,1,1,-1,-1,0.167137145996094
2,1,5,78,-81,81,0,0.350468158721924,-1,-1,1,1,0.117612838745117
2,1,5,79,9,9,1,0.40093207359314,-1,-1,-1,-1,0.100468158721924
2,1,5,80,-3,3,1,0.53380012512207,1,1,-1,-1,0.15093207359314
2,1,5,81,3,3,1,0.567577123641968,-1,1,1,1,0.28380012512207
2,1,5,82,9,9,1,0.46714186668396,1,1,1,-1,0.317577123641968
2,1,5,83,-9,9,0,0.484244108200073,1,1,1,1,0.21714186668396
2,1,5,84,3,3,0,0.78379487991333,-1,-1,1,1,0.234244108200073
2,1,5,85,81,81,1,0.55145001411438,1,-1,-1,-1,0.53379487991333
2,1,5,86,-9,9,0,1.36711835861206,1,1,-1,1,0.30145001411438
2,1,5,87,9,9,1,0.684249877929688,-1,-1,1,1,1.11711835861206
2,1,5,88,3,3,1,0.517131805419922,1,1,-1,-1,0.434249877929688
2,1,5,89,-9,9,0,0.43425989151001,1,1,1,1,0.267131805419922
2,1,5,90,-27,27,0,0.383795976638794,-1,-1,1,1,0.18425989151001
2,1,5,91,-9,9,0,1.03452110290527,-1,-1,-1,-1,0.133795976638794
2,1,5,92,81,81,1,0.467156887054443,-1,-1,-1,-1,0.784521102905273
2,1,5,93,-9,9,0,0.400487899780273,1,1,-1,-1,0.217156887054443
2,1,5,94,-9,9,0,0.434391021728516,-1,-1,1,1,0.150487899780273
2,1,5,95,27,27,1,0.317126035690308,-1,-1,-1,-1,0.184391021728516
2,1,5,96,-81,81,0,0.367587327957153,1,1,-1,-1,0.0671260356903076
2,1,5,97,3,3,0,1.41713547706604,-1,-1,1,1,0.117587327957153
2,1,6,3,-81,81,0,0.384254932403564,-1,1,-1,-1,0.484227895736694
2,1,6,4,-27,27,0,0.317570924758911,-1,-1,1,-1,0.134254932403564
2,1,6,5,-27,27,0,0.417589902877808,-1,-1,-1,-1,0.0675709247589111
2,1,6,6,-9,9,0,1.01756715774536,-1,-1,-1,-1,0.167589902877808
2,1,6,7,-3,3,1,0.650908946990967,-1,-1,-1,-1,0.767567157745361
2,1,6,8,-81,81,0,0.367120981216431,-1,1,-1,-1,0.400908946990967
2,1,6,9,-81,81,0,0.367562055587769,-1,-1,1,-1,0.117120981216431
2,1,6,10,-81,81,0,0.31713604927063,-1,-1,-1,-1,0.117562055587769
2,1,6,11,-81,81,0,0.367141008377075,-1,-1,-1,-1,0.0671360492706299
2,1,6,12,-27,27,0,0.250909090042114,-1,-1,-1,-1,0.117141008377075
2,1,6,13,-9,9,0,0.550456762313843,-1,-1,-1,-1,0.000909090042114258
2,1,6,14,-3,3,0,0.617128133773804,-1,-1,-1,-1,0.300456762313843
2,1,6,15,-27,27,0,0.317132949829102,-1,-1,-1,-1,0.367128133773804
2,1,6,16,-27,27,0,0.400915861129761,-1,-1,-1,-1,0.0671329498291016
2,1,6,17,-3,3,1,0.684247970581055,-1,-1,-1,-1,0.150915861129761
2,1,6,18,-81,81,0,0.384281158447266,-1,1,-1,-1,0.434247970581055
2,1,6,19,-0,0,0,0.400957584381104,-1,-1,1,-1,0.134281158447266
2,1,6,20,-81,81,0,0.467156171798706,-1,-1,-1,-1,0.150957584381104
2,1,6,21,3,3,1,0.867558002471924,-1,-1,-1,-1,0.217156171798706
2,1,6,22,81,81,1,0.417145252227783,1,1,-1,-1,0.617558002471924
2,1,6,23,-81,81,0,0.450925827026367,1,1,1,1,0.167145252227783
2,1,6,24,-0,0,0,1.16757202148438,-1,-1,1,1,0.200925827026367
2,1,6,25,-3,3,0,0.700459003448486,-1,-1,-1,-1,0.917572021484375
2,1,6,26,-81,81,0,0.450468778610229,-1,-1,-1,-1,0.450459003448486
2,1,6,27,-27,27,0,0.600492238998413,-1,-1,-1,-1,0.200468778610229
2,1,6,28,-81,81,0,0.383824825286865,-1,-1,-1,-1,0.350492238998413
2,1,6,29,-9,9,1,0.834288120269775,-1,-1,-1,-1,0.133824825286865
2,1,6,30,27,27,1,0.433801889419556,-1,1,-1,-1,0.584288120269775
2,1,6,31,0,0,0,0.500464916229248,1,1,1,-1,0.183801889419556
2,1,6,32,-9,9,0,0.567137956619263,1,-1,1,1,0.250464916229248
2,1,6,33,-9,9,0,0.384229421615601,-1,-1,-1,1,0.317137956619263
2,1,6,34,-27,27,0,0.350942850112915,-1,-1,-1,-1,0.134229421615601
2,1,6,35,-3,3,0,0.400454759597778,-1,-1,-1,-1,0.100942850112915
2,1,6,36,-0,0,1,0.634249925613403,-1,-1,-1,-1,0.150454759597778
2,1,6,37,-81,81,0,0.400476932525635,-1,1,-1,-1,0.384249925613403
2,1,6,38,3,3,0,0.43425726890564,-1,-1,1,-1,0.150476932525635
2,1,6,39,27,27,1,0.300471782684326,1,-1,-1,-1,0.18425726890564
2,1,6,40,3,3,1,0.550924062728882,1,1,-1,1,0.0504717826843262
2,1,6,41,81,81,1,0.518903017044067,1,1,1,1,0.300924062728882
2,1,6,42,9,9,1,0.467652797698975,1,1,1,1,0.268903017044067
2,1,6,43,-81,81,0,0.350499153137207,1,1,1,1,0.217652797698975
2,1,6,44,-9,9,1,0.717123746871948,-1,-1,1,1,0.100499153137207
2,1,6,45,9,9,1,0.700915098190308,-1,1,-1,-1,0.467123746871948
2,1,6,46,9,9,1,0.500476121902466,1,1,1,-1,0.450915098190308
2,1,6,47,-3,3,0,0.683785915374756,1,1,1,1,0.250476121902466
2,1,6,48,-3,3,1,0.433803796768188,-1,-1,1,1,0.433785915374756
2,1,6,49,-27,27,0,0.467162132263184,-1,1,-1,-1,0.183803796768188
2,1,6,50,-81,81,0,0.433822154998779,-1,-1,1,-1,0.217162132263184
2,1,6,51,-0,0,0,0.433794498443604,-1,-1,-1,-1,0.183822154998779
2,1,6,52,-27,27,0,0.400455951690674,-1,-1,-1,-1,0.183794498443604
2,1,6,53,-0,0,0,0.500921249389648,-1,-1,-1,-1,0.150455951690674
2,1,6,54,-27,27,0,0.367159843444824,-1,-1,-1,-1,0.250921249389648
2,1,6,55,-9,9,0,0.383830070495605,-1,-1,-1,-1,0.117159843444824
2,1,6,56,-27,27,0,0.417562961578369,-1,-1,-1,-1,0.133830070495605
2,1,6,57,-3,3,0,0.400916814804077,-1,-1,-1,-1,0.167562961578369
2,1,6,58,27,27,1,0.550467252731323,-1,-1,-1,-1,0.150916814804077
2,1,6,59,27,27,1,0.300488948822021,1,1,-1,-1,0.300467252731323
2,1,6,60,81,81,1,0.350520849227905,1,1,1,1,0.0504889488220215
2,1,6,61,0,0,0,0.334265470504761,1,1,1,1,0.100520849227905
2,1,6,62,3,3,0,0.667106151580811,1,-1,1,1,0.0842654705047607
2,1,6,63,9,9,1,0.567620992660522,1,-1,-1,1,0.417106151580811
2,1,6,64,9,9,1,0.533787965774536,1,1,-1,1,0.317620992660522
2,1,6,65,0,0,1,0.41756796836853,1,1,1,1,0.283787965774536
2,1,6,66,3,3,1,0.434330940246582,1,1,1,1,0.16756796836853
2,1,6,67,3,3,0,0.717602252960205,1,1,1,1,0.184330940246582
2,1,6,68,-9,9,1,0.900913238525391,1,-1,1,1,0.467602252960205
2,1,6,73,27,27,1,0.333807468414307,1,1,1,1,0.250463485717773
2,1,6,74,-81,81,0,0.367160797119141,1,1,1,1,0.0838074684143066
2,1,6,75,-81,81,0,0.367161989212036,-1,-1,1,1,0.117160797119141
2,1,6,76,9,9,1,0.484266042709351,-1,-1,-1,-1,0.117161989212036
2,1,6,77,9,9,1,0.400929927825928,1,1,-1,-1,0.234266042709351
2,1,6,78,-3,3,1,0.584327936172485,1,1,1,1,0.150929927825928
2,1,6,79,-3,3,0,0.783818960189819,-1,1,1,1,0.334327936172485
2,1,6,80,-27,27,0,0.400480031967163,-1,-1,1,-1,0.533818960189819
2,1,6,81,-3,3,0,0.650911808013916,-1,-1,-1,-1,0.150480031967163
2,1,6,82,-81,81,0,0.40046215057373,-1,-1,-1,-1,0.400911808013916
2,1,6,83,-9,9,1,0.600490808486938,-1,-1,-1,-1,0.15046215057373
2,1,6,84,3,3,1,0.500945091247559,-1,1,-1,-1,0.350490808486938
2,1,6,85,27,27,1,0.517620086669922,1,1,1,-1,0.250945091247559
2,1,6,86,3,3,0,0.650459289550781,1,1,1,1,0.267620086669922
2,1,6,87,81,81,1,0.317582368850708,1,-1,1,1,0.400459289550781
2,1,6,88,0,0,1,0.600447177886963,1,1,-1,1,0.067582368850708
2,1,6,89,9,9,0,0.683779239654541,1,1,1,1,0.350447177886963
2,1,6,90,27,27,1,0.450463056564331,1,-1,1,1,0.433779239654541
2,1,6,91,81,81,1,0.350925922393799,1,1,-1,1,0.200463056564331
2,1,6,92,27,27,1,0.41759181022644,1,1,1,1,0.100925922393799
2,1,6,93,0,0,1,0.650893449783325,1,1,1,1,0.16759181022644
2,1,6,94,-27,27,0,0.384307861328125,1,1,1,1,0.400893449783325
2,1,6,95,-0,0,0,0.567119121551514,-1,-1,1,1,0.134307861328125
2,1,6,96,-81,81,0,0.617156982421875,-1,-1,-1,-1,0.317119121551514
2,1,6,97,-3,3,1,0.400501489639282,-1,-1,-1,-1,0.367156982421875
2,1,6,98,-9,9,0,0.317153692245483,-1,1,-1,-1,0.150501489639282
2,2,1,2,9,9,0,0.883771181106567,1,1,-1,-1,0.567415952682495
2,2,1,3,-81,81,0,0.600484132766724,1,-1,1,1,0.633771181106567
2,2,1,4,27,27,1,0.683822870254517,-1,-1,-1,1,0.350484132766724
2,2,1,5,-0,0,1,0.617598056793213,1,1,-1,-1,0.433822870254517
2,2,1,6,3,3,0,0.734304189682007,-1,1,1,1,0.367598056793213
2,2,1,7,-27,27,0,0.517132043838501,1,-1,1,-1,0.484304189682007
2,2,1,8,3,3,1,0.750462055206299,-1,-1,-1,1,0.267132043838501
2,2,1,9,-81,81,0,0.533818244934082,1,1,-1,-1,0.500462055206299
2,2,1,10,9,9,1,0.700464963912964,-1,-1,1,1,0.283818244934082
2,2,1,11,81,81,1,0.634253025054932,1,1,-1,-1,0.450464963912964
2,2,1,12,-81,81,0,0.450926065444946,1,1,1,1,0.384253025054932
2,2,1,13,-9,9,0,0.967094898223877,-1,-1,1,1,0.200926065444946
2,2,1,14,3,3,1,0.60104775428772,-1,-1,-1,-1,0.717094898223877
2,2,1,15,27,27,1,0.550922155380249,1,1,-1,-1,0.35104775428772
2,2,1,16,81,81,1,0.400921821594238,1,1,1,1,0.300922155380249
2,2,1,17,-9,9,1,0.884244680404663,1,1,1,1,0.150921821594238
2,2,1,18,27,27,1,0.533802032470703,-1,1,1,1,0.634244680404663
2,2,1,19,-27,27,0,0.550918102264404,1,1,1,-1,0.283802032470703
2,2,1,20,81,81,1,0.400471925735474,-1,-1,1,1,0.300918102264404
2,2,1,21,-9,9,0,0.7504723072052,1,1,-1,-1,0.150471925735474
2,2,1,22,81,81,1,0.417581081390381,-1,-1,1,1,0.5004723072052
2,2,1,23,-81,81,0,0.534639120101929,1,1,-1,-1,0.167581081390381
2,2,1,24,9,9,1,0.700920104980469,-1,-1,1,1,0.284639120101929
2,2,1,25,3,3,0,0.817132949829102,1,1,-1,-1,0.450920104980469
2,2,1,26,-3,3,1,0.734253883361816,1,-1,1,1,0.567132949829102
2,2,1,27,27,27,1,0.517128944396973,-1,1,-1,1,0.484253883361816
2,2,1,28,27,27,1,0.501040935516357,1,1,1,-1,0.267128944396973
2,2,1,29,-9,9,0,0.583798170089722,1,1,1,1,0.251040935516357
2,2,1,30,81,81,1,0.383806943893433,-1,-1,1,1,0.333798170089722
2,2,1,31,-3,3,1,0.68379807472229,1,1,-1,-1,0.133806943893433
2,2,1,32,9,9,1,0.883862972259521,-1,1,1,1,0.43379807472229
2,2,1,33,-27,27,0,0.434251070022583,1,1,1,-1,0.633862972259521
2,2,1,34,9,9,1,0.750473022460938,-1,-1,1,1,0.184251070022583
2,2,1,35,81,81,1,0.433807373046875,1,1,-1,-1,0.500473022460938
2,2,1,36,3,3,0,0.734248161315918,1,1,1,1,0.183807373046875
2,2,1,37,-81,81,0,0.550879001617432,1,-1,1,1,0.484248161315918
2,2,1,38,81,81,1,0.450471162796021,-1,-1,-1,1,0.300879001617432
2,2,1,39,-27,27,0,0.534269094467163,1,1,-1,-1,0.200471162796021
2,2,1,40,27,27,1,0.584220170974731,-1,-1,1,1,0.284269094467163
2,2,1,41,-81,81,0,0.450469017028809,1,1,-1,-1,0.334220170974731
2,2,1,42,-81,81,0,0.500467300415039,-1,-1,1,1,0.200469017028809
2,2,1,43,3,3,1,0.733771800994873,-1,-1,-1,-1,0.250467300415039
2,2,1,44,-3,3,0,0.567554235458374,1,1,-1,-1,0.483771800994873
2,2,1,45,0,0,1,0.650455951690674,-1,-1,1,1,0.317554235458374
2,2,1,46,3,3,0,0.467607021331787,1,1,-1,-1,0.400455951690674
2,2,1,47,-27,27,0,0.483790159225464,1,-1,1,1,0.217607021331787
2,2,1,48,-0,0,1,0.517579078674316,-1,-1,-1,1,0.233790159225464
2,2,1,49,3,3,0,0.517642259597778,-1,1,-1,-1,0.267579078674316
2,2,1,50,-9,9,1,0.717122077941895,1,-1,1,-1,0.267642259597778
2,2,1,51,27,27,1,0.467141151428223,-1,1,-1,1,0.467122077941895
2,2,1,52,-27,27,0,0.450478792190552,1,1,1,-1,0.217141151428223
2,2,1,53,27,27,1,0.600939035415649,-1,-1,1,1,0.200478792190552
2,2,1,54,81,81,1,0.467565059661865,1,1,-1,-1,0.350939035415649
2,2,1,55,-9,9,0,0.700459241867065,1,1,1,1,0.217565059661865
2,2,1,56,9,9,1,0.667595148086548,-1,-1,1,1,0.450459241867065
2,2,1,57,-9,9,0,0.717125177383423,1,1,-1,-1,0.417595148086548
2,2,1,58,9,9,1,0.45047402381897,-1,-1,1,1,0.467125177383423
2,2,1,59,9,9,1,0.434641122817993,1,1,-1,-1,0.20047402381897
2,2,1,60,-9,9,0,0.667126178741455,1,1,1,1,0.184641122817993
2,2,1,61,27,27,1,0.333813905715942,-1,-1,1,1,0.417126178741455
2,2,1,62,-3,3,0,0.56712007522583,1,1,-1,-1,0.0838139057159424
2,2,1,63,3,3,1,0.433799028396606,-1,-1,1,1,0.31712007522583
2,2,1,64,27,27,1,0.300928115844727,1,1,-1,-1,0.183799028396606
2,2,1,65,-3,3,0,0.517185926437378,1,1,1,1,0.0509281158447266
2,2,1,66,27,27,1,0.417123317718506,-1,-1,1,1,0.267185926437378
2,2,1,67,-81,81,0,0.367129325866699,1,1,-1,-1,0.167123317718506
2,2,1,68,9,9,1,0.450478315353394,-1,-1,1,1,0.117129325866699
2,2,1,69,3,3,1,0.733798980712891,1,1,-1,-1,0.200478315353394
2,2,1,70,-27,27,0,0.45091700553894,1,1,1,1,0.483798980712891
2,2,1,71,81,81,1,0.350453853607178,-1,-1,1,1,0.20091700553894
2,2,1,72,-27,27,0,0.550947189331055,1,1,-1,-1,0.100453853607178
2,2,1,73,3,3,1,0.550469160079956,-1,-1,1,1,0.300947189331055
2,2,1,74,-3,3,1,0.634229183197021,1,1,-1,-1,0.300469160079956
2,2,1,75,-0,0,0,0.717149019241333,-1,1,1,1,0.384229183197021
2,2,1,76,81,81,1,0.450451135635376,-1,-1,1,-1,0.467149019241333
2,2,1,77,-0,0,0,0.734584093093872,1,1,-1,-1,0.200451135635376
2,2,1,78,81,81,1,0.467132091522217,-1,-1,1,1,0.484584093093872
2,2,1,79,-81,81,0,0.417136669158936,1,1,-1,-1,0.217132091522217
2,2,1,80,3,3,1,0.583823919296265,-1,-1,1,1,0.167136669158936
2,2,1,81,0,0,0,0.467200994491577,1,1,-1,-1,0.333823919296265
2,2,1,82,-27,27,0,0.350967168807983,1,-1,1,1,0.217200994491577
2,2,1,83,0,0,0,0.500921010971069,-1,-1,-1,1,0.100967168807983
2,2,1,84,0,0,0,0.584250211715698,1,-1,-1,-1,0.250921010971069
2,2,1,85,-9,9,1,0.684661149978638,1,-1,-1,1,0.334250211715698
2,2,1,86,3,3,0,0.6504807472229,-1,1,-1,1,0.434661149978638
2,2,1,87,0,0,0,0.950902938842773,1,-1,1,-1,0.4004807472229
2,2,1,88,-3,3,0,0.833722591400146,1,-1,-1,1,0.700902938842773
2,2,1,89,81,81,1,0.450895071029663,-1,-1,-1,1,0.583722591400146
2,2,1,90,-9,9,0,0.56718897819519,1,1,-1,-1,0.200895071029663
2,2,1,91,27,27,1,0.383802175521851,-1,-1,1,1,0.31718897819519
2,2,1,92,-3,3,0,0.484224081039429,1,1,-1,-1,0.133802175521851
2,2,1,93,-9,9,0,0.684250116348267,-1,-1,1,1,0.234224081039429
2,2,1,94,81,81,1,0.450931072235107,-1,-1,-1,-1,0.434250116348267
2,2,1,95,-27,27,0,0.53423023223877,1,1,-1,-1,0.200931072235107
2,2,1,96,9,9,1,0.533802032470703,-1,-1,1,1,0.28423023223877
2,2,1,97,-3,3,0,0.417139053344727,1,1,-1,-1,0.283802032470703
2,2,1,98,0,0,0,0.56758713722229,-1,-1,1,1,0.167139053344727
2,2,1,99,-9,9,0,0.317897081375122,1,-1,-1,-1,0.31758713722229
2,2,2,2,3,3,1,0.450931072235107,1,-1,1,1,0.634471893310547
2,2,2,3,-9,9,0,0.417559146881104,1,1,-1,1,0.200931072235107
2,2,2,4,9,9,1,0.433797121047974,-1,-1,1,1,0.167559146881104
2,2,2,5,-9,9,0,0.450511932373047,1,1,-1,-1,0.183797121047974
2,2,2,6,27,27,1,0.43424916267395,-1,-1,1,1,0.200511932373047
2,2,2,7,-9,9,0,0.50116753578186,1,1,-1,-1,0.18424916267395
2,2,2,8,81,81,1,0.450467824935913,-1,-1,1,1,0.25116753578186
2,2,2,12,81,81,1,0.434427976608276,-1,-1,-1,1,0.300532102584839
2,2,2,13,-27,27,0,0.48380708694458,1,1,-1,-1,0.184427976608276
2,2,2,14,27,27,1,0.550481081008911,-1,-1,1,1,0.23380708694458
2,2,2,15,-9,9,0,0.467602252960205,1,1,-1,-1,0.300481081008911
2,2,2,16,27,27,1,0.400469064712524,-1,-1,1,1,0.217602252960205
2,2,2,17,-27,27,0,0.600461959838867,1,1,-1,-1,0.150469064712524
2,2,2,18,-9,9,0,0.467560052871704,-1,-1,1,1,0.350461959838867
2,2,2,19,3,3,1,0.500462055206299,-1,-1,-1,-1,0.217560052871704
2,2,2,20,-27,27,0,0.400921821594238,1,1,-1,-1,0.250462055206299
2,2,2,21,0,0,0,0.700459003448486,-1,-1,1,1,0.150921821594238
2,2,2,22,-3,3,0,0.750883817672729,1,-1,-1,-1,0.450459003448486
2,2,2,23,9,9,1,0.483807325363159,-1,-1,-1,1,0.500883817672729
2,2,2,24,-81,81,0,0.550919055938721,1,1,-1,-1,0.233807325363159
2,2,2,25,27,27,1,0.533830165863037,-1,-1,1,1,0.300919055938721
2,2,2,26,27,27,1,0.450476169586182,1,1,-1,-1,0.283830165863037
2,2,2,27,0,0,0,0.583814859390259,1,1,1,1,0.200476169586182
2,2,2,28,81,81,1,0.617141008377075,1,-1,1,1,0.333814859390259
2,2,2,29,-27,27,0,0.450474500656128,1,1,-1,1,0.367141008377075
2,2,2,30,9,9,1,0.717589139938354,-1,-1,1,1,0.200474500656128
2,2,2,31,-3,3,0,0.500973224639893,1,1,-1,-1,0.467589139938354
2,2,2,32,9,9,0,0.61712384223938,-1,-1,1,1,0.250973224639893
2,2,2,33,-9,9,0,0.350497245788574,1,-1,-1,-1,0.36712384223938
2,2,2,34,0,0,1,0.950898885726929,-1,-1,-1,1,0.100497245788574
2,2,2,35,-3,3,0,0.650914430618286,1,1,-1,-1,0.700898885726929
2,2,2,36,81,81,1,0.350467920303345,-1,-1,1,1,0.400914430618286
2,2,2,37,3,3,0,0.617120981216431,1,1,-1,-1,0.100467920303345
2,2,2,38,27,27,1,0.400470972061157,1,-1,1,1,0.367120981216431
2,2,2,39,-9,9,0,0.550920963287354,1,1,-1,1,0.150470972061157
2,2,2,40,27,27,1,0.450476169586182,-1,-1,1,1,0.300920963287354
2,2,2,41,-81,81,0,0.483788013458252,1,1,-1,-1,0.200476169586182
2,2,2,42,81,81,1,0.267137289047241,-1,-1,1,1,0.233788013458252
2,2,2,43,3,3,0,0.717633485794067,1,1,-1,-1,0.0171372890472412
2,2,2,44,-27,27,0,0.584249973297119,1,-1,1,1,0.467633485794067
2,2,2,45,9,9,1,0.400925159454346,-1,-1,-1,1,0.334249973297119
2,2,2,46,3,3,1,0.633806943893433,1,1,-1,-1,0.150925159454346
2,2,2,47,3,3,1,1.15089988708496,1,1,1,1,0.383806943893433
2,2,2,48,-3,3,0,0.600924015045166,1,1,1,1,0.900899887084961
2,2,2,49,81,81,1,0.40093207359314,-1,-1,1,1,0.350924015045166
2,2,2,50,-81,81,0,0.48426342010498,1,1,-1,-1,0.15093207359314
2,2,2,51,81,81,1,0.433805227279663,-1,-1,1,1,0.23426342010498
2,2,2,52,81,81,1,0.467578411102295,1,1,-1,-1,0.183805227279663
2,2,2,53,-27,27,0,0.417165040969849,1,1,1,1,0.217578411102295
2,2,2,54,81,81,1,0.350468397140503,-1,-1,1,1,0.167165040969849
2,2,2,55,0,0,0,0.650477886199951,1,1,-1,-1,0.100468397140503
2,2,2,56,27,27,1,0.400914430618286,1,-1,1,1,0.400477886199951
2,2,2,57,-0,0,1,0.500478267669678,1,1,-1,1,0.150914430618286
2,2,2,58,27,27,1,0.384263277053833,-1,1,1,1,0.250478267669678
2,2,2,59,-9,9,0,0.283815145492554,1,1,1,-1,0.134263277053833
2,2,2,60,-81,81,0,0.45047402381897,-1,-1,1,1,0.0338151454925537
2,2,2,61,-0,0,1,0.533803701400757,-1,-1,-1,-1,0.20047402381897
2,2,2,62,9,9,0,0.583792686462402,-1,1,-1,-1,0.283803701400757
2,2,2,63,-3,3,0,0.583799123764038,1,-1,1,-1,0.333792686462402
2,2,2,64,3,3,1,0.317190170288086,-1,-1,-1,1,0.333799123764038
2,2,2,65,-81,81,0,0.484127044677734,1,1,-1,-1,0.0671901702880859
2,2,2,66,0,0,0,0.950448513031006,-1,-1,1,1,0.234127044677734
2,2,2,67,-27,27,0,0.550472021102905,1,-1,-1,-1,0.700448513031006
2,2,2,68,-81,81,0,0.533820390701294,-1,-1,-1,1,0.300472021102905
2,2,2,69,81,81,1,0.483863115310669,-1,-1,-1,-1,0.283820390701294
2,2,2,70,-9,9,0,0.450957775115967,1,1,-1,-1,0.233863115310669
2,2,2,71,27,27,1,0.483812093734741,-1,-1,1,1,0.200957775115967
2,2,2,72,-3,3,1,0.534259080886841,1,1,-1,-1,0.233812093734741
2,2,2,73,-9,9,1,0.584224462509155,-1,1,1,1,0.284259080886841
2,2,2,74,3,3,1,0.417758941650391,-1,1,1,-1,0.334224462509155
2,2,2,75,-9,9,1,0.434224367141724,1,1,1,-1,0.167758941650391
2,2,2,76,-3,3,0,0.600890159606934,-1,1,1,1,0.184224367141724
2,2,2,77,-3,3,0,0.61773419380188,-1,-1,1,-1,0.350890159606934
2,2,2,78,-81,81,0,0.467192649841309,-1,-1,-1,-1,0.36773419380188
2,2,2,79,9,9,0,0.600478172302246,-1,-1,-1,-1,0.217192649841309
2,2,2,80,-81,81,0,0.517125129699707,1,-1,-1,-1,0.350478172302246
2,2,2,81,3,3,0,0.367594718933105,-1,-1,-1,1,0.267125129699707
2,2,2,82,-9,9,0,0.567570209503174,1,-1,-1,-1,0.117594718933105
2,2,2,83,-27,27,0,0.467146873474121,-1,-1,-1,1,0.317570209503174
2,2,2,84,-3,3,1,0.400896310806274,-1,-1,-1,-1,0.217146873474121
2,2,2,85,27,27,1,0.467587232589722,-1,1,-1,-1,0.150896310806274
2,2,2,86,-3,3,0,0.434277057647705,1,1,1,-1,0.217587232589722
2,2,2,87,81,81,1,0.434243440628052,-1,-1,1,1,0.184277057647705
2,2,2,88,-3,3,1,0.617118120193481,1,1,-1,-1,0.184243440628052
2,2,2,89,27,27,1,0.4171302318573,-1,1,1,1,0.367118120193481
2,2,2,90,-9,9,0,0.333799839019775,1,1,1,-1,0.1671302318573
2,2,2,91,0,0,1,0.833794116973877,-1,-1,1,1,0.0837998390197754
2,2,2,92,-0,0,1,0.434297323226929,1,1,-1,-1,0.583794116973877
2,2,2,93,3,3,0,0.433810949325562,-1,1,1,1,0.184297323226929
2,2,2,94,-27,27,0,0.650459766387939,1,-1,1,-1,0.183810949325562
2,2,2,95,81,81,1,0.450481176376343,-1,-1,-1,1,0.400459766387939
2,2,2,96,-9,9,0,0.333804130554199,1,1,-1,-1,0.200481176376343
2,2,2,97,9,9,1,0.467599153518677,-1,-1,1,1,0.0838041305541992
2,2,2,98,-3,3,0,0.550511360168457,1,1,-1,-1,0.217599153518677
2,2,2,99,81,81,1,0.367157220840454,-1,-1,1,1,0.300511360168457
2,2,3,2,-3,3,0,0.734271049499512,-1,-1,-1,-1,0.367859125137329
2,2,3,3,-9,9,1,0.633795022964478,-1,-1,-1,-1,0.484271049499512
2,2,3,4,0,0,0,0.550459861755371,-1,1,-1,-1,0.383795022964478
2,2,3,5,0,0,1,0.517131090164185,1,-1,1,-1,0.300459861755371
2,2,3,6,27,27,1,0.700913906097412,1,1,-1,1,0.267131090164185
2,2,3,7,81,81,1,0.417137384414673,1,1,1,1,0.450913906097412
2,2,3,8,27,27,1,0.367156982421875,1,1,1,1,0.167137384414673
2,2,3,9,81,81,1,0.400913000106812,1,1,1,1,0.117156982421875
2,2,3,10,27,27,1,0.317596912384033,1,1,1,1,0.150913000106812
2,2,3,11,-27,27,0,0.4671311378479,1,1,1,1,0.0675969123840332
2,2,3,12,-3,3,1,0.500474214553833,-1,-1,1,1,0.2171311378479
2,2,3,13,27,27,1,0.483793973922729,-1,1,-1,-1,0.250474214553833
2,2,3,14,3,3,1,0.384282827377319,1,1,1,-1,0.233793973922729
2,2,3,15,3,3,1,0.700477838516235,1,1,1,1,0.134282827377319
2,2,3,16,0,0,1,0.850521326065063,1,1,1,1,0.450477838516235
2,2,3,17,0,0,1,0.617132902145386,1,1,1,1,0.600521326065063
2,2,3,18,81,81,1,0.451029777526855,1,1,1,1,0.367132902145386
2,2,3,19,-9,9,1,0.467578172683716,1,1,1,1,0.201029777526855
2,2,3,20,81,81,1,0.350889921188354,-1,1,1,1,0.217578172683716
2,2,3,21,-3,3,0,0.384253025054932,1,1,1,-1,0.100889921188354
2,2,3,22,81,81,1,0.317595958709717,-1,-1,1,1,0.134253025054932
2,2,3,23,-9,9,0,0.500898361206055,1,1,-1,-1,0.0675959587097168
2,2,3,24,-27,27,0,0.467132091522217,-1,-1,1,1,0.250898361206055
2,2,3,25,81,81,1,0.400891065597534,-1,-1,-1,-1,0.217132091522217
2,2,3,26,3,3,1,0.350920915603638,1,1,-1,-1,0.150891065597534
2,2,3,27,-3,3,0,0.483803033828735,1,1,1,1,0.100920915603638
2,2,3,28,-81,81,0,0.350936889648438,-1,-1,1,1,0.233803033828735
2,2,3,29,-27,27,0,0.333829879760742,-1,-1,-1,-1,0.100936889648438
2,2,3,30,-3,3,0,0.433794975280762,-1,-1,-1,-1,0.0838298797607422
2,2,3,31,-9,9,0,0.41756010055542,-1,-1,-1,-1,0.183794975280762
2,2,3,32,-27,27,0,0.333800315856934,-1,-1,-1,-1,0.16756010055542
2,2,3,33,-9,9,0,0.567154169082642,-1,-1,-1,-1,0.0838003158569336
2,2,3,34,-9,9,0,0.734281301498413,-1,-1,-1,-1,0.317154169082642
2,2,3,35,-27,27,0,0.450482845306396,-1,-1,-1,-1,0.484281301498413
2,2,3,36,27,27,1,0.450466871261597,-1,-1,-1,-1,0.200482845306396
2,2,3,37,-9,9,0,0.467571020126343,1,1,-1,-1,0.200466871261597
2,2,3,38,3,3,0,0.383816003799438,-1,-1,1,1,0.217571020126343
2,2,3,42,-27,27,0,0.55047607421875,-1,-1,-1,-1,0.133815050125122
2,2,3,43,-27,27,0,0.434256076812744,-1,-1,-1,-1,0.30047607421875
2,2,3,44,-3,3,1,0.700466871261597,-1,-1,-1,-1,0.184256076812744
2,2,3,45,0,0,0,0.351145267486572,-1,1,-1,-1,0.450466871261597
2,2,3,46,-27,27,0,0.367147207260132,1,-1,1,-1,0.101145267486572
2,2,3,47,-9,9,0,0.450955152511597,-1,-1,-1,1,0.117147207260132
2,2,3,48,81,81,1,0.500483989715576,-1,-1,-1,-1,0.200955152511597
2,2,3,49,9,9,1,0.667577028274536,1,1,-1,-1,0.250483989715576
2,2,3,50,81,81,1,0.483792304992676,1,1,1,1,0.417577028274536
2,2,3,51,0,0,1,0.533799886703491,1,1,1,1,0.233792304992676
2,2,3,52,-27,27,0,0.383796215057373,1,1,1,1,0.283799886703491
2,2,3,53,-9,9,1,0.850532293319702,-1,-1,1,1,0.133796215057373
2,2,3,54,-9,9,0,0.384229183197021,-1,1,-1,-1,0.600532293319702
2,2,3,55,-81,81,0,0.434256315231323,-1,-1,1,-1,0.134229183197021
2,2,3,56,9,9,1,0.41759729385376,-1,-1,-1,-1,0.184256315231323
2,2,3,57,-81,81,0,0.400475978851318,1,1,-1,-1,0.16759729385376
2,2,3,58,27,27,1,0.550487995147705,-1,-1,1,1,0.150475978851318
2,2,3,59,3,3,1,0.400938034057617,1,1,-1,-1,0.300487995147705
2,2,3,60,27,27,1,0.433831214904785,1,1,1,1,0.150938034057617
2,2,3,61,81,81,1,0.433797836303711,1,1,1,1,0.183831214904785
2,2,3,62,-27,27,0,0.367134094238281,1,1,1,1,0.183797836303711
2,2,3,63,-81,81,0,0.400474071502686,-1,-1,1,1,0.117134094238281
2,2,3,64,27,27,1,0.550911664962769,-1,-1,-1,-1,0.150474071502686
2,2,3,65,3,3,1,0.717152118682861,1,1,-1,-1,0.300911664962769
2,2,3,66,0,0,0,0.533794403076172,1,1,1,1,0.467152118682861
2,2,3,67,-0,0,1,0.867126703262329,1,-1,1,1,0.283794403076172
2,2,3,68,-27,27,0,0.467562913894653,-1,1,-1,1,0.617126703262329
2,2,3,69,-9,9,0,0.26716685295105,-1,-1,1,-1,0.217562913894653
2,2,3,70,81,81,1,0.433809757232666,-1,-1,-1,-1,0.0171668529510498
2,2,3,71,-3,3,1,0.550456523895264,1,1,-1,-1,0.183809757232666
2,2,3,72,9,9,1,0.567558288574219,-1,1,1,1,0.300456523895264
2,2,3,73,-9,9,0,0.400470733642578,1,1,1,-1,0.317558288574219
2,2,3,74,-9,9,0,1.13420534133911,-1,-1,1,1,0.150470733642578
2,2,3,75,9,9,1,0.434269189834595,-1,-1,-1,-1,0.884205341339111
2,2,3,76,-81,81,0,0.434261083602905,1,1,-1,-1,0.184269189834595
2,2,3,77,-0,0,1,0.467118263244629,-1,-1,1,1,0.184261083602905
2,2,3,78,-3,3,0,0.383798360824585,-1,1,-1,-1,0.217118263244629
2,2,3,79,-0,0,1,0.367583274841309,-1,-1,1,-1,0.133798360824585
2,2,3,80,9,9,1,0.734255075454712,-1,1,-1,-1,0.117583274841309
2,2,3,85,-3,3,0,0.534234046936035,-1,-1,1,-1,0.15047812461853
2,2,3,86,3,3,1,0.56757640838623,-1,-1,-1,-1,0.284234046936035
2,2,3,87,0,0,1,0.450482130050659,1,1,-1,-1,0.31757640838623
2,2,3,88,81,81,1,0.617131948471069,1,1,1,1,0.200482130050659
2,2,3,89,-3,3,1,0.633778810501099,1,1,1,1,0.367131948471069
2,2,3,90,81,81,1,0.467616081237793,-1,1,1,1,0.383778810501099
2,2,3,91,27,27,1,0.534253120422363,1,1,1,-1,0.217616081237793
2,2,3,92,27,27,1,0.417129755020142,1,1,1,1,0.284253120422363
2,2,3,93,3,3,1,0.533797025680542,1,1,1,1,0.167129755020142
2,2,3,94,9,9,1,0.583819150924683,1,1,1,1,0.283797025680542
2,2,3,95,-3,3,0,0.417110204696655,1,1,1,1,0.333819150924683
2,2,3,96,-3,3,1,0.767134189605713,-1,-1,1,1,0.167110204696655
2,2,3,97,3,3,1,0.667587995529175,-1,1,-1,-1,0.517134189605713
2,2,3,98,-81,81,0,0.500459671020508,1,1,1,-1,0.417587995529175
2,2,3,99,-81,81,0,0.450920104980469,-1,-1,1,1,0.250459671020508
2,2,4,2,-3,3,0,0.667126893997192,1,1,1,1,0.86784029006958
2,2,4,3,-9,9,1,0.550446033477783,-1,-1,1,1,0.417126893997192
2,2,4,4,-0,0,0,0.617171287536621,-1,1,-1,-1,0.300446033477783
2,2,4,5,-9,9,0,0.400476217269897,-1,-1,1,-1,0.367171287536621
2,2,4,6,-9,9,0,0.667123079299927,-1,-1,-1,-1,0.150476217269897
2,2,4,7,-9,9,0,0.400458097457886,-1,-1,-1,-1,0.417123079299927
2,2,4,8,9,9,1,0.717119932174683,-1,-1,-1,-1,0.150458097457886
2,2,4,9,3,3,0,0.667115688323975,1,1,-1,-1,0.467119932174683
2,2,4,10,81,81,1,0.400473117828369,1,-1,1,1,0.417115688323975
2,2,4,11,27,27,1,0.517616987228394,1,1,-1,1,0.150473117828369
2,2,4,12,-81,81,0,0.517591953277588,1,1,1,1,0.267616987228394
2,2,4,13,-3,3,1,0.700482130050659,-1,-1,1,1,0.267591953277588
2,2,4,14,-27,27,0,0.483811140060425,-1,1,-1,-1,0.450482130050659
2,2,4,15,-0,0,0,0.717123985290527,-1,-1,1,-1,0.233811140060425
2,2,4,16,-27,27,0,0.517121076583862,-1,-1,-1,-1,0.467123985290527
2,2,4,17,81,81,1,0.550951957702637,-1,-1,-1,-1,0.267121076583862
2,2,4,18,-9,9,0,0.667129039764404,1,1,-1,-1,0.300951957702637
2,2,4,19,-81,81,0,0.433797359466553,-1,-1,1,1,0.417129039764404
2,2,4,20,-3,3,1,1.08420205116272,-1,-1,-1,-1,0.183797359466553
2,2,4,21,-27,27,0,0.46760106086731,-1,1,-1,-1,0.83420205116272
2,2,4,22,-27,27,0,0.600459814071655,-1,-1,1,-1,0.21760106086731
2,2,4,23,-81,81,0,0.367137908935547,-1,-1,-1,-1,0.350459814071655
2,2,4,24,-9,9,0,0.500878810882568,-1,-1,-1,-1,0.117137908935547
2,2,4,25,-3,3,0,0.817175149917603,-1,-1,-1,-1,0.250878810882568
2,2,4,26,-9,9,0,0.583796977996826,-1,-1,-1,-1,0.567175149917603
2,2,4,27,9,9,1,1.11711883544922,-1,-1,-1,-1,0.333796977996826
2,2,4,28,-3,3,1,0.733793973922729,1,1,-1,-1,0.867118835449219
2,2,4,29,-3,3,0,0.600517988204956,-1,1,1,1,0.483793973922729
2,2,4,30,-3,3,1,0.53424596786499,-1,-1,1,-1,0.350517988204956
2,2,4,31,-27,27,0,0.400475025177002,-1,1,-1,-1,0.28424596786499
2,2,4,32,3,3,1,1.05047106742859,-1,-1,1,-1,0.150475025177002
2,2,4,33,81,81,1,0.483833074569702,1,1,-1,-1,0.800471067428589
2,2,4,34,0,0,0,0.667124509811401,1,1,1,1,0.233833074569702
2,2,4,35,9,9,1,0.417166948318481,1,-1,1,1,0.417124509811401
2,2,4,36,-27,27,0,0.467218160629272,1,1,-1,1,0.167166948318481
2,2,4,37,-81,81,0,0.400890588760376,-1,-1,1,1,0.217218160629272
2,2,4,38,-9,9,0,0.633788824081421,-1,-1,-1,-1,0.150890588760376
2,2,4,39,-81,81,0,0.633787870407104,-1,-1,-1,-1,0.383788824081421
2,2,4,40,-3,3,1,0.53425145149231,-1,-1,-1,-1,0.383787870407104
2,2,4,41,-27,27,0,0.467136383056641,-1,1,-1,-1,0.28425145149231
2,2,4,42,-9,9,0,0.600459814071655,-1,-1,1,-1,0.217136383056641
2,2,4,43,-0,0,1,0.283793926239014,-1,-1,-1,-1,0.350459814071655
2,2,4,44,-81,81,0,0.51714015007019,-1,1,-1,-1,0.0337939262390137
2,2,4,45,-9,9,0,0.317594289779663,-1,-1,1,-1,0.26714015007019
2,2,4,46,-27,27,0,0.400898218154907,-1,-1,-1,-1,0.0675942897796631
2,2,4,47,-3,3,1,0.600927114486694,-1,-1,-1,-1,0.150898218154907
2,2,4,48,3,3,0,1.10047221183777,-1,1,-1,-1,0.350927114486694
2,2,4,49,0,0,1,0.53390097618103,1,-1,1,-1,0.850472211837769
2,2,4,50,9,9,1,1.01712536811829,1,1,-1,1,0.28390097618103
2,2,4,51,3,3,0,0.383795261383057,1,1,1,1,0.767125368118286
2,2,4,52,27,27,1,0.500954389572144,1,-1,1,1,0.133795261383057
2,2,4,53,0,0,0,0.917673826217651,1,1,-1,1,0.250954389572144
2,2,4,54,81,81,1,0.567594051361084,1,-1,1,1,0.667673826217651
2,2,4,55,9,9,1,0.500875473022461,1,1,-1,1,0.317594051361084
2,2,4,56,81,81,1,0.5338134765625,1,1,1,1,0.250875473022461
2,2,4,57,-9,9,1,0.367138147354126,1,1,1,1,0.2838134765625
2,2,4,58,9,9,1,0.433796644210815,-1,1,1,1,0.117138147354126
2,2,4,59,27,27,1,0.450909852981567,1,1,1,-1,0.183796644210815
2,2,4,60,81,81,1,0.50092625617981,1,1,1,1,0.200909852981567
2,2,4,61,81,81,1,0.383813381195068,1,1,1,1,0.25092625617981
2,2,4,62,-9,9,1,0.567133188247681,1,1,1,1,0.133813381195068
2,2,4,63,-27,27,0,0.550923109054565,-1,1,1,1,0.317133188247681
2,2,4,64,-27,27,0,0.61711049079895,-1,-1,1,-1,0.300923109054565
2,2,4,65,-27,27,0,0.533807992935181,-1,-1,-1,-1,0.36711049079895
2,2,4,66,27,27,1,0.517147302627563,-1,-1,-1,-1,0.283807992935181
2,2,4,67,81,81,1,0.517136096954346,1,1,-1,-1,0.267147302627563
2,2,4,68,0,0,1,0.583797931671143,1,1,1,1,0.267136096954346
2,2,4,69,81,81,1,0.383817911148071,1,1,1,1,0.333797931671143
2,2,4,70,3,3,1,0.617585182189941,1,1,1,1,0.133817911148071
2,2,4,71,81,81,1,0.350976943969727,1,1,1,1,0.367585182189941
2,2,4,72,9,9,1,0.28383207321167,1,1,1,1,0.100976943969727
2,2,4,73,0,0,1,0.483802080154419,1,1,1,1,0.0338320732116699
2,2,4,74,-3,3,1,0.650461435317993,1,1,1,1,0.233802080154419
2,2,4,75,3,3,1,0.950911998748779,-1,1,1,1,0.400461435317993
2,2,4,76,3,3,0,0.38426685333252,1,1,1,-1,0.700911998748779
2,2,4,77,27,27,1,0.417134761810303,1,-1,1,1,0.13426685333252
2,2,4,78,-27,27,0,0.334275960922241,1,1,-1,1,0.167134761810303
2,2,4,79,27,27,1,0.300934076309204,-1,-1,1,1,0.0842759609222412
2,2,4,80,81,81,1,0.350467681884766,1,1,-1,-1,0.0509340763092041
2,2,4,81,3,3,1,0.500475168228149,1,1,1,1,0.100467681884766
2,2,4,82,81,81,1,0.367130041122437,1,1,1,1,0.250475168228149
2,2,4,83,81,81,1,0.31714916229248,1,1,1,1,0.117130041122437
2,2,4,84,0,0,1,0.867102384567261,1,1,1,1,0.0671491622924805
2,2,4,85,27,27,1,0.433824777603149,1,1,1,1,0.617102384567261
2,2,4,86,81,81,1,0.317118406295776,1,1,1,1,0.183824777603149
2,2,4,87,-9,9,0,0.38379430770874,1,1,1,1,0.0671184062957764
2,2,4,88,-3,3,1,0.300936937332153,-1,-1,1,1,0.13379430770874
2,2,4,89,-9,9,1,0.917126417160034,-1,1,-1,-1,0.0509369373321533
2,2,4,90,27,27,1,0.683794021606445,-1,1,1,-1,0.667126417160034
2,2,4,91,-81,81,0,0.383801937103271,1,1,1,-1,0.433794021606445
2,2,4,92,-3,3,0,0.567121982574463,-1,-1,1,1,0.133801937103271
2,2,4,93,-0,0,1,0.683791637420654,-1,-1,-1,-1,0.317121982574463
2,2,4,94,-27,27,0,0.483828067779541,-1,1,-1,-1,0.433791637420654
2,2,4,95,-3,3,1,0.517544507980347,-1,-1,1,-1,0.233828067779541
2,2,4,96,-27,27,0,0.400954246520996,-1,1,-1,-1,0.267544507980347
2,2,4,97,3,3,1,0.517565250396729,-1,-1,1,-1,0.150954246520996
2,2,4,98,9,9,1,0.600887060165405,1,1,-1,-1,0.267565250396729
2,2,4,99,0,0,1,0.567582368850708,1,1,1,1,0.350887060165405
2,2,5,2,-81,81,0,0.383829116821289,1,1,-1,-1,0.417349576950073
2,2,5,3,9,9,1,0.417134046554565,-1,-1,1,1,0.133829116821289
2,2,5,4,3,3,1,0.817600011825562,1,1,-1,-1,0.167134046554565
2,2,5,5,0,0,1,0.667114973068237,1,1,1,1,0.567600011825562
2,2,5,6,81,81,1,0.433795928955078,1,1,1,1,0.417114973068237
2,2,5,7,-9,9,0,0.617131948471069,1,1,1,1,0.183795928955078
2,2,5,8,-27,27,0,0.500888109207153,-1,-1,1,1,0.367131948471069
2,2,5,9,9,9,1,0.617150068283081,-1,-1,-1,-1,0.250888109207153
2,2,5,10,27,27,1,0.701042890548706,1,1,-1,-1,0.367150068283081
2,2,5,14,-27,27,0,0.534248828887939,-1,-1,-1,-1,0.084251880645752
2,2,5,15,9,9,0,0.967154979705811,-1,-1,-1,-1,0.284248828887939
2,2,5,16,9,9,1,0.683794975280762,1,-1,-1,-1,0.717154979705811
2,2,5,17,0,0,1,0.784229040145874,1,1,-1,1,0.433794975280762
2,2,5,18,3,3,1,0.434261322021484,1,1,1,1,0.534229040145874
2,2,5,19,-81,81,0,0.550464868545532,1,1,1,1,0.184261322021484
2,2,5,20,0,0,0,0.767955303192139,-1,-1,1,1,0.300464868545532
2,2,5,21,-81,81,0,0.383877038955688,1,-1,-1,-1,0.517955303192139
2,2,5,22,-27,27,0,0.350903987884521,-1,-1,-1,1,0.133877038955688
2,2,5,23,0,0,1,0.717139720916748,-1,-1,-1,-1,0.100903987884521
2,2,5,24,-9,9,0,0.750448942184448,1,1,-1,-1,0.467139720916748
2,2,5,25,-81,81,0,0.350522041320801,-1,-1,1,1,0.500448942184448
2,2,5,26,-9,9,0,0.401261806488037,-1,-1,-1,-1,0.100522041320801
2,2,5,27,-0,0,0,0.983818054199219,-1,-1,-1,-1,0.151261806488037
2,2,5,28,27,27,1,0.417140007019043,-1,-1,-1,-1,0.733818054199219
2,2,5,29,-3,3,0,0.517132043838501,1,1,-1,-1,0.167140007019043
2,2,5,30,-3,3,1,0.450882434844971,-1,-1,1,1,0.267132043838501
2,2,5,31,-9,9,0,0.484237194061279,-1,1,-1,-1,0.200882434844971
2,2,5,32,-0,0,1,0.417125940322876,-1,-1,1,-1,0.234237194061279
2,2,5,33,-9,9,0,0.384264945983887,-1,1,-1,-1,0.167125940322876
2,2,5,34,-3,3,0,0.750910997390747,-1,-1,1,-1,0.134264945983887
2,2,5,35,81,81,1,0.333794355392456,-1,-1,-1,-1,0.500910997390747
2,2,5,36,81,81,1,0.400528430938721,1,1,-1,-1,0.0837943553924561
2,2,5,37,-27,27,0,0.350516557693481,1,1,1,1,0.150528430938721
2,2,5,38,27,27,1,0.367133140563965,-1,-1,1,1,0.100516557693481
2,2,5,39,-9,9,0,0.567137956619263,1,1,-1,-1,0.117133140563965
2,2,5,40,27,27,1,0.300951719284058,-1,-1,1,1,0.317137956619263
2,2,5,41,9,9,1,0.400912284851074,1,1,-1,-1,0.0509517192840576
2,2,5,42,-27,27,0,0.350492238998413,1,1,1,1,0.150912284851074
2,2,5,43,9,9,1,0.633771419525146,-1,-1,1,1,0.100492238998413
2,2,5,44,-3,3,0,0.65045166015625,1,1,-1,-1,0.383771419525146
2,2,5,45,81,81,1,0.417159080505371,-1,-1,1,1,0.40045166015625
2,2,5,46,-81,81,0,0.40047287940979,1,1,-1,-1,0.167159080505371
2,2,5,47,81,81,1,0.350926876068115,-1,-1,1,1,0.15047287940979
2,2,5,48,-9,9,0,0.534215927124023,1,1,-1,-1,0.100926876068115
2,2,5,49,81,81,1,0.417731285095215,-1,-1,1,1,0.284215927124023
2,2,5,50,-3,3,0,0.317125558853149,1,1,-1,-1,0.167731285095215
2,2,5,51,-0,0,1,0.267749309539795,-1,-1,1,1,0.0671255588531494
2,2,5,52,-27,27,0,0.350507974624634,-1,1,-1,-1,0.0177493095397949
2,2,5,53,-27,27,0,0.550470113754272,-1,-1,1,-1,0.100507974624634
2,2,5,54,81,81,1,0.500471115112305,-1,-1,-1,-1,0.300470113754272
2,2,5,55,-3,3,0,0.600897550582886,1,1,-1,-1,0.250471115112305
2,2,5,56,-0,0,1,0.717583894729614,-1,-1,1,1,0.350897550582886
2,2,5,57,-81,81,0,0.500472068786621,-1,1,-1,-1,0.467583894729614
2,2,5,58,-9,9,0,0.483786821365356,-1,-1,1,-1,0.250472068786621
2,2,5,59,3,3,1,0.533787965774536,-1,-1,-1,-1,0.233786821365356
2,2,5,60,9,9,1,0.701202392578125,1,1,-1,-1,0.283787965774536
2,2,5,61,-27,27,0,0.567140102386475,1,1,1,1,0.451202392578125
2,2,5,62,-81,81,0,0.434666156768799,-1,-1,1,1,0.317140102386475
2,2,5,63,3,3,1,0.433797359466553,-1,-1,-1,-1,0.184666156768799
2,2,5,64,-27,27,0,0.534229040145874,1,1,-1,-1,0.183797359466553
2,2,5,65,-9,9,0,0.633771657943726,-1,-1,1,1,0.284229040145874
2,2,5,66,81,81,1,0.667639017105103,-1,-1,-1,-1,0.383771657943726
2,2,5,67,3,3,1,0.350931882858276,1,1,-1,-1,0.417639017105103
2,2,5,68,-3,3,1,0.434248924255371,1,1,1,1,0.100931882858276
2,2,5,69,-81,81,0,0.367208242416382,-1,1,1,1,0.184248924255371
2,2,5,70,3,3,1,0.300482034683228,-1,-1,1,-1,0.117208242416382
2,2,5,71,-3,3,0,0.683813095092773,1,1,-1,-1,0.0504820346832275
2,2,5,72,27,27,1,0.567120313644409,-1,-1,1,1,0.433813095092773
2,2,5,73,27,27,0,0.617132186889648,1,1,-1,-1,0.317120313644409
2,2,5,74,3,3,1,0.550886154174805,1,-1,1,1,0.367132186889648
2,2,5,75,0,0,1,0.617117881774902,1,1,-1,1,0.300886154174805
2,2,5,76,81,81,1,0.450492858886719,1,1,1,1,0.367117881774902
2,2,5,77,3,3,1,0.633785247802734,1,1,1,1,0.200492858886719
2,2,5,78,27,27,1,0.617578029632568,1,1,1,1,0.383785247802734
2,2,5,79,-3,3,1,0.533802032470703,1,1,1,1,0.367578029632568
2,2,5,80,-81,81,0,0.35092306137085,-1,1,1,1,0.283802032470703
2,2,5,81,-27,27,0,0.367146253585815,-1,-1,1,-1,0.10092306137085
2,2,5,82,81,81,1,0.317128896713257,-1,-1,-1,-1,0.117146253585815
2,2,5,83,9,9,1,0.284262180328369,1,1,-1,-1,0.0671288967132568
2,2,5,84,-3,3,0,0.417112588882446,1,1,1,1,0.0342621803283691
2,2,5,85,-9,9,1,0.383816003799438,-1,-1,1,1,0.167112588882446
2,2,5,86,-3,3,0,0.434264183044434,-1,1,-1,-1,0.133816003799438
2,2,5,87,27,27,1,0.350449562072754,-1,-1,1,-1,0.184264183044434
2,2,5,88,81,81,1,0.384282350540161,1,1,-1,-1,0.100449562072754
2,2,5,89,-27,27,0,0.567162990570068,1,1,1,1,0.134282350540161
2,2,5,90,9,9,1,0.451287508010864,-1,-1,1,1,0.317162990570068
2,2,5,91,9,9,1,0.650485992431641,1,1,-1,-1,0.201287508010864
2,2,5,92,0,0,0,0.700896024703979,1,1,1,1,0.400485992431641
2,2,5,93,-9,9,0,0.467168092727661,1,-1,1,1,0.450896024703979
2,2,5,94,0,0,0,0.417151927947998,-1,-1,-1,1,0.217168092727661
2,2,5,95,-27,27,0,0.500480175018311,1,-1,-1,-1,0.167151927947998
2,2,5,96,9,9,0,0.700881958007812,-1,-1,-1,1,0.250480175018311
2,2,5,97,-3,3,1,0.300455331802368,1,-1,-1,-1,0.450881958007812
2,2,5,98,-81,81,0,0.367591142654419,-1,1,-1,1,0.0504553318023682
2,2,5,99,-3,3,0,0.350489854812622,-1,-1,1,-1,0.117591142654419
2,2,6,2,-27,27,0,0.333801984786987,1,-1,1,1,0.484039068222046
2,2,6,3,-3,3,0,0.400951623916626,-1,-1,-1,1,0.0838019847869873
2,2,6,4,-0,0,1,0.63379979133606,-1,-1,-1,-1,0.150951623916626
2,2,6,5,-0,0,0,0.450456142425537,-1,1,-1,-1,0.38379979133606
2,2,6,6,-3,3,0,0.334254026412964,-1,-1,1,-1,0.200456142425537
2,2,6,7,-3,3,0,0.400494813919067,-1,-1,-1,-1,0.0842540264129639
2,2,6,8,-3,3,0,0.283808946609497,-1,-1,-1,-1,0.150494813919067
2,2,6,9,-3,3,1,0.633795499801636,-1,-1,-1,-1,0.0338089466094971
2,2,6,10,-9,9,0,0.301110029220581,-1,1,-1,-1,0.383795499801636
2,2,6,11,-27,27,0,0.283869028091431,-1,-1,1,-1,0.0511100292205811
2,2,6,15,9,9,0,0.250945091247559,1,1,-1,-1,0.117125272750854
2,2,6,16,-0,0,1,0.484238147735596,1,-1,1,1,0.000945091247558594
2,2,6,17,-27,27,0,0.283840656280518,-1,1,-1,1,0.234238147735596
2,2,6,18,-9,9,0,0.750471591949463,-1,-1,1,-1,0.0338406562805176
2,2,6,19,-9,9,0,0.484261989593506,-1,-1,-1,-1,0.500471591949463
2,2,6,20,-0,0,1,0.650559902191162,-1,-1,-1,-1,0.234261989593506
2,2,6,21,-81,81,0,0.534252882003784,-1,1,-1,-1,0.400559902191162
2,2,6,22,-9,9,0,0.500466108322144,-1,-1,1,-1,0.284252882003784
2,2,6,26,9,9,1,0.417593002319336,1,1,1,1,0.417553186416626
2,2,6,27,9,9,1,0.267594337463379,1,1,1,1,0.167593002319336
2,2,6,28,3,3,1,0.400901794433594,1,1,1,1,0.0175943374633789
2,2,6,29,27,27,1,0.284306764602661,1,1,1,1,0.150901794433594
2,2,6,30,0,0,1,0.400543928146362,1,1,1,1,0.0343067646026611
2,2,6,31,81,81,1,0.500885486602783,1,1,1,1,0.150543928146362
2,2,6,32,-9,9,1,0.38383412361145,1,1,1,1,0.250885486602783
2,2,6,33,-27,27,0,0.334272146224976,-1,1,1,1,0.13383412361145
2,2,6,34,-81,81,0,0.450470924377441,-1,-1,1,-1,0.0842721462249756
2,2,6,35,-9,9,0,0.667619705200195,-1,-1,-1,-1,0.200470924377441
2,2,6,36,-9,9,1,0.683771371841431,-1,-1,-1,-1,0.417619705200195
2,2,6,37,-27,27,0,0.367149114608765,-1,1,-1,-1,0.433771371841431
2,2,6,38,-3,3,1,0.367180109024048,-1,-1,1,-1,0.117149114608765
2,2,6,39,-3,3,1,0.400480270385742,-1,1,-1,-1,0.117180109024048
2,2,6,40,-3,3,0,0.467594146728516,-1,1,1,-1,0.150480270385742
2,2,6,41,-3,3,0,0.683818817138672,-1,-1,1,-1,0.217594146728516
2,2,6,42,3,3,1,0.400494813919067,-1,-1,-1,-1,0.433818817138672
2,2,6,43,0,0,0,0.534259080886841,1,1,-1,-1,0.150494813919067
2,2,6,44,3,3,1,0.300906181335449,1,-1,1,1,0.284259080886841
2,2,6,45,81,81,1,0.400476455688477,1,1,-1,1,0.0509061813354492
2,2,6,46,9,9,1,0.400479316711426,1,1,1,1,0.150476455688477
2,2,6,47,81,81,1,0.500462055206299,1,1,1,1,0.150479316711426
2,2,6,48,-27,27,0,0.268152475357056,1,1,1,1,0.250462055206299
2,2,6,49,-27,27,0,0.317741394042969,-1,-1,1,1,0.0181524753570557
2,2,6,50,3,3,1,0.25091814994812,-1,-1,-1,-1,0.0677413940429688
2,2,6,51,9,9,1,0.317631244659424,1,1,-1,-1,0.000918149948120117
2,2,6,55,81,81,1,0.417590856552124,1,1,1,1,0.333804845809937
2,2,6,56,-27,27,0,0.450922966003418,1,1,1,1,0.167590856552124
2,2,6,57,-3,3,1,0.367622137069702,-1,-1,1,1,0.200922966003418
2,2,6,58,-0,0,1,0.71755838394165,-1,1,-1,-1,0.117622137069702
2,2,6,59,-9,9,0,0.26715087890625,-1,1,1,-1,0.46755838394165
2,2,6,60,-27,27,0,0.350478172302246,-1,-1,1,-1,0.01715087890625
2,2,6,61,-81,81,0,0.333804845809937,-1,-1,-1,-1,0.100478172302246
2,2,6,62,-9,9,1,0.550457239151001,-1,-1,-1,-1,0.0838048458099365
2,2,6,63,-9,9,0,0.518115282058716,-1,1,-1,-1,0.300457239151001
2,2,6,64,-81,81,0,0.367592811584473,-1,-1,1,-1,0.268115282058716
2,2,6,65,-3,3,0,0.583775520324707,-1,-1,-1,-1,0.117592811584473
2,2,6,66,-3,3,0,0.334226608276367,-1,-1,-1,-1,0.333775520324707
2,2,6,67,-0,0,0,0.600442171096802,-1,-1,-1,-1,0.0842266082763672
2,2,6,68,-0,0,1,0.550475597381592,-1,-1,-1,-1,0.350442171096802
2,2,6,69,-27,27,0,0.367697954177856,-1,1,-1,-1,0.300475597381592
2,2,6,70,-81,81,0,0.400923013687134,-1,-1,1,-1,0.117697954177856
2,2,6,71,81,81,1,0.450934171676636,-1,-1,-1,-1,0.150923013687134
2,2,6,72,81,81,1,0.417132139205933,1,1,-1,-1,0.200934171676636
2,2,6,73,81,81,1,0.450470209121704,1,1,1,1,0.167132139205933
2,2,6,74,81,81,1,0.300470352172852,1,1,1,1,0.200470209121704
2,2,6,75,27,27,1,0.317125797271729,1,1,1,1,0.0504703521728516
2,2,6,76,-9,9,0,0.350504159927368,1,1,1,1,0.0671257972717285
2,2,6,77,-81,81,0,0.333793163299561,-1,-1,1,1,0.100504159927368
2,2,6,78,3,3,1,0.600440502166748,-1,-1,-1,-1,0.0837931632995605
2,2,6,82,-3,3,0,0.500476837158203,1,1,1,1,0.284244298934937
2,2,6,83,-81,81,0,0.367120265960693,-1,-1,1,1,0.250476837158203
2,2,6,84,81,81,1,0.517135381698608,-1,-1,-1,-1,0.117120265960693
2,2,6,85,81,81,1,0.333807468414307,1,1,-1,-1,0.267135381698608
2,2,6,86,-9,9,0,0.567617654800415,1,1,1,1,0.0838074684143066
2,2,6,87,27,27,1,0.433778524398804,-1,-1,1,1,0.317617654800415
2,2,6,88,27,27,1,0.434263229370117,1,1,-1,-1,0.183778524398804
2,2,6,89,3,3,1,0.38422155380249,1,1,1,1,0.184263229370117
2,2,6,90,81,81,1,0.350475072860718,1,1,1,1,0.13422155380249
2,2,6,91,-9,9,1,0.634233951568604,1,1,1,1,0.100475072860718
2,2,6,92,-27,27,0,0.417125225067139,-1,1,1,1,0.384233951568604
2,2,6,93,-27,27,0,0.3838050365448,-1,-1,1,-1,0.167125225067139
2,2,6,94,-9,9,1,0.700895071029663,-1,-1,-1,-1,0.1338050365448
2,2,6,95,-81,81,0,0.334259033203125,-1,1,-1,-1,0.450895071029663
2,2,6,96,27,27,1,0.317187786102295,-1,-1,1,-1,0.084259033203125
2,2,6,97,81,81,1,0.500473022460938,1,1,-1,-1,0.0671877861022949
2,2,6,98,-27,27,0,0.533784866333008,1,1,1,1,0.250473022460938
2,2,6,99,3,3,1,1.06713223457336,-1,-1,1,1,0.283784866333008
2,3,1,2,9,9,1,1.16752195358276,-1,-1,-1,-1,0.367342233657837
2,3,1,3,-9,9,0,0.533788442611694,1,1,-1,-1,0.917521953582764
2,3,1,4,-27,27,0,0.583845138549805,-1,-1,1,1,0.283788442611694
2,3,1,5,-27,27,0,0.417150974273682,-1,-1,-1,-1,0.333845138549805
2,3,1,6,27,27,1,0.433825731277466,-1,-1,-1,-1,0.167150974273682
2,3,1,7,-9,9,0,0.550950050354004,1,1,-1,-1,0.183825731277466
2,3,1,8,81,81,1,0.300516128540039,-1,-1,1,1,0.300950050354004
2,3,1,9,-3,3,1,0.850927114486694,1,1,-1,-1,0.0505161285400391
2,3,1,10,81,81,1,0.400945425033569,-1,1,1,1,0.600927114486694
2,3,1,11,-3,3,0,0.517560958862305,1,1,1,-1,0.150945425033569
2,3,1,12,27,27,1,0.333789110183716,-1,-1,1,1,0.267560958862305
2,3,1,13,-9,9,0,1.16712498664856,1,1,-1,-1,0.0837891101837158
2,3,1,14,81,81,1,0.483821153640747,-1,-1,1,1,0.91712498664856
2,3,1,15,-9,9,0,0.667148351669312,1,1,-1,-1,0.233821153640747
2,3,1,16,-9,9,0,0.733773946762085,-1,-1,1,1,0.417148351669312
2,3,1,17,3,3,0,1.03380966186523,-1,-1,-1,-1,0.483773946762085
2,3,1,18,-27,27,0,0.400487899780273,1,-1,-1,-1,0.783809661865234
2,3,1,19,-81,81,0,0.400485038757324,-1,-1,-1,1,0.150487899780273
2,3,1,20,3,3,1,0.634241104125977,-1,-1,-1,-1,0.150485038757324
2,3,1,21,-81,81,0,0.400951147079468,1,1,-1,-1,0.384241104125977
2,3,1,22,0,0,1,0.71759295463562,-1,-1,1,1,0.150951147079468
2,3,1,23,-9,9,0,0.500937938690186,1,1,-1,-1,0.46759295463562
2,3,1,24,-27,27,0,0.35096549987793,-1,-1,1,1,0.250937938690186
2,3,1,25,-81,81,0,0.40159010887146,-1,-1,-1,-1,0.10096549987793
2,3,1,26,81,81,1,0.534270048141479,-1,-1,-1,-1,0.15159010887146
2,3,1,27,-81,81,0,0.467148065567017,1,1,-1,-1,0.284270048141479
2,3,1,28,3,3,1,0.667152166366577,-1,-1,1,1,0.217148065567017
2,3,1,29,-3,3,0,0.683809757232666,1,1,-1,-1,0.417152166366577
2,3,1,30,-27,27,0,0.483788251876831,-1,-1,1,1,0.433809757232666
2,3,1,31,0,0,1,0.700944423675537,-1,-1,-1,-1,0.233788251876831
2,3,1,32,-81,81,0,0.367578506469727,1,1,-1,-1,0.450944423675537
2,3,1,33,27,27,1,0.450949430465698,-1,-1,1,1,0.117578506469727
2,3,1,34,-81,81,0,0.400925874710083,1,1,-1,-1,0.200949430465698
2,3,1,35,3,3,1,0.684242010116577,-1,-1,1,1,0.150925874710083
2,3,1,36,-27,27,0,0.517144680023193,1,1,-1,-1,0.434242010116577
2,3,1,37,-3,3,1,0.567175149917603,-1,-1,1,1,0.267144680023193
2,3,1,38,0,0,1,0.767148733139038,-1,1,-1,-1,0.317175149917603
2,3,1,39,-27,27,0,0.333858966827393,1,1,1,-1,0.517148733139038
2,3,1,40,27,27,1,0.384311437606812,-1,-1,1,1,0.0838589668273926
2,3,1,41,-81,81,0,0.383788108825684,1,1,-1,-1,0.134311437606812
2,3,1,42,3,3,1,0.950470924377441,-1,-1,1,1,0.133788108825684
2,3,1,43,-3,3,1,0.617118120193481,1,1,-1,-1,0.700470924377441
2,3,1,44,81,81,1,0.433796167373657,-1,1,1,1,0.367118120193481
2,3,1,45,9,9,1,0.350895166397095,1,1,1,-1,0.183796167373657
2,3,1,46,-27,27,0,0.367579221725464,1,1,1,1,0.100895166397095
2,3,1,47,81,81,1,0.434282541275024,-1,-1,1,1,0.117579221725464
2,3,1,48,-0,0,1,0.400948762893677,1,1,-1,-1,0.184282541275024
2,3,1,49,9,9,1,0.583808660507202,-1,1,1,1,0.150948762893677
2,3,1,50,0,0,1,1.28379487991333,1,1,1,-1,0.333808660507202
2,3,1,51,27,27,1,0.467133522033691,1,1,1,1,1.03379487991333
2,3,1,52,-81,81,0,0.40089225769043,1,1,1,1,0.217133522033691
2,3,1,53,27,27,1,0.467567682266235,-1,-1,1,1,0.15089225769043
2,3,1,54,-3,3,1,0.767546653747559,1,1,-1,-1,0.217567682266235
2,3,1,55,3,3,1,0.533821105957031,-1,1,1,1,0.517546653747559
2,3,1,56,-81,81,0,0.367179870605469,1,1,1,-1,0.283821105957031
2,3,1,57,9,9,1,0.567118167877197,-1,-1,1,1,0.117179870605469
2,3,1,58,3,3,1,0.617120265960693,1,1,-1,-1,0.317118167877197
2,3,1,59,-9,9,0,0.367126226425171,1,1,1,1,0.367120265960693
2,3,1,60,81,81,1,0.350499153137207,-1,-1,1,1,0.117126226425171
2,3,1,61,81,81,1,0.367596626281738,1,1,-1,-1,0.100499153137207
2,3,1,62,-9,9,0,0.80049204826355,1,1,1,1,0.117596626281738
2,3,1,63,27,27,1,0.300935029983521,-1,-1,1,1,0.55049204826355
2,3,1,64,-3,3,0,0.467162370681763,1,1,-1,-1,0.0509350299835205
2,3,1,65,9,9,1,0.250939130783081,-1,-1,1,1,0.217162370681763
2,3,1,66,81,81,1,0.517148733139038,1,1,-1,-1,0.000939130783081055
2,3,1,67,-3,3,1,0.700464963912964,1,1,1,1,0.267148733139038
2,3,1,68,3,3,1,0.76714015007019,-1,1,1,1,0.450464963912964
2,3,1,69,-9,9,0,0.317155838012695,1,1,1,-1,0.51714015007019
2,3,1,70,3,3,0,0.583824157714844,-1,-1,1,1,0.0671558380126953
2,3,1,71,-27,27,0,0.48378586769104,1,-1,-1,-1,0.333824157714844
2,3,1,72,9,9,1,0.533784151077271,-1,-1,-1,1,0.23378586769104
2,3,1,73,0,0,1,0.500491857528687,1,1,-1,-1,0.283784151077271
2,3,1,74,0,0,0,0.400521278381348,1,1,1,1,0.250491857528687
2,3,1,75,-0,0,1,0.700496673583984,1,-1,1,1,0.150521278381348
2,3,1,76,3,3,1,0.867143869400024,-1,1,-1,1,0.450496673583984
2,3,1,77,9,9,1,0.550451517105103,1,1,1,-1,0.617143869400024
2,3,1,78,-0,0,0,0.500920295715332,1,1,1,1,0.300451517105103
2,3,1,79,27,27,1,0.4338219165802,-1,-1,1,1,0.250920295715332
2,3,1,80,-81,81,0,0.433852195739746,1,1,-1,-1,0.1838219165802
2,3,1,81,81,81,1,0.433799028396606,-1,-1,1,1,0.183852195739746
2,3,1,82,-9,9,1,0.834242105484009,1,1,-1,-1,0.183799028396606
2,3,1,83,3,3,1,0.417134761810303,-1,1,1,1,0.584242105484009
2,3,1,84,-27,27,0,0.267626285552979,1,1,1,-1,0.167134761810303
2,3,1,85,0,0,1,0.383813858032227,-1,-1,1,1,0.0176262855529785
2,3,1,86,-27,27,0,0.300939798355103,1,1,-1,-1,0.133813858032227
2,3,1,87,9,9,1,0.383897542953491,-1,-1,1,1,0.0509397983551025
2,3,1,88,-81,81,0,0.333807229995728,1,1,-1,-1,0.133897542953491
2,3,1,89,-27,27,0,0.46717381477356,-1,-1,1,1,0.0838072299957275
2,3,1,90,27,27,1,0.450453996658325,-1,-1,-1,-1,0.21717381477356
2,3,1,91,-3,3,0,0.517579793930054,1,1,-1,-1,0.200453996658325
2,3,1,92,27,27,1,0.567121267318726,-1,-1,1,1,0.267579793930054
2,3,1,93,-3,3,1,0.633780241012573,1,1,-1,-1,0.317121267318726
2,3,1,94,81,81,1,0.617142200469971,-1,1,1,1,0.383780241012573
2,3,1,95,-9,9,1,0.634220123291016,1,1,1,-1,0.367142200469971
2,3,1,96,9,9,1,0.467165231704712,-1,1,1,1,0.384220123291016
2,3,1,97,9,9,1,0.600489616394043,1,1,1,-1,0.217165231704712
2,3,1,98,-0,0,0,0.834278106689453,1,1,1,1,0.350489616394043
2,3,1,99,-9,9,0,0.5342698097229,-1,-1,1,1,0.584278106689453
2,3,2,2,-9,9,0,0.668023347854614,-1,1,1,-1,0.567779302597046
2,3,2,3,3,3,1,0.567583560943604,-1,-1,1,-1,0.418023347854614
2,3,2,4,-3,3,1,0.617603540420532,1,1,-1,-1,0.317583560943604
2,3,2,5,27,27,1,0.36723804473877,-1,1,1,1,0.367603540420532
2,3,2,6,-0,0,0,0.633817911148071,1,1,1,-1,0.11723804473877
2,3,2,7,27,27,1,0.400474548339844,-1,-1,1,1,0.383817911148071
2,3,2,8,-9,9,0,0.533812761306763,1,1,-1,-1,0.150474548339844
2,3,2,9,3,3,1,0.517155408859253,-1,-1,1,1,0.283812761306763
2,3,2,10,-9,9,0,0.517645120620728,1,1,-1,-1,0.267155408859253
2,3,2,11,27,27,1,0.350960493087769,-1,-1,1,1,0.267645120620728
2,3,2,12,-81,81,0,0.350499629974365,1,1,-1,-1,0.100960493087769
2,3,2,13,27,27,1,0.433836460113525,-1,-1,1,1,0.100499629974365
2,3,2,14,-0,0,1,0.533823490142822,1,1,-1,-1,0.183836460113525
2,3,2,19,3,3,1,0.633784055709839,-1,1,1,1,0.450918436050415
2,3,2,20,-9,9,0,0.450948476791382,1,1,1,-1,0.383784055709839
2,3,2,21,81,81,1,0.467616081237793,-1,-1,1,1,0.200948476791382
2,3,2,22,-81,81,0,0.500990390777588,1,1,-1,-1,0.217616081237793
2,3,2,23,9,9,1,0.583784341812134,-1,-1,1,1,0.250990390777588
2,3,2,24,27,27,1,0.300497531890869,1,1,-1,-1,0.333784341812134
2,3,2,25,9,9,1,1.00090765953064,1,1,1,1,0.0504975318908691
2,3,2,26,-81,81,0,0.400460243225098,1,1,1,1,0.75090765953064
2,3,2,27,3,3,1,0.667113304138184,-1,-1,1,1,0.150460243225098
2,3,2,28,-0,0,1,0.583791017532349,1,1,-1,-1,0.417113304138184
2,3,2,29,0,0,1,0.450502157211304,-1,1,1,1,0.333791017532349
2,3,2,30,-9,9,0,0.550570487976074,1,1,1,-1,0.200502157211304
2,3,2,31,81,81,1,0.434216499328613,-1,-1,1,1,0.300570487976074
2,3,2,32,-3,3,0,0.650437355041504,1,1,-1,-1,0.184216499328613
2,3,2,33,9,9,1,0.450959444046021,-1,-1,1,1,0.400437355041504
2,3,2,34,-0,0,1,0.483786106109619,1,1,-1,-1,0.200959444046021
2,3,2,35,-3,3,0,0.63381290435791,-1,1,1,1,0.233786106109619
2,3,2,36,9,9,1,0.284281730651855,-1,-1,1,-1,0.38381290435791
2,3,2,37,81,81,1,0.483810663223267,1,1,-1,-1,0.0342817306518555
2,3,2,38,-27,27,0,0.483825922012329,1,1,1,1,0.233810663223267
2,3,2,39,9,9,1,0.384235143661499,-1,-1,1,1,0.233825922012329
2,3,2,40,-3,3,1,0.700917720794678,1,1,-1,-1,0.134235143661499
2,3,2,41,81,81,1,0.433899879455566,-1,1,1,1,0.450917720794678
2,3,2,42,-27,27,0,0.384278774261475,1,1,1,-1,0.183899879455566
2,3,2,43,-3,3,1,0.617159605026245,-1,-1,1,1,0.134278774261475
2,3,2,44,81,81,1,0.583821535110474,-1,1,-1,-1,0.367159605026245
2,3,2,45,-81,81,0,0.317616939544678,1,1,1,-1,0.333821535110474
2,3,2,46,-81,81,0,0.517188549041748,-1,-1,1,1,0.0676169395446777
2,3,2,47,27,27,1,0.400891542434692,-1,-1,-1,-1,0.267188549041748
2,3,2,48,-0,0,1,0.784781694412231,1,1,-1,-1,0.150891542434692
2,3,2,49,27,27,1,0.500473499298096,-1,1,1,1,0.534781694412231
2,3,2,50,-81,81,0,0.367166519165039,1,1,1,-1,0.250473499298096
2,3,2,51,-0,0,1,0.984248399734497,-1,-1,1,1,0.117166519165039
2,3,2,52,3,3,0,0.733816862106323,-1,1,-1,-1,0.734248399734497
2,3,2,53,9,9,1,0.434270858764648,1,-1,1,-1,0.483816862106323
2,3,2,54,-27,27,0,0.350986480712891,1,1,-1,1,0.184270858764648
2,3,2,55,27,27,1,0.467151165008545,-1,-1,1,1,0.100986480712891
2,3,2,56,-0,0,1,0.36760950088501,1,1,-1,-1,0.217151165008545
2,3,2,57,27,27,1,0.367115497589111,-1,1,1,1,0.11760950088501
2,3,2,58,-3,3,0,0.350470542907715,1,1,1,-1,0.117115497589111
2,3,2,59,-27,27,0,0.433830499649048,-1,-1,1,1,0.100470542907715
2,3,2,60,-9,9,1,0.750502347946167,-1,-1,-1,-1,0.183830499649048
2,3,2,61,3,3,1,0.417579889297485,-1,1,-1,-1,0.500502347946167
2,3,2,62,-81,81,0,0.284252643585205,1,1,1,-1,0.167579889297485
2,3,2,63,3,3,1,0.517111539840698,-1,-1,1,1,0.0342526435852051
2,3,2,64,-27,27,0,0.434228181838989,1,1,-1,-1,0.267111539840698
2,3,2,65,81,81,1,0.717160701751709,-1,-1,1,1,0.184228181838989
2,3,2,66,-81,81,0,0.53427267074585,1,1,-1,-1,0.467160701751709
2,3,2,67,81,81,1,0.533866405487061,-1,-1,1,1,0.28427267074585
2,3,2,68,-81,81,0,0.467236518859863,1,1,-1,-1,0.283866405487061
2,3,2,69,27,27,1,0.53461217880249,-1,-1,1,1,0.217236518859863
2,3,2,70,-0,0,1,0.483830690383911,1,1,-1,-1,0.28461217880249
2,3,2,71,0,0,1,0.400501728057861,-1,1,1,1,0.233830690383911
2,3,2,72,-3,3,0,0.63424277305603,1,1,1,-1,0.150501728057861
2,3,2,73,27,27,1,0.350934743881226,-1,-1,1,1,0.38424277305603
2,3,2,74,-9,9,1,0.483829975128174,1,1,-1,-1,0.100934743881226
2,3,2,75,-9,9,0,0.517614603042603,-1,1,1,1,0.233829975128174
2,3,2,76,-27,27,0,0.384280920028687,-1,-1,1,-1,0.267614603042603
2,3,2,77,-0,0,1,0.450495719909668,-1,-1,-1,-1,0.134280920028687
2,3,2,78,-27,27,0,0.433828592300415,-1,1,-1,-1,0.200495719909668
2,3,2,79,81,81,1,0.434359788894653,-1,-1,1,-1,0.183828592300415
2,3,2,80,-81,81,0,0.534215450286865,1,1,-1,-1,0.184359788894653
2,3,2,81,9,9,1,0.750457286834717,-1,-1,1,1,0.284215450286865
2,3,2,82,3,3,0,0.700932502746582,1,1,-1,-1,0.500457286834717
2,3,2,83,-81,81,0,0.567157983779907,1,-1,1,1,0.450932502746582
2,3,2,84,3,3,1,0.484297752380371,-1,-1,-1,1,0.317157983779907
2,3,2,85,-27,27,0,0.350478410720825,1,1,-1,-1,0.234297752380371
2,3,2,86,9,9,1,0.317562580108643,-1,-1,1,1,0.100478410720825
2,3,2,87,-9,9,0,0.434227466583252,1,1,-1,-1,0.0675625801086426
2,3,2,88,27,27,1,0.300480604171753,-1,-1,1,1,0.184227466583252
2,3,2,89,-3,3,1,0.351526498794556,1,1,-1,-1,0.0504806041717529
2,3,2,90,81,81,1,0.450473546981812,-1,1,1,1,0.101526498794556
2,3,2,91,-81,81,0,0.450938701629639,1,1,1,-1,0.200473546981812
2,3,2,92,3,3,1,0.60047721862793,-1,-1,1,1,0.200938701629639
2,3,2,93,-9,9,0,0.900442838668823,1,1,-1,-1,0.35047721862793
2,3,2,94,3,3,1,0.300500631332397,-1,-1,1,1,0.650442838668823
2,3,2,95,-3,3,1,0.550455093383789,1,1,-1,-1,0.0505006313323975
2,3,2,96,27,27,1,0.283796787261963,-1,1,1,1,0.300455093383789
2,3,2,97,-27,27,0,0.383800745010376,1,1,1,-1,0.0337967872619629
2,3,2,98,9,9,1,0.284283638000488,-1,-1,1,1,0.133800745010376
2,3,2,99,-9,9,1,0.551021814346313,1,1,-1,-1,0.0342836380004883
2,3,3,2,3,3,1,0.450958013534546,1,1,1,1,0.217832565307617
2,3,3,3,27,27,1,0.333817958831787,1,1,1,1,0.200958013534546
2,3,3,4,-81,81,0,0.450489044189453,1,1,1,1,0.0838179588317871
2,3,3,5,-9,9,0,0.817706823348999,-1,-1,1,1,0.200489044189453
2,3,3,6,-9,9,0,0.650494813919067,-1,-1,-1,-1,0.567706823348999
2,3,3,7,-0,0,1,0.400466203689575,-1,-1,-1,-1,0.400494813919067
2,3,3,8,-0,0,1,0.450895309448242,-1,1,-1,-1,0.150466203689575
2,3,3,9,9,9,1,0.385061502456665,-1,1,1,-1,0.200895309448242
2,3,3,10,81,81,1,0.450489044189453,1,1,1,-1,0.135061502456665
2,3,3,11,3,3,1,0.750921249389648,1,1,1,1,0.200489044189453
2,3,3,12,-9,9,0,0.583794832229614,1,1,1,1,0.500921249389648
2,3,3,13,-27,27,1,0.617152690887451,-1,-1,1,1,0.333794832229614
2,3,3,14,27,27,1,0.333862066268921,-1,1,-1,-1,0.367152690887451
2,3,3,15,-9,9,0,0.633783102035522,1,1,1,-1,0.0838620662689209
2,3,3,16,9,9,1,0.417640447616577,-1,-1,1,1,0.383783102035522
2,3,3,17,0,0,1,0.56712007522583,1,1,-1,-1,0.167640447616577
2,3,3,18,81,81,1,0.417159795761108,1,1,1,1,0.31712007522583
2,3,3,19,3,3,1,0.383831739425659,1,1,1,1,0.167159795761108
2,3,3,20,9,9,1,0.40045166015625,1,1,1,1,0.133831739425659
2,3,3,21,0,0,1,0.467594861984253,1,1,1,1,0.15045166015625
2,3,3,22,-27,27,0,0.417205572128296,1,1,1,1,0.217594861984253
2,3,3,23,81,81,1,0.483827829360962,-1,-1,1,1,0.167205572128296
2,3,3,24,-3,3,1,1.08423805236816,1,1,-1,-1,0.233827829360962
2,3,3,25,3,3,0,0.850925922393799,-1,1,1,1,0.834238052368164
2,3,3,26,-81,81,0,0.36762523651123,1,-1,1,-1,0.600925922393799
2,3,3,27,-0,0,0,0.900888204574585,-1,-1,-1,1,0.11762523651123
2,3,3,28,3,3,0,0.500491619110107,-1,-1,-1,-1,0.650888204574585
2,3,3,29,27,27,1,0.450531959533691,1,-1,-1,-1,0.250491619110107
2,3,3,30,9,9,1,0.683812141418457,1,1,-1,1,0.200531959533691
2,3,3,31,3,3,0,0.484254121780396,1,1,1,1,0.433812141418457
2,3,3,32,-3,3,1,1.01714086532593,1,-1,1,1,0.234254121780396
2,3,3,33,-27,27,0,0.300502777099609,-1,1,-1,1,0.767140865325928
2,3,3,34,3,3,1,0.384261131286621,-1,-1,1,-1,0.0505027770996094
2,3,3,35,-3,3,0,0.467171669006348,1,1,-1,-1,0.134261131286621
2,3,3,36,-3,3,0,0.850911855697632,-1,-1,1,1,0.217171669006348
2,3,3,37,9,9,1,0.56761908531189,-1,-1,-1,-1,0.600911855697632
2,3,3,38,27,27,1,0.500916957855225,1,1,-1,-1,0.31761908531189
2,3,3,39,3,3,1,0.584245920181274,1,1,1,1,0.250916957855225
2,3,3,40,-3,3,0,0.633821964263916,1,1,1,1,0.334245920181274
2,3,3,41,-81,81,0,0.600529432296753,-1,-1,1,1,0.383821964263916
2,3,3,42,9,9,0,0.617588758468628,-1,-1,-1,-1,0.350529432296753
2,3,3,43,-27,27,0,0.500518083572388,1,-1,-1,-1,0.367588758468628
2,3,3,44,-0,0,1,0.267171859741211,-1,-1,-1,1,0.250518083572388
2,3,3,45,0,0,1,0.450486898422241,-1,1,-1,-1,0.0171718597412109
2,3,3,46,3,3,1,0.717132806777954,1,1,1,-1,0.200486898422241
2,3,3,47,-81,81,0,0.367583990097046,1,1,1,1,0.467132806777954
2,3,3,48,-81,81,0,0.484290361404419,-1,-1,1,1,0.117583990097046
2,3,3,49,-3,3,1,0.483850002288818,-1,-1,-1,-1,0.234290361404419
2,3,3,50,-27,27,0,0.467156887054443,-1,1,-1,-1,0.233850002288818
2,3,3,51,9,9,1,0.53384804725647,-1,-1,1,-1,0.217156887054443
2,3,3,52,9,9,1,0.600502014160156,1,1,-1,-1,0.28384804725647
2,3,3,53,81,81,1,0.400493144989014,1,1,1,1,0.350502014160156
2,3,3,54,-27,27,0,0.517125844955444,1,1,1,1,0.150493144989014
2,3,3,55,-27,27,0,0.417572498321533,-1,-1,1,1,0.267125844955444
2,3,3,56,-81,81,0,0.434242248535156,-1,-1,-1,-1,0.167572498321533
2,3,3,57,81,81,1,0.367612838745117,-1,-1,-1,-1,0.184242248535156
2,3,3,58,81,81,1,0.334297180175781,1,1,-1,-1,0.117612838745117
2,3,3,59,81,81,1,0.367596864700317,1,1,1,1,0.0842971801757812
2,3,3,60,-9,9,0,0.96711254119873,1,1,1,1,0.117596864700317
2,3,3,61,9,9,1,0.467175006866455,-1,-1,1,1,0.71711254119873
2,3,3,62,-3,3,0,0.55048680305481,1,1,-1,-1,0.217175006866455
2,3,3,63,-27,27,0,0.484271764755249,-1,-1,1,1,0.30048680305481
2,3,3,64,27,27,1,0.417590618133545,-1,-1,-1,-1,0.234271764755249
2,3,3,65,81,81,1,0.467173099517822,1,1,-1,-1,0.167590618133545
2,3,3,66,-9,9,0,0.883806705474854,1,1,1,1,0.217173099517822
2,3,3,67,27,27,1,0.550515174865723,-1,-1,1,1,0.633806705474854
2,3,3,68,3,3,1,0.46761679649353,1,1,-1,-1,0.300515174865723
2,3,3,69,-3,3,1,0.467617034912109,1,1,1,1,0.21761679649353
2,3,3,70,3,3,1,0.400917053222656,-1,1,1,1,0.217617034912109
2,3,3,71,27,27,1,0.3005051612854,1,1,1,-1,0.150917053222656
2,3,3,72,-27,27,0,0.350465297698975,1,1,1,1,0.0505051612854004
2,3,3,73,-0,0,1,0.367575883865356,-1,-1,1,1,0.100465297698975
2,3,3,74,-0,0,1,0.417593955993652,-1,1,-1,-1,0.117575883865356
2,3,3,75,27,27,1,0.367179870605469,-1,1,1,-1,0.167593955993652
2,3,3,76,3,3,1,0.600887060165405,1,1,1,-1,0.117179870605469
2,3,3,77,9,9,1,0.483838081359863,1,1,1,1,0.350887060165405
2,3,3,78,-9,9,0,0.350462198257446,1,1,1,1,0.233838081359863
2,3,3,79,9,9,1,0.383817195892334,-1,-1,1,1,0.100462198257446
2,3,3,80,81,81,1,0.383809089660645,1,1,-1,-1,0.133817195892334
2,3,3,81,9,9,1,0.367166042327881,1,1,1,1,0.133809089660645
2,3,3,82,-27,27,0,0.567152738571167,1,1,1,1,0.117166042327881
2,3,3,83,0,0,1,0.567129373550415,-1,-1,1,1,0.317152738571167
2,3,3,84,27,27,1,0.45048999786377,1,1,-1,-1,0.317129373550415
2,3,3,85,81,81,1,0.350512742996216,1,1,1,1,0.20048999786377
2,3,3,86,-9,9,0,0.717588901519775,1,1,1,1,0.100512742996216
2,3,3,87,9,9,1,0.417172908782959,-1,-1,1,1,0.467588901519775
2,3,3,92,-81,81,0,0.367137908935547,1,1,-1,-1,0.234279632568359
2,3,3,93,-3,3,0,0.750884294509888,-1,-1,1,1,0.117137908935547
2,3,3,94,81,81,1,0.450921058654785,-1,-1,-1,-1,0.500884294509888
2,3,3,95,-81,81,0,0.400914907455444,1,1,-1,-1,0.200921058654785
2,3,3,96,-81,81,0,0.318412780761719,-1,-1,1,1,0.150914907455444
2,3,3,97,9,9,1,0.667120218276978,-1,-1,-1,-1,0.0684127807617188
2,3,3,98,27,27,1,0.63380241394043,1,1,-1,-1,0.417120218276978
2,3,3,99,81,81,1,0.400543212890625,1,1,1,1,0.38380241394043
2,3,4,2,3,3,1,0.650879859924316,-1,1,1,1,0.550719976425171
2,3,4,3,0,0,1,0.550478458404541,1,1,1,-1,0.400879859924316
2,3,4,4,9,9,1,0.683816194534302,1,1,1,1,0.300478458404541
2,3,4,5,3,3,1,0.85047173500061,1,1,1,1,0.433816194534302
2,3,4,6,27,27,1,0.534295082092285,1,1,1,1,0.60047173500061
2,3,4,7,-81,81,0,0.550932645797729,1,1,1,1,0.284295082092285
2,3,4,8,-9,9,1,0.784659624099731,-1,-1,1,1,0.300932645797729
2,3,4,9,-3,3,0,0.550888538360596,-1,1,-1,-1,0.534659624099731
2,3,4,10,-9,9,1,0.401125907897949,-1,-1,1,-1,0.300888538360596
2,3,4,11,-27,27,0,0.484386444091797,-1,1,-1,-1,0.151125907897949
2,3,4,12,-9,9,0,0.467116117477417,-1,-1,1,-1,0.234386444091797
2,3,4,13,-81,81,0,0.333866119384766,-1,-1,-1,-1,0.217116117477417
2,3,4,17,27,27,1,0.350460052490234,-1,-1,-1,-1,0.0838248729705811
2,3,4,18,81,81,1,0.483825445175171,1,1,-1,-1,0.100460052490234
2,3,4,19,27,27,1,0.383843660354614,1,1,1,1,0.233825445175171
2,3,4,20,81,81,1,0.500467538833618,1,1,1,1,0.133843660354614
2,3,4,21,9,9,1,0.467604875564575,1,1,1,1,0.250467538833618
2,3,4,22,0,0,1,0.750489473342896,1,1,1,1,0.217604875564575
2,3,4,23,-81,81,0,0.383846044540405,1,1,1,1,0.500489473342896
2,3,4,24,-3,3,0,0.883809566497803,-1,-1,1,1,0.133846044540405
2,3,4,25,-3,3,1,0.500950574874878,-1,-1,-1,-1,0.633809566497803
2,3,4,26,-27,27,0,0.450470209121704,-1,1,-1,-1,0.250950574874878
2,3,4,27,-9,9,0,0.500499725341797,-1,-1,1,-1,0.200470209121704
2,3,4,28,-81,81,0,0.333789110183716,-1,-1,-1,-1,0.250499725341797
2,3,4,29,-81,81,0,0.333823680877686,-1,-1,-1,-1,0.0837891101837158
2,3,4,30,-9,9,1,0.86711049079895,-1,-1,-1,-1,0.0838236808776855
2,3,4,31,-27,27,0,0.383781433105469,-1,1,-1,-1,0.61711049079895
2,3,4,32,-3,3,1,0.500554323196411,-1,-1,1,-1,0.133781433105469
2,3,4,33,-0,0,1,0.534263610839844,-1,1,-1,-1,0.250554323196411
2,3,4,34,-0,0,1,0.600478887557983,-1,1,1,-1,0.284263610839844
2,3,4,35,-27,27,0,0.400947332382202,-1,1,1,-1,0.350478887557983
2,3,4,36,-3,3,1,0.950456142425537,-1,-1,1,-1,0.150947332382202
2,3,4,37,-81,81,0,0.38422155380249,-1,1,-1,-1,0.700456142425537
2,3,4,38,-3,3,1,0.38477349281311,-1,-1,1,-1,0.13422155380249
2,3,4,39,-81,81,0,0.28428053855896,-1,1,-1,-1,0.13477349281311
2,3,4,40,-9,9,0,0.600488424301147,-1,-1,1,-1,0.03428053855896
2,3,4,41,-27,27,0,0.400500774383545,-1,-1,-1,-1,0.350488424301147
2,3,4,42,-3,3,1,0.967596054077148,-1,-1,-1,-1,0.150500774383545
2,3,4,43,-9,9,1,0.650496482849121,-1,1,-1,-1,0.717596054077148
2,3,4,44,-3,3,0,0.417183876037598,-1,1,1,-1,0.400496482849121
2,3,4,45,-3,3,1,0.750493049621582,-1,-1,1,-1,0.167183876037598
2,3,4,50,81,81,1,0.350953578948975,-1,-1,-1,-1,0.200935840606689
2,3,4,51,0,0,0,0.800927877426147,1,1,-1,-1,0.100953578948975
2,3,4,52,-81,81,0,0.384268999099731,1,-1,1,1,0.550927877426147
2,3,4,53,-81,81,0,0.335004806518555,-1,-1,-1,1,0.134268999099731
2,3,4,54,0,0,1,0.534291982650757,-1,-1,-1,-1,0.0850048065185547
2,3,4,55,27,27,1,0.400891542434692,1,1,-1,-1,0.284291982650757
2,3,4,56,-27,27,0,0.333836555480957,1,1,1,1,0.150891542434692
2,3,4,57,-27,27,0,0.317222595214844,-1,-1,1,1,0.083836555480957
2,3,4,58,-3,3,1,0.717537403106689,-1,-1,-1,-1,0.0672225952148438
2,3,4,59,-27,27,0,0.600957870483398,-1,1,-1,-1,0.467537403106689
2,3,4,60,-9,9,1,0.417110204696655,-1,-1,1,-1,0.350957870483398
2,3,4,61,-0,0,1,0.283788442611694,-1,1,-1,-1,0.167110204696655
2,3,4,62,81,81,1,0.417172908782959,-1,1,1,-1,0.0337884426116943
2,3,4,63,81,81,1,0.350945711135864,1,1,1,-1,0.167172908782959
2,3,4,64,27,27,1,0.383823871612549,1,1,1,1,0.100945711135864
2,3,4,65,27,27,1,0.300485610961914,1,1,1,1,0.133823871612549
2,3,4,66,9,9,1,0.450879335403442,1,1,1,1,0.0504856109619141
2,3,4,67,81,81,1,0.417163372039795,1,1,1,1,0.200879335403442
2,3,4,68,-3,3,1,0.467622756958008,1,1,1,1,0.167163372039795
2,3,4,69,-27,27,0,0.35097599029541,-1,1,1,1,0.217622756958008
2,3,4,70,9,9,1,0.433793783187866,-1,-1,1,-1,0.10097599029541
2,3,4,71,3,3,1,0.550940752029419,1,1,-1,-1,0.183793783187866
2,3,4,72,9,9,1,0.783811569213867,1,1,1,1,0.300940752029419
2,3,4,73,-0,0,0,0.700934886932373,1,1,1,1,0.533811569213867
2,3,4,74,-27,27,0,0.500975847244263,-1,-1,1,1,0.450934886932373
2,3,4,75,9,9,1,0.417608737945557,-1,-1,-1,-1,0.250975847244263
2,3,4,76,9,9,1,0.434285640716553,1,1,-1,-1,0.167608737945557
2,3,4,77,-9,9,0,0.550484895706177,1,1,1,1,0.184285640716553
2,3,4,78,-3,3,0,0.650446653366089,-1,-1,1,1,0.300484895706177
2,3,4,79,-3,3,1,0.650965690612793,-1,-1,-1,-1,0.400446653366089
2,3,4,80,-9,9,0,0.550893068313599,-1,1,-1,-1,0.400965690612793
2,3,4,81,-3,3,0,0.600938558578491,-1,-1,1,-1,0.300893068313599
2,3,4,82,-9,9,0,1.10135650634766,-1,-1,-1,-1,0.350938558578491
2,3,4,83,-81,81,0,0.417113542556763,-1,-1,-1,-1,0.851356506347656
2,3,4,84,-81,81,0,0.400947570800781,-1,-1,-1,-1,0.167113542556763
2,3,4,85,3,3,1,0.867620229721069,-1,-1,-1,-1,0.150947570800781
2,3,4,86,81,81,1,0.467110395431519,1,1,-1,-1,0.617620229721069
2,3,4,87,81,81,1,0.367118835449219,1,1,1,1,0.217110395431519
2,3,4,88,81,81,1,0.417117595672607,1,1,1,1,0.117118835449219
2,3,4,89,-27,27,0,0.4010169506073,1,1,1,1,0.167117595672607
2,3,4,90,-9,9,0,0.984252691268921,-1,-1,1,1,0.1510169506073
2,3,4,91,-3,3,1,0.750546455383301,-1,-1,-1,-1,0.734252691268921
2,3,4,92,-81,81,0,0.400491714477539,-1,1,-1,-1,0.500546455383301
2,3,4,93,-9,9,0,0.800530433654785,-1,-1,1,-1,0.150491714477539
2,3,4,94,-3,3,0,0.534256458282471,-1,-1,-1,-1,0.550530433654785
2,3,4,95,9,9,1,0.48455548286438,-1,-1,-1,-1,0.284256458282471
2,3,4,96,27,27,1,0.417621850967407,1,1,-1,-1,0.23455548286438
2,3,4,97,27,27,1,0.867531299591064,1,1,1,1,0.167621850967407
2,3,4,98,27,27,1,0.267597436904907,1,1,1,1,0.617531299591064
2,3,4,99,3,3,1,0.533782958984375,1,1,1,1,0.0175974369049072
2,3,5,2,3,3,1,0.600493669509888,1,1,-1,-1,0.200739145278931
2,3,5,3,-3,3,1,0.617144823074341,1,1,1,1,0.350493669509888
2,3,5,4,-3,3,1,0.684232234954834,-1,1,1,1,0.367144823074341
2,3,5,5,-3,3,0,0.600939512252808,-1,1,1,-1,0.434232234954834
2,3,5,6,27,27,1,0.350490570068359,-1,-1,1,-1,0.350939512252808
2,3,5,7,-81,81,0,0.350491762161255,1,1,-1,-1,0.100490570068359
2,3,5,8,0,0,1,0.500513553619385,-1,-1,1,1,0.100491762161255
2,3,5,9,81,81,1,0.267129182815552,1,1,-1,-1,0.250513553619385
2,3,5,10,-9,9,1,0.500492572784424,1,1,1,1,0.0171291828155518
2,3,5,11,27,27,1,0.250972747802734,-1,1,1,1,0.250492572784424
2,3,5,12,-81,81,0,0.30092191696167,1,1,1,-1,0.000972747802734375
2,3,5,13,27,27,1,0.917121410369873,-1,-1,1,1,0.0509219169616699
2,3,5,14,3,3,1,0.551055669784546,1,1,-1,-1,0.667121410369873
2,3,5,15,-27,27,0,0.40049147605896,1,1,1,1,0.301055669784546
2,3,5,16,81,81,1,0.350488662719727,-1,-1,1,1,0.15049147605896
2,3,5,17,-9,9,0,0.600993633270264,1,1,-1,-1,0.100488662719727
2,3,5,18,81,81,1,0.417167663574219,-1,-1,1,1,0.350993633270264
2,3,5,19,0,0,1,0.434310436248779,1,1,-1,-1,0.167167663574219
2,3,5,20,27,27,1,0.33385968208313,1,1,1,1,0.184310436248779
2,3,5,21,9,9,1,0.367626190185547,1,1,1,1,0.0838596820831299
2,3,5,25,3,3,1,0.450514554977417,1,1,1,1,0.000952959060668945
2,3,5,26,3,3,0,0.450935840606689,1,1,1,1,0.200514554977417
2,3,5,30,81,81,1,0.38378119468689,-1,-1,-1,-1,0.184282541275024
2,3,5,31,-3,3,1,0.917590856552124,1,1,-1,-1,0.13378119468689
2,3,5,32,-9,9,0,0.384229421615601,-1,1,1,1,0.667590856552124
2,3,5,33,81,81,1,0.317551851272583,-1,-1,1,-1,0.134229421615601
2,3,5,34,-0,0,0,1.06758379936218,1,1,-1,-1,0.067551851272583
2,3,5,35,0,0,0,0.534269571304321,-1,-1,1,1,0.817583799362183
2,3,5,36,3,3,0,0.867135524749756,1,-1,-1,-1,0.284269571304321
2,3,5,37,9,9,1,0.433824062347412,1,-1,-1,1,0.617135524749756
2,3,5,38,-27,27,0,0.350985527038574,1,1,-1,1,0.183824062347412
2,3,5,39,-9,9,1,0.85146164894104,-1,-1,1,1,0.100985527038574
2,3,5,40,-27,27,0,0.38383960723877,-1,1,-1,-1,0.60146164894104
2,3,5,41,-9,9,0,0.500916957855225,-1,-1,1,-1,0.13383960723877
2,3,5,42,27,27,1,0.367169857025146,-1,-1,-1,-1,0.250916957855225
2,3,5,43,81,81,1,0.684257507324219,1,1,-1,-1,0.117169857025146
2,3,5,44,-9,9,0,0.550452709197998,1,1,1,1,0.434257507324219
2,3,5,45,-3,3,1,0.30096960067749,-1,-1,1,1,0.300452709197998
2,3,5,46,-27,27,0,0.35048770904541,-1,1,-1,-1,0.0509696006774902
2,3,5,47,-3,3,0,0.583837747573853,-1,-1,1,-1,0.10048770904541
2,3,5,48,-27,27,0,0.350961685180664,-1,-1,-1,-1,0.333837747573853
2,3,5,49,-0,0,1,0.334276676177979,-1,-1,-1,-1,0.100961685180664
2,3,5,50,0,0,0,0.817120552062988,-1,1,-1,-1,0.0842766761779785
2,3,5,51,-81,81,0,0.400490999221802,1,-1,1,-1,0.567120552062988
2,3,5,52,-81,81,0,0.350502490997314,-1,-1,-1,1,0.150490999221802
2,3,5,53,-27,27,0,0.450494766235352,-1,-1,-1,-1,0.100502490997314
2,3,5,54,-0,0,1,0.367145538330078,-1,-1,-1,-1,0.200494766235352
2,3,5,55,81,81,1,0.383825540542603,-1,1,-1,-1,0.117145538330078
2,3,5,56,81,81,1,0.383826017379761,1,1,1,-1,0.133825540542603
2,3,5,57,-81,81,0,0.367183208465576,1,1,1,1,0.133826017379761
2,3,5,58,-9,9,0,0.75092887878418,-1,-1,1,1,0.117183208465576
2,3,5,59,-27,27,0,0.4837965965271,-1,-1,-1,-1,0.50092887878418
2,3,5,60,9,9,0,0.600495100021362,-1,-1,-1,-1,0.2337965965271
2,3,5,61,27,27,1,0.418414831161499,1,-1,-1,-1,0.350495100021362
2,3,5,62,9,9,1,0.550485849380493,1,1,-1,1,0.168414831161499
2,3,5,63,3,3,1,0.500487565994263,1,1,1,1,0.300485849380493
2,3,5,64,-81,81,0,0.384300947189331,1,1,1,1,0.250487565994263
2,3,5,65,-3,3,0,0.784276008605957,-1,-1,1,1,0.134300947189331
2,3,5,66,-27,27,0,0.367153882980347,-1,-1,-1,-1,0.534276008605957
2,3,5,67,9,9,1,0.517130136489868,-1,-1,-1,-1,0.117153882980347
2,3,5,68,9,9,0,0.767116546630859,1,1,-1,-1,0.267130136489868
2,3,5,69,9,9,1,0.367160797119141,1,-1,1,1,0.517116546630859
2,3,5,70,-0,0,1,0.550928354263306,1,1,-1,1,0.117160797119141
2,3,5,71,81,81,1,0.550513505935669,-1,1,1,1,0.300928354263306
2,3,5,72,-27,27,0,0.583784818649292,1,1,1,-1,0.300513505935669
2,3,5,73,-9,9,1,0.600512504577637,-1,-1,1,1,0.333784818649292
2,3,5,74,27,27,1,0.400512456893921,-1,1,-1,-1,0.350512504577637
2,3,5,75,-0,0,1,0.400489807128906,1,1,1,-1,0.150512456893921
2,3,5,76,27,27,1,0.333799839019775,-1,1,1,1,0.150489807128906
2,3,5,77,3,3,1,0.75047779083252,1,1,1,-1,0.0837998390197754
2,3,5,78,3,3,1,0.400464534759521,1,1,1,1,0.50047779083252
2,3,5,79,3,3,1,0.283835411071777,1,1,1,1,0.150464534759521
2,3,5,80,27,27,1,0.317561388015747,1,1,1,1,0.0338354110717773
2,3,5,81,-0,0,1,0.467547655105591,1,1,1,1,0.0675613880157471
2,3,5,82,-27,27,0,0.350943803787231,-1,1,1,1,0.217547655105591
2,3,5,83,81,81,1,0.467113494873047,-1,-1,1,-1,0.100943803787231
2,3,5,84,-3,3,1,1.0011887550354,1,1,-1,-1,0.217113494873047
2,3,5,85,81,81,1,0.384283065795898,-1,1,1,1,0.7511887550354
2,3,5,86,9,9,1,0.600932598114014,1,1,1,-1,0.134283065795898
2,3,5,87,0,0,1,0.284226894378662,1,1,1,1,0.350932598114014
2,3,5,88,-3,3,1,0.283788442611694,1,1,1,1,0.0342268943786621
2,3,5,89,3,3,1,0.550874471664429,-1,1,1,1,0.0337884426116943
2,3,5,90,9,9,1,0.267677783966064,1,1,1,-1,0.300874471664429
2,3,5,91,3,3,1,0.500491857528687,1,1,1,1,0.0176777839660645
2,3,5,92,-3,3,1,0.367553472518921,1,1,1,1,0.250491857528687
2,3,5,93,9,9,1,0.300453186035156,-1,1,1,1,0.117553472518921
2,3,5,94,-9,9,0,0.733837604522705,1,1,1,-1,0.0504531860351562
2,3,5,95,-9,9,0,0.900941371917725,-1,-1,1,1,0.483837604522705
2,3,5,96,81,81,1,0.401526689529419,-1,-1,-1,-1,0.650941371917725
2,3,5,97,-81,81,0,0.351666927337646,1,1,-1,-1,0.151526689529419
2,3,5,98,-3,3,0,0.917615652084351,-1,-1,1,1,0.101666927337646
2,3,5,99,-81,81,0,0.367133617401123,-1,-1,-1,-1,0.667615652084351
2,3,6,2,-27,27,0,0.283796072006226,-1,1,1,1,0.484458923339844
2,3,6,3,-3,3,0,1.03423714637756,-1,-1,1,-1,0.0337960720062256
2,3,6,4,-9,9,0,0.36716365814209,-1,-1,-1,-1,0.784237146377563
2,3,6,5,-3,3,1,0.550469636917114,-1,-1,-1,-1,0.11716365814209
2,3,6,6,-27,27,0,0.417154550552368,-1,1,-1,-1,0.300469636917114
2,3,6,7,-0,0,1,0.584276437759399,-1,-1,1,-1,0.167154550552368
2,3,6,8,9,9,1,0.417196989059448,-1,1,-1,-1,0.334276437759399
2,3,6,9,-9,9,0,0.35047435760498,1,1,1,-1,0.167196989059448
2,3,6,10,-3,3,0,0.46716046333313,-1,-1,1,1,0.10047435760498
2,3,6,11,-0,0,1,0.51765251159668,-1,-1,-1,-1,0.21716046333313
2,3,6,12,-3,3,0,0.567603826522827,-1,1,-1,-1,0.26765251159668
2,3,6,13,-81,81,0,0.417152881622314,-1,-1,1,-1,0.317603826522827
2,3,6,14,-9,9,1,0.317166090011597,-1,-1,-1,-1,0.167152881622314
2,3,6,15,0,0,1,1.00087141990662,-1,1,-1,-1,0.0671660900115967
2,3,6,16,27,27,1,0.36757230758667,1,1,1,-1,0.750871419906616
2,3,6,17,27,27,1,0.350915670394897,1,1,1,1,0.11757230758667
2,3,6,18,27,27,1,0.400947093963623,1,1,1,1,0.100915670394897
2,3,6,19,3,3,1,0.484691143035889,1,1,1,1,0.150947093963623
2,3,6,20,27,27,1,0.617121934890747,1,1,1,1,0.234691143035889
2,3,6,21,-81,81,0,0.533801078796387,1,1,1,1,0.367121934890747
2,3,6,22,-3,3,1,0.350448369979858,-1,-1,1,1,0.283801078796387
2,3,6,23,81,81,1,0.58422064781189,-1,1,-1,-1,0.100448369979858
2,3,6,24,9,9,1,0.551000118255615,1,1,1,-1,0.33422064781189
2,3,6,25,3,3,1,0.651154279708862,1,1,1,1,0.301000118255615
2,3,6,26,9,9,1,0.617148637771606,1,1,1,1,0.401154279708862
2,3,6,27,27,27,1,0.450473308563232,1,1,1,1,0.367148637771606
2,3,6,28,81,81,1,0.417602777481079,1,1,1,1,0.200473308563232
2,3,6,29,81,81,1,0.517109394073486,1,1,1,1,0.167602777481079
2,3,6,30,9,9,1,0.767120122909546,1,1,1,1,0.267109394073486
2,3,6,31,81,81,1,0.383820772171021,1,1,1,1,0.517120122909546
2,3,6,32,3,3,1,0.567622900009155,1,1,1,1,0.133820772171021
2,3,6,36,-81,81,0,0.30046820640564,-1,-1,-1,-1,0.0338149070739746
2,3,6,37,-81,81,0,0.417154788970947,-1,-1,-1,-1,0.0504682064056396
2,3,6,38,-27,27,0,0.400469779968262,-1,-1,-1,-1,0.167154788970947
2,3,6,39,81,81,1,0.36754584312439,-1,-1,-1,-1,0.150469779968262
2,3,6,40,3,3,1,0.250946044921875,1,1,-1,-1,0.11754584312439
2,3,6,41,-9,9,0,0.284403562545776,1,1,1,1,0.000946044921875
2,3,6,42,-81,81,0,0.417597532272339,-1,-1,1,1,0.0344035625457764
2,3,6,43,-81,81,0,0.267184734344482,-1,-1,-1,-1,0.167597532272339
2,3,6,44,-27,27,0,0.433825731277466,-1,-1,-1,-1,0.0171847343444824
2,3,6,45,-27,27,0,0.300907373428345,-1,-1,-1,-1,0.183825731277466
2,3,6,46,-9,9,1,0.38382887840271,-1,-1,-1,-1,0.0509073734283447
2,3,6,47,-9,9,0,0.284291505813599,-1,1,-1,-1,0.13382887840271
2,3,6,48,-3,3,1,0.817125082015991,-1,-1,1,-1,0.0342915058135986
2,3,6,49,-9,9,0,0.917597532272339,-1,1,-1,-1,0.567125082015991
2,3,6,50,-27,27,0,0.367620706558228,-1,-1,1,-1,0.667597532272339
2,3,6,51,-9,9,0,0.351005792617798,-1,-1,-1,-1,0.117620706558228
2,3,6,52,-3,3,1,0.285014867782593,-1,-1,-1,-1,0.101005792617798
2,3,6,57,-9,9,0,0.33381175994873,-1,1,-1,-1,0.30092453956604
2,3,6,58,-9,9,0,0.550461053848267,-1,-1,1,-1,0.0838117599487305
2,3,6,59,-0,0,0,0.783807754516602,-1,-1,-1,-1,0.300461053848267
2,3,6,60,-0,0,0,1.06713080406189,-1,-1,-1,-1,0.533807754516602
2,3,6,61,-0,0,0,0.584285736083984,-1,-1,-1,-1,0.81713080406189
2,3,6,62,-0,0,0,0.550946474075317,-1,-1,-1,-1,0.334285736083984
2,3,6,63,-81,81,0,0.400485277175903,-1,-1,-1,-1,0.300946474075317
2,3,6,64,-27,27,0,0.384264707565308,-1,-1,-1,-1,0.150485277175903
2,3,6,65,-81,81,0,0.350467443466187,-1,-1,-1,-1,0.134264707565308
2,3,6,66,-3,3,0,0.517544507980347,-1,-1,-1,-1,0.100467443466187
2,3,6,67,3,3,1,0.517616033554077,-1,-1,-1,-1,0.267544507980347
2,3,6,68,9,9,1,0.517109632492065,1,1,-1,-1,0.267616033554077
2,3,6,69,3,3,0,0.650921583175659,1,1,1,1,0.267109632492065
2,3,6,70,-3,3,1,0.533816814422607,1,-1,1,1,0.400921583175659
2,3,6,71,-81,81,0,0.300496816635132,-1,1,-1,1,0.283816814422607
2,3,6,72,3,3,1,0.467610120773315,-1,-1,1,-1,0.0504968166351318
2,3,6,73,-0,0,1,0.383790969848633,1,1,-1,-1,0.217610120773315
2,3,6,74,-27,27,0,0.450445890426636,-1,1,1,1,0.133790969848633
2,3,6,75,-3,3,0,0.46715784072876,-1,-1,1,-1,0.200445890426636
2,3,6,76,-3,3,1,0.36759090423584,-1,-1,-1,-1,0.21715784072876
2,3,6,77,-27,27,0,0.317124843597412,-1,1,-1,-1,0.11759090423584
2,3,6,81,-9,9,1,0.518404960632324,-1,-1,-1,-1,0.117608785629272
2,3,6,82,-81,81,0,0.334297895431519,-1,1,-1,-1,0.268404960632324
2,3,6,83,-27,27,1,0.550443410873413,-1,-1,1,-1,0.0842978954315186
2,3,6,84,-0,0,0,0.767111778259277,-1,1,-1,-1,0.300443410873413
2,3,6,85,81,81,1,0.300506591796875,-1,-1,1,-1,0.517111778259277
2,3,6,86,81,81,1,0.367111444473267,1,1,-1,-1,0.050506591796875
2,3,6,87,-3,3,1,0.517892360687256,1,1,1,1,0.117111444473267
2,3,6,88,-81,81,0,0.317113161087036,-1,1,1,1,0.267892360687256
2,3,6,89,-27,27,0,0.567125558853149,-1,-1,1,-1,0.0671131610870361
2,3,6,90,-27,27,0,0.300924062728882,-1,-1,-1,-1,0.317125558853149
2,3,6,91,81,81,1,0.317645788192749,-1,-1,-1,-1,0.0509240627288818
2,3,6,92,27,27,1,0.367130041122437,1,1,-1,-1,0.067645788192749
2,3,6,93,3,3,1,0.90048360824585,1,1,1,1,0.117130041122437
2,3,6,94,81,81,1,0.334264993667603,1,1,1,1,0.65048360824585
2,3,6,95,27,27,1,0.334347486495972,1,1,1,1,0.0842649936676025
2,3,6,96,27,27,1,0.383780479431152,1,1,1,1,0.0843474864959717
2,3,6,97,9,9,1,0.567128658294678,1,1,1,1,0.133780479431152
2,3,6,98,-3,3,0,0.483819961547852,1,1,1,1,0.317128658294678
2,3,6,99,9,9,1,0.550981521606445,-1,-1,1,1,0.233819961547852
3,1,1,2,-9,9,0,0.86714506149292,1,-1,1,-1,0.450676918029785
3,1,1,3,3,3,0,0.800907135009766,-1,-1,-1,1,0.61714506149292
3,1,1,4,-81,81,0,0.700908899307251,1,-1,-1,-1,0.550907135009766
3,1,1,5,3,3,1,0.850872278213501,-1,-1,-1,1,0.450908899307251
3,1,1,6,-81,81,0,0.733773946762085,1,1,-1,-1,0.600872278213501
3,1,1,7,-9,9,0,0.567637205123901,-1,-1,1,1,0.483773946762085
3,1,1,8,81,81,1,0.817575931549072,-1,-1,-1,-1,0.317637205123901
3,1,1,9,-0,0,1,0.784240961074829,1,1,-1,-1,0.567575931549072
3,1,1,10,-3,3,0,0.500486850738525,-1,1,1,1,0.534240961074829
3,1,1,11,9,9,0,0.917145013809204,-1,-1,1,-1,0.250486850738525
3,1,1,12,-27,27,0,0.750901937484741,1,-1,-1,-1,0.667145013809204
3,1,1,13,-3,3,1,0.867575168609619,-1,-1,-1,1,0.500901937484741
3,1,1,14,-9,9,0,0.600476026535034,-1,1,-1,-1,0.617575168609619
3,1,1,15,27,27,1,0.633780002593994,-1,-1,1,-1,0.350476026535034
3,1,1,16,81,81,1,0.68379020690918,1,1,-1,-1,0.383780002593994
3,1,1,17,-27,27,0,0.550461292266846,1,1,1,1,0.43379020690918
3,1,1,18,27,27,1,0.800461769104004,-1,-1,1,1,0.300461292266846
3,1,1,19,-9,9,0,0.750871896743774,1,1,-1,-1,0.550461769104004
3,1,1,20,81,81,1,0.533804178237915,-1,-1,1,1,0.500871896743774
3,1,1,21,-27,27,0,0.517590045928955,1,1,-1,-1,0.283804178237915
3,1,1,22,-3,3,0,1.0837881565094,-1,-1,1,1,0.267590045928955
3,1,1,23,-3,3,1,0.850520849227905,-1,-1,-1,-1,0.833788156509399
3,1,1,24,81,81,1,0.684845924377441,-1,1,-1,-1,0.600520849227905
3,1,1,25,-81,81,0,0.483822822570801,1,1,1,-1,0.434845924377441
3,1,1,26,0,0,1,0.750452995300293,-1,-1,1,1,0.233822822570801
3,1,1,27,-27,27,0,0.734292030334473,1,1,-1,-1,0.500452995300293
3,1,1,28,27,27,1,0.65044093132019,-1,-1,1,1,0.484292030334473
3,1,1,29,-27,27,0,0.617140054702759,1,1,-1,-1,0.40044093132019
3,1,1,30,3,3,1,0.68430757522583,-1,-1,1,1,0.367140054702759
3,1,1,31,-81,81,0,0.550476312637329,1,1,-1,-1,0.43430757522583
3,1,1,32,27,27,1,0.617555141448975,-1,-1,1,1,0.300476312637329
3,1,1,33,-3,3,0,0.967118978500366,1,1,-1,-1,0.367555141448975
3,1,1,34,9,9,1,0.650471210479736,-1,-1,1,1,0.717118978500366
3,1,1,35,81,81,1,0.63422417640686,1,1,-1,-1,0.400471210479736
3,1,1,36,9,9,0,0.767121076583862,1,1,1,1,0.38422417640686
3,1,1,37,-27,27,0,0.700520277023315,1,-1,1,1,0.517121076583862
3,1,1,38,27,27,1,1.06756997108459,-1,-1,-1,1,0.450520277023315
3,1,1,39,-9,9,0,0.767574071884155,1,1,-1,-1,0.817569971084595
3,1,1,40,3,3,0,0.933802843093872,-1,-1,1,1,0.517574071884155
3,1,1,41,3,3,1,0.750886201858521,1,-1,-1,-1,0.683802843093872
3,1,1,42,-0,0,1,0.717611074447632,1,1,-1,1,0.500886201858521
3,1,1,43,9,9,1,0.733785629272461,-1,1,1,1,0.467611074447632
3,1,1,44,-0,0,0,0.567131280899048,1,1,1,-1,0.483785629272461
3,1,1,45,27,27,1,0.683791160583496,-1,-1,1,1,0.317131280899048
3,1,1,46,-0,0,0,0.667119264602661,1,1,-1,-1,0.433791160583496
3,1,1,47,-81,81,0,0.584223985671997,-1,-1,1,1,0.417119264602661
3,1,1,48,9,9,0,0.717578887939453,-1,-1,-1,-1,0.334223985671997
3,1,1,49,-9,9,0,0.76715350151062,1,-1,-1,-1,0.467578887939453
3,1,1,50,27,27,1,0.567144870758057,-1,-1,-1,1,0.51715350151062
3,1,1,51,-81,81,0,0.267153978347778,1,1,-1,-1,0.317144870758057
3,1,1,52,3,3,1,0.400487184524536,-1,-1,1,1,0.0171539783477783
3,1,1,53,-0,0,1,0.817585945129395,1,1,-1,-1,0.150487184524536
3,1,1,54,27,27,1,0.900454044342041,-1,1,1,1,0.567585945129395
3,1,1,55,-81,81,0,0.500478029251099,1,1,1,-1,0.650454044342041
3,1,1,56,81,81,1,0.583804368972778,-1,-1,1,1,0.250478029251099
3,1,1,57,-81,81,0,0.400474786758423,1,1,-1,-1,0.333804368972778
3,1,1,58,9,9,0,0.983779907226562,-1,-1,1,1,0.150474786758423
3,1,1,59,-27,27,0,0.367146253585815,1,-1,-1,-1,0.733779907226562
3,1,1,60,81,81,1,0.450921058654785,-1,-1,-1,1,0.117146253585815
3,1,1,61,-3,3,1,0.683815956115723,1,1,-1,-1,0.200921058654785
3,1,1,62,3,3,1,0.883787870407104,-1,1,1,1,0.433815956115723
3,1,1,63,-27,27,0,0.55092716217041,1,1,1,-1,0.633787870407104
3,1,1,64,-81,81,0,1.03427720069885,-1,-1,1,1,0.30092716217041
3,1,1,65,-9,9,1,0.817099809646606,-1,-1,-1,-1,0.784277200698853
3,1,1,66,27,27,1,0.600470066070557,-1,1,-1,-1,0.567099809646606
3,1,1,67,-9,9,0,0.318079948425293,1,1,1,-1,0.350470066070557
3,1,1,68,81,81,1,0.367144107818604,-1,-1,1,1,0.068079948425293
3,1,1,69,-3,3,0,0.600461959838867,1,1,-1,-1,0.117144107818604
3,1,1,70,9,9,1,0.850506067276001,-1,-1,1,1,0.350461959838867
3,1,1,71,-3,3,1,0.46713924407959,1,1,-1,-1,0.600506067276001
3,1,1,72,27,27,0,0.767580270767212,-1,1,1,1,0.21713924407959
3,1,1,73,-3,3,0,0.817173004150391,1,-1,1,-1,0.517580270767212
3,1,1,74,0,0,1,1.00090098381042,-1,-1,-1,1,0.567173004150391
3,1,1,75,-9,9,0,0.484262943267822,1,1,-1,-1,0.750900983810425
3,1,1,76,3,3,0,1.16711091995239,-1,-1,1,1,0.234262943267822
3,1,1,77,-9,9,0,0.750907897949219,1,-1,-1,-1,0.917110919952393
3,1,1,78,27,27,1,0.533795118331909,-1,-1,-1,1,0.500907897949219
3,1,1,79,-81,81,0,0.517132997512817,1,1,-1,-1,0.283795118331909
3,1,1,80,-0,0,1,0.883798122406006,-1,-1,1,1,0.267132997512817
3,1,1,81,9,9,0,0.567589998245239,-1,1,-1,-1,0.633798122406006
3,1,1,82,-81,81,0,0.684240102767944,1,-1,1,-1,0.317589998245239
3,1,1,83,3,3,0,0.800915241241455,-1,-1,-1,1,0.434240102767944
3,1,1,84,-27,27,0,0.567144870758057,1,-1,-1,-1,0.550915241241455
3,1,1,85,3,3,1,0.850449085235596,-1,-1,-1,1,0.317144870758057
3,1,1,86,-9,9,1,1.40089416503906,1,1,-1,-1,0.600449085235596
3,1,1,87,-3,3,0,0.617132186889648,-1,1,1,1,1.15089416503906
3,1,1,88,-27,27,0,0.684246063232422,-1,-1,1,-1,0.367132186889648
3,1,1,89,-81,81,0,0.533791303634644,-1,-1,-1,-1,0.434246063232422
3,1,1,90,9,9,0,0.767109870910645,-1,-1,-1,-1,0.283791303634644
3,1,1,91,-81,81,0,0.484222888946533,1,-1,-1,-1,0.517109870910645
3,1,1,92,27,27,1,0.63379693031311,-1,-1,-1,1,0.234222888946533
3,1,1,93,-3,3,0,0.767577886581421,1,1,-1,-1,0.38379693031311
3,1,1,94,-3,3,0,0.583797216415405,-1,-1,1,1,0.517577886581421
3,1,1,95,9,9,0,0.534218788146973,-1,-1,-1,-1,0.333797216415405
3,1,1,96,-0,0,1,0.800445318222046,1,-1,-1,-1,0.284218788146973
3,1,1,97,9,9,1,0.70048975944519,-1,1,-1,1,0.550445318222046
3,1,1,98,-81,81,0,0.433789968490601,1,1,1,-1,0.45048975944519
3,1,1,99,-0,0,1,0.81712794303894,-1,-1,1,1,0.183789968490601
3,1,2,2,-3,3,0,0.983772039413452,-1,-1,-1,-1,0.400697946548462
3,1,2,3,3,3,0,0.567573070526123,-1,-1,-1,-1,0.733772039413452
3,1,2,4,27,27,1,0.750914812088013,1,-1,-1,-1,0.317573070526123
3,1,2,5,3,3,1,0.76714015007019,1,1,-1,1,0.500914812088013
3,1,2,6,81,81,1,0.667600870132446,1,1,1,1,0.51714015007019
3,1,2,7,27,27,1,0.517148971557617,1,1,1,1,0.417600870132446
3,1,2,8,3,3,1,0.967566967010498,1,1,1,1,0.267148971557617
3,1,2,9,-81,81,0,0.567130088806152,1,1,1,1,0.717566967010498
3,1,2,10,81,81,1,0.667568922042847,-1,-1,1,1,0.317130088806152
3,1,2,11,9,9,0,0.750455856323242,1,1,-1,-1,0.417568922042847
3,1,2,12,81,81,1,0.684253692626953,1,-1,1,1,0.500455856323242
3,1,2,13,-3,3,0,0.867575883865356,1,1,-1,1,0.434253692626953
3,1,2,14,-81,81,0,0.667575120925903,-1,-1,1,1,0.617575883865356
3,1,2,15,-9,9,0,0.567153930664062,-1,-1,-1,-1,0.417575120925903
3,1,2,16,-0,0,0,0.867564916610718,-1,-1,-1,-1,0.317153930664062
3,1,2,17,-9,9,0,0.717140197753906,-1,-1,-1,-1,0.617564916610718
3,1,2,18,3,3,1,0.433796882629395,-1,-1,-1,-1,0.467140197753906
3,1,2,19,-81,81,0,0.633810997009277,1,1,-1,-1,0.183796882629395
3,1,2,20,-3,3,0,0.8171067237854,-1,-1,1,1,0.383810997009277
3,1,2,21,27,27,1,0.800462961196899,-1,-1,-1,-1,0.5671067237854
3,1,2,22,-27,27,0,0.617556810379028,1,1,-1,-1,0.550462961196899
3,1,2,23,-3,3,1,1.35089087486267,-1,-1,1,1,0.367556810379028
3,1,2,24,-27,27,0,0.634244918823242,-1,1,-1,-1,1.10089087486267
3,1,2,25,9,9,0,0.667129993438721,-1,-1,1,-1,0.384244918823242
3,1,2,26,-3,3,1,0.867119073867798,1,-1,-1,-1,0.417129993438721
3,1,2,27,9,9,0,0.733793973922729,-1,1,-1,1,0.617119073867798
3,1,2,28,81,81,1,0.48381781578064,1,-1,1,-1,0.483793973922729
3,1,2,29,3,3,0,0.800923824310303,1,1,-1,1,0.23381781578064
3,1,2,30,27,27,1,0.600886344909668,1,-1,1,1,0.550923824310303
3,1,2,31,-27,27,0,0.500916957855225,1,1,-1,1,0.350886344909668
3,1,2,32,0,0,0,0.618268013000488,-1,-1,1,1,0.250916957855225
3,1,2,33,9,9,0,0.533801078796387,1,-1,-1,-1,0.368268013000488
3,1,2,34,-81,81,0,0.717119932174683,1,-1,-1,1,0.283801078796387
3,1,2,35,-9,9,0,0.76711893081665,-1,-1,-1,1,0.467119932174683
3,1,2,36,27,27,1,0.583822011947632,-1,-1,-1,-1,0.51711893081665
3,1,2,37,9,9,1,0.750910997390747,1,1,-1,-1,0.333822011947632
3,1,2,38,81,81,1,0.600461959838867,1,1,1,1,0.500910997390747
3,1,2,39,-81,81,0,0.550467014312744,1,1,1,1,0.350461959838867
3,1,2,40,-3,3,1,1.16754007339478,-1,-1,1,1,0.300467014312744
3,1,2,41,-27,27,0,0.784246921539307,-1,1,-1,-1,0.917540073394775
3,1,2,42,-27,27,0,0.484250068664551,-1,-1,1,-1,0.534246921539307
3,1,2,43,0,0,0,0.500464200973511,-1,-1,-1,-1,0.234250068664551
3,1,2,44,-81,81,0,0.433829069137573,1,-1,-1,-1,0.250464200973511
3,1,2,45,-9,9,0,0.600461006164551,-1,-1,-1,1,0.183829069137573
3,1,2,46,81,81,1,0.58381986618042,-1,-1,-1,-1,0.350461006164551
3,1,2,47,27,27,1,0.650462865829468,1,1,-1,-1,0.33381986618042
3,1,2,48,-3,3,0,0.767545938491821,1,1,1,1,0.400462865829468
3,1,2,49,9,9,0,0.600924015045166,-1,-1,1,1,0.517545938491821
3,1,2,50,-0,0,0,0.867140054702759,1,-1,-1,-1,0.350924015045166
3,1,2,51,3,3,0,0.80047082901001,-1,-1,-1,1,0.617140054702759
3,1,2,52,-81,81,0,0.633799076080322,1,-1,-1,-1,0.55047082901001
3,1,2,53,9,9,0,0.700444459915161,-1,-1,-1,1,0.383799076080322
3,1,2,54,-9,9,0,0.750927925109863,1,-1,-1,-1,0.450444459915161
3,1,2,55,-3,3,0,0.684245109558105,-1,-1,-1,1,0.500927925109863
3,1,2,56,-0,0,0,0.700477123260498,-1,-1,-1,-1,0.434245109558105
3,1,2,57,-0,0,1,0.61755895614624,-1,-1,-1,-1,0.450477123260498
3,1,2,58,27,27,1,0.76712703704834,-1,1,-1,-1,0.36755895614624
3,1,2,59,-3,3,1,0.717551946640015,1,1,1,-1,0.51712703704834
3,1,2,60,-0,0,0,0.600914239883423,-1,1,1,1,0.467551946640015
3,1,2,61,27,27,1,0.667569875717163,-1,-1,1,-1,0.350914239883423
3,1,2,62,9,9,0,1.38380122184753,1,1,-1,-1,0.417569875717163
3,1,2,63,-81,81,0,0.551517009735107,1,-1,1,1,1.13380122184753
3,1,2,64,-27,27,0,0.467123031616211,-1,-1,-1,1,0.301517009735107
3,1,2,65,-9,9,0,0.433800220489502,-1,-1,-1,-1,0.217123031616211
3,1,2,66,-81,81,0,0.383803129196167,-1,-1,-1,-1,0.183800220489502
3,1,2,67,0,0,0,0.517563104629517,-1,-1,-1,-1,0.133803129196167
3,1,2,68,-27,27,0,0.984227895736694,1,-1,-1,-1,0.267563104629517
3,1,2,69,9,9,0,0.683799982070923,-1,-1,-1,1,0.734227895736694
3,1,2,70,9,9,1,0.650443077087402,1,-1,-1,-1,0.433799982070923
3,1,2,71,3,3,1,0.584259033203125,1,1,-1,1,0.400443077087402
3,1,2,72,27,27,1,0.617558240890503,1,1,1,1,0.334259033203125
3,1,2,73,-0,0,1,0.717578172683716,1,1,1,1,0.367558240890503
3,1,2,74,-27,27,0,0.700916051864624,-1,1,1,1,0.467578172683716
3,1,2,75,9,9,0,1.00089907646179,-1,-1,1,-1,0.450916051864624
3,1,2,76,-81,81,0,0.667568206787109,1,-1,-1,-1,0.750899076461792
3,1,2,77,-81,81,0,0.650545120239258,-1,-1,-1,1,0.417568206787109
3,1,2,78,-81,81,0,0.467600107192993,-1,-1,-1,-1,0.400545120239258
3,1,2,79,-0,0,0,0.583797931671143,-1,-1,-1,-1,0.217600107192993
3,1,2,80,3,3,0,0.617130994796753,-1,-1,-1,-1,0.333797931671143
3,1,2,81,-27,27,1,0.734240055084229,1,-1,-1,-1,0.367130994796753
3,1,2,82,9,9,0,0.550465822219849,-1,1,-1,1,0.484240055084229
3,1,2,83,3,3,0,0.667754888534546,1,-1,1,-1,0.300465822219849
3,1,2,84,9,9,1,0.583783864974976,1,-1,-1,1,0.417754888534546
3,1,2,85,3,3,1,0.817115068435669,1,1,-1,1,0.333783864974976
3,1,2,86,9,9,1,0.583791971206665,1,1,1,1,0.567115068435669
3,1,2,87,3,3,1,0.450482130050659,1,1,1,1,0.333791971206665
3,1,2,88,-9,9,0,0.433799028396606,1,1,1,1,0.200482130050659
3,1,2,89,81,81,1,0.733809947967529,-1,-1,1,1,0.183799028396606
3,1,2,90,-27,27,0,0.567583799362183,1,1,-1,-1,0.483809947967529
3,1,2,91,81,81,1,1.05098032951355,-1,-1,1,1,0.317583799362183
3,1,2,92,-9,9,0,0.400511503219604,1,1,-1,-1,0.80098032951355
3,1,2,93,27,27,1,0.834297180175781,-1,-1,1,1,0.150511503219604
3,1,2,94,-27,27,0,0.550466060638428,1,1,-1,-1,0.584297180175781
3,1,2,95,3,3,0,0.433800935745239,-1,-1,1,1,0.300466060638428
3,1,2,96,-27,27,0,0.700907945632935,1,-1,-1,-1,0.183800935745239
3,1,2,97,-0,0,1,0.800447225570679,-1,-1,-1,1,0.450907945632935
3,1,2,98,-81,81,0,0.550931930541992,-1,1,-1,-1,0.550447225570679
3,1,2,99,-3,3,0,0.633786201477051,-1,-1,1,-1,0.300931930541992
3,1,3,2,-27,27,0,0.733795881271362,1,-1,-1,-1,0.500724315643311
3,1,3,3,3,3,1,0.634242057800293,-1,-1,-1,1,0.483795881271362
3,1,3,4,0,0,0,0.867118120193481,1,1,-1,-1,0.384242057800293
3,1,3,5,-3,3,1,0.784240007400513,1,-1,1,1,0.617118120193481
3,1,3,6,3,3,0,0.68379545211792,-1,1,-1,1,0.534240007400513
3,1,3,7,9,9,0,0.51713490486145,1,-1,1,-1,0.43379545211792
3,1,3,8,81,81,1,0.567121744155884,1,-1,-1,1,0.26713490486145
3,1,3,9,-3,3,1,0.950461864471436,1,1,-1,1,0.317121744155884
3,1,3,10,-3,3,0,0.650455236434937,-1,1,1,1,0.700461864471436
3,1,3,11,-0,0,0,0.567133903503418,-1,-1,1,-1,0.400455236434937
3,1,3,12,-27,27,0,0.534276962280273,-1,-1,-1,-1,0.317133903503418
3,1,3,13,-0,0,0,0.533893823623657,-1,-1,-1,-1,0.284276962280273
3,1,3,14,-3,3,1,0.733786106109619,-1,-1,-1,-1,0.283893823623657
3,1,3,15,27,27,1,0.583828926086426,-1,1,-1,-1,0.483786106109619
3,1,3,16,-27,27,0,0.967136859893799,1,1,1,-1,0.333828926086426
3,1,3,17,9,9,0,0.650911092758179,-1,-1,1,1,0.717136859893799
3,1,3,18,9,9,1,0.483784198760986,1,-1,-1,-1,0.400911092758179
3,1,3,19,-0,0,0,0.784266948699951,1,1,-1,1,0.233784198760986
3,1,3,20,9,9,0,0.550498962402344,-1,-1,1,1,0.534266948699951
3,1,3,21,-9,9,0,0.834290027618408,1,-1,-1,-1,0.300498962402344
3,1,3,22,-0,0,0,0.400918245315552,-1,-1,-1,1,0.584290027618408
3,1,3,23,-81,81,0,0.483800888061523,-1,-1,-1,-1,0.150918245315552
3,1,3,24,27,27,1,0.417119979858398,-1,-1,-1,-1,0.233800888061523
3,1,3,25,-81,81,0,0.350453615188599,1,1,-1,-1,0.167119979858398
3,1,3,26,9,9,1,0.817576885223389,-1,-1,1,1,0.100453615188599
3,1,3,27,-27,27,0,0.550927639007568,1,1,-1,-1,0.567576885223389
3,1,3,28,3,3,0,0.65045690536499,-1,-1,1,1,0.300927639007568
3,1,3,29,9,9,1,0.634215831756592,1,-1,-1,-1,0.40045690536499
3,1,3,30,-3,3,0,0.534252882003784,1,1,-1,1,0.384215831756592
3,1,3,31,3,3,1,0.917093515396118,-1,-1,1,1,0.284252882003784
3,1,3,32,9,9,0,0.800477981567383,1,1,-1,-1,0.667093515396118
3,1,3,33,-0,0,0,0.883795022964478,1,-1,1,1,0.550477981567383
3,1,3,34,81,81,1,0.401664972305298,-1,-1,-1,1,0.633795022964478
3,1,3,35,-3,3,0,0.967581510543823,1,1,-1,-1,0.151664972305298
3,1,3,36,27,27,1,0.650918960571289,-1,-1,1,1,0.717581510543823
3,1,3,37,-27,27,0,0.584241151809692,1,1,-1,-1,0.400918960571289
3,1,3,38,27,27,1,0.55118203163147,-1,-1,1,1,0.334241151809692
3,1,3,39,-81,81,0,0.500468969345093,1,1,-1,-1,0.30118203163147
3,1,3,40,3,3,0,0.584246158599854,-1,-1,1,1,0.250468969345093
3,1,3,41,-81,81,0,0.583801031112671,1,-1,-1,-1,0.334246158599854
3,1,3,42,3,3,1,0.450485229492188,-1,-1,-1,1,0.333801031112671
3,1,3,43,81,81,1,0.717574119567871,1,1,-1,-1,0.200485229492188
3,1,3,44,-3,3,0,0.567588090896606,1,1,1,1,0.467574119567871
3,1,3,45,9,9,1,0.400913000106812,-1,-1,1,1,0.317588090896606
3,1,3,46,-3,3,0,0.833802700042725,1,1,-1,-1,0.150913000106812
3,1,3,47,0,0,1,0.734247446060181,-1,-1,1,1,0.583802700042725
3,1,3,48,-81,81,0,0.450447797775269,1,1,-1,-1,0.484247446060181
3,1,3,49,3,3,0,0.63379693031311,-1,-1,1,1,0.200447797775269
3,1,3,50,-27,27,0,0.43425178527832,1,-1,-1,-1,0.38379693031311
3,1,3,51,0,0,0,0.650912761688232,-1,-1,-1,1,0.18425178527832
3,1,3,52,-27,27,0,0.551351070404053,1,-1,-1,-1,0.400912761688232
3,1,3,53,9,9,0,0.58380913734436,-1,-1,-1,1,0.301351070404053
3,1,3,54,27,27,1,0.517590761184692,1,-1,-1,-1,0.33380913734436
3,1,3,55,-9,9,0,0.4515700340271,1,1,-1,1,0.267590761184692
3,1,3,56,27,27,1,0.617570877075195,-1,-1,1,1,0.2015700340271
3,1,3,57,3,3,0,0.717607975006104,1,1,-1,-1,0.367570877075195
3,1,3,58,-9,9,0,0.717581033706665,1,-1,1,1,0.467607975006104
3,1,3,59,-81,81,0,0.6009202003479,-1,-1,-1,1,0.467581033706665
3,1,3,60,81,81,1,0.63425087928772,-1,-1,-1,-1,0.3509202003479
3,1,3,61,-3,3,0,1.03377604484558,1,1,-1,-1,0.38425087928772
3,1,3,62,81,81,1,0.567106246948242,-1,-1,1,1,0.783776044845581
3,1,3,63,-9,9,0,0.533804893493652,1,1,-1,-1,0.317106246948242
3,1,3,64,27,27,1,0.500468015670776,-1,-1,1,1,0.283804893493652
3,1,3,65,-27,27,0,0.484237194061279,1,1,-1,-1,0.250468015670776
3,1,3,66,0,0,0,0.850903987884521,-1,-1,1,1,0.234237194061279
3,1,3,67,-27,27,0,0.700463771820068,1,-1,-1,-1,0.600903987884521
3,1,3,68,27,27,1,0.650486946105957,-1,-1,-1,1,0.450463771820068
3,1,3,69,-81,81,0,0.98387885093689,1,1,-1,-1,0.400486946105957
3,1,3,70,3,3,1,0.267618894577026,-1,-1,1,1,0.73387885093689
3,1,3,71,-27,27,0,0.634840965270996,1,1,-1,-1,0.0176188945770264
3,1,3,72,27,27,1,0.867138147354126,-1,-1,1,1,0.384840965270996
3,1,3,73,-9,9,0,0.717132091522217,1,1,-1,-1,0.617138147354126
3,1,3,74,81,81,1,0.850506067276001,-1,-1,1,1,0.467132091522217
3,1,3,75,-9,9,0,0.467555999755859,1,1,-1,-1,0.600506067276001
3,1,3,76,0,0,1,0.617136001586914,-1,-1,1,1,0.217555999755859
3,1,3,77,-81,81,0,0.584250926971436,1,1,-1,-1,0.367136001586914
3,1,3,78,81,81,1,0.534888982772827,-1,-1,1,1,0.334250926971436
3,1,3,79,81,81,1,0.550894260406494,1,1,-1,-1,0.284888982772827
3,1,3,80,-9,9,0,0.61711597442627,1,1,1,1,0.300894260406494
3,1,3,81,81,81,1,0.550489187240601,-1,-1,1,1,0.36711597442627
3,1,3,82,-9,9,1,1.01710081100464,1,1,-1,-1,0.300489187240601
3,1,3,83,81,81,1,0.467811107635498,-1,1,1,1,0.767100811004639
3,1,3,84,-3,3,1,0.86757493019104,1,1,1,-1,0.217811107635498
3,1,3,85,-27,27,0,0.418414831161499,-1,1,1,1,0.61757493019104
3,1,3,86,-9,9,0,0.600561141967773,-1,-1,1,-1,0.168414831161499
3,1,3,87,81,81,1,0.567166090011597,-1,-1,-1,-1,0.350561141967773
3,1,3,88,9,9,0,0.76722526550293,1,1,-1,-1,0.317166090011597
3,1,3,89,-9,9,1,0.617140054702759,1,-1,1,1,0.51722526550293
3,1,3,90,27,27,1,0.900460004806519,-1,1,-1,1,0.367140054702759
3,1,3,91,3,3,1,0.667160034179688,1,1,1,-1,0.650460004806519
3,1,3,92,-27,27,0,0.900876998901367,1,1,1,1,0.417160034179688
3,1,3,93,3,3,1,0.467124938964844,-1,-1,1,1,0.650876998901367
3,1,3,94,-81,81,0,0.717138051986694,1,1,-1,-1,0.217124938964844
3,1,3,95,9,9,1,0.617136001586914,-1,-1,1,1,0.467138051986694
3,1,3,96,-0,0,1,1.01712608337402,1,1,-1,-1,0.367136001586914
3,1,3,97,-81,81,0,0.533804893493652,-1,1,1,1,0.767126083374023
3,1,3,98,3,3,1,0.533800840377808,-1,-1,1,-1,0.283804893493652
3,1,3,99,-81,81,0,0.584261178970337,1,1,-1,-1,0.283800840377808
3,1,4,22,-0,0,0,0.733800172805786,1,1,-1,-1,0.317579030990601
3,1,4,23,9,9,1,0.667579889297485,-1,-1,1,1,0.483800172805786
3,1,4,24,3,3,0,0.434261798858643,1,1,-1,-1,0.417579889297485
3,1,4,25,9,9,1,0.485050916671753,1,-1,1,1,0.184261798858643
3,1,4,26,27,27,1,0.600884914398193,1,1,-1,1,0.235050916671753
3,1,4,27,-3,3,0,0.650494813919067,1,1,1,1,0.350884914398193
3,1,4,28,-81,81,0,0.900465965270996,-1,-1,1,1,0.400494813919067
3,1,4,29,9,9,0,0.467132091522217,-1,-1,-1,-1,0.650465965270996
3,1,4,30,-0,0,1,0.634212017059326,1,-1,-1,-1,0.217132091522217
3,1,4,31,81,81,1,0.883801937103271,-1,1,-1,1,0.384212017059326
3,1,4,32,3,3,0,1.46756076812744,1,1,1,-1,0.633801937103271
3,1,4,33,-3,3,1,0.533815145492554,1,-1,1,1,1.21756076812744
3,1,4,34,-27,27,0,0.784249067306519,-1,1,-1,1,0.283815145492554
3,1,4,35,-0,0,1,0.50132417678833,-1,-1,1,-1,0.534249067306519
3,1,4,36,9,9,0,0.517181158065796,-1,1,-1,-1,0.25132417678833
3,1,4,37,-81,81,0,0.617125988006592,1,-1,1,-1,0.267181158065796
3,1,4,38,-9,9,0,0.433792114257812,-1,-1,-1,1,0.367125988006592
3,1,4,39,81,81,1,0.383800983428955,-1,-1,-1,-1,0.183792114257812
3,1,4,40,3,3,1,0.334258794784546,1,1,-1,-1,0.133800983428955
3,1,4,41,27,27,1,0.367120027542114,1,1,1,1,0.0842587947845459
3,1,4,42,-81,81,0,0.517126083374023,1,1,1,1,0.117120027542114
3,1,4,43,3,3,1,0.833794116973877,-1,-1,1,1,0.267126083374023
3,1,4,44,-81,81,0,0.46760106086731,1,1,-1,-1,0.583794116973877
3,1,4,45,9,9,1,0.767123937606812,-1,-1,1,1,0.21760106086731
3,1,4,46,27,27,1,1.00045132637024,1,1,-1,-1,0.517123937606812
3,1,4,47,81,81,0,1.25044512748718,1,1,1,1,0.750451326370239
3,1,4,48,3,3,0,1.26710724830627,1,-1,1,1,1.00044512748718
3,1,4,49,-27,27,0,0.967570066452026,1,-1,-1,1,1.01710724830627
3,1,4,50,-3,3,0,0.600447177886963,-1,-1,-1,1,0.717570066452026
3,1,4,51,81,81,1,0.533799171447754,-1,-1,-1,-1,0.350447177886963
3,1,4,52,27,27,1,0.667146921157837,1,1,-1,-1,0.283799171447754
3,1,4,53,-27,27,0,0.500467300415039,1,1,1,1,0.417146921157837
3,1,4,54,27,27,1,0.700905799865723,-1,-1,1,1,0.250467300415039
3,1,4,55,-27,27,0,0.500453233718872,1,1,-1,-1,0.450905799865723
3,1,4,56,-27,27,0,0.500916957855225,-1,-1,1,1,0.250453233718872
3,1,4,57,-81,81,0,0.400916337966919,-1,-1,-1,-1,0.250916957855225
3,1,4,58,-9,9,1,0.683794021606445,-1,-1,-1,-1,0.150916337966919
3,1,4,59,-27,27,0,0.483837127685547,-1,1,-1,-1,0.433794021606445
3,1,4,60,-27,27,0,0.750916004180908,-1,-1,1,-1,0.233837127685547
3,1,4,61,3,3,1,0.783792018890381,-1,-1,-1,-1,0.500916004180908
3,1,4,62,-81,81,0,0.633787155151367,1,1,-1,-1,0.533792018890381
3,1,4,63,-81,81,0,0.517144918441772,-1,-1,1,1,0.383787155151367
3,1,4,64,81,81,1,0.53423023223877,-1,-1,-1,-1,0.267144918441772
3,1,4,65,-81,81,0,0.484240055084229,1,1,-1,-1,0.28423023223877
3,1,4,66,27,27,1,0.483797073364258,-1,-1,1,1,0.234240055084229
3,1,4,67,-9,9,1,0.767596960067749,1,1,-1,-1,0.233797073364258
3,1,4,68,-27,27,0,0.933813095092773,-1,1,1,1,0.517596960067749
3,1,4,69,9,9,1,0.600898265838623,-1,-1,1,-1,0.683813095092773
3,1,4,70,-3,3,0,0.58380389213562,1,1,-1,-1,0.350898265838623
3,1,4,71,3,3,0,0.267142057418823,-1,-1,1,1,0.33380389213562
3,1,4,72,-3,3,1,0.6338050365448,1,-1,-1,-1,0.0171420574188232
3,1,4,73,0,0,0,0.650886058807373,-1,1,-1,1,0.3838050365448
3,1,4,74,27,27,1,0.367585897445679,1,-1,1,-1,0.400886058807373
3,1,4,75,27,27,1,0.500472784042358,1,1,-1,1,0.117585897445679
3,1,4,76,9,9,1,0.600457191467285,1,1,1,1,0.250472784042358
3,1,4,77,0,0,0,0.383810997009277,1,1,1,1,0.350457191467285
3,1,4,78,3,3,0,0.484227180480957,1,-1,1,1,0.133810997009277
3,1,4,79,27,27,1,0.550467014312744,1,-1,-1,1,0.234227180480957
3,1,4,80,-3,3,0,0.417604923248291,1,1,-1,1,0.300467014312744
3,1,4,81,81,81,1,0.333850383758545,-1,-1,1,1,0.167604923248291
3,1,4,82,-9,9,1,0.500470161437988,1,1,-1,-1,0.0838503837585449
3,1,4,83,-3,3,0,0.400464296340942,-1,1,1,1,0.250470161437988
3,1,4,84,9,9,0,0.58425498008728,-1,-1,1,-1,0.150464296340942
3,1,4,85,-3,3,1,0.667135238647461,1,-1,-1,-1,0.33425498008728
3,1,4,86,9,9,0,0.667895078659058,-1,1,-1,1,0.417135238647461
3,1,4,87,0,0,0,0.4671311378479,1,-1,1,-1,0.417895078659058
3,1,4,88,0,0,0,0.78380298614502,1,-1,-1,1,0.2171311378479
3,1,4,89,81,81,1,0.567149877548218,1,-1,-1,1,0.53380298614502
3,1,4,94,9,9,0,0.484235763549805,-1,-1,-1,-1,0.800901412963867
3,1,4,95,-9,9,1,0.735036134719849,1,-1,-1,-1,0.234235763549805
3,1,4,96,3,3,1,0.534255027770996,-1,1,-1,1,0.485036134719849
3,1,4,97,27,27,1,0.500933170318604,1,1,1,-1,0.284255027770996
3,1,4,98,0,0,1,1.05046916007996,1,1,1,1,0.250933170318604
3,1,4,99,-81,81,0,0.984241962432861,1,1,1,1,0.800469160079956
3,1,5,2,27,27,1,0.633780002593994,1,1,-1,-1,0.85112190246582
3,1,5,3,3,3,1,0.800916194915771,1,1,1,1,0.383780002593994
3,1,5,4,9,9,1,0.433786153793335,1,1,1,1,0.550916194915771
3,1,5,5,3,3,0,0.367619037628174,1,1,1,1,0.183786153793335
3,1,5,6,9,9,1,0.567137002944946,1,-1,1,1,0.117619037628174
3,1,5,7,27,27,1,0.533811807632446,1,1,-1,1,0.317137002944946
3,1,5,8,9,9,1,0.600910186767578,1,1,1,1,0.283811807632446
3,1,5,9,27,27,1,0.317158937454224,1,1,1,1,0.350910186767578
3,1,5,10,9,9,0,0.683799028396606,1,1,1,1,0.0671589374542236
3,1,5,11,81,81,1,0.63381290435791,1,-1,1,1,0.433799028396606
3,1,5,12,9,9,1,0.518388986587524,1,1,-1,1,0.38381290435791
3,1,5,13,27,27,1,0.534260034561157,1,1,1,1,0.268388986587524
3,1,5,14,3,3,1,0.550463199615479,1,1,1,1,0.284260034561157
3,1,5,15,3,3,1,0.750478982925415,1,1,1,1,0.300463199615479
3,1,5,16,9,9,1,0.583797216415405,1,1,1,1,0.500478982925415
3,1,5,17,27,27,1,1.03377103805542,1,1,1,1,0.333797216415405
3,1,5,18,27,27,1,0.867133855819702,1,1,1,1,0.78377103805542
3,1,5,19,-81,81,0,0.400477886199951,1,1,1,1,0.617133855819702
3,1,5,20,3,3,0,0.367555856704712,-1,-1,1,1,0.150477886199951
3,1,5,21,3,3,1,0.53378701210022,1,-1,-1,-1,0.117555856704712
3,1,5,22,27,27,0,0.917566061019897,1,1,-1,1,0.28378701210022
3,1,5,23,81,81,1,0.650462865829468,1,-1,1,1,0.667566061019897
3,1,5,24,3,3,1,0.550901174545288,1,1,-1,1,0.400462865829468
3,1,5,25,81,81,1,0.333827018737793,1,1,1,1,0.300901174545288
3,1,5,26,-27,27,0,0.400465965270996,1,1,1,1,0.083827018737793
3,1,5,27,-0,0,0,0.917127132415771,-1,-1,1,1,0.150465965270996
3,1,5,28,-0,0,0,0.684244155883789,-1,-1,-1,-1,0.667127132415771
3,1,5,32,9,9,1,0.63379693031311,1,1,-1,1,0.450475931167603
3,1,5,33,-3,3,1,0.750439167022705,1,1,1,1,0.38379693031311
3,1,5,34,-81,81,0,0.250936985015869,-1,1,1,1,0.500439167022705
3,1,5,35,-3,3,0,0.484251260757446,-1,-1,1,-1,0.000936985015869141
3,1,5,36,0,0,0,0.683795213699341,-1,-1,-1,-1,0.234251260757446
3,1,5,37,-0,0,1,0.700911045074463,1,-1,-1,-1,0.433795213699341
3,1,5,38,-27,27,0,0.717586040496826,-1,1,-1,1,0.450911045074463
3,1,5,39,81,81,1,0.467591047286987,-1,-1,1,-1,0.467586040496826
3,1,5,40,81,81,1,0.517143487930298,1,1,-1,-1,0.217591047286987
3,1,5,41,27,27,1,0.767125129699707,1,1,1,1,0.267143487930298
3,1,5,42,81,81,1,0.367124080657959,1,1,1,1,0.517125129699707
3,1,5,43,81,81,1,0.350474119186401,1,1,1,1,0.117124080657959
3,1,5,44,27,27,1,0.350474834442139,1,1,1,1,0.100474119186401
3,1,5,45,27,27,1,0.317585945129395,1,1,1,1,0.100474834442139
3,1,5,46,27,27,1,0.433863162994385,1,1,1,1,0.0675859451293945
3,1,5,47,9,9,1,0.400911092758179,1,1,1,1,0.183863162994385
3,1,5,48,81,81,1,0.317167043685913,1,1,1,1,0.150911092758179
3,1,5,49,27,27,1,0.551169872283936,1,1,1,1,0.0671670436859131
3,1,5,50,0,0,1,0.433803081512451,1,1,1,1,0.301169872283936
3,1,5,51,0,0,0,0.550448894500732,1,1,1,1,0.183803081512451
3,1,5,52,-9,9,0,0.467144012451172,1,-1,1,1,0.300448894500732
3,1,5,53,-0,0,0,0.483798027038574,-1,-1,-1,1,0.217144012451172
3,1,5,54,-81,81,1,0.617583036422729,-1,-1,-1,-1,0.233798027038574
3,1,5,55,-3,3,0,0.333790063858032,-1,1,-1,-1,0.367583036422729
3,1,5,56,9,9,0,0.334237098693848,-1,-1,1,-1,0.0837900638580322
3,1,5,57,9,9,1,0.334264039993286,1,-1,-1,-1,0.0842370986938477
3,1,5,58,-3,3,0,0.367588043212891,1,1,-1,1,0.0842640399932861
3,1,5,59,-81,81,0,1.10090517997742,-1,-1,1,1,0.117588043212891
3,1,5,60,-81,81,0,0.967118978500366,-1,-1,-1,-1,0.850905179977417
3,1,5,61,-9,9,0,0.417127132415771,-1,-1,-1,-1,0.717118978500366
3,1,5,62,-3,3,0,0.683799028396606,-1,-1,-1,-1,0.167127132415771
3,1,5,63,3,3,0,0.434288501739502,-1,-1,-1,-1,0.433799028396606
3,1,5,64,9,9,1,0.850457906723022,1,-1,-1,-1,0.184288501739502
3,1,5,65,0,0,1,0.384258985519409,1,1,-1,1,0.600457906723022
3,1,5,66,-27,27,0,1.05045390129089,1,1,1,1,0.134258985519409
3,1,5,67,-81,81,0,0.550481081008911,-1,-1,1,1,0.800453901290894
3,1,5,68,-3,3,0,0.81757378578186,-1,-1,-1,-1,0.300481081008911
3,1,5,69,-9,9,0,0.71757173538208,-1,-1,-1,-1,0.56757378578186
3,1,5,70,0,0,0,0.78380823135376,-1,-1,-1,-1,0.46757173538208
3,1,5,71,27,27,1,0.75090217590332,1,-1,-1,-1,0.53380823135376
3,1,5,72,27,27,1,0.400458097457886,1,1,-1,1,0.50090217590332
3,1,5,73,3,3,0,0.767124891281128,1,1,1,1,0.150458097457886
3,1,5,74,81,81,1,0.600450277328491,1,-1,1,1,0.517124891281128
3,1,5,75,-3,3,0,0.933773279190063,1,1,-1,1,0.350450277328491
3,1,5,76,9,9,0,0.80088996887207,-1,-1,1,1,0.683773279190063
3,1,5,77,9,9,0,0.800906896591187,1,-1,-1,-1,0.55088996887207
3,1,5,78,27,27,1,0.617114067077637,1,-1,-1,1,0.550906896591187
3,1,5,79,-3,3,0,0.784245014190674,1,1,-1,1,0.367114067077637
3,1,5,80,-9,9,0,0.484251022338867,-1,-1,1,1,0.534245014190674
3,1,5,81,-3,3,1,0.617117166519165,-1,-1,-1,-1,0.234251022338867
3,1,5,82,-9,9,0,0.917134046554565,-1,1,-1,-1,0.367117166519165
3,1,5,83,-81,81,0,0.583981275558472,-1,-1,1,-1,0.667134046554565
3,1,5,84,-27,27,0,0.317175149917603,-1,-1,-1,-1,0.333981275558472
3,1,5,85,9,9,1,0.900919914245605,-1,-1,-1,-1,0.0671751499176025
3,1,5,86,81,81,1,0.383810043334961,1,1,-1,-1,0.650919914245605
3,1,5,87,81,81,1,0.484390735626221,1,1,1,1,0.133810043334961
3,1,5,88,0,0,0,0.65090799331665,1,1,1,1,0.234390735626221
3,1,5,89,81,81,1,0.584253072738647,1,-1,1,1,0.40090799331665
3,1,5,90,27,27,0,0.98376989364624,1,1,-1,1,0.334253072738647
3,1,5,91,81,81,1,0.450927972793579,1,-1,1,1,0.73376989364624
3,1,5,92,3,3,0,0.834512948989868,1,1,-1,1,0.200927972793579
3,1,5,93,81,81,1,0.45045804977417,1,-1,1,1,0.584512948989868
3,1,5,94,27,27,1,0.617583036422729,1,1,-1,1,0.20045804977417
3,1,5,95,81,81,1,0.383787631988525,1,1,1,1,0.367583036422729
3,1,5,96,-9,9,0,0.700921058654785,1,1,1,1,0.133787631988525
3,1,5,97,-3,3,0,0.684253931045532,-1,-1,1,1,0.450921058654785
3,1,5,98,-3,3,0,0.817580223083496,-1,-1,-1,-1,0.434253931045532
3,1,5,99,-9,9,0,0.934242010116577,-1,-1,-1,-1,0.567580223083496
3,1,6,2,-9,9,0,0.367133855819702,-1,-1,-1,-1,0.750673770904541
3,1,6,3,-3,3,0,0.284260034561157,-1,-1,-1,-1,0.117133855819702
3,1,6,4,-0,0,0,0.333806991577148,-1,-1,-1,-1,0.0342600345611572
3,1,6,5,-81,81,0,0.85090708732605,-1,-1,-1,-1,0.0838069915771484
3,1,6,6,9,9,1,0.683789968490601,-1,-1,-1,-1,0.60090708732605
3,1,6,7,3,3,0,0.533792018890381,1,1,-1,-1,0.433789968490601
3,1,6,8,81,81,1,0.883783102035522,1,-1,1,1,0.283792018890381
3,1,6,12,-9,9,0,0.78380012512207,-1,1,1,1,1.03421998023987
3,1,6,13,81,81,1,0.633788824081421,-1,-1,1,-1,0.53380012512207
3,1,6,14,3,3,0,0.750888347625732,1,1,-1,-1,0.383788824081421
3,1,6,15,3,3,1,0.567152976989746,1,-1,1,1,0.500888347625732
3,1,6,16,9,9,0,0.784239053726196,1,1,-1,1,0.317152976989746
3,1,6,20,-9,9,0,0.950443029403687,-1,-1,1,-1,0.450511932373047
3,1,6,21,-3,3,0,0.650450944900513,-1,-1,-1,-1,0.700443029403687
3,1,6,22,-9,9,1,0.783781051635742,-1,-1,-1,-1,0.400450944900513
3,1,6,23,-3,3,1,0.983781099319458,-1,1,-1,-1,0.533781051635742
3,1,6,24,-9,9,0,0.467126131057739,-1,1,1,-1,0.733781099319458
3,1,6,28,-3,3,0,0.53424596786499,-1,-1,-1,-1,0.634246349334717
3,1,6,29,-3,3,0,0.533819913864136,-1,-1,-1,-1,0.28424596786499
3,1,6,30,3,3,1,1.11708879470825,-1,-1,-1,-1,0.283819913864136
3,1,6,31,81,81,1,1.21755456924438,1,1,-1,-1,0.867088794708252
3,1,6,32,-9,9,1,0.567135095596313,1,1,1,1,0.967554569244385
3,1,6,33,-27,27,0,0.41759181022644,-1,1,1,1,0.317135095596313
3,1,6,34,-3,3,1,0.567116260528564,-1,-1,1,-1,0.16759181022644
3,1,6,35,-81,81,0,0.867585420608521,-1,1,-1,-1,0.317116260528564
3,1,6,36,-9,9,0,1.08425092697144,-1,-1,1,-1,0.617585420608521
3,1,6,37,81,81,1,0.550923109054565,-1,-1,-1,-1,0.834250926971436
3,1,6,38,27,27,1,1.25085711479187,1,1,-1,-1,0.300923109054565
3,1,6,39,-0,0,1,0.767596960067749,1,1,1,1,1.00085711479187
3,1,6,40,3,3,0,0.700482368469238,-1,1,1,1,0.517596960067749
3,1,6,41,27,27,1,0.967114210128784,1,-1,1,-1,0.450482368469238
3,1,6,42,27,27,1,0.533798933029175,1,1,-1,1,0.717114210128784
3,1,6,51,27,27,1,1.10091590881348,1,1,-1,-1,0.683850288391113
3,1,6,52,81,81,1,0.717132091522217,1,1,1,1,0.850915908813477
3,1,6,53,81,81,1,0.434260845184326,1,1,1,1,0.467132091522217
3,1,6,54,3,3,0,0.550926208496094,1,1,1,1,0.184260845184326
3,1,6,55,27,27,1,0.600500106811523,1,-1,1,1,0.300926208496094
3,1,6,56,81,81,1,0.53425407409668,1,1,-1,1,0.350500106811523
3,1,6,57,27,27,1,0.933783054351807,1,1,1,1,0.28425407409668
3,1,6,58,-27,27,0,0.851710319519043,1,1,1,1,0.683783054351807
3,1,6,59,0,0,0,1.25089836120605,-1,-1,1,1,0.601710319519043
3,1,6,60,81,81,1,0.567146778106689,1,-1,-1,-1,1.00089836120605
3,1,6,61,81,81,1,0.250937938690186,1,1,-1,1,0.317146778106689
3,1,6,62,3,3,1,0.400474071502686,1,1,1,1,0.000937938690185547
3,1,6,63,0,0,0,0.71713399887085,1,1,1,1,0.150474071502686
3,1,6,64,0,0,0,0.417651176452637,1,-1,1,1,0.46713399887085
3,1,6,65,27,27,1,0.267160892486572,1,-1,-1,1,0.167651176452637
3,1,6,66,-27,27,0,0.667135953903198,1,1,-1,1,0.0171608924865723
3,1,6,67,-27,27,0,0.683816194534302,-1,-1,1,1,0.417135953903198
3,1,6,68,9,9,1,0.533794403076172,-1,-1,-1,-1,0.433816194534302
3,1,6,69,3,3,0,0.483796834945679,1,1,-1,-1,0.283794403076172
3,1,6,70,81,81,1,0.250936985015869,1,-1,1,1,0.233796834945679
3,1,6,71,81,81,1,0.834241151809692,1,1,-1,1,0.000936985015869141
3,1,6,72,9,9,1,0.617608070373535,1,1,1,1,0.584241151809692
3,1,6,73,3,3,0,1.11711001396179,1,1,1,1,0.367608070373535
3,1,6,74,81,81,1,0.383868932723999,1,-1,1,1,0.867110013961792
3,1,6,75,3,3,1,0.500458240509033,1,1,-1,1,0.133868932723999
3,1,6,80,81,81,1,0.367163896560669,1,-1,1,1,0.467121839523315
3,1,6,81,9,9,1,0.567140340805054,1,1,-1,1,0.117163896560669
3,1,6,82,-27,27,0,0.333807945251465,1,1,1,1,0.317140340805054
3,1,6,83,-9,9,0,0.350501537322998,-1,-1,1,1,0.0838079452514648
3,1,6,84,3,3,0,1.13376212120056,-1,-1,-1,-1,0.100501537322998
3,1,6,85,3,3,1,0.667110204696655,1,-1,-1,-1,0.883762121200562
3,1,6,86,9,9,0,0.600926876068115,1,1,-1,1,0.417110204696655
3,1,6,87,81,81,1,1.16710209846497,1,-1,1,1,0.350926876068115
3,1,6,88,9,9,1,0.600496292114258,1,1,-1,1,0.917102098464966
3,1,6,89,27,27,1,0.300471305847168,1,1,1,1,0.350496292114258
3,1,6,90,81,81,1,0.251032829284668,1,1,1,1,0.050471305847168
3,1,6,91,9,9,0,0.800931930541992,1,1,1,1,0.00103282928466797
3,1,6,92,3,3,0,0.967557191848755,1,-1,1,1,0.550931930541992
3,1,6,97,-0,0,1,0.350925207138062,1,1,1,1,0.267169713973999
3,2,1,2,-9,9,0,0.534260034561157,1,-1,1,-1,0.434034585952759
3,2,1,3,9,9,0,0.667932033538818,-1,-1,-1,1,0.284260034561157
3,2,1,4,-27,27,0,0.55092453956604,1,-1,-1,-1,0.417932033538818
3,2,1,5,-81,81,0,0.917572021484375,-1,-1,-1,1,0.30092453956604
3,2,1,6,-27,27,0,0.535048246383667,-1,-1,-1,-1,0.667572021484375
3,2,1,7,-3,3,0,0.517591953277588,-1,-1,-1,-1,0.285048246383667
3,2,1,8,-3,3,0,0.383820056915283,-1,-1,-1,-1,0.267591953277588
3,2,1,9,-3,3,0,0.583791017532349,-1,-1,-1,-1,0.133820056915283
3,2,1,10,-3,3,0,0.917647123336792,-1,-1,-1,-1,0.333791017532349
3,2,1,11,-9,9,0,0.500914812088013,-1,-1,-1,-1,0.667647123336792
3,2,1,12,-27,27,0,0.417156934738159,-1,-1,-1,-1,0.250914812088013
3,2,1,13,3,3,1,0.817131042480469,-1,-1,-1,-1,0.167156934738159
3,2,1,17,3,3,0,0.534862041473389,1,-1,-1,1,0.117609977722168
3,2,1,18,9,9,0,0.533829927444458,1,-1,-1,1,0.284862041473389
3,2,1,19,-27,27,0,0.300899028778076,1,-1,-1,1,0.283829927444458
3,2,1,20,-3,3,0,0.534269571304321,-1,-1,-1,1,0.0508990287780762
3,2,1,21,-81,81,0,0.400957107543945,-1,-1,-1,-1,0.284269571304321
3,2,1,22,-3,3,1,0.750478029251099,-1,-1,-1,-1,0.150957107543945
3,2,1,23,81,81,1,0.517577171325684,-1,1,-1,-1,0.500478029251099
3,2,1,24,27,27,1,0.483813047409058,1,1,1,-1,0.267577171325684
3,2,1,25,3,3,1,0.734253168106079,1,1,1,1,0.233813047409058
3,2,1,26,0,0,0,0.733795166015625,1,1,1,1,0.484253168106079
3,2,1,27,0,0,0,0.584258079528809,1,-1,1,1,0.483795166015625
3,2,1,28,-81,81,0,0.400490045547485,1,-1,-1,1,0.334258079528809
3,2,1,29,-81,81,0,0.317138195037842,-1,-1,-1,1,0.150490045547485
3,2,1,30,-27,27,0,0.500488042831421,-1,-1,-1,-1,0.0671381950378418
3,2,1,31,-3,3,1,0.650453329086304,-1,-1,-1,-1,0.250488042831421
3,2,1,32,-27,27,0,0.300475835800171,-1,1,-1,-1,0.400453329086304
3,2,1,33,-27,27,0,0.384288311004639,-1,-1,1,-1,0.0504758358001709
3,2,1,34,-81,81,0,0.634251832962036,-1,-1,-1,-1,0.134288311004639
3,2,1,35,-81,81,0,0.567133903503418,-1,-1,-1,-1,0.384251832962036
3,2,1,36,-27,27,0,0.250944852828979,-1,-1,-1,-1,0.317133903503418
3,2,1,41,-27,27,0,0.533795833587646,-1,-1,-1,-1,0.284253835678101
3,2,1,42,-81,81,0,0.467606067657471,-1,-1,-1,-1,0.283795833587646
3,2,1,43,81,81,1,0.383777618408203,-1,-1,-1,-1,0.217606067657471
3,2,1,44,81,81,1,0.334409952163696,1,1,-1,-1,0.133777618408203
3,2,1,45,-3,3,0,0.533778429031372,1,1,1,1,0.0844099521636963
3,2,1,46,-9,9,1,0.667600870132446,-1,-1,1,1,0.283778429031372
3,2,1,47,-0,0,1,0.41759204864502,-1,1,-1,-1,0.417600870132446
3,2,1,48,-9,9,1,0.833793878555298,-1,1,1,-1,0.16759204864502
3,2,1,49,-27,27,0,0.500926494598389,-1,1,1,-1,0.583793878555298
3,2,1,50,-27,27,0,0.600492000579834,-1,-1,1,-1,0.250926494598389
3,2,1,51,-3,3,0,0.784245014190674,-1,-1,-1,-1,0.350492000579834
3,2,1,52,-0,0,1,0.65051531791687,-1,-1,-1,-1,0.534245014190674
3,2,1,56,3,3,0,0.634248018264771,-1,-1,-1,-1,0.600906133651733
3,2,1,57,27,27,1,0.784246206283569,1,-1,-1,-1,0.384248018264771
3,2,1,58,9,9,1,0.467161893844604,1,1,-1,1,0.534246206283569
3,2,1,59,-9,9,1,0.600927114486694,1,1,1,1,0.217161893844604
3,2,1,67,9,9,1,0.650470018386841,1,1,-1,-1,0.500473022460938
3,2,1,68,3,3,0,0.867110013961792,1,1,1,1,0.400470018386841
3,2,1,69,3,3,0,0.80045223236084,1,-1,1,1,0.617110013961792
3,2,1,70,81,81,1,0.500468015670776,1,-1,-1,1,0.55045223236084
3,2,1,71,-27,27,0,0.617141246795654,1,1,-1,1,0.250468015670776
3,2,1,72,-0,0,0,0.867130994796753,-1,-1,1,1,0.367141246795654
3,2,1,73,27,27,1,0.433788299560547,-1,-1,-1,-1,0.617130994796753
3,2,1,74,-27,27,0,0.583823919296265,1,1,-1,-1,0.183788299560547
3,2,1,75,27,27,1,0.667562961578369,-1,-1,1,1,0.333823919296265
3,2,1,76,9,9,0,1.1505024433136,1,1,-1,-1,0.417562961578369
3,2,1,77,3,3,1,1.03376030921936,1,-1,1,1,0.900502443313599
3,2,1,78,9,9,0,0.433806896209717,1,1,-1,1,0.78376030921936
3,2,1,79,9,9,0,0.684250354766846,1,-1,1,1,0.183806896209717
3,2,1,80,-9,9,0,0.450914144515991,1,-1,-1,1,0.434250354766846
3,2,1,81,-9,9,0,0.367182016372681,-1,-1,-1,1,0.200914144515991
3,2,1,82,-81,81,0,0.483826875686646,-1,-1,-1,-1,0.117182016372681
3,2,1,83,-81,81,0,0.484215497970581,-1,-1,-1,-1,0.233826875686646
3,2,1,84,-9,9,0,0.600460052490234,-1,-1,-1,-1,0.234215497970581
3,2,1,85,3,3,0,0.534280061721802,-1,-1,-1,-1,0.350460052490234
3,2,1,86,27,27,1,0.617144823074341,1,-1,-1,-1,0.284280061721802
3,2,1,87,81,81,1,0.634249925613403,1,1,-1,1,0.367144823074341
3,2,1,88,0,0,1,0.717130899429321,1,1,1,1,0.384249925613403
3,2,1,89,9,9,1,0.417142152786255,1,1,1,1,0.467130899429321
3,2,1,90,0,0,1,0.80046820640564,1,1,1,1,0.167142152786255
3,2,1,91,-3,3,1,0.833790063858032,1,1,1,1,0.55046820640564
3,2,1,92,-81,81,0,0.267168998718262,-1,1,1,1,0.583790063858032
3,2,1,93,27,27,1,0.533803701400757,-1,-1,1,-1,0.0171689987182617
3,2,1,94,27,27,1,0.550925016403198,1,1,-1,-1,0.283803701400757
3,2,1,95,81,81,1,0.567590236663818,1,1,1,1,0.300925016403198
3,2,1,96,0,0,1,0.91754412651062,1,1,1,1,0.317590236663818
3,2,1,97,27,27,1,0.583790063858032,1,1,1,1,0.66754412651062
3,2,1,98,81,81,1,0.53380298614502,1,1,1,1,0.333790063858032
3,2,1,99,-3,3,1,0.800477981567383,1,1,1,1,0.28380298614502
3,2,2,2,0,0,0,0.868444919586182,-1,-1,1,-1,0.300705909729004
3,2,2,3,-9,9,0,0.683802604675293,1,-1,-1,-1,0.618444919586182
3,2,2,4,81,81,1,0.584246635437012,-1,-1,-1,1,0.433802604675293
3,2,2,5,27,27,1,0.567149877548218,1,1,-1,-1,0.334246635437012
3,2,2,6,-3,3,0,0.667599678039551,1,1,1,1,0.317149877548218
3,2,2,7,-3,3,0,0.46713399887085,-1,-1,1,1,0.417599678039551
3,2,2,8,-0,0,1,0.533788919448853,-1,-1,-1,-1,0.21713399887085
3,2,2,9,-9,9,0,0.367134809494019,-1,1,-1,-1,0.283788919448853
3,2,2,10,-0,0,0,0.500472068786621,-1,-1,1,-1,0.117134809494019
3,2,2,11,27,27,1,0.667586803436279,-1,-1,-1,-1,0.250472068786621
3,2,2,12,-3,3,0,0.667130947113037,1,1,-1,-1,0.417586803436279
3,2,2,16,0,0,0,0.550891160964966,1,1,1,-1,0.650474071502686
3,2,2,17,-3,3,1,0.418334007263184,1,-1,1,1,0.300891160964966
3,2,2,18,27,27,1,0.400470972061157,-1,1,-1,1,0.168334007263184
3,2,2,19,81,81,1,0.935015916824341,1,1,1,-1,0.150470972061157
3,2,2,28,-81,81,0,0.634260892868042,1,-1,-1,-1,0.400475025177002
3,2,2,29,3,3,1,0.900908946990967,-1,-1,-1,1,0.384260892868042
3,2,2,30,-0,0,1,0.500492095947266,1,1,-1,-1,0.650908946990967
3,2,2,31,-9,9,0,0.58379077911377,-1,1,1,1,0.250492095947266
3,2,2,32,81,81,1,0.317127227783203,-1,-1,1,-1,0.33379077911377
3,2,2,33,-0,0,0,0.900910139083862,1,1,-1,-1,0.0671272277832031
3,2,2,34,81,81,1,0.617153882980347,-1,-1,1,1,0.650910139083862
3,2,2,35,27,27,1,0.650485277175903,1,1,-1,-1,0.367153882980347
3,2,2,42,-9,9,0,0.783819913864136,1,1,-1,-1,0.450920343399048
3,2,2,43,-0,0,0,0.651648998260498,-1,-1,1,1,0.533819913864136
3,2,2,44,-3,3,0,0.500480175018311,-1,-1,-1,-1,0.401648998260498
3,2,2,45,-81,81,0,0.350474119186401,-1,-1,-1,-1,0.250480175018311
3,2,2,46,81,81,1,0.733825922012329,-1,-1,-1,-1,0.100474119186401
3,2,2,47,3,3,1,0.90093207359314,1,1,-1,-1,0.483825922012329
3,2,2,48,-9,9,0,0.867127180099487,1,1,1,1,0.65093207359314
3,2,2,49,-9,9,0,0.767604351043701,-1,-1,1,1,0.617127180099487
3,2,2,50,-81,81,0,0.567122220993042,-1,-1,-1,-1,0.517604351043701
3,2,2,51,3,3,0,0.701539754867554,-1,-1,-1,-1,0.317122220993042
3,2,2,52,-3,3,1,0.683793067932129,1,-1,-1,-1,0.451539754867554
3,2,2,53,-9,9,0,0.467180967330933,-1,1,-1,1,0.433793067932129
3,2,2,57,3,3,1,1.4837589263916,1,-1,1,1,0.417590141296387
3,2,2,58,-9,9,0,0.684252977371216,1,1,-1,1,1.2337589263916
3,2,2,59,9,9,0,0.650904893875122,-1,-1,1,1,0.434252977371216
3,2,2,60,-81,81,0,1.25089502334595,1,-1,-1,-1,0.400904893875122
3,2,2,61,3,3,0,0.700911998748779,-1,-1,-1,1,1.00089502334595
3,2,2,62,-27,27,0,0.467694997787476,1,-1,-1,-1,0.450911998748779
3,2,2,63,0,0,0,0.585100889205933,-1,-1,-1,1,0.217694997787476
3,2,2,64,-9,9,0,0.600455045700073,1,-1,-1,-1,0.335100889205933
3,2,2,65,-3,3,0,0.550478935241699,-1,-1,-1,1,0.350455045700073
3,2,2,66,81,81,1,0.600468873977661,-1,-1,-1,-1,0.300478935241699
3,2,2,67,3,3,0,0.767128229141235,1,1,-1,-1,0.350468873977661
3,2,2,68,-81,81,0,0.550471782684326,1,-1,1,1,0.517128229141235
3,2,2,69,27,27,1,0.600468158721924,-1,-1,-1,1,0.300471782684326
3,2,2,70,-3,3,1,0.667126893997192,1,1,-1,-1,0.350468158721924
3,2,2,71,81,81,1,0.75045108795166,-1,1,1,1,0.417126893997192
3,2,2,72,-27,27,0,0.500468969345093,1,1,1,-1,0.50045108795166
3,2,2,73,27,27,1,0.567158937454224,-1,-1,1,1,0.250468969345093
3,2,2,74,3,3,1,0.684222221374512,1,1,-1,-1,0.317158937454224
3,2,2,75,-9,9,1,0.617600202560425,1,1,1,1,0.434222221374512
3,2,2,76,9,9,1,0.567147016525269,-1,1,1,1,0.367600202560425
3,2,2,77,-3,3,0,0.43379282951355,1,1,1,-1,0.317147016525269
3,2,2,78,9,9,0,0.800455093383789,-1,-1,1,1,0.18379282951355
3,2,2,79,0,0,0,0.651135444641113,1,-1,-1,-1,0.550455093383789
3,2,2,80,-81,81,0,0.534246206283569,1,-1,-1,1,0.401135444641113
3,2,2,81,3,3,0,0.533807992935181,-1,-1,-1,1,0.284246206283569
3,2,2,82,27,27,1,0.418210029602051,1,-1,-1,-1,0.283807992935181
3,2,2,83,-81,81,0,0.617582321166992,1,1,-1,1,0.168210029602051
3,2,2,84,-9,9,0,0.500468969345093,-1,-1,1,1,0.367582321166992
3,2,2,85,-3,3,1,0.583824157714844,-1,-1,-1,-1,0.250468969345093
3,2,2,86,27,27,1,0.467588901519775,-1,1,-1,-1,0.333824157714844
3,2,2,87,-3,3,0,0.650459051132202,1,1,1,-1,0.217588901519775
3,2,2,88,27,27,1,0.534285306930542,-1,-1,1,1,0.400459051132202
3,2,2,89,27,27,1,0.683799982070923,1,1,-1,-1,0.284285306930542
3,2,2,90,0,0,0,0.46759295463562,1,1,1,1,0.433799982070923
3,2,2,91,27,27,1,0.567139148712158,1,-1,1,1,0.21759295463562
3,2,2,92,-81,81,0,0.417144060134888,1,1,-1,1,0.317139148712158
3,2,2,93,27,27,1,0.484241485595703,-1,-1,1,1,0.167144060134888
3,2,2,94,27,27,1,0.533803224563599,1,1,-1,-1,0.234241485595703
3,2,2,95,9,9,1,0.667176485061646,1,1,1,1,0.283803224563599
3,2,2,96,0,0,1,0.967123031616211,1,1,1,1,0.417176485061646
3,2,2,97,9,9,0,0.533811092376709,1,1,1,1,0.717123031616211
3,2,2,98,9,9,1,0.950433492660522,1,-1,1,1,0.283811092376709
3,2,2,99,-9,9,1,0.734251976013184,1,1,-1,1,0.700433492660522
3,2,3,2,-9,9,0,0.584717273712158,-1,-1,-1,1,0.767794847488403
3,2,3,3,-0,0,0,0.634604930877686,-1,-1,-1,-1,0.334717273712158
3,2,3,4,-3,3,0,1.00088882446289,-1,-1,-1,-1,0.384604930877686
3,2,3,5,-0,0,0,0.733821868896484,-1,-1,-1,-1,0.750888824462891
3,2,3,6,-81,81,0,1.25043892860413,-1,-1,-1,-1,0.483821868896484
3,2,3,7,-0,0,0,0.45048189163208,-1,-1,-1,-1,1.00043892860413
3,2,3,8,3,3,1,0.7171311378479,-1,-1,-1,-1,0.20048189163208
3,2,3,9,3,3,0,0.634248018264771,1,1,-1,-1,0.4671311378479
3,2,3,10,27,27,1,0.634246110916138,1,-1,1,1,0.384248018264771
3,2,3,14,9,9,0,0.567553043365479,1,-1,-1,1,0.167555093765259
3,2,3,15,27,27,1,0.70045804977417,1,-1,-1,1,0.317553043365479
3,2,3,16,27,27,1,0.917593717575073,1,1,-1,1,0.45045804977417
3,2,3,17,-9,9,0,0.550915956497192,1,1,1,1,0.667593717575073
3,2,3,18,-81,81,0,0.867124795913696,-1,-1,1,1,0.300915956497192
3,2,3,19,-9,9,1,0.600456953048706,-1,-1,-1,-1,0.617124795913696
3,2,3,24,-27,27,0,0.567128896713257,-1,-1,-1,-1,0.317137956619263
3,2,3,25,9,9,1,0.567591905593872,-1,-1,-1,-1,0.317128896713257
3,2,3,26,9,9,1,0.717153072357178,1,1,-1,-1,0.317591905593872
3,2,3,27,-27,27,0,0.700451135635376,1,1,1,1,0.467153072357178
3,2,3,28,81,81,1,0.583846092224121,-1,-1,1,1,0.450451135635376
3,2,3,29,81,81,1,0.784221887588501,1,1,-1,-1,0.333846092224121
3,2,3,30,0,0,0,0.600481033325195,1,1,1,1,0.534221887588501
3,2,3,31,9,9,0,0.683795213699341,1,-1,1,1,0.350481033325195
3,2,3,32,9,9,1,0.367163896560669,1,-1,-1,1,0.433795213699341
3,2,3,33,27,27,0,0.333799123764038,1,1,-1,1,0.117163896560669
3,2,3,34,81,81,1,0.533807992935181,1,-1,1,1,0.0837991237640381
3,2,3,35,-0,0,1,1.01717019081116,1,1,-1,1,0.283807992935181
3,2,3,36,-9,9,1,0.651675224304199,-1,1,1,1,0.767170190811157
3,2,3,37,-9,9,0,0.584490299224854,-1,1,1,-1,0.401675224304199
3,2,3,38,-9,9,0,0.684330940246582,-1,-1,1,-1,0.334490299224854
3,2,3,39,27,27,0,0.417173862457275,-1,-1,-1,-1,0.434330940246582
3,2,3,40,81,81,1,0.98423171043396,1,-1,-1,-1,0.167173862457275
3,2,3,41,27,27,1,0.333816289901733,1,1,-1,1,0.73423171043396
3,2,3,42,9,9,0,0.733790159225464,1,1,1,1,0.0838162899017334
3,2,3,43,81,81,1,0.30046820640564,1,-1,1,1,0.483790159225464
3,2,3,44,9,9,0,0.767620325088501,1,1,-1,1,0.0504682064056396
3,2,3,45,27,27,1,0.767117023468018,1,-1,1,1,0.517620325088501
3,2,3,46,81,81,0,0.550472021102905,1,1,-1,1,0.517117023468018
3,2,3,47,3,3,1,0.834314823150635,1,-1,1,1,0.300472021102905
3,2,3,48,9,9,0,0.433797121047974,1,1,-1,1,0.584314823150635
3,2,3,49,27,27,0,0.633793115615845,1,-1,1,1,0.183797121047974
3,2,3,50,27,27,1,0.467149019241333,1,-1,-1,1,0.383793115615845
3,2,3,51,27,27,1,0.834248065948486,1,1,-1,1,0.217149019241333
3,2,3,52,0,0,0,0.517126321792603,1,1,1,1,0.584248065948486
3,2,3,53,9,9,0,0.384261846542358,1,-1,1,1,0.267126321792603
3,2,3,54,3,3,1,0.967108011245728,1,-1,-1,1,0.134261846542358
3,2,3,55,0,0,0,0.434252977371216,1,1,-1,1,0.717108011245728
3,2,3,56,81,81,1,0.568202257156372,1,-1,1,1,0.184252977371216
3,2,3,57,27,27,1,0.783781290054321,1,1,-1,1,0.318202257156372
3,2,3,58,9,9,1,0.335104942321777,1,1,1,1,0.533781290054321
3,2,3,59,27,27,1,0.517137765884399,1,1,1,1,0.0851049423217773
3,2,3,60,81,81,1,0.550910234451294,1,1,1,1,0.267137765884399
3,2,3,61,27,27,1,0.501789331436157,1,1,1,1,0.300910234451294
3,2,3,62,3,3,1,0.53382396697998,1,1,1,1,0.251789331436157
3,2,3,63,27,27,1,0.550904750823975,1,1,1,1,0.28382396697998
3,2,3,64,81,81,1,0.56713604927063,1,1,1,1,0.300904750823975
3,2,3,65,-81,81,0,0.550468921661377,1,1,1,1,0.31713604927063
3,2,3,66,3,3,0,0.467589139938354,-1,-1,1,1,0.300468921661377
3,2,3,67,27,27,1,1.00045704841614,1,-1,-1,-1,0.217589139938354
3,2,3,68,81,81,1,0.517198324203491,1,1,-1,1,0.750457048416138
3,2,3,69,81,81,1,0.533792972564697,1,1,1,1,0.267198324203491
3,2,3,70,27,27,1,0.55047082901001,1,1,1,1,0.283792972564697
3,2,3,71,27,27,1,0.367149114608765,1,1,1,1,0.30047082901001
3,2,3,72,9,9,1,0.934256076812744,1,1,1,1,0.117149114608765
3,2,3,73,9,9,0,0.417591094970703,1,1,1,1,0.684256076812744
3,2,3,74,-3,3,1,0.583796977996826,1,-1,1,1,0.167591094970703
3,2,3,75,-3,3,0,0.484245538711548,-1,1,-1,1,0.333796977996826
3,2,3,76,81,81,1,0.700501918792725,-1,-1,1,-1,0.234245538711548
3,2,3,77,3,3,0,1.06716394424438,1,1,-1,-1,0.450501918792725
3,2,3,78,81,81,1,0.667136192321777,1,-1,1,1,0.817163944244385
3,2,3,79,3,3,1,0.700471878051758,1,1,-1,1,0.417136192321777
3,2,3,80,27,27,1,0.534242868423462,1,1,1,1,0.450471878051758
3,2,3,81,9,9,0,0.550470113754272,1,1,1,1,0.284242868423462
3,2,3,82,81,81,1,0.400923013687134,1,-1,1,1,0.300470113754272
3,2,3,83,3,3,1,0.567586898803711,1,1,-1,1,0.150923013687134
3,2,3,84,3,3,1,0.633811712265015,1,1,1,1,0.317586898803711
3,2,3,85,27,27,1,0.734236001968384,1,1,1,1,0.383811712265015
3,2,3,89,27,27,1,0.61715292930603,-1,-1,-1,1,0.400458335876465
3,2,3,90,-3,3,1,0.750505685806274,1,1,-1,-1,0.36715292930603
3,2,3,91,3,3,0,0.417598962783813,-1,1,1,1,0.500505685806274
3,2,3,92,3,3,1,0.717117071151733,1,-1,1,-1,0.167598962783813
3,2,3,93,0,0,0,0.651294231414795,1,1,-1,1,0.467117071151733
3,2,3,94,-81,81,0,0.617580413818359,1,-1,1,1,0.401294231414795
3,2,3,95,-3,3,1,0.967106103897095,-1,-1,-1,1,0.367580413818359
3,2,3,96,-3,3,1,0.550895214080811,-1,1,-1,-1,0.717106103897095
3,2,3,97,-3,3,1,0.750468015670776,-1,1,1,-1,0.300895214080811
3,2,3,98,-81,81,0,0.533796072006226,-1,1,1,-1,0.500468015670776
3,2,3,99,0,0,0,0.818448781967163,-1,-1,1,-1,0.283796072006226
3,2,4,2,3,3,0,0.600466012954712,-1,-1,1,-1,0.783999919891357
3,2,4,3,-9,9,1,0.400467872619629,1,-1,-1,-1,0.350466012954712
3,2,4,4,9,9,0,0.583778858184814,-1,1,-1,1,0.150467872619629
3,2,4,5,-81,81,0,0.851739883422852,1,-1,1,-1,0.333778858184814
3,2,4,6,3,3,0,1.03376698493958,-1,-1,-1,1,0.601739883422852
3,2,4,7,-3,3,0,1.00089383125305,1,-1,-1,-1,0.783766984939575
3,2,4,8,27,27,1,0.734226942062378,-1,-1,-1,1,0.750893831253052
3,2,4,9,-9,9,0,0.783813953399658,1,1,-1,-1,0.484226942062378
3,2,4,10,81,81,1,0.483806133270264,-1,-1,1,1,0.533813953399658
3,2,4,11,-9,9,0,0.950906991958618,1,1,-1,-1,0.233806133270264
3,2,4,12,9,9,1,0.733827114105225,-1,-1,1,1,0.700906991958618
3,2,4,13,-3,3,0,0.817575931549072,1,1,-1,-1,0.483827114105225
3,2,4,14,-9,9,1,1.00044584274292,-1,-1,1,1,0.567575931549072
3,2,4,15,-27,27,0,0.784482955932617,-1,1,-1,-1,0.75044584274292
3,2,4,16,3,3,1,0.817574024200439,-1,-1,1,-1,0.534482955932617
3,2,4,17,-3,3,1,0.867116928100586,1,1,-1,-1,0.567574024200439
3,2,4,18,-3,3,0,1.2671070098877,-1,1,1,1,0.617116928100586
3,2,4,19,3,3,0,0.867118835449219,-1,-1,1,-1,1.0171070098877
3,2,4,20,-0,0,1,0.817118883132935,1,-1,-1,-1,0.617118835449219
3,2,4,21,9,9,1,0.900432348251343,-1,1,-1,1,0.567118883132935
3,2,4,22,-81,81,0,0.983777761459351,1,1,1,-1,0.650432348251343
3,2,4,23,3,3,0,0.717839956283569,-1,-1,1,1,0.733777761459351
3,2,4,24,9,9,0,0.83378791809082,1,-1,-1,-1,0.467839956283569
3,2,4,25,-81,81,0,0.950473070144653,1,-1,-1,1,0.58378791809082
3,2,4,26,27,27,1,0.800456047058105,-1,-1,-1,1,0.700473070144653
3,2,4,27,-9,9,0,0.900909185409546,1,1,-1,-1,0.550456047058105
3,2,4,28,0,0,0,1.11758613586426,-1,-1,1,1,0.650909185409546
3,2,4,29,-27,27,0,1.21710300445557,1,-1,-1,-1,0.867586135864258
3,2,4,36,-27,27,0,1.05044651031494,1,1,-1,1,0.301034212112427
3,2,4,37,9,9,1,0.567583084106445,-1,-1,1,1,0.800446510314941
3,2,4,38,-27,27,0,0.91711688041687,1,1,-1,-1,0.317583084106445
3,2,4,39,27,27,1,0.567582368850708,-1,-1,1,1,0.66711688041687
3,2,4,40,-81,81,0,0.434282064437866,1,1,-1,-1,0.317582368850708
3,2,4,41,27,27,1,0.650457143783569,-1,-1,1,1,0.184282064437866
3,2,4,42,-81,81,0,0.683861970901489,1,1,-1,-1,0.400457143783569
3,2,4,43,81,81,1,0.71756911277771,-1,-1,1,1,0.433861970901489
3,2,4,44,-81,81,0,0.484262943267822,1,1,-1,-1,0.46756911277771
3,2,4,45,9,9,1,1.28377938270569,-1,-1,1,1,0.234262943267822
3,2,4,46,-27,27,0,0.633786201477051,1,1,-1,-1,1.03377938270569
3,2,4,47,81,81,1,0.650465965270996,-1,-1,1,1,0.383786201477051
3,2,4,48,-81,81,0,0.734301805496216,1,1,-1,-1,0.400465965270996
3,2,4,49,-27,27,0,0.733790397644043,-1,-1,1,1,0.484301805496216
3,2,4,50,0,0,1,0.700453996658325,-1,-1,-1,-1,0.483790397644043
3,2,4,51,-81,81,0,0.550443172454834,1,1,-1,-1,0.450453996658325
3,2,4,52,-3,3,0,0.817575454711914,-1,-1,1,1,0.300443172454834
3,2,4,53,27,27,1,0.567590713500977,-1,-1,-1,-1,0.567575454711914
3,2,4,54,0,0,1,0.667576789855957,1,1,-1,-1,0.317590713500977
3,2,4,55,-3,3,1,0.350497961044312,1,1,1,1,0.417576789855957
3,2,4,56,81,81,1,0.750500202178955,-1,1,1,1,0.100497961044312
3,2,4,57,-9,9,0,0.583829164505005,1,1,1,-1,0.500500202178955
3,2,4,58,27,27,1,0.75045108795166,-1,-1,1,1,0.333829164505005
3,2,4,59,-9,9,1,0.517583131790161,1,1,-1,-1,0.50045108795166
3,2,4,60,81,81,1,0.817129373550415,-1,1,1,1,0.267583131790161
3,2,4,61,-3,3,0,0.567130327224731,1,1,1,-1,0.567129373550415
3,2,4,62,81,81,1,0.751054048538208,-1,-1,1,1,0.317130327224731
3,2,4,63,9,9,1,0.634608745574951,1,1,-1,-1,0.501054048538208
3,2,4,64,3,3,1,1.31710577011108,1,1,1,1,0.384608745574951
3,2,4,65,-3,3,1,0.468173265457153,1,1,1,1,1.06710577011108
3,2,4,66,3,3,0,0.400936365127563,-1,1,1,1,0.218173265457153
3,2,4,67,-27,27,0,0.650471210479736,1,-1,1,-1,0.150936365127563
3,2,4,68,9,9,1,0.550918102264404,-1,-1,-1,1,0.400471210479736
3,2,4,69,-0,0,1,0.467137098312378,1,1,-1,-1,0.300918102264404
3,2,4,70,-27,27,1,0.717135906219482,-1,1,1,1,0.217137098312378
3,2,4,71,3,3,1,0.534252166748047,-1,1,1,-1,0.467135906219482
3,2,4,72,-3,3,1,0.567152976989746,1,1,1,-1,0.284252166748047
3,2,4,73,27,27,0,0.783792018890381,-1,1,1,1,0.317152976989746
3,2,4,74,-27,27,0,1.21711349487305,1,-1,1,-1,0.533792018890381
3,2,4,75,81,81,1,0.450930118560791,-1,-1,-1,1,0.967113494873047
3,2,4,80,27,27,1,0.700470924377441,-1,-1,-1,1,0.383859157562256
3,2,4,81,0,0,1,0.783780097961426,1,1,-1,-1,0.450470924377441
3,2,4,82,-9,9,0,0.700461864471436,1,1,1,1,0.533780097961426
3,2,4,83,81,81,1,0.300459384918213,-1,-1,1,1,0.450461864471436
3,2,4,84,-3,3,0,0.583876371383667,1,1,-1,-1,0.0504593849182129
3,2,4,85,0,0,1,0.733787298202515,-1,-1,1,1,0.333876371383667
3,2,4,86,-81,81,0,0.784206867218018,1,1,-1,-1,0.483787298202515
3,2,4,87,81,81,1,0.450989246368408,-1,-1,1,1,0.534206867218018
3,2,4,88,-27,27,0,0.450446605682373,1,1,-1,-1,0.200989246368408
3,2,4,89,81,81,1,0.417145967483521,-1,-1,1,1,0.200446605682373
3,2,4,90,-81,81,0,0.900909900665283,1,1,-1,-1,0.167145967483521
3,2,4,91,9,9,1,0.817139148712158,-1,-1,1,1,0.650909900665283
3,2,4,92,-27,27,1,0.31714940071106,1,1,-1,-1,0.567139148712158
3,2,4,93,27,27,0,0.517547607421875,-1,1,1,1,0.0671494007110596
3,2,4,94,-0,0,0,0.733797311782837,1,-1,1,-1,0.267547607421875
3,2,4,95,9,9,1,0.56840443611145,-1,-1,-1,1,0.483797311782837
3,2,4,96,-27,27,0,0.884248971939087,1,1,-1,-1,0.31840443611145
3,2,4,97,3,3,0,0.55091381072998,-1,-1,1,1,0.634248971939087
3,2,4,98,0,0,1,0.367591857910156,1,-1,-1,-1,0.30091381072998
3,2,4,99,-3,3,1,0.800453186035156,1,1,-1,1,0.117591857910156
3,2,5,3,-0,0,0,0.80044412612915,1,-1,1,-1,0.433801889419556
3,2,5,4,0,0,0,0.800914525985718,-1,-1,-1,1,0.55044412612915
3,2,5,5,-3,3,0,0.533825159072876,1,-1,-1,-1,0.550914525985718
3,2,5,6,27,27,1,0.667125940322876,-1,-1,-1,1,0.283825159072876
3,2,5,7,-0,0,1,0.80091404914856,1,1,-1,-1,0.417125940322876
3,2,5,8,-9,9,0,1.21713185310364,-1,1,1,1,0.55091404914856
3,2,5,9,-27,27,0,1.23377799987793,-1,-1,1,-1,0.967131853103638
3,2,5,10,3,3,1,0.584256172180176,-1,-1,-1,-1,0.98377799987793
3,2,5,11,-9,9,1,0.967113971710205,1,1,-1,-1,0.334256172180176
3,2,5,12,9,9,0,1.15051436424255,-1,1,1,1,0.717113971710205
3,2,5,13,-3,3,1,0.534231185913086,1,-1,1,-1,0.900514364242554
3,2,5,14,3,3,0,0.934228181838989,-1,1,-1,1,0.284231185913086
3,2,5,15,-27,27,0,0.80091118812561,1,-1,1,-1,0.684228181838989
3,2,5,16,81,81,1,0.433789253234863,-1,-1,-1,1,0.55091118812561
3,2,5,17,-81,81,0,0.784241199493408,1,1,-1,-1,0.183789253234863
3,2,5,18,27,27,1,0.450506210327148,-1,-1,1,1,0.534241199493408
3,2,5,19,-27,27,0,0.500482082366943,1,1,-1,-1,0.200506210327148
3,2,5,20,3,3,1,0.70045018196106,-1,-1,1,1,0.250482082366943
3,2,5,21,-27,27,0,1.05044794082642,1,1,-1,-1,0.45045018196106
3,2,5,22,81,81,1,1.03378009796143,-1,-1,1,1,0.800447940826416
3,2,5,23,-9,9,0,0.901157140731812,1,1,-1,-1,0.783780097961426
3,2,5,24,81,81,1,0.433804988861084,-1,-1,1,1,0.651157140731812
3,2,5,25,-27,27,0,0.467595100402832,1,1,-1,-1,0.183804988861084
3,2,5,30,3,3,1,1.08377194404602,1,-1,1,1,0.583777904510498
3,2,5,31,9,9,0,0.867118120193481,1,1,-1,1,0.833771944046021
3,2,5,32,-27,27,0,0.950448036193848,1,-1,1,1,0.617118120193481
3,2,5,33,-3,3,0,0.700486421585083,-1,-1,-1,1,0.700448036193848
3,2,5,34,0,0,0,0.584213256835938,-1,-1,-1,-1,0.450486421585083
3,2,5,35,-3,3,0,0.38381290435791,1,-1,-1,-1,0.334213256835938
3,2,5,36,9,9,0,0.58444881439209,-1,-1,-1,1,0.13381290435791
3,2,5,37,-9,9,0,0.684235334396362,1,-1,-1,-1,0.33444881439209
3,2,5,38,9,9,1,0.500464200973511,-1,-1,-1,1,0.434235334396362
3,2,5,43,27,27,1,0.334520101547241,-1,-1,1,1,0.567121982574463
3,2,5,44,3,3,0,0.634250164031982,1,1,-1,-1,0.0845201015472412
3,2,5,45,-81,81,0,0.550918817520142,1,-1,1,1,0.384250164031982
3,2,5,46,3,3,0,1.06711006164551,-1,-1,-1,1,0.300918817520142
3,2,5,47,-27,27,0,0.517122030258179,1,-1,-1,-1,0.817110061645508
3,2,5,48,0,0,0,0.551361799240112,-1,-1,-1,1,0.267122030258179
3,2,5,49,-27,27,0,0.683810234069824,1,-1,-1,-1,0.301361799240112
3,2,5,50,0,0,1,1.18379688262939,-1,-1,-1,1,0.433810234069824
3,2,5,51,-9,9,0,0.40092396736145,1,1,-1,-1,0.933796882629395
3,2,5,52,3,3,0,0.250922203063965,-1,-1,1,1,0.15092396736145
3,2,5,53,-81,81,0,1.0676052570343,1,-1,-1,-1,0.000922203063964844
3,2,5,54,3,3,0,0.71761155128479,-1,-1,-1,1,0.817605257034302
3,2,5,55,-27,27,0,0.733799934387207,1,-1,-1,-1,0.46761155128479
3,2,5,56,27,27,1,0.56715989112854,-1,-1,-1,1,0.483799934387207
3,2,5,57,81,81,1,0.584262132644653,1,1,-1,-1,0.31715989112854
3,2,5,58,-81,81,0,0.617128372192383,1,1,1,1,0.334262132644653
3,2,5,59,-27,27,0,0.550912380218506,-1,-1,1,1,0.367128372192383
3,2,5,60,9,9,1,0.567132949829102,-1,-1,-1,-1,0.300912380218506
3,2,5,61,-9,9,0,0.634250164031982,1,1,-1,-1,0.317132949829102
3,2,5,62,-81,81,0,0.550926923751831,-1,-1,1,1,0.384250164031982
3,2,5,63,3,3,0,0.567194223403931,-1,-1,-1,-1,0.300926923751831
3,2,5,64,-9,9,0,0.41758918762207,1,-1,-1,-1,0.317194223403931
3,2,5,71,27,27,1,0.650920152664185,-1,-1,-1,1,0.533782005310059
3,2,5,72,-3,3,0,1.05099296569824,1,1,-1,-1,0.400920152664185
3,2,5,73,9,9,0,0.717586994171143,-1,-1,1,1,0.800992965698242
3,2,5,74,81,81,1,0.417134046554565,1,-1,-1,-1,0.467586994171143
3,2,5,75,27,27,1,0.667157173156738,1,1,-1,1,0.167134046554565
3,2,5,76,3,3,1,0.334261178970337,1,1,1,1,0.417157173156738
3,2,5,77,-81,81,0,0.483818292617798,1,1,1,1,0.0842611789703369
3,2,5,78,0,0,1,0.300474882125854,-1,-1,1,1,0.233818292617798
3,2,5,79,-9,9,0,0.600461959838867,1,1,-1,-1,0.0504748821258545
3,2,5,80,81,81,1,0.484253883361816,-1,-1,1,1,0.350461959838867
3,2,5,81,-9,9,0,0.850460052490234,1,1,-1,-1,0.234253883361816
3,2,5,86,-3,3,0,0.650918006896973,1,1,1,-1,0.833768367767334
3,2,5,87,81,81,1,0.400947093963623,-1,-1,1,1,0.400918006896973
3,2,5,88,-0,0,0,0.567890167236328,1,1,-1,-1,0.150947093963623
3,2,5,89,3,3,0,0.550472021102905,-1,-1,1,1,0.317890167236328
3,2,5,90,-9,9,0,0.517159938812256,1,-1,-1,-1,0.300472021102905
3,2,5,91,81,81,1,0.450491905212402,-1,-1,-1,1,0.267159938812256
3,2,5,92,-81,81,0,0.350928068161011,1,1,-1,-1,0.200491905212402
3,2,5,93,-27,27,1,0.683816909790039,-1,-1,1,1,0.100928068161011
3,2,5,94,81,81,1,0.383814096450806,-1,1,-1,-1,0.433816909790039
3,2,5,95,-3,3,0,0.583786010742188,1,1,1,-1,0.133814096450806
3,2,5,96,81,81,1,0.334277153015137,-1,-1,1,1,0.333786010742188
3,2,5,97,-27,27,0,0.434257030487061,1,1,-1,-1,0.0842771530151367
3,2,5,98,-81,81,0,0.533822059631348,-1,-1,1,1,0.184257030487061
3,2,6,2,-27,27,0,0.467126607894897,1,1,1,-1,0.767333984375
3,2,6,3,-3,3,1,0.483814001083374,-1,-1,1,1,0.217126607894897
3,2,6,4,-9,9,1,0.717145919799805,-1,1,-1,-1,0.233814001083374
3,2,6,5,-81,81,0,0.383804798126221,-1,1,1,-1,0.467145919799805
3,2,6,6,-3,3,0,0.450930833816528,-1,-1,1,-1,0.133804798126221
3,2,6,7,-9,9,1,0.850915908813477,-1,-1,-1,-1,0.200930833816528
3,2,6,8,9,9,1,0.333805084228516,-1,1,-1,-1,0.600915908813477
3,2,6,9,27,27,1,0.600928068161011,1,1,1,-1,0.0838050842285156
3,2,6,10,3,3,0,0.984242916107178,1,1,1,1,0.350928068161011
3,2,6,11,27,27,1,0.550466060638428,1,-1,1,1,0.734242916107178
3,2,6,12,81,81,1,0.417610168457031,1,1,-1,1,0.300466060638428
3,2,6,13,-27,27,0,1.03423285484314,1,1,1,1,0.167610168457031
3,2,6,14,81,81,1,0.600883960723877,-1,-1,1,1,0.78423285484314
3,2,6,15,-81,81,0,0.284255266189575,1,1,-1,-1,0.350883960723877
3,2,6,16,3,3,0,0.700914859771729,-1,-1,1,1,0.0342552661895752
3,2,6,17,81,81,1,0.550923109054565,1,-1,-1,-1,0.450914859771729
3,2,6,18,-0,0,1,0.750469207763672,1,1,-1,1,0.300923109054565
3,2,6,19,3,3,0,0.333810806274414,-1,1,1,1,0.500469207763672
3,2,6,20,3,3,1,0.567119121551514,1,-1,1,-1,0.0838108062744141
3,2,6,21,9,9,1,0.517156839370728,1,1,-1,1,0.317119121551514
3,2,6,22,-27,27,0,0.683833122253418,1,1,1,1,0.267156839370728
3,2,6,23,-81,81,0,0.534251928329468,-1,-1,1,1,0.433833122253418
3,2,6,24,81,81,1,0.600468158721924,-1,-1,-1,-1,0.284251928329468
3,2,6,25,-9,9,0,0.867117881774902,1,1,-1,-1,0.350468158721924
3,2,6,26,-0,0,1,0.567134857177734,-1,-1,1,1,0.617117881774902
3,2,6,27,-0,0,0,1.0508873462677,-1,1,-1,-1,0.317134857177734
3,2,6,28,81,81,1,0.583818912506104,-1,-1,1,-1,0.8008873462677
3,2,6,29,-3,3,0,0.500468969345093,1,1,-1,-1,0.333818912506104
3,2,6,30,-3,3,1,0.300467967987061,-1,-1,1,1,0.250468969345093
3,2,6,31,9,9,0,0.900457620620728,-1,1,-1,-1,0.0504679679870605
3,2,6,32,-9,9,0,0.867113351821899,1,-1,1,-1,0.650457620620728
3,2,6,33,-9,9,0,0.583801984786987,-1,-1,-1,1,0.617113351821899
3,2,6,34,-81,81,0,0.550461053848267,-1,-1,-1,-1,0.333801984786987
3,2,6,35,9,9,0,0.900438785552979,-1,-1,-1,-1,0.300461053848267
3,2,6,36,27,27,1,0.633821249008179,1,-1,-1,-1,0.650438785552979
3,2,6,37,27,27,1,0.967566728591919,1,1,-1,1,0.383821249008179
3,2,6,38,27,27,1,0.667129278182983,1,1,1,1,0.717566728591919
3,2,6,39,0,0,0,0.550887107849121,1,1,1,1,0.417129278182983
3,2,6,40,-81,81,0,0.500455141067505,1,-1,1,1,0.300887107849121
3,2,6,41,-3,3,1,0.817570924758911,-1,-1,-1,1,0.250455141067505
3,2,6,42,81,81,1,1.06774210929871,-1,1,-1,-1,0.567570924758911
3,2,6,43,-9,9,0,0.817573070526123,1,1,1,-1,0.817742109298706
3,2,6,44,0,0,0,1.3837833404541,-1,-1,1,1,0.567573070526123
3,2,6,45,3,3,1,0.567584037780762,1,-1,-1,-1,1.1337833404541
3,2,6,46,3,3,0,1.21711325645447,1,1,-1,1,0.317584037780762
3,2,6,47,-9,9,0,0.883789777755737,1,-1,1,1,0.967113256454468
3,2,6,48,-27,27,0,0.600888013839722,-1,-1,-1,1,0.633789777755737
3,2,6,49,9,9,1,0.550467014312744,-1,-1,-1,-1,0.350888013839722
3,2,6,50,-3,3,0,0.817122936248779,1,1,-1,-1,0.300467014312744
3,2,6,51,-9,9,0,0.8504478931427,-1,-1,1,1,0.567122936248779
3,2,6,52,3,3,0,0.550515413284302,-1,-1,-1,-1,0.6004478931427
3,2,6,53,3,3,0,0.900452852249146,1,-1,-1,-1,0.300515413284302
3,2,6,54,-27,27,0,1.08424186706543,1,-1,-1,1,0.650452852249146
3,2,6,55,81,81,1,0.400895357131958,-1,-1,-1,1,0.83424186706543
3,2,6,56,-9,9,1,0.817121028900146,1,1,-1,-1,0.150895357131958
3,2,6,57,27,27,1,0.817113161087036,-1,1,1,1,0.567121028900146
3,2,6,58,3,3,1,0.56758713722229,1,1,1,-1,0.567113161087036
3,2,6,59,3,3,0,0.633797883987427,1,1,1,1,0.31758713722229
3,2,6,60,-81,81,0,0.567574977874756,1,-1,1,1,0.383797883987427
3,2,6,61,-9,9,0,0.884248018264771,-1,-1,-1,1,0.317574977874756
3,2,6,62,-27,27,0,0.800909042358398,-1,-1,-1,-1,0.634248018264771
3,2,6,63,27,27,1,0.850918054580688,-1,-1,-1,-1,0.550909042358398
3,2,6,64,-9,9,0,0.767542362213135,1,1,-1,-1,0.600918054580688
3,2,6,65,-9,9,1,0.683829069137573,-1,-1,1,1,0.517542362213135
3,2,6,66,-9,9,0,0.550472974777222,-1,1,-1,-1,0.433829069137573
3,2,6,67,-81,81,0,0.750482797622681,-1,-1,1,-1,0.300472974777222
3,2,6,68,-3,3,1,0.633804082870483,-1,-1,-1,-1,0.500482797622681
3,2,6,69,-27,27,0,0.950901985168457,-1,1,-1,-1,0.383804082870483
3,2,6,70,-27,27,0,0.584256172180176,-1,-1,1,-1,0.700901985168457
3,2,6,71,-81,81,0,0.567154169082642,-1,-1,-1,-1,0.334256172180176
3,2,6,72,-3,3,0,0.800913095474243,-1,-1,-1,-1,0.317154169082642
3,2,6,73,-81,81,1,0.750908851623535,-1,-1,-1,-1,0.550913095474243
3,2,6,74,-81,81,0,0.434263944625854,-1,1,-1,-1,0.500908851623535
3,2,6,75,-27,27,0,0.483806848526001,-1,-1,1,-1,0.184263944625854
3,2,6,76,3,3,0,0.73381233215332,-1,-1,-1,-1,0.233806848526001
3,2,6,77,-0,0,0,1.06774997711182,1,-1,-1,-1,0.48381233215332
3,2,6,78,81,81,1,0.534255981445312,-1,-1,-1,1,0.817749977111816
3,2,6,79,-81,81,0,0.434262037277222,1,1,-1,-1,0.284255981445312
3,2,6,80,-9,9,0,0.750462055206299,-1,-1,1,1,0.184262037277222
3,2,6,81,0,0,1,0.567142963409424,-1,-1,-1,-1,0.500462055206299
3,2,6,82,-27,27,0,0.617136240005493,1,1,-1,-1,0.317142963409424
3,2,6,83,0,0,1,0.500898122787476,-1,-1,1,1,0.367136240005493
3,2,6,84,-81,81,0,0.567590951919556,1,1,-1,-1,0.250898122787476
3,2,6,85,9,9,1,0.517581939697266,-1,-1,1,1,0.317590951919556
3,2,6,86,27,27,0,0.733865976333618,1,1,-1,-1,0.267581939697266
3,2,6,87,-27,27,0,0.600454092025757,1,-1,1,1,0.483865976333618
3,2,6,88,-0,0,0,0.617156982421875,-1,-1,-1,1,0.350454092025757
3,2,6,89,81,81,1,0.417600870132446,-1,-1,-1,-1,0.367156982421875
3,2,6,90,9,9,0,0.950479745864868,1,1,-1,-1,0.167600870132446
3,2,6,91,-81,81,0,0.783823013305664,1,-1,1,1,0.700479745864868
3,2,6,92,0,0,1,1.16714596748352,-1,-1,-1,1,0.533823013305664
3,2,6,93,3,3,0,0.650889158248901,1,1,-1,-1,0.917145967483521
3,2,6,94,27,27,1,0.53422474861145,1,-1,1,1,0.400889158248901
3,2,6,95,27,27,1,0.684272289276123,1,1,-1,1,0.28422474861145
3,2,6,96,3,3,0,0.517590045928955,1,1,1,1,0.434272289276123
3,2,6,97,-0,0,1,0.317853212356567,1,-1,1,1,0.267590045928955
3,2,6,98,-9,9,0,0.750492095947266,-1,1,-1,1,0.0678532123565674
3,2,6,99,-3,3,1,0.417721033096313,-1,-1,1,-1,0.500492095947266
3,3,1,2,-3,3,0,0.634253740310669,1,-1,-1,-1,0.500682830810547
3,3,1,3,9,9,0,0.700464963912964,-1,-1,-1,1,0.384253740310669
3,3,1,4,-9,9,0,0.500940084457397,1,-1,-1,-1,0.450464963912964
3,3,1,5,9,9,0,0.56757116317749,-1,-1,-1,1,0.250940084457397
3,3,1,6,-0,0,0,0.584208965301514,1,-1,-1,-1,0.31757116317749
3,3,1,7,-27,27,0,0.58378005027771,-1,-1,-1,1,0.334208965301514
3,3,1,8,81,81,1,0.517145872116089,-1,-1,-1,-1,0.33378005027771
3,3,1,9,-3,3,0,0.783828735351562,1,1,-1,-1,0.267145872116089
3,3,1,10,27,27,1,1.40048551559448,-1,-1,1,1,0.533828735351562
3,3,1,11,-27,27,0,0.533840656280518,1,1,-1,-1,1.15048551559448
3,3,1,12,0,0,0,0.734246253967285,-1,-1,1,1,0.283840656280518
3,3,1,13,-0,0,0,0.467144250869751,1,-1,-1,-1,0.484246253967285
3,3,1,14,81,81,1,0.567128896713257,-1,-1,-1,1,0.217144250869751
3,3,1,15,-27,27,0,0.53379487991333,1,1,-1,-1,0.317128896713257
3,3,1,16,3,3,0,0.667141199111938,-1,-1,1,1,0.28379487991333
3,3,1,17,-27,27,0,0.500478029251099,1,-1,-1,-1,0.417141199111938
3,3,1,18,9,9,0,0.50092601776123,-1,-1,-1,1,0.250478029251099
3,3,1,19,-3,3,0,0.750447988510132,1,-1,-1,-1,0.25092601776123
3,3,1,20,81,81,1,0.567119121551514,-1,-1,-1,1,0.500447988510132
3,3,1,21,-81,81,0,0.684248208999634,1,1,-1,-1,0.317119121551514
3,3,1,22,27,27,1,0.717570781707764,-1,-1,1,1,0.434248208999634
3,3,1,23,-81,81,0,0.883816003799438,1,1,-1,-1,0.467570781707764
3,3,1,24,27,27,1,0.550475120544434,-1,-1,1,1,0.633816003799438
3,3,1,25,-81,81,0,0.467148780822754,1,1,-1,-1,0.300475120544434
3,3,1,26,3,3,1,0.867580890655518,-1,-1,1,1,0.217148780822754
3,3,1,27,-27,27,0,0.500456094741821,1,1,-1,-1,0.617580890655518
3,3,1,28,0,0,1,0.817536115646362,-1,-1,1,1,0.250456094741821
3,3,1,29,-81,81,0,0.483793020248413,1,1,-1,-1,0.567536115646362
3,3,1,30,27,27,1,0.43426251411438,-1,-1,1,1,0.233793020248413
3,3,1,31,-27,27,0,0.767143249511719,1,1,-1,-1,0.18426251411438
3,3,1,32,0,0,0,1.16710090637207,-1,-1,1,1,0.517143249511719
3,3,1,33,-3,3,0,0.600484132766724,1,-1,-1,-1,0.91710090637207
3,3,1,34,9,9,1,0.434222459793091,-1,-1,-1,1,0.350484132766724
3,3,1,35,-0,0,1,0.967570066452026,1,1,-1,-1,0.184222459793091
3,3,1,36,9,9,1,0.550903797149658,-1,1,1,1,0.717570066452026
3,3,1,37,-81,81,0,0.484248161315918,1,1,1,-1,0.300903797149658
3,3,1,38,-27,27,0,0.668345212936401,-1,-1,1,1,0.234248161315918
3,3,1,39,27,27,1,0.417132377624512,-1,-1,-1,-1,0.418345212936401
3,3,1,40,-9,9,0,0.383841991424561,1,1,-1,-1,0.167132377624512
3,3,1,41,0,0,0,0.717602014541626,-1,-1,1,1,0.133841991424561
3,3,1,42,9,9,0,0.617164850234985,1,-1,-1,-1,0.467602014541626
3,3,1,43,-27,27,0,0.534252882003784,1,-1,-1,1,0.367164850234985
3,3,1,44,0,0,0,0.450481176376343,-1,-1,-1,1,0.284252882003784
3,3,1,45,-27,27,0,0.767177820205688,1,-1,-1,-1,0.200481176376343
3,3,1,46,-81,81,0,0.517160892486572,-1,-1,-1,1,0.517177820205688
3,3,1,47,9,9,1,0.550480604171753,-1,-1,-1,-1,0.267160892486572
3,3,1,48,-81,81,0,0.534287929534912,1,1,-1,-1,0.300480604171753
3,3,1,49,3,3,0,0.58424186706543,-1,-1,1,1,0.284287929534912
3,3,1,50,-9,9,0,0.651439905166626,1,-1,-1,-1,0.33424186706543
3,3,1,51,9,9,0,0.600929975509644,-1,-1,-1,1,0.401439905166626
3,3,1,52,-0,0,0,0.634271144866943,1,-1,-1,-1,0.350929975509644
3,3,1,53,81,81,1,0.533795595169067,-1,-1,-1,1,0.384271144866943
3,3,1,54,-81,81,0,0.550923109054565,1,1,-1,-1,0.283795595169067
3,3,1,55,81,81,1,0.350881338119507,-1,-1,1,1,0.300923109054565
3,3,1,56,-3,3,0,0.683797121047974,1,1,-1,-1,0.100881338119507
3,3,1,57,27,27,1,0.267591953277588,-1,-1,1,1,0.433797121047974
3,3,1,58,-27,27,0,1.08378505706787,1,1,-1,-1,0.0175919532775879
3,3,1,59,-81,81,0,0.300463914871216,-1,-1,1,1,0.833785057067871
3,3,1,60,9,9,0,0.617583036422729,-1,-1,-1,-1,0.0504639148712158
3,3,1,61,-9,9,0,0.700459241867065,1,-1,-1,-1,0.367583036422729
3,3,1,62,-9,9,0,0.634239435195923,-1,-1,-1,1,0.450459241867065
3,3,1,63,3,3,0,0.734405040740967,-1,-1,-1,-1,0.384239435195923
3,3,1,64,-3,3,0,0.767576217651367,1,-1,-1,-1,0.484405040740967
3,3,1,65,-81,81,0,0.533796787261963,-1,-1,-1,1,0.517576217651367
3,3,1,66,81,81,1,0.317584753036499,-1,-1,-1,-1,0.283796787261963
3,3,1,67,-9,9,0,0.500916957855225,1,1,-1,-1,0.067584753036499
3,3,1,68,3,3,0,0.600476741790771,-1,-1,1,1,0.250916957855225
3,3,1,69,-81,81,0,0.517148017883301,1,-1,-1,-1,0.350476741790771
3,3,1,70,81,81,1,0.500465154647827,-1,-1,-1,1,0.267148017883301
3,3,1,71,-9,9,0,0.500914812088013,1,1,-1,-1,0.250465154647827
3,3,1,72,81,81,1,0.5508873462677,-1,-1,1,1,0.250914812088013
3,3,1,73,-27,27,0,0.533836126327515,1,1,-1,-1,0.3008873462677
3,3,1,74,27,27,0,0.417157888412476,-1,-1,1,1,0.283836126327515
3,3,1,75,-9,9,0,0.717145919799805,1,-1,-1,-1,0.167157888412476
3,3,1,76,27,27,1,0.38379693031311,-1,-1,-1,1,0.467145919799805
3,3,1,77,-3,3,0,1.16711258888245,1,1,-1,-1,0.13379693031311
3,3,1,78,9,9,1,0.750463724136353,-1,-1,1,1,0.917112588882446
3,3,1,79,-3,3,1,0.567128896713257,1,1,-1,-1,0.500463724136353
3,3,1,80,3,3,0,0.617581367492676,-1,1,1,1,0.317128896713257
3,3,1,81,-9,9,0,0.617586135864258,1,-1,1,-1,0.367581367492676
3,3,1,82,81,81,1,0.48377799987793,-1,-1,-1,1,0.367586135864258
3,3,1,83,-9,9,1,0.850455284118652,1,1,-1,-1,0.23377799987793
3,3,1,84,0,0,0,0.634238243103027,-1,1,1,1,0.600455284118652
3,3,1,85,-27,27,0,0.633790969848633,1,-1,1,-1,0.384238243103027
3,3,1,86,-3,3,1,0.533791780471802,-1,-1,-1,1,0.383790969848633
3,3,1,87,9,9,1,0.683803558349609,-1,1,-1,-1,0.283791780471802
3,3,1,88,-81,81,0,0.317556142807007,1,1,1,-1,0.433803558349609
3,3,1,89,27,27,1,0.517159938812256,-1,-1,1,1,0.0675561428070068
3,3,1,90,-27,27,0,0.934229612350464,1,1,-1,-1,0.267159938812256
3,3,1,91,3,3,1,0.317615985870361,-1,-1,1,1,0.684229612350464
3,3,1,92,-81,81,0,0.350470066070557,1,1,-1,-1,0.0676159858703613
3,3,1,93,3,3,0,1.00087690353394,-1,-1,1,1,0.100470066070557
3,3,1,94,-0,0,0,1.43421077728271,1,-1,-1,-1,0.750876903533936
3,3,1,95,3,3,0,0.734213352203369,-1,-1,-1,1,1.18421077728271
3,3,1,96,3,3,0,0.650473117828369,1,-1,-1,-1,0.484213352203369
3,3,1,97,-3,3,1,1.10046315193176,1,-1,-1,1,0.400473117828369
3,3,1,98,9,9,0,0.584245443344116,-1,1,-1,1,0.850463151931763
3,3,1,99,-3,3,0,0.600927829742432,1,-1,1,-1,0.334245443344116
3,3,2,2,81,81,1,0.383804798126221,1,1,1,1,0.584056854248047
3,3,2,3,-81,81,0,0.550915956497192,1,1,1,1,0.133804798126221
3,3,2,4,3,3,0,0.784256219863892,-1,-1,1,1,0.300915956497192
3,3,2,5,-27,27,0,1.03379392623901,1,-1,-1,-1,0.534256219863892
3,3,2,6,9,9,1,0.883785963058472,-1,-1,-1,1,0.783793926239014
3,3,2,7,-27,27,0,0.784240007400513,1,1,-1,-1,0.633785963058472
3,3,2,8,3,3,0,0.567117214202881,-1,-1,1,1,0.534240007400513
3,3,2,9,-27,27,1,0.483829021453857,1,-1,-1,-1,0.317117214202881
3,3,2,17,81,81,1,0.350495100021362,-1,-1,-1,1,0.700901985168457
3,3,2,18,-0,0,0,1.11757302284241,1,1,-1,-1,0.100495100021362
3,3,2,19,-0,0,1,0.850911855697632,-1,-1,1,1,0.867573022842407
3,3,2,20,-9,9,0,0.683803081512451,-1,1,-1,-1,0.600911855697632
3,3,2,21,9,9,0,0.450924873352051,-1,-1,1,-1,0.433803081512451
3,3,2,22,-9,9,0,1.00043988227844,1,-1,-1,-1,0.200924873352051
3,3,2,23,3,3,0,0.550462007522583,-1,-1,-1,1,0.750439882278442
3,3,2,24,-27,27,0,0.917144060134888,1,-1,-1,-1,0.300462007522583
3,3,2,25,27,27,1,0.284255266189575,-1,-1,-1,1,0.667144060134888
3,3,2,26,-81,81,0,0.400540113449097,1,1,-1,-1,0.0342552661895752
3,3,2,27,3,3,0,1.33421802520752,-1,-1,1,1,0.150540113449097
3,3,2,28,9,9,1,0.367608070373535,1,-1,-1,-1,1.08421802520752
3,3,2,29,-3,3,1,0.733814001083374,1,1,-1,1,0.117608070373535
3,3,2,30,3,3,0,0.500900268554688,-1,1,1,1,0.483814001083374
3,3,2,31,81,81,1,0.634228944778442,1,-1,1,-1,0.250900268554688
3,3,2,32,-81,81,0,0.650480985641479,1,1,-1,1,0.384228944778442
3,3,2,33,27,27,1,1.18376302719116,-1,-1,1,1,0.400480985641479
3,3,2,34,-81,81,0,0.484243154525757,1,1,-1,-1,0.933763027191162
3,3,2,35,9,9,1,0.667138338088989,-1,-1,1,1,0.234243154525757
3,3,2,36,0,0,0,0.600463151931763,1,1,-1,-1,0.417138338088989
3,3,2,37,-3,3,0,1.10044002532959,1,-1,1,1,0.350463151931763
3,3,2,38,3,3,0,0.501183986663818,-1,-1,-1,1,0.85044002532959
3,3,2,39,81,81,1,0.500497817993164,1,-1,-1,-1,0.251183986663818
3,3,2,40,-3,3,0,0.367123126983643,1,1,-1,1,0.250497817993164
3,3,2,41,27,27,1,1.10090804100037,-1,-1,1,1,0.117123126983643
3,3,2,42,81,81,1,0.700480937957764,1,1,-1,-1,0.850908041000366
3,3,2,43,-3,3,1,0.800466060638428,1,1,1,1,0.450480937957764
3,3,2,44,-9,9,1,0.400914192199707,-1,1,1,1,0.550466060638428
3,3,2,45,3,3,1,0.667142868041992,-1,1,1,-1,0.150914192199707
3,3,2,46,-9,9,0,0.55091118812561,1,1,1,-1,0.417142868041992
3,3,2,47,0,0,0,0.567189931869507,-1,-1,1,1,0.30091118812561
3,3,2,48,-0,0,0,0.80045485496521,1,-1,-1,-1,0.317189931869507
3,3,2,49,0,0,0,0.367621183395386,-1,-1,-1,1,0.55045485496521
3,3,2,50,-27,27,0,0.550934076309204,1,-1,-1,-1,0.117621183395386
3,3,2,51,27,27,1,0.467620134353638,-1,-1,-1,1,0.300934076309204
3,3,2,52,-0,0,1,0.851324319839478,1,1,-1,-1,0.217620134353638
3,3,2,53,3,3,0,0.917575120925903,-1,1,1,1,0.601324319839478
3,3,2,54,27,27,1,0.767575979232788,1,-1,1,-1,0.667575120925903
3,3,2,55,0,0,0,0.634273052215576,1,1,-1,1,0.517575979232788
3,3,2,56,27,27,1,0.433799982070923,1,-1,1,1,0.384273052215576
3,3,2,57,-27,27,1,0.817564249038696,1,1,-1,1,0.183799982070923
3,3,2,58,81,81,1,0.950879096984863,-1,1,1,1,0.567564249038696
3,3,2,59,-9,9,0,0.950911998748779,1,1,1,-1,0.700879096984863
3,3,2,60,9,9,0,0.583810806274414,-1,-1,1,1,0.700911998748779
3,3,2,61,-3,3,0,0.617130041122437,1,-1,-1,-1,0.333810806274414
3,3,2,62,81,81,1,1.25092959403992,-1,-1,-1,1,0.367130041122437
3,3,2,63,-3,3,1,0.650469064712524,1,1,-1,-1,1.00092959403992
3,3,2,64,81,81,1,0.600916147232056,-1,1,1,1,0.400469064712524
3,3,2,65,-3,3,0,0.650921106338501,1,1,1,-1,0.350916147232056
3,3,2,66,3,3,0,0.567592144012451,-1,-1,1,1,0.400921106338501
3,3,2,67,-9,9,0,1.33422231674194,1,-1,-1,-1,0.317592144012451
3,3,2,68,81,81,1,0.634257793426514,-1,-1,-1,1,1.08422231674194
3,3,2,69,-9,9,1,0.500503301620483,1,1,-1,-1,0.384257793426514
3,3,2,70,-27,27,0,0.633796691894531,-1,1,1,1,0.250503301620483
3,3,2,71,9,9,1,0.550477027893066,-1,-1,1,-1,0.383796691894531
3,3,2,72,-81,81,0,0.333821058273315,1,1,-1,-1,0.300477027893066
3,3,2,73,-3,3,0,0.450461149215698,-1,-1,1,1,0.0838210582733154
3,3,2,74,27,27,1,0.533804893493652,-1,-1,-1,-1,0.200461149215698
3,3,2,79,9,9,1,0.73425817489624,-1,-1,1,1,0.417598009109497
3,3,2,80,-27,27,0,0.683830976486206,1,1,-1,-1,0.48425817489624
3,3,2,81,81,81,1,0.383815288543701,-1,-1,1,1,0.433830976486206
3,3,2,82,-9,9,0,0.867132186889648,1,1,-1,-1,0.133815288543701
3,3,2,83,9,9,1,0.750923156738281,-1,-1,1,1,0.617132186889648
3,3,2,84,-3,3,0,0.784242868423462,1,1,-1,-1,0.500923156738281
3,3,2,85,81,81,1,0.533801317214966,-1,-1,1,1,0.534242868423462
3,3,2,86,-0,0,0,0.250956058502197,1,1,-1,-1,0.283801317214966
3,3,2,87,0,0,0,0.400490999221802,-1,-1,1,1,0.000956058502197266
3,3,2,88,-27,27,0,0.717626094818115,1,-1,-1,-1,0.150490999221802
3,3,2,93,81,81,1,0.433821201324463,1,-1,-1,1,0.0342369079589844
3,3,2,94,-9,9,0,0.550476312637329,1,1,-1,1,0.183821201324463
3,3,2,95,9,9,0,0.450475454330444,-1,-1,1,1,0.300476312637329
3,3,2,96,-27,27,0,0.517578601837158,1,-1,-1,-1,0.200475454330444
3,3,2,97,-3,3,0,0.500934362411499,-1,-1,-1,1,0.267578601837158
3,3,2,98,3,3,0,0.784243822097778,-1,-1,-1,-1,0.250934362411499
3,3,2,99,81,81,1,0.350913047790527,1,-1,-1,-1,0.534243822097778
3,3,3,2,0,0,0,1.4671049118042,-1,-1,-1,1,0.435183763504028
3,3,3,3,-3,3,1,0.767148971557617,1,-1,-1,-1,1.2171049118042
3,3,3,4,3,3,1,0.883770942687988,-1,1,-1,1,0.517148971557617
3,3,3,5,9,9,0,0.55091404914856,1,1,1,-1,0.633770942687988
3,3,3,6,3,3,0,0.350459098815918,1,-1,1,1,0.30091404914856
3,3,3,7,27,27,1,0.567128896713257,1,-1,-1,1,0.100459098815918
3,3,3,8,81,81,1,0.467595100402832,1,1,-1,1,0.317128896713257
3,3,3,9,9,9,1,0.667145967483521,1,1,1,1,0.217595100402832
3,3,3,10,-3,3,1,0.567133188247681,1,1,1,1,0.417145967483521
3,3,3,11,-81,81,1,0.634247779846191,-1,1,1,1,0.317133188247681
3,3,3,12,0,0,0,0.633793115615845,-1,1,1,-1,0.384247779846191
3,3,3,13,9,9,0,0.634249925613403,1,-1,1,-1,0.383793115615845
3,3,3,14,-0,0,0,0.784251928329468,1,-1,-1,1,0.384249925613403
3,3,3,15,9,9,1,0.683795928955078,-1,-1,-1,1,0.534251928329468
3,3,3,16,-3,3,1,0.617585420608521,1,1,-1,-1,0.433795928955078
3,3,3,17,-3,3,0,0.600914001464844,-1,1,1,1,0.367585420608521
3,3,3,18,3,3,1,0.800440073013306,-1,-1,1,-1,0.350914001464844
3,3,3,19,3,3,1,0.800474166870117,1,1,-1,-1,0.550440073013306
3,3,3,20,-3,3,0,0.950438022613525,1,1,1,1,0.550474166870117
3,3,3,21,0,0,0,0.750448942184448,-1,-1,1,1,0.700438022613525
3,3,3,22,-81,81,0,0.618479013442993,1,-1,-1,-1,0.500448942184448
3,3,3,23,-9,9,0,0.517666816711426,-1,-1,-1,1,0.368479013442993
3,3,3,24,-81,81,0,0.818463802337646,-1,-1,-1,-1,0.267666816711426
3,3,3,25,9,9,1,0.367140054702759,-1,-1,-1,-1,0.568463802337646
3,3,3,26,0,0,1,0.467547178268433,1,1,-1,-1,0.117140054702759
3,3,3,27,-81,81,1,0.968478918075562,1,1,1,1,0.217547178268433
3,3,3,28,-3,3,0,1.10089802742004,-1,1,1,1,0.718478918075562
3,3,3,29,9,9,1,1.06757116317749,-1,-1,1,-1,0.850898027420044
3,3,3,30,-27,27,0,1.26754903793335,1,1,-1,-1,0.81757116317749
3,3,3,31,81,81,1,1.217129945755,-1,-1,1,1,1.01754903793335
3,3,3,32,-9,9,0,0.667581796646118,1,1,-1,-1,0.967129945755005
3,3,3,33,27,27,1,0.550467014312744,-1,-1,1,1,0.417581796646118
3,3,3,34,-27,27,0,1.00090885162354,1,1,-1,-1,0.300467014312744
3,3,3,35,-3,3,1,0.567559957504272,-1,-1,1,1,0.750908851623535
3,3,3,36,27,27,1,0.718168497085571,-1,1,-1,-1,0.317559957504272
3,3,3,37,9,9,0,0.317162036895752,1,1,1,-1,0.468168497085571
3,3,3,38,3,3,1,0.650460958480835,1,-1,1,1,0.067162036895752
3,3,3,39,27,27,1,0.483787775039673,1,1,-1,1,0.400460958480835
3,3,3,40,3,3,0,0.533792018890381,1,1,1,1,0.233787775039673
3,3,3,44,9,9,0,1.08382391929626,-1,-1,1,1,0.0842812061309814
3,3,3,45,27,27,1,0.75091290473938,1,-1,-1,-1,0.833823919296265
3,3,3,46,9,9,1,0.450496912002563,1,1,-1,1,0.50091290473938
3,3,3,47,-3,3,1,0.434861898422241,1,1,1,1,0.200496912002563
3,3,3,48,-81,81,0,0.483819961547852,-1,1,1,1,0.184861898422241
3,3,3,49,-0,0,1,0.300922155380249,-1,-1,1,-1,0.233819961547852
3,3,3,50,0,0,1,0.434250354766846,-1,1,-1,-1,0.050922155380249
3,3,3,51,9,9,0,0.350506067276001,1,1,1,-1,0.184250354766846
3,3,3,52,9,9,0,0.800923585891724,1,-1,1,1,0.100506067276001
3,3,3,53,3,3,1,0.600474119186401,1,-1,-1,1,0.550923585891724
3,3,3,54,81,81,1,0.418749809265137,1,1,-1,1,0.350474119186401
3,3,3,55,-0,0,0,0.567589998245239,1,1,1,1,0.168749809265137
3,3,3,56,3,3,0,0.733784914016724,-1,-1,1,1,0.317589998245239
3,3,3,57,-9,9,0,1.20043087005615,1,-1,-1,-1,0.483784914016724
3,3,3,58,81,81,1,0.533783912658691,-1,-1,-1,1,0.950430870056152
3,3,3,59,-3,3,0,0.584214448928833,1,1,-1,-1,0.283783912658691
3,3,3,60,-81,81,0,0.850466012954712,-1,-1,1,1,0.334214448928833
3,3,3,61,-0,0,1,0.400471925735474,-1,-1,-1,-1,0.600466012954712
3,3,3,62,81,81,1,0.550512075424194,-1,1,-1,-1,0.150471925735474
3,3,3,63,27,27,1,0.650466203689575,1,1,1,-1,0.300512075424194
3,3,3,68,-27,27,0,0.817141056060791,1,1,1,1,0.93376898765564
3,3,3,69,-3,3,0,0.617588996887207,-1,-1,1,1,0.567141056060791
3,3,3,70,9,9,1,0.534739017486572,-1,-1,-1,-1,0.367588996887207
3,3,3,71,9,9,1,0.650451898574829,1,1,-1,-1,0.284739017486572
3,3,3,72,-27,27,0,0.467142105102539,1,1,1,1,0.400451898574829
3,3,3,73,-9,9,0,0.600917100906372,-1,-1,1,1,0.217142105102539
3,3,3,74,3,3,0,0.617182016372681,-1,-1,-1,-1,0.350917100906372
3,3,3,75,81,81,1,0.317606925964355,1,-1,-1,-1,0.367182016372681
3,3,3,76,-27,27,0,0.584254264831543,1,1,-1,1,0.0676069259643555
3,3,3,77,27,27,0,0.917121171951294,-1,-1,1,1,0.334254264831543
3,3,3,78,27,27,0,1.00043296813965,1,-1,-1,-1,0.667121171951294
3,3,3,79,81,81,0,0.550468921661377,1,-1,-1,1,0.750432968139648
3,3,3,80,27,27,0,0.55047607421875,1,-1,-1,1,0.300468921661377
3,3,3,81,27,27,0,0.550480127334595,1,-1,-1,1,0.30047607421875
3,3,3,82,-27,27,1,0.783790111541748,1,-1,-1,1,0.300480127334595
3,3,3,83,-27,27,0,0.667118072509766,-1,1,-1,1,0.533790111541748
3,3,3,84,-27,27,0,0.650908470153809,-1,-1,1,-1,0.417118072509766
3,3,3,85,3,3,0,0.700466156005859,-1,-1,-1,-1,0.400908470153809
3,3,3,86,-9,9,1,0.60118293762207,1,-1,-1,-1,0.450466156005859
3,3,3,87,-0,0,0,0.567587852478027,-1,1,-1,1,0.35118293762207
3,3,3,88,-81,81,1,0.850917339324951,-1,-1,1,-1,0.317587852478027
3,3,3,89,-9,9,1,0.533831119537354,-1,1,-1,-1,0.600917339324951
3,3,3,90,0,0,1,0.400466203689575,-1,1,1,-1,0.283831119537354
3,3,3,91,-81,81,0,0.800919771194458,1,1,1,-1,0.150466203689575
3,3,3,92,81,81,1,0.500473022460938,-1,-1,1,1,0.550919771194458
3,3,3,93,-9,9,0,1.06710600852966,1,1,-1,-1,0.250473022460938
3,3,3,94,81,81,1,0.418401002883911,-1,-1,1,1,0.817106008529663
3,3,3,95,27,27,1,0.750916957855225,1,1,-1,-1,0.168401002883911
3,3,3,96,9,9,1,0.567581176757812,1,1,1,1,0.500916957855225
3,3,3,97,-27,27,0,0.68427300453186,1,1,1,1,0.317581176757812
3,3,3,98,-81,81,0,0.800485134124756,-1,-1,1,1,0.43427300453186
3,3,3,99,27,27,0,0.717643976211548,-1,-1,-1,-1,0.550485134124756
3,3,4,2,-9,9,0,0.517121076583862,-1,-1,-1,-1,0.301110029220581
3,3,4,3,-3,3,1,0.367588043212891,-1,-1,-1,-1,0.267121076583862
3,3,4,4,-81,81,0,0.500956058502197,-1,1,-1,-1,0.117588043212891
3,3,4,5,-3,3,0,0.617133617401123,-1,-1,1,-1,0.250956058502197
3,3,4,6,-3,3,1,0.683815002441406,-1,-1,-1,-1,0.367133617401123
3,3,4,7,81,81,1,1.08378410339355,-1,1,-1,-1,0.433815002441406
3,3,4,8,0,0,0,0.583799600601196,1,1,1,-1,0.833784103393555
3,3,4,9,27,27,1,0.833792686462402,1,-1,1,1,0.333799600601196
3,3,4,10,27,27,1,0.600959062576294,1,1,-1,1,0.583792686462402
3,3,4,11,3,3,1,0.450905084609985,1,1,1,1,0.350959062576294
3,3,4,12,-9,9,0,0.600899219512939,1,1,1,1,0.200905084609985
3,3,4,13,-27,27,0,0.600444793701172,-1,-1,1,1,0.350899219512939
3,3,4,14,-27,27,0,0.600461959838867,-1,-1,-1,-1,0.350444793701172
3,3,4,15,-3,3,0,0.784245014190674,-1,-1,-1,-1,0.350461959838867
3,3,4,16,-0,0,0,0.567196130752563,-1,-1,-1,-1,0.534245014190674
3,3,4,17,81,81,1,0.367140054702759,-1,-1,-1,-1,0.317196130752563
3,3,4,21,27,27,1,0.767587184906006,1,-1,1,-1,0.31715989112854
3,3,4,22,81,81,1,0.400910377502441,1,1,-1,1,0.517587184906006
3,3,4,23,9,9,0,0.550913095474243,1,1,1,1,0.150910377502441
3,3,4,24,3,3,0,0.500926971435547,1,-1,1,1,0.300913095474243
3,3,4,25,81,81,1,0.434265851974487,1,-1,-1,1,0.250926971435547
3,3,4,26,-81,81,0,0.267144918441772,1,1,-1,1,0.184265851974487
3,3,4,27,-27,27,0,0.450474977493286,-1,-1,1,1,0.0171449184417725
3,3,4,28,27,27,1,0.384228944778442,-1,-1,-1,-1,0.200474977493286
3,3,4,29,9,9,0,0.700909852981567,1,1,-1,-1,0.134228944778442
3,3,4,30,27,27,1,0.351188182830811,1,-1,1,1,0.450909852981567
3,3,4,31,3,3,0,0.767215967178345,1,1,-1,1,0.101188182830811
3,3,4,32,0,0,0,0.45051097869873,1,-1,1,1,0.517215967178345
3,3,4,33,-27,27,0,0.500951051712036,1,-1,-1,1,0.20051097869873
3,3,4,34,-81,81,0,0.400918006896973,-1,-1,-1,1,0.250951051712036
3,3,4,38,-0,0,0,0.283795356750488,-1,-1,-1,-1,0.13382887840271
3,3,4,39,-9,9,1,0.350467681884766,-1,-1,-1,-1,0.0337953567504883
3,3,4,40,3,3,1,0.450500011444092,-1,1,-1,-1,0.100467681884766
3,3,4,41,27,27,1,0.633834838867188,1,1,1,-1,0.200500011444092
3,3,4,42,0,0,0,0.517146110534668,1,1,1,1,0.383834838867188
3,3,4,43,-3,3,1,0.53380298614502,1,-1,1,1,0.267146110534668
3,3,4,48,81,81,1,0.534241199493408,-1,-1,-1,-1,0.251577377319336
3,3,4,49,3,3,0,0.517129182815552,1,1,-1,-1,0.284241199493408
3,3,4,50,27,27,1,0.600477933883667,1,-1,1,1,0.267129182815552
3,3,4,51,0,0,0,0.600460290908813,1,1,-1,1,0.350477933883667
3,3,4,52,-9,9,0,0.800918340682983,1,-1,1,1,0.350460290908813
3,3,4,53,-3,3,0,0.467609643936157,-1,-1,-1,1,0.550918340682983
3,3,4,54,9,9,0,0.51759147644043,-1,-1,-1,-1,0.217609643936157
3,3,4,55,3,3,0,0.550491094589233,1,-1,-1,-1,0.26759147644043
3,3,4,56,-9,9,0,0.517126560211182,1,-1,-1,1,0.300491094589233
3,3,4,57,-27,27,0,0.284253358840942,-1,-1,-1,1,0.267126560211182
3,3,4,58,-81,81,0,0.284278869628906,-1,-1,-1,-1,0.0342533588409424
3,3,4,59,-3,3,1,0.567157030105591,-1,-1,-1,-1,0.0342788696289062
3,3,4,60,9,9,1,0.817580223083496,-1,1,-1,-1,0.317157030105591
3,3,4,61,81,81,1,0.567127466201782,1,1,1,-1,0.567580223083496
3,3,4,62,3,3,1,0.517612934112549,1,1,1,1,0.317127466201782
3,3,4,63,9,9,1,0.600457191467285,1,1,1,1,0.267612934112549
3,3,4,64,-9,9,1,0.550461053848267,1,1,1,1,0.350457191467285
3,3,4,65,-9,9,0,0.43424129486084,-1,1,1,1,0.300461053848267
3,3,4,66,-9,9,0,0.550954341888428,-1,-1,1,-1,0.18424129486084
3,3,4,67,-81,81,0,0.383825302124023,-1,-1,-1,-1,0.300954341888428
3,3,4,71,27,27,1,0.600475788116455,1,-1,-1,1,0.100476026535034
3,3,4,72,0,0,0,0.333836793899536,1,1,-1,1,0.350475788116455
3,3,4,73,27,27,1,0.400503873825073,1,-1,1,1,0.0838367938995361
3,3,4,74,9,9,1,0.617137432098389,1,1,-1,1,0.150503873825073
3,3,4,75,27,27,1,0.383842945098877,1,1,1,1,0.367137432098389
3,3,4,76,27,27,1,0.867627859115601,1,1,1,1,0.133842945098877
3,3,4,77,9,9,1,0.550546884536743,1,1,1,1,0.617627859115601
3,3,4,78,-9,9,1,0.617596864700317,1,1,1,1,0.300546884536743
3,3,4,79,-3,3,0,0.567564964294434,-1,1,1,1,0.367596864700317
3,3,4,80,-3,3,0,0.58380651473999,-1,-1,1,-1,0.317564964294434
3,3,4,81,27,27,1,0.267590045928955,-1,-1,-1,-1,0.33380651473999
3,3,4,82,3,3,1,0.834285974502563,1,1,-1,-1,0.0175900459289551
3,3,4,83,81,81,1,0.533833026885986,1,1,1,1,0.584285974502563
3,3,4,84,3,3,0,0.517149209976196,1,1,1,1,0.283833026885986
3,3,4,85,27,27,1,0.367135047912598,1,-1,1,1,0.267149209976196
3,3,4,86,27,27,1,0.517651796340942,1,1,-1,1,0.117135047912598
3,3,4,87,-27,27,0,0.300935029983521,1,1,1,1,0.267651796340942
3,3,4,88,-81,81,0,0.48422908782959,-1,-1,1,1,0.0509350299835205
3,3,4,89,-81,81,0,0.517582416534424,-1,-1,-1,-1,0.23422908782959
3,3,4,90,9,9,0,0.434278964996338,-1,-1,-1,-1,0.267582416534424
3,3,4,91,27,27,0,0.634249925613403,1,-1,-1,-1,0.184278964996338
3,3,4,92,0,0,0,0.417162895202637,1,-1,-1,1,0.384249925613403
3,3,4,93,3,3,0,0.30095386505127,1,-1,-1,1,0.167162895202637
3,3,4,94,3,3,0,0.700464963912964,1,-1,-1,1,0.0509538650512695
3,3,4,95,9,9,1,0.517596006393433,1,-1,-1,1,0.450464963912964
3,3,4,96,81,81,1,0.667620658874512,1,1,-1,1,0.267596006393433
3,3,4,97,-9,9,0,0.46757698059082,1,1,1,1,0.417620658874512
3,3,4,98,-81,81,0,0.534250497817993,-1,-1,1,1,0.21757698059082
3,3,4,99,-81,81,0,0.384249448776245,-1,-1,-1,-1,0.284250497817993
3,3,5,2,-27,27,0,0.467590808868408,1,-1,1,1,0.467354297637939
3,3,5,3,-27,27,0,0.433803081512451,-1,-1,-1,1,0.217590808868408
3,3,5,4,81,81,1,0.250928163528442,-1,-1,-1,-1,0.183803081512451
3,3,5,18,27,27,1,0.533800840377808,1,-1,-1,-1,0.633817911148071
3,3,5,19,27,27,1,0.334282636642456,1,1,-1,1,0.283800840377808
3,3,5,20,-3,3,0,0.550488233566284,1,1,1,1,0.0842826366424561
3,3,5,21,-9,9,0,0.533812999725342,-1,-1,1,1,0.300488233566284
3,3,5,22,-9,9,0,0.250961065292358,-1,-1,-1,-1,0.283812999725342
3,3,5,23,3,3,0,0.351797819137573,-1,-1,-1,-1,0.000961065292358398
3,3,5,30,3,3,0,0.550484180450439,-1,-1,-1,-1,0.250497817993164
3,3,5,31,-9,9,0,0.70046329498291,1,-1,-1,-1,0.300484180450439
3,3,5,32,-0,0,0,0.534252882003784,-1,-1,-1,1,0.45046329498291
3,3,5,33,27,27,1,0.584251403808594,-1,-1,-1,-1,0.284252882003784
3,3,5,34,9,9,0,1.00046110153198,1,1,-1,-1,0.334251403808594
3,3,5,35,9,9,0,0.683801651000977,1,-1,1,1,0.750461101531982
3,3,5,36,27,27,1,0.633784532546997,1,-1,-1,1,0.433801651000977
3,3,5,37,9,9,1,0.734208345413208,1,1,-1,1,0.383784532546997
3,3,5,41,-81,81,0,0.433810949325562,-1,1,1,1,0.850904941558838
3,3,5,42,81,81,1,0.317208051681519,-1,-1,1,-1,0.183810949325562
3,3,5,43,81,81,1,0.450485229492188,1,1,-1,-1,0.0672080516815186
3,3,5,44,81,81,1,0.550479173660278,1,1,1,1,0.200485229492188
3,3,5,45,-27,27,1,0.500473976135254,1,1,1,1,0.300479173660278
3,3,5,46,-81,81,0,0.650911092758179,-1,1,1,1,0.250473976135254
3,3,5,47,-27,27,0,0.783791542053223,-1,-1,1,-1,0.400911092758179
3,3,5,51,0,0,0,0.483803987503052,-1,-1,1,1,0.20045804977417
3,3,5,52,-3,3,0,0.30109691619873,1,-1,-1,-1,0.233803987503052
3,3,5,58,-9,9,0,1.03384709358215,1,1,-1,-1,0.333801031112671
3,3,5,59,-0,0,0,0.467142105102539,-1,-1,1,1,0.783847093582153
3,3,5,60,-9,9,0,0.450483798980713,-1,-1,-1,-1,0.217142105102539
3,3,5,61,9,9,1,0.600908517837524,-1,-1,-1,-1,0.200483798980713
3,3,5,62,0,0,0,0.584505796432495,1,1,-1,-1,0.350908517837524
3,3,5,66,-9,9,0,0.483784437179565,1,1,-1,-1,0.284288644790649
3,3,5,70,3,3,0,0.50048303604126,1,1,-1,1,0.58425498008728
3,3,5,71,27,27,1,0.48425030708313,1,-1,1,1,0.25048303604126
3,3,5,72,81,81,1,0.317575216293335,1,1,-1,1,0.23425030708313
3,3,5,73,27,27,1,0.550473928451538,1,1,1,1,0.067575216293335
3,3,5,74,-0,0,0,0.417173147201538,1,1,1,1,0.300473928451538
3,3,5,75,9,9,0,0.450480937957764,-1,-1,1,1,0.167173147201538
3,3,5,76,81,81,1,0.500960350036621,1,-1,-1,-1,0.200480937957764
3,3,5,77,3,3,0,0.483803272247314,1,1,-1,1,0.250960350036621
3,3,5,78,-9,9,0,0.567154169082642,1,-1,1,1,0.233803272247314
3,3,5,79,-81,81,0,0.317622184753418,-1,-1,-1,1,0.317154169082642
3,3,5,80,27,27,1,0.433825016021729,-1,-1,-1,-1,0.067622184753418
3,3,5,81,9,9,0,0.600459575653076,1,1,-1,-1,0.183825016021729
3,3,5,82,27,27,1,0.483779430389404,1,-1,1,1,0.350459575653076
3,3,5,83,27,27,1,0.30048680305481,1,1,-1,1,0.233779430389404
3,3,5,84,-3,3,0,0.350470304489136,1,1,1,1,0.0504868030548096
3,3,5,85,81,81,1,0.301184177398682,-1,-1,1,1,0.100470304489136
3,3,5,90,27,27,1,0.68424129486084,-1,-1,-1,1,0.0671448707580566
3,3,5,91,3,3,1,0.350939989089966,1,1,-1,-1,0.43424129486084
3,3,5,92,-9,9,0,0.517550468444824,1,1,1,1,0.100939989089966
3,3,5,93,-27,27,0,0.417136669158936,-1,-1,1,1,0.267550468444824
3,3,5,94,9,9,0,0.40094518661499,-1,-1,-1,-1,0.167136669158936
3,3,5,95,3,3,1,0.384275913238525,1,-1,-1,-1,0.15094518661499
3,3,6,2,81,81,1,0.750458955764771,1,1,-1,1,0.234041929244995
3,3,6,3,81,81,1,0.350482940673828,1,1,1,1,0.500458955764771
3,3,6,4,0,0,1,0.933809041976929,1,1,1,1,0.100482940673828
3,3,6,5,27,27,1,0.467596530914307,1,1,1,1,0.683809041976929
3,3,6,6,27,27,1,0.517163276672363,1,1,1,1,0.217596530914307
3,3,6,7,81,81,1,0.250948905944824,1,1,1,1,0.267163276672363
3,3,6,8,3,3,0,0.267593860626221,1,1,1,1,0.000948905944824219
3,3,6,9,9,9,1,0.367143869400024,1,-1,1,1,0.0175938606262207
3,3,6,10,3,3,1,0.500912189483643,1,1,-1,1,0.117143869400024
3,3,6,11,3,3,1,0.267203092575073,1,1,1,1,0.250912189483643
3,3,6,12,81,81,1,0.550456762313843,1,1,1,1,0.0172030925750732
3,3,6,13,27,27,1,0.484258890151978,1,1,1,1,0.300456762313843
3,3,6,14,-0,0,0,0.584276914596558,1,1,1,1,0.234258890151978
3,3,6,15,-3,3,0,0.384232044219971,-1,-1,1,1,0.334276914596558
3,3,6,16,9,9,1,0.53382682800293,-1,-1,-1,-1,0.134232044219971
3,3,6,20,-27,27,0,0.933796644210815,-1,-1,-1,1,0.950897932052612
3,3,6,21,-3,3,0,0.650912046432495,-1,-1,-1,-1,0.683796644210815
3,3,6,22,-0,0,0,0.933809041976929,-1,-1,-1,-1,0.400912046432495
3,3,6,23,-9,9,0,0.967139005661011,-1,-1,-1,-1,0.683809041976929
3,3,6,24,-0,0,0,0.56713080406189,-1,-1,-1,-1,0.717139005661011
3,3,6,25,-81,81,0,0.617588996887207,-1,-1,-1,-1,0.31713080406189
3,3,6,26,3,3,1,0.517133951187134,-1,-1,-1,-1,0.367588996887207
3,3,6,27,-3,3,1,0.367141962051392,1,1,-1,-1,0.267133951187134
3,3,6,28,-81,81,0,0.367147922515869,-1,1,1,1,0.117141962051392
3,3,6,29,81,81,1,0.750911951065063,-1,-1,1,-1,0.117147922515869
3,3,6,30,27,27,1,0.733829975128174,1,1,-1,-1,0.500911951065063
3,3,6,31,81,81,1,0.434267997741699,1,1,1,1,0.483829975128174
3,3,6,32,9,9,1,0.667117834091187,1,1,1,1,0.184267997741699
3,3,6,33,81,81,1,0.550894021987915,1,1,1,1,0.417117834091187
3,3,6,34,3,3,0,0.584272146224976,1,1,1,1,0.300894021987915
3,3,6,35,81,81,1,0.767154216766357,1,-1,1,1,0.334272146224976
3,3,6,39,-27,27,0,0.250943899154663,-1,-1,-1,-1,0.184216499328613
3,3,6,40,-9,9,0,0.383789777755737,-1,-1,-1,-1,0.000943899154663086
3,3,6,41,-3,3,0,0.784202337265015,-1,-1,-1,-1,0.133789777755737
3,3,6,42,-0,0,0,0.683795213699341,-1,-1,-1,-1,0.534202337265015
3,3,6,43,-3,3,1,0.300926446914673,-1,-1,-1,-1,0.433795213699341
3,3,6,44,-27,27,0,1.21711444854736,-1,1,-1,-1,0.0509264469146729
3,3,6,45,-81,81,0,1.35086417198181,-1,-1,1,-1,0.967114448547363
3,3,6,46,3,3,1,0.4671630859375,-1,-1,-1,-1,1.10086417198181
3,3,6,47,9,9,1,0.550918340682983,1,1,-1,-1,0.2171630859375
3,3,6,48,9,9,1,0.550891399383545,1,1,1,1,0.300918340682983
3,3,6,49,27,27,1,0.850440263748169,1,1,1,1,0.300891399383545
3,3,6,50,-81,81,0,0.383827209472656,1,1,1,1,0.600440263748169
3,3,6,51,-81,81,0,0.467150926589966,-1,-1,1,1,0.133827209472656
3,3,6,52,-81,81,0,0.467544555664062,-1,-1,-1,-1,0.217150926589966
3,3,6,53,9,9,0,0.367598056793213,-1,-1,-1,-1,0.217544555664062
3,3,6,54,3,3,1,0.800477981567383,1,-1,-1,-1,0.117598056793213
3,3,6,55,0,0,1,0.600489139556885,1,1,-1,1,0.550477981567383
3,3,6,56,27,27,1,0.517590045928955,1,1,1,1,0.350489139556885
3,3,6,57,0,0,1,0.600924015045166,1,1,1,1,0.267590045928955
3,3,6,58,27,27,1,1.1683144569397,1,1,1,1,0.350924015045166
3,3,6,59,3,3,1,0.667130947113037,1,1,1,1,0.918314456939697
3,3,6,60,-3,3,1,0.833794116973877,1,1,1,1,0.417130947113037
3,3,6,61,9,9,1,0.783814191818237,-1,1,1,1,0.583794116973877
3,3,6,62,9,9,1,0.717586994171143,1,1,1,-1,0.533814191818237
3,3,6,63,9,9,1,0.567135095596313,1,1,1,1,0.467586994171143
3,3,6,64,9,9,1,0.534245729446411,1,1,1,1,0.317135095596313
3,3,6,65,-9,9,1,0.384280204772949,1,1,1,1,0.284245729446411
3,3,6,66,-9,9,1,0.733787536621094,-1,1,1,1,0.134280204772949
3,3,6,67,-3,3,1,0.85047721862793,-1,1,1,-1,0.483787536621094
3,3,6,68,-0,0,0,0.667111396789551,-1,1,1,-1,0.60047721862793
3,3,6,69,-81,81,0,0.500931978225708,-1,-1,1,-1,0.417111396789551
3,3,6,70,-9,9,0,0.617122411727905,-1,-1,-1,-1,0.250931978225708
3,3,6,71,-3,3,0,0.850926160812378,-1,-1,-1,-1,0.367122411727905
3,3,6,72,-81,81,0,0.46761417388916,-1,-1,-1,-1,0.600926160812378
3,3,6,73,27,27,1,0.350887537002563,-1,-1,-1,-1,0.21761417388916
3,3,6,74,27,27,1,0.467139005661011,1,1,-1,-1,0.100887537002563
3,3,6,75,-0,0,1,0.450466394424438,1,1,1,1,0.217139005661011
3,3,6,76,27,27,0,0.784257173538208,-1,1,1,1,0.200466394424438
3,3,6,77,3,3,1,1.05045390129089,1,-1,1,-1,0.534257173538208
3,3,6,78,0,0,1,0.667125463485718,1,1,-1,1,0.800453901290894
3,3,6,79,-9,9,0,0.717586040496826,1,1,1,1,0.417125463485718
3,3,6,80,-9,9,0,0.533820867538452,-1,-1,1,1,0.467586040496826
3,3,6,81,-81,81,0,0.384259939193726,-1,-1,-1,-1,0.283820867538452
3,3,6,82,-81,81,0,0.95050311088562,-1,-1,-1,-1,0.134259939193726
3,3,6,83,-27,27,0,0.550924062728882,-1,-1,-1,-1,0.70050311088562
3,3,6,84,-81,81,0,0.517595052719116,-1,-1,-1,-1,0.300924062728882
3,3,6,85,27,27,1,0.400923252105713,-1,-1,-1,-1,0.267595052719116
3,3,6,86,3,3,1,0.434278011322021,1,1,-1,-1,0.150923252105713
3,3,6,87,81,81,1,0.550457000732422,1,1,1,1,0.184278011322021
3,3,6,88,9,9,1,0.267573833465576,1,1,1,1,0.300457000732422
3,3,6,89,81,81,1,0.500494003295898,1,1,1,1,0.0175738334655762
3,3,6,90,9,9,1,0.351836442947388,1,1,1,1,0.250494003295898
3,3,6,91,0,0,1,0.533803224563599,1,1,1,1,0.101836442947388
3,3,6,92,3,3,1,0.567580938339233,1,1,1,1,0.283803224563599
3,3,6,96,-27,27,0,0.433807849884033,-1,-1,-1,1,0.217146158218384
3,3,6,97,3,3,0,0.667731761932373,-1,-1,-1,-1,0.183807849884033
3,3,6,98,-3,3,1,0.400472402572632,1,-1,-1,-1,0.417731761932373
3,3,6,99,81,81,0,0.467586755752563,-1,1,-1,1,0.150472402572632
4,1,1,3,-81,81,0,0.567381858825684,1,-1,-1,1,0.617877244949341
4,1,1,4,27,27,1,0.384321689605713,-1,-1,-1,1,0.317381858825684
4,1,1,5,-0,0,0,0.584451913833618,1,1,-1,-1,0.134321689605713
4,1,1,6,3,3,0,0.584582567214966,-1,-1,1,1,0.334451913833618
4,1,1,7,-27,27,0,0.684279441833496,1,-1,-1,-1,0.334582567214966
4,1,1,8,3,3,1,0.550518035888672,-1,-1,-1,1,0.434279441833496
4,1,1,9,-81,81,0,0.467601537704468,1,1,-1,-1,0.300518035888672
4,1,1,10,9,9,1,0.300570011138916,-1,-1,1,1,0.217601537704468
4,1,1,11,81,81,1,0.283809900283813,1,1,-1,-1,0.050570011138916
4,1,1,12,-81,81,0,0.250961065292358,1,1,1,1,0.0338099002838135
4,1,1,13,-9,9,1,0.400459289550781,-1,-1,1,1,0.000961065292358398
4,1,1,14,3,3,0,0.534246206283569,-1,1,-1,-1,0.150459289550781
4,1,1,15,27,27,1,0.650468111038208,1,-1,1,-1,0.284246206283569
4,1,1,16,81,81,1,0.584405183792114,1,1,-1,1,0.400468111038208
4,1,1,20,81,81,1,0.300940036773682,-1,-1,1,1,0.000936269760131836
4,1,1,21,-9,9,0,0.267146110534668,1,1,-1,-1,0.0509400367736816
4,1,1,22,81,81,1,0.334342241287231,-1,-1,1,1,0.017146110534668
4,1,1,23,-81,81,0,0.333805799484253,1,1,-1,-1,0.0843422412872314
4,1,1,24,9,9,1,0.267152309417725,-1,-1,1,1,0.0838057994842529
4,1,1,25,3,3,1,0.284231662750244,1,1,-1,-1,0.0171523094177246
4,1,1,26,-3,3,0,0.283793687820435,1,1,1,1,0.0342316627502441
4,1,1,37,-81,81,0,0.367617130279541,1,-1,1,1,0.0671381950378418
4,1,1,38,81,81,1,0.400488138198853,-1,-1,-1,1,0.117617130279541
4,1,1,39,-27,27,0,0.533820152282715,1,1,-1,-1,0.150488138198853
4,1,1,40,27,27,1,0.250981330871582,-1,-1,1,1,0.283820152282715
4,1,1,47,-27,27,0,0.317604780197144,1,1,-1,1,0.167602300643921
4,1,1,48,-0,0,1,0.317135334014893,-1,-1,1,1,0.0676047801971436
4,1,1,53,27,27,1,0.267135620117188,-1,-1,-1,1,0.0509321689605713
4,1,1,54,81,81,1,0.284256219863892,1,1,-1,-1,0.0171356201171875
4,1,1,55,-9,9,0,0.45048713684082,1,1,1,1,0.0342562198638916
4,1,1,56,9,9,0,0.333802461624146,-1,-1,1,1,0.20048713684082
4,1,1,75,-0,0,1,0.46713924407959,-1,1,-1,1,0.0675961971282959
4,1,1,76,81,81,0,0.600917339324951,-1,1,1,-1,0.21713924407959
4,1,1,77,-0,0,1,0.350897550582886,1,-1,1,-1,0.350917339324951
4,1,1,78,81,81,1,0.333831071853638,-1,1,-1,1,0.100897550582886
4,1,1,82,-27,27,0,0.250938177108765,1,1,1,1,0.151355028152466
4,1,1,90,-9,9,1,0.467131614685059,1,-1,1,-1,0.0175902843475342
4,1,1,91,27,27,1,0.267606019973755,-1,1,-1,1,0.217131614685059
4,1,2,2,-27,27,0,0.600917100906372,1,1,-1,-1,0.368509769439697
4,1,2,3,81,81,1,0.517114162445068,-1,-1,1,1,0.350917100906372
4,1,2,4,-9,9,1,0.500489950180054,1,1,-1,-1,0.267114162445068
4,1,2,5,27,27,1,0.750939130783081,-1,1,1,1,0.250489950180054
4,1,2,6,81,81,1,0.434266805648804,1,1,1,-1,0.500939130783081
4,1,2,7,-27,27,0,0.334255933761597,1,1,1,1,0.184266805648804
4,1,2,18,81,81,1,0.300908088684082,-1,-1,1,1,0.117197036743164
4,1,2,19,0,0,1,0.250947952270508,1,1,-1,-1,0.050908088684082
4,1,2,20,9,9,1,0.450468063354492,1,1,1,1,0.000947952270507812
4,1,2,21,-3,3,0,0.400471925735474,1,1,1,1,0.200468063354492
4,1,2,31,9,9,1,0.334262132644653,-1,-1,1,1,0.133813619613647
4,1,2,32,-0,0,1,0.350925922393799,1,1,-1,-1,0.0842621326446533
4,1,2,33,3,3,1,0.483856201171875,-1,1,1,1,0.100925922393799
4,1,2,34,-3,3,1,0.61760950088501,1,1,1,-1,0.233856201171875
4,1,2,35,3,3,1,0.367127180099487,-1,1,1,1,0.36760950088501
4,1,2,36,-0,0,1,0.66761326789856,1,1,1,-1,0.117127180099487
4,1,2,37,81,81,1,0.434258937835693,-1,1,1,1,0.41761326789856
4,1,2,41,27,27,1,0.283838987350464,-1,-1,1,1,0.117185831069946
4,1,2,53,-3,3,1,0.250935792922974,-1,-1,1,1,0.0342483520507812
4,1,2,54,27,27,1,0.400938987731934,-1,1,-1,-1,0.000935792922973633
4,1,2,55,-0,0,1,0.334257125854492,1,1,1,-1,0.150938987731934
4,1,2,56,9,9,0,0.467151880264282,-1,1,1,1,0.0842571258544922
4,1,2,57,3,3,1,0.600925922393799,1,-1,1,-1,0.217151880264282
4,1,2,58,-9,9,1,0.300472021102905,1,1,-1,1,0.350925922393799
4,1,2,68,3,3,0,0.267142057418823,-1,1,-1,1,0.017240047454834
4,1,2,76,0,0,1,0.267137050628662,-1,-1,-1,1,0.100468397140503
4,1,2,77,-0,0,1,0.300949096679688,1,1,-1,-1,0.0171370506286621
4,1,2,78,81,81,1,0.533820152282715,-1,1,1,1,0.0509490966796875
4,1,2,79,-27,27,0,0.500470876693726,1,1,1,-1,0.283820152282715
4,1,2,80,3,3,1,0.550914764404297,-1,-1,1,1,0.250470876693726
4,1,2,81,-3,3,1,0.384270668029785,1,1,-1,-1,0.300914764404297
4,1,2,82,9,9,1,0.383795976638794,-1,1,1,1,0.134270668029785
4,1,2,83,-27,27,0,0.517136812210083,1,1,1,-1,0.133795976638794
4,1,2,84,27,27,1,0.250940084457397,-1,-1,1,1,0.267136812210083
4,1,2,85,-3,3,1,0.383824825286865,1,1,-1,-1,0.000940084457397461
4,1,2,86,9,9,1,1.06711006164551,-1,1,1,1,0.133824825286865
4,1,2,87,0,0,1,0.533797025680542,1,1,1,-1,0.817110061645508
4,1,2,91,81,81,1,0.267136096954346,-1,1,-1,-1,0.0338129997253418
4,1,3,37,27,27,1,0.567161083221436,1,-1,1,1,0.0342569351196289
4,1,3,38,-81,81,0,0.250922203063965,1,1,-1,1,0.317161083221436
4,1,3,39,-9,9,0,0.38426399230957,-1,-1,1,1,0.000922203063964844
4,1,3,43,-9,9,0,0.384256839752197,-1,-1,1,1,0.0676171779632568
4,1,3,58,27,27,1,0.28386402130127,-1,-1,-1,-1,0.000928163528442383
4,1,3,59,-3,3,0,0.36713695526123,1,1,-1,-1,0.0338640213012695
4,1,3,60,-27,27,0,0.450457811355591,-1,-1,1,1,0.11713695526123
4,1,3,72,-81,81,0,0.31715989112854,-1,-1,-1,1,0.00101399421691895
4,1,3,73,-27,27,0,0.35050368309021,-1,-1,-1,-1,0.06715989112854
4,1,3,74,3,3,0,0.300477027893066,-1,-1,-1,-1,0.10050368309021
4,1,3,75,-81,81,0,0.433830261230469,1,-1,-1,-1,0.0504770278930664
4,1,3,86,-0,0,0,0.250991582870483,-1,-1,1,-1,0.0671360492706299
4,1,3,90,-3,3,1,0.333794116973877,-1,-1,1,-1,0.150464057922363
4,1,3,91,-27,27,1,0.317569971084595,-1,1,-1,-1,0.083794116973877
4,1,4,2,81,81,1,0.584253072738647,1,-1,-1,-1,0.0173559188842773
4,1,4,3,0,0,1,0.284262895584106,1,1,-1,1,0.334253072738647
4,1,4,4,81,81,1,0.267584562301636,1,1,1,1,0.0342628955841064
4,1,4,5,3,3,1,0.500920057296753,1,1,1,1,0.0175845623016357
4,1,4,6,81,81,1,0.283814907073975,1,1,1,1,0.250920057296753
4,1,4,7,-9,9,1,0.350920915603638,1,1,1,1,0.0338149070739746
4,1,4,8,-27,27,0,0.501721858978271,-1,1,1,1,0.100920915603638
4,1,4,9,-0,0,1,0.417601346969604,-1,-1,1,-1,0.251721858978271
4,1,4,10,-27,27,0,0.35091495513916,-1,1,-1,-1,0.167601346969604
4,1,4,11,-3,3,1,0.350500822067261,-1,-1,1,-1,0.10091495513916
4,1,4,12,-3,3,1,0.267124176025391,-1,1,-1,-1,0.100500822067261
4,1,4,49,81,81,1,0.350938558578491,1,1,-1,1,0.0175797939300537
4,1,4,63,-9,9,1,0.284269094467163,-1,1,1,-1,0.0342588424682617
4,1,4,82,-27,27,1,0.267615079879761,-1,1,-1,-1,0.000921249389648438
4,1,4,86,-9,9,0,0.317168951034546,-1,-1,-1,-1,0.350445032119751
4,1,4,87,-3,3,1,0.350903034210205,-1,-1,-1,-1,0.0671689510345459
4,1,4,99,-27,27,0,0.450488805770874,1,1,1,1,0.0671648979187012
4,1,5,4,9,9,1,0.517582178115845,-1,-1,-1,-1,0.0171480178833008
4,1,5,5,81,81,1,0.417696952819824,1,1,-1,-1,0.267582178115845
4,1,5,6,0,0,1,0.26760196685791,1,1,1,1,0.167696952819824
4,1,5,7,-3,3,1,0.284265756607056,1,1,1,1,0.0176019668579102
4,1,5,8,9,9,1,0.417594909667969,-1,1,1,1,0.0342657566070557
4,1,5,15,-9,9,0,0.267852067947388,-1,-1,-1,-1,0.217137098312378
4,1,5,16,27,27,1,0.283816337585449,-1,-1,-1,-1,0.0178520679473877
4,1,5,28,27,27,1,0.283806085586548,-1,-1,1,1,0.000997781753540039
4,1,5,29,-27,27,1,0.583829164505005,1,1,-1,-1,0.0338060855865479
4,1,5,34,-0,0,0,0.350476026535034,-1,1,1,1,0.000999212265014648
4,1,5,35,3,3,1,0.36715292930603,-1,-1,1,-1,0.100476026535034
4,1,5,36,-27,27,0,0.333806991577148,1,1,-1,-1,0.11715292930603
4,1,5,37,-3,3,1,0.250939846038818,-1,-1,1,1,0.0838069915771484
4,1,5,49,9,9,1,0.300476312637329,1,-1,-1,-1,0.00094914436340332
4,1,5,50,-0,0,1,0.450469255447388,1,1,-1,1,0.0504763126373291
4,1,5,51,27,27,1,0.350958108901978,-1,1,1,1,0.200469255447388
4,1,5,52,-81,81,0,0.267591953277588,1,1,1,-1,0.100958108901978
4,1,5,53,-0,0,1,0.333829879760742,-1,-1,1,1,0.0175919532775879
4,1,5,54,-81,81,0,0.250936985015869,-1,1,-1,-1,0.0838298797607422
4,1,5,61,81,81,1,0.283808946609497,1,1,1,-1,0.0337991714477539
4,1,5,62,-3,3,1,0.350500106811523,1,1,1,1,0.0338089466094971
4,1,5,63,9,9,1,0.500946044921875,-1,1,1,1,0.100500106811523
4,1,5,64,-9,9,1,0.267603158950806,1,1,1,-1,0.250946044921875
4,1,5,77,27,27,1,0.250937938690186,1,1,1,1,0.0342302322387695
4,1,6,3,9,9,1,0.60136604309082,1,1,-1,1,0.0171699523925781
4,1,6,17,9,9,0,0.284252405166626,-1,-1,1,1,0.134245157241821
4,1,6,59,-0,0,0,0.267152070999146,-1,-1,1,-1,0.000939130783081055
4,2,1,2,3,3,0,0.534254312515259,-1,-1,-1,1,0.184475183486938
4,2,1,3,9,9,0,0.483806848526001,1,-1,-1,-1,0.284254312515259
4,2,1,8,-27,27,1,0.40093207359314,-1,-1,1,1,0.0504961013793945
4,2,1,9,-27,27,0,0.267153263092041,-1,1,-1,-1,0.15093207359314
4,2,1,10,27,27,1,0.267138957977295,-1,-1,1,-1,0.017153263092041
4,2,1,11,0,0,1,0.334267139434814,1,1,-1,-1,0.0171389579772949
4,2,1,12,3,3,1,0.334259033203125,1,1,1,1,0.0842671394348145
4,2,1,13,-0,0,1,0.284259080886841,1,1,1,1,0.084259033203125
4,2,1,29,-9,9,0,0.250951766967773,1,-1,1,1,0.0838110446929932
4,2,1,43,3,3,0,0.383811235427856,-1,-1,1,1,0.0838029384613037
4,2,1,44,3,3,1,0.250931262969971,1,-1,-1,-1,0.133811235427856
4,2,1,55,-27,27,0,0.300477981567383,1,-1,-1,-1,0.167188882827759
4,2,1,59,-0,0,1,0.350930213928223,1,1,1,1,0.033811092376709
4,2,1,60,-81,81,0,0.400897264480591,-1,1,1,1,0.100930213928223
4,2,1,61,27,27,1,0.300465106964111,-1,-1,1,-1,0.150897264480591
4,2,1,62,-27,27,0,0.30156421661377,1,1,-1,-1,0.0504651069641113
4,2,1,86,-9,9,0,0.300480127334595,-1,1,1,1,0.367124795913696
4,2,1,87,3,3,1,0.400472402572632,-1,-1,1,-1,0.0504801273345947
4,2,1,88,-3,3,0,0.300936222076416,1,1,-1,-1,0.150472402572632
4,2,1,89,-27,27,0,0.367158889770508,-1,-1,1,1,0.050936222076416
4,2,1,90,-3,3,0,0.350895166397095,-1,-1,-1,-1,0.117158889770508
4,2,1,96,9,9,1,0.317193984985352,1,1,-1,1,0.0171470642089844
4,2,2,13,81,81,1,0.283801794052124,1,1,1,1,0.0504782199859619
4,2,2,25,-3,3,0,0.26826810836792,-1,-1,1,1,0.0338280200958252
4,2,2,69,3,3,1,0.38426399230957,1,1,1,1,0.117587089538574
4,2,2,70,0,0,1,0.383864879608154,1,1,1,1,0.13426399230957
4,2,2,74,3,3,1,0.301295280456543,1,1,1,1,0.0671393871307373
4,2,3,16,27,27,1,0.567582845687866,1,-1,1,1,0.233786821365356
4,2,3,17,9,9,1,0.600914001464844,1,1,-1,1,0.317582845687866
4,2,3,18,27,27,1,0.617555856704712,1,1,1,1,0.350914001464844
4,2,3,19,9,9,1,0.550461053848267,1,1,1,1,0.367555856704712
4,2,3,20,-9,9,0,0.333806037902832,1,1,1,1,0.300461053848267
4,2,3,21,-3,3,1,0.533806085586548,-1,-1,1,1,0.083806037902832
4,2,3,22,-9,9,0,0.300500154495239,-1,1,-1,-1,0.283806085586548
4,2,3,23,-27,27,0,0.550462961196899,-1,-1,1,-1,0.0505001544952393
4,2,3,24,-3,3,0,0.767143964767456,-1,-1,-1,-1,0.300462961196899
4,2,3,25,81,81,1,0.434261798858643,-1,-1,-1,-1,0.517143964767456
4,2,3,26,9,9,1,0.650467872619629,1,1,-1,-1,0.184261798858643
4,2,3,27,3,3,1,0.483812093734741,1,1,1,1,0.400467872619629
4,2,3,28,-81,81,0,0.500897169113159,1,1,1,1,0.233812093734741
4,2,3,29,-27,27,0,0.567586898803711,-1,-1,1,1,0.250897169113159
4,2,3,30,81,81,1,0.500463008880615,-1,-1,-1,-1,0.317586898803711
4,2,3,31,81,81,1,0.467144012451172,1,1,-1,-1,0.250463008880615
4,2,3,32,27,27,1,0.517135143280029,1,1,1,1,0.217144012451172
4,2,3,33,0,0,1,0.583822011947632,1,1,1,1,0.267135143280029
4,2,3,34,-27,27,0,0.484345436096191,1,1,1,1,0.333822011947632
4,2,3,35,-27,27,0,0.517592906951904,-1,-1,1,1,0.234345436096191
4,2,3,36,-3,3,1,0.367599248886108,-1,-1,-1,-1,0.267592906951904
4,2,3,37,-27,27,0,0.417148113250732,-1,1,-1,-1,0.117599248886108
4,2,3,38,-0,0,1,0.350940227508545,-1,-1,1,-1,0.167148113250732
4,2,3,39,27,27,0,0.418471097946167,-1,1,-1,-1,0.100940227508545
4,2,3,40,3,3,1,0.500954151153564,1,-1,1,-1,0.168471097946167
4,2,3,41,27,27,1,0.484264135360718,1,1,-1,1,0.250954151153564
4,2,3,42,0,0,1,0.483821153640747,1,1,1,1,0.234264135360718
4,2,3,43,3,3,1,0.467571020126343,1,1,1,1,0.233821153640747
4,2,3,44,-3,3,1,0.767131090164185,1,1,1,1,0.217571020126343
4,2,3,45,-9,9,0,0.500931262969971,-1,1,1,1,0.517131090164185
4,2,3,46,3,3,1,0.300468444824219,-1,-1,1,-1,0.250931262969971
4,2,3,47,27,27,0,0.383812189102173,1,1,-1,-1,0.0504684448242188
4,2,3,48,-27,27,1,0.600927352905273,1,-1,1,1,0.133812189102173
4,2,3,49,-81,81,0,0.467643022537231,-1,1,-1,1,0.350927352905273
4,2,3,50,-9,9,0,0.300894498825073,-1,-1,1,-1,0.217643022537231
4,2,3,51,-9,9,0,0.583832502365112,-1,-1,-1,-1,0.0508944988250732
4,2,3,52,0,0,0,0.567131042480469,-1,-1,-1,-1,0.333832502365112
4,2,3,56,-9,9,0,0.483798265457153,-1,-1,-1,-1,0.233789205551147
4,2,3,57,-3,3,0,0.567597150802612,-1,-1,-1,-1,0.233798265457153
4,2,3,58,-81,81,0,0.283803224563599,-1,-1,-1,-1,0.317597150802612
4,2,3,62,-9,9,0,0.617150068283081,-1,-1,-1,-1,0.317122936248779
4,2,3,63,-3,3,0,0.41759991645813,-1,-1,-1,-1,0.367150068283081
4,2,3,64,-3,3,0,0.550930261611938,-1,-1,-1,-1,0.16759991645813
4,2,3,65,-9,9,1,0.383873224258423,-1,-1,-1,-1,0.300930261611938
4,2,3,66,-9,9,0,0.350466251373291,-1,1,-1,-1,0.133873224258423
4,2,3,67,-3,3,1,0.417156219482422,-1,-1,1,-1,0.100466251373291
4,2,3,68,-81,81,0,0.633824110031128,-1,1,-1,-1,0.167156219482422
4,2,3,72,-0,0,0,0.533812046051025,-1,1,-1,-1,0.117601156234741
4,2,3,73,-81,81,0,0.518461227416992,-1,-1,1,-1,0.283812046051025
4,2,3,74,-27,27,0,0.600472688674927,-1,-1,-1,-1,0.268461227416992
4,2,3,75,-0,0,0,0.567140102386475,-1,-1,-1,-1,0.350472688674927
4,2,3,76,-81,81,0,0.60091495513916,-1,-1,-1,-1,0.317140102386475
4,2,3,77,-9,9,1,0.350932121276855,-1,-1,-1,-1,0.35091495513916
4,2,3,78,-3,3,1,0.383804798126221,-1,1,-1,-1,0.100932121276855
4,2,3,79,-9,9,1,0.650927305221558,-1,1,1,-1,0.133804798126221
4,2,3,80,-27,27,0,0.450523376464844,-1,1,1,-1,0.400927305221558
4,2,3,81,-3,3,0,0.484280109405518,-1,-1,1,-1,0.200523376464844
4,2,3,82,-27,27,0,0.617565870285034,-1,-1,-1,-1,0.234280109405518
4,2,3,83,-81,81,0,0.533812284469604,-1,-1,-1,-1,0.367565870285034
4,2,3,84,27,27,1,0.634246110916138,-1,-1,-1,-1,0.283812284469604
4,2,3,85,0,0,1,0.650442361831665,1,1,-1,-1,0.384246110916138
4,2,3,86,3,3,0,0.700510740280151,1,1,1,1,0.400442361831665
4,2,3,87,-27,27,0,0.617142200469971,1,-1,1,1,0.450510740280151
4,2,3,88,-0,0,1,0.383816003799438,-1,-1,-1,1,0.367142200469971
4,2,3,89,-3,3,1,0.5350501537323,-1,1,-1,-1,0.133816003799438
4,2,3,90,-0,0,0,0.617594957351685,-1,1,1,-1,0.2850501537323
4,2,3,91,27,27,1,0.617162227630615,-1,-1,1,-1,0.367594957351685
4,2,3,92,-9,9,1,0.467585325241089,1,1,-1,-1,0.367162227630615
4,2,3,93,27,27,0,0.517142057418823,-1,1,1,1,0.217585325241089
4,2,3,94,-0,0,1,0.484259843826294,1,-1,1,-1,0.267142057418823
4,2,3,95,81,81,1,0.367141008377075,-1,1,-1,1,0.234259843826294
4,2,3,96,9,9,1,0.500471353530884,1,1,1,-1,0.117141008377075
4,2,3,97,81,81,1,0.600894689559937,1,1,1,1,0.250471353530884
4,2,3,98,81,81,1,0.550466537475586,1,1,1,1,0.350894689559937
4,2,3,99,81,81,1,0.56758713722229,1,1,1,1,0.300466537475586
4,2,4,2,3,3,1,0.350927114486694,-1,-1,-1,-1,0.23445987701416
4,2,4,3,27,27,1,0.500912189483643,1,1,-1,-1,0.100927114486694
4,2,4,4,-3,3,0,0.634580850601196,1,1,1,1,0.250912189483643
4,2,4,5,27,27,1,0.46759295463562,-1,-1,1,1,0.384580850601196
4,2,4,6,-81,81,0,0.467135906219482,1,1,-1,-1,0.21759295463562
4,2,4,7,27,27,1,0.484630107879639,-1,-1,1,1,0.217135906219482
4,2,4,8,-0,0,1,0.484256029129028,1,1,-1,-1,0.234630107879639
4,2,4,9,-81,81,0,0.367138147354126,-1,1,1,1,0.234256029129028
4,2,4,10,3,3,0,0.533849239349365,-1,-1,1,-1,0.117138147354126
4,2,4,11,-27,27,0,0.56713604927063,1,-1,-1,-1,0.283849239349365
4,2,4,12,0,0,0,0.517136812210083,-1,-1,-1,1,0.31713604927063
4,2,4,13,-81,81,1,0.484813213348389,1,-1,-1,-1,0.267136812210083
4,2,4,14,0,0,1,0.517158031463623,-1,1,-1,1,0.234813213348389
4,2,4,15,-3,3,1,0.500921010971069,1,1,1,-1,0.267158031463623
4,2,4,16,9,9,1,0.584235906600952,-1,1,1,1,0.250921010971069
4,2,4,17,-81,81,0,0.48385214805603,1,1,1,-1,0.334235906600952
4,2,4,18,-3,3,0,0.350925922393799,-1,-1,1,1,0.23385214805603
4,2,4,19,81,81,1,0.53380012512207,-1,-1,-1,-1,0.100925922393799
4,2,4,20,-81,81,0,0.317138910293579,1,1,-1,-1,0.28380012512207
4,2,4,21,3,3,1,0.600924968719482,-1,-1,1,1,0.0671389102935791
4,2,4,22,-0,0,1,0.533831834793091,1,1,-1,-1,0.350924968719482
4,2,4,23,27,27,1,0.567611932754517,-1,1,1,1,0.283831834793091
4,2,4,24,-9,9,1,0.783779144287109,1,1,1,-1,0.317611932754517
4,2,4,25,81,81,1,0.484286069869995,-1,1,1,1,0.533779144287109
4,2,4,26,-81,81,0,0.450963973999023,1,1,1,-1,0.234286069869995
4,2,4,27,9,9,1,0.367563009262085,-1,-1,1,1,0.200963973999023
4,2,4,28,-9,9,1,0.400459051132202,1,1,-1,-1,0.117563009262085
4,2,4,29,0,0,1,0.550463914871216,-1,1,1,1,0.150459051132202
4,2,4,30,-9,9,0,0.284257173538208,1,1,1,-1,0.300463914871216
4,2,4,31,81,81,1,0.367144107818604,-1,-1,1,1,0.034257173538208
4,2,4,32,-3,3,1,0.600462913513184,1,1,-1,-1,0.117144107818604
4,2,4,33,81,81,1,0.383809328079224,-1,1,1,1,0.350462913513184
4,2,4,34,-0,0,0,0.400466203689575,1,1,1,-1,0.133809328079224
4,2,4,35,9,9,1,0.517126083374023,-1,-1,1,1,0.150466203689575
4,2,4,36,3,3,1,0.367589950561523,1,1,-1,-1,0.267126083374023
4,2,4,37,-9,9,1,0.500935077667236,1,1,1,1,0.117589950561523
4,2,4,38,9,9,1,0.500924348831177,-1,1,1,1,0.250935077667236
4,2,4,39,-9,9,0,0.250958919525146,1,1,1,-1,0.250924348831177
4,2,4,45,3,3,1,0.600449323654175,-1,-1,1,1,0.334258079528809
4,2,4,46,-27,27,0,0.400947332382202,1,1,-1,-1,0.350449323654175
4,2,4,47,-81,81,0,0.450497150421143,-1,-1,1,1,0.150947332382202
4,2,4,48,-3,3,1,0.35047721862793,-1,-1,-1,-1,0.200497150421143
4,2,4,49,-0,0,1,0.483809232711792,-1,1,-1,-1,0.10047721862793
4,2,4,50,-0,0,1,0.534233093261719,-1,1,1,-1,0.233809232711792
4,2,4,51,-27,27,0,0.250961303710938,-1,1,1,-1,0.284233093261719
4,2,4,52,27,27,1,0.300590991973877,-1,-1,1,-1,0.0009613037109375
4,2,4,53,-3,3,1,0.48469614982605,1,1,-1,-1,0.050590991973877
4,2,4,54,3,3,1,0.35046911239624,-1,1,1,1,0.23469614982605
4,2,4,58,81,81,1,0.50049090385437,-1,1,1,1,0.500924110412598
4,2,4,59,-9,9,1,0.633865118026733,1,1,1,-1,0.25049090385437
4,2,4,60,-27,27,0,0.367153167724609,-1,1,1,1,0.383865118026733
4,2,4,61,9,9,1,0.550462245941162,-1,-1,1,-1,0.117153167724609
4,2,4,62,-27,27,0,0.450494050979614,1,1,-1,-1,0.300462245941162
4,2,4,63,81,81,1,0.517627239227295,-1,-1,1,1,0.200494050979614
4,2,4,64,3,3,1,0.418458461761475,1,1,-1,-1,0.267627239227295
4,2,4,65,-27,27,0,0.417600154876709,1,1,1,1,0.168458461761475
4,2,4,66,27,27,1,0.533846139907837,-1,-1,1,1,0.167600154876709
4,2,4,67,-3,3,1,0.567570209503174,1,1,-1,-1,0.283846139907837
4,2,4,68,9,9,1,0.384264469146729,-1,1,1,1,0.317570209503174
4,2,4,69,-81,81,0,0.483808040618896,1,1,1,-1,0.134264469146729
4,2,4,70,27,27,1,0.600466012954712,-1,-1,1,1,0.233808040618896
4,2,4,71,-27,27,1,0.617137908935547,1,1,-1,-1,0.350466012954712
4,2,4,72,-81,81,0,0.433807134628296,-1,1,1,1,0.367137908935547
4,2,4,73,0,0,1,0.56715726852417,-1,-1,1,-1,0.183807134628296
4,2,4,74,-9,9,1,0.5505051612854,1,1,-1,-1,0.31715726852417
4,2,4,75,-3,3,1,0.700471162796021,-1,1,1,1,0.3005051612854
4,2,4,76,27,27,1,0.550929069519043,-1,1,1,-1,0.450471162796021
4,2,4,77,-27,27,0,0.45049524307251,1,1,1,-1,0.300929069519043
4,2,4,78,81,81,1,0.433797359466553,-1,-1,1,1,0.20049524307251
4,2,4,79,-0,0,1,0.601296424865723,1,1,-1,-1,0.183797359466553
4,2,4,80,81,81,1,0.467191457748413,-1,1,1,1,0.351296424865723
4,2,4,81,9,9,1,0.734258890151978,1,1,1,-1,0.217191457748413
4,2,4,82,3,3,1,0.734908103942871,1,1,1,1,0.484258890151978
4,2,4,83,-3,3,1,0.467154979705811,1,1,1,1,0.484908103942871
4,2,4,84,-3,3,0,0.534269094467163,-1,1,1,1,0.217154979705811
4,2,4,85,-81,81,0,0.567137241363525,-1,-1,1,-1,0.284269094467163
4,2,4,86,81,81,1,0.25095009803772,-1,-1,-1,-1,0.317137241363525
4,2,4,87,-9,9,1,0.583800315856934,1,1,-1,-1,0.000950098037719727
4,2,4,88,81,81,1,0.483806133270264,-1,1,1,1,0.333800315856934
4,2,4,89,-9,9,1,0.767577409744263,1,1,1,-1,0.233806133270264
4,2,4,90,3,3,1,0.75045108795166,-1,1,1,1,0.517577409744263
4,2,4,91,-27,27,0,0.567580223083496,1,1,1,-1,0.50045108795166
4,2,4,92,9,9,1,0.500931024551392,-1,-1,1,1,0.317580223083496
4,2,4,93,-27,27,0,0.633805274963379,1,1,-1,-1,0.250931024551392
4,2,4,94,27,27,1,0.71711802482605,-1,-1,1,1,0.383805274963379
4,2,4,95,9,9,1,0.684238195419312,1,1,-1,-1,0.46711802482605
4,2,4,96,-27,27,0,0.567139387130737,1,1,1,1,0.434238195419312
4,2,4,97,-81,81,0,0.650468111038208,-1,-1,1,1,0.317139387130737
4,2,4,98,81,81,1,0.700462102890015,-1,-1,-1,-1,0.400468111038208
4,2,4,99,-9,9,0,0.58472728729248,1,1,-1,-1,0.450462102890015
4,2,5,2,-9,9,1,0.71715259552002,-1,-1,-1,-1,0.367806911468506
4,2,5,3,9,9,1,0.500945806503296,-1,1,-1,-1,0.46715259552002
4,2,5,4,-81,81,0,0.533800840377808,1,1,1,-1,0.250945806503296
4,2,5,5,3,3,1,0.550550937652588,-1,-1,1,1,0.283800840377808
4,2,5,6,-27,27,1,0.400527000427246,1,1,-1,-1,0.300550937652588
4,2,5,7,0,0,1,0.600450992584229,-1,1,1,1,0.150527000427246
4,2,5,8,-9,9,0,0.567133903503418,1,1,1,-1,0.350450992584229
4,2,5,9,3,3,1,0.834248781204224,-1,-1,1,1,0.317133903503418
4,2,5,10,-81,81,0,0.550472021102905,1,1,-1,-1,0.584248781204224
4,2,5,11,3,3,1,0.650922536849976,-1,-1,1,1,0.300472021102905
4,2,5,12,-81,81,0,0.500463008880615,1,1,-1,-1,0.400922536849976
4,2,5,13,9,9,1,0.417162895202637,-1,-1,1,1,0.250463008880615
4,2,5,14,3,3,1,0.484223127365112,1,1,-1,-1,0.167162895202637
4,2,5,15,-27,27,0,0.750463962554932,1,1,1,1,0.234223127365112
4,2,5,16,3,3,0,0.534224987030029,-1,-1,1,1,0.500463962554932
4,2,5,17,-81,81,0,0.450496912002563,1,-1,-1,-1,0.284224987030029
4,2,5,18,3,3,0,0.517585039138794,-1,-1,-1,1,0.200496912002563
4,2,5,19,-9,9,1,0.367600917816162,1,-1,-1,-1,0.267585039138794
4,2,5,20,27,27,1,0.500969409942627,-1,1,-1,1,0.117600917816162
4,2,5,21,27,27,1,0.617705583572388,1,1,1,-1,0.250969409942627
4,2,5,22,-3,3,0,0.618030071258545,1,1,1,1,0.367705583572388
4,2,5,23,-9,9,0,0.617127180099487,-1,-1,1,1,0.368030071258545
4,2,5,24,-27,27,0,0.55092191696167,-1,-1,-1,-1,0.367127180099487
4,2,5,25,27,27,1,0.68381404876709,-1,-1,-1,-1,0.30092191696167
4,2,5,26,-81,81,0,0.734239339828491,1,1,-1,-1,0.43381404876709
4,2,5,27,3,3,0,0.717605113983154,-1,-1,1,1,0.484239339828491
4,2,5,28,-9,9,0,0.550985813140869,1,-1,-1,-1,0.467605113983154
4,2,5,29,81,81,1,0.467607021331787,-1,-1,-1,1,0.300985813140869
4,2,5,30,9,9,1,0.633787155151367,1,1,-1,-1,0.217607021331787
4,2,5,31,-9,9,1,0.5342116355896,1,1,1,1,0.383787155151367
4,2,5,32,9,9,1,0.550925970077515,-1,1,1,1,0.2842116355896
4,2,5,33,-0,0,1,0.60046124458313,1,1,1,-1,0.300925970077515
4,2,5,34,81,81,1,0.501000165939331,-1,1,1,1,0.35046124458313
4,2,5,35,-9,9,0,0.734694957733154,1,1,1,-1,0.251000165939331
4,2,5,36,3,3,1,0.534265041351318,-1,-1,1,1,0.484694957733154
4,2,5,37,-3,3,1,0.433812141418457,1,1,-1,-1,0.284265041351318
4,2,5,38,3,3,0,0.567586421966553,-1,1,1,1,0.183812141418457
4,2,5,39,27,27,1,0.684273242950439,1,-1,1,-1,0.317586421966553
4,2,5,40,-0,0,1,0.467131853103638,1,1,-1,1,0.434273242950439
4,2,5,41,3,3,1,0.484241724014282,-1,1,1,1,0.217131853103638
4,2,5,42,-3,3,1,0.434242010116577,1,1,1,-1,0.234241724014282
4,2,5,43,-81,81,0,0.734247922897339,-1,1,1,1,0.184242010116577
4,2,5,44,9,9,1,0.334266901016235,-1,-1,1,-1,0.484247922897339
4,2,5,45,9,9,1,0.583805561065674,1,1,-1,-1,0.0842669010162354
4,2,5,46,81,81,1,0.483807563781738,1,1,1,1,0.333805561065674
4,2,5,47,-0,0,1,0.500464916229248,1,1,1,1,0.233807563781738
4,2,5,48,-3,3,1,0.550473690032959,-1,1,1,1,0.250464916229248
4,2,5,49,3,3,1,0.467184066772461,-1,1,1,-1,0.300473690032959
4,2,5,50,27,27,1,0.517609119415283,1,1,1,-1,0.217184066772461
4,2,5,51,-81,81,0,0.400928020477295,1,1,1,1,0.267609119415283
4,2,5,52,-27,27,0,0.535130977630615,-1,-1,1,1,0.150928020477295
4,2,5,53,0,0,1,0.450547933578491,-1,-1,-1,-1,0.285130977630615
4,2,5,54,-3,3,1,0.434264898300171,1,1,-1,-1,0.200547933578491
4,2,5,55,27,27,1,0.500920057296753,-1,1,1,1,0.184264898300171
4,2,5,56,-3,3,0,0.517156839370728,1,1,1,-1,0.250920057296753
4,2,5,57,81,81,1,0.317167997360229,-1,-1,1,1,0.267156839370728
4,2,5,58,-0,0,1,0.483797788619995,1,1,-1,-1,0.0671679973602295
4,2,5,59,27,27,1,0.617557048797607,-1,1,1,1,0.233797788619995
4,2,5,60,9,9,1,0.60046124458313,1,1,1,-1,0.367557048797607
4,2,5,61,-81,81,0,0.56712818145752,1,1,1,1,0.35046124458313
4,2,5,62,81,81,1,0.450472116470337,-1,-1,1,1,0.31712818145752
4,2,5,63,-0,0,1,0.517569541931152,1,1,-1,-1,0.200472116470337
4,2,5,64,0,0,1,0.500474452972412,-1,1,1,1,0.267569541931152
4,2,5,65,-0,0,1,0.467574119567871,1,1,1,-1,0.250474452972412
4,2,5,66,-81,81,0,0.517123222351074,-1,1,1,1,0.217574119567871
4,2,5,67,27,27,1,0.534256935119629,-1,-1,1,-1,0.267123222351074
4,2,5,68,9,9,1,0.350971221923828,1,1,-1,-1,0.284256935119629
4,2,5,69,-27,27,0,0.60093092918396,1,1,1,1,0.100971221923828
4,2,5,70,-27,27,0,0.58425760269165,-1,-1,1,1,0.35093092918396
4,2,5,71,27,27,1,0.450464248657227,-1,-1,-1,-1,0.33425760269165
4,2,5,72,-3,3,1,0.567134857177734,1,1,-1,-1,0.200464248657227
4,2,5,73,-0,0,1,0.484261035919189,-1,1,1,1,0.317134857177734
4,2,5,74,-27,27,0,0.418051242828369,-1,1,1,-1,0.234261035919189
4,2,5,75,-9,9,1,0.467134952545166,-1,-1,1,-1,0.168051242828369
4,2,5,76,9,9,1,0.484318017959595,-1,1,-1,-1,0.217134952545166
4,2,5,77,-27,27,0,0.517138004302979,1,1,1,-1,0.234318017959595
4,2,5,78,9,9,1,0.484262943267822,-1,-1,1,1,0.267138004302979
4,2,5,79,-81,81,0,0.517132997512817,1,1,-1,-1,0.234262943267822
4,2,5,80,81,81,1,0.250952959060669,-1,-1,1,1,0.267132997512817
4,2,5,81,-0,0,0,0.384315967559814,1,1,-1,-1,0.000952959060668945
4,2,5,82,9,9,1,0.517141819000244,-1,-1,1,1,0.134315967559814
4,2,5,83,-27,27,1,0.317139148712158,1,1,-1,-1,0.267141819000244
4,2,5,84,-81,81,0,0.467131376266479,-1,1,1,1,0.0671391487121582
4,2,5,85,-3,3,0,0.350498914718628,-1,-1,1,-1,0.217131376266479
4,2,5,86,81,81,1,0.300940036773682,-1,-1,-1,-1,0.100498914718628
4,2,5,87,-27,27,0,0.567135810852051,1,1,-1,-1,0.0509400367736816
4,2,5,88,3,3,0,0.367160320281982,-1,-1,1,1,0.317135810852051
4,2,5,93,-3,3,0,0.400500297546387,1,1,-1,-1,0.333795547485352
4,2,5,94,-27,27,0,0.467594385147095,-1,-1,1,1,0.150500297546387
4,2,5,95,-27,27,0,0.583828687667847,-1,-1,-1,-1,0.217594385147095
4,2,5,96,9,9,0,0.417126178741455,-1,-1,-1,-1,0.333828687667847
4,2,5,97,-81,81,0,0.483812808990479,1,-1,-1,-1,0.167126178741455
4,2,5,98,81,81,1,0.250961780548096,-1,-1,-1,1,0.233812808990479
4,2,5,99,-81,81,0,0.367630243301392,1,1,-1,-1,0.000961780548095703
4,2,6,2,-9,9,0,0.46760106086731,-1,-1,1,1,0.33403754234314
4,2,6,3,-81,81,0,0.567152976989746,-1,-1,-1,-1,0.21760106086731
4,2,6,4,0,0,0,0.500921964645386,-1,-1,-1,-1,0.317152976989746
4,2,6,5,-9,9,0,0.55052924156189,1,-1,-1,-1,0.250921964645386
4,2,6,6,9,9,1,0.517590045928955,-1,-1,-1,1,0.30052924156189
4,2,6,7,3,3,1,0.583827018737793,1,1,-1,-1,0.267590045928955
4,2,6,8,9,9,1,0.517138957977295,1,1,1,1,0.333827018737793
4,2,6,9,27,27,1,0.6004638671875,1,1,1,1,0.267138957977295
4,2,6,10,0,0,1,0.633825063705444,1,1,1,1,0.3504638671875
4,2,6,11,-9,9,0,0.4675612449646,1,1,1,1,0.383825063705444
4,2,6,12,-3,3,0,0.350989818572998,-1,-1,1,1,0.2175612449646
4,2,6,13,0,0,1,0.350468158721924,-1,-1,-1,-1,0.100989818572998
4,2,6,14,0,0,1,0.60051417350769,1,1,-1,-1,0.100468158721924
4,2,6,15,9,9,0,0.467136144638062,1,1,1,1,0.35051417350769
4,2,6,16,3,3,1,0.350480079650879,1,-1,1,1,0.217136144638062
4,2,6,17,-27,27,0,0.46714973449707,1,1,-1,1,0.100480079650879
4,2,6,18,-3,3,0,0.38381814956665,-1,-1,1,1,0.21714973449707
4,2,6,19,-3,3,0,0.534502029418945,-1,-1,-1,-1,0.13381814956665
4,2,6,20,-81,81,0,0.467593908309937,-1,-1,-1,-1,0.284502029418945
4,2,6,21,-3,3,1,0.533821582794189,-1,-1,-1,-1,0.217593908309937
4,2,6,22,27,27,1,0.534282922744751,-1,1,-1,-1,0.283821582794189
4,2,6,23,-0,0,1,0.651774168014526,1,1,1,-1,0.284282922744751
4,2,6,24,-81,81,0,0.467124938964844,-1,1,1,1,0.401774168014526
4,2,6,25,-0,0,0,0.500481843948364,-1,-1,1,-1,0.217124938964844
4,2,6,26,-27,27,0,0.533788919448853,-1,-1,-1,-1,0.250481843948364
4,2,6,27,-9,9,1,0.51720118522644,-1,-1,-1,-1,0.283788919448853
4,2,6,28,3,3,1,0.367172956466675,-1,1,-1,-1,0.26720118522644
4,2,6,29,0,0,1,0.717127323150635,1,1,1,-1,0.117172956466675
4,2,6,30,81,81,1,0.500476360321045,1,1,1,1,0.467127323150635
4,2,6,31,-9,9,0,0.550462961196899,1,1,1,1,0.250476360321045
4,2,6,32,27,27,1,0.433825016021729,-1,-1,1,1,0.300462961196899
4,2,6,33,-81,81,0,0.483808994293213,1,1,-1,-1,0.183825016021729
4,2,6,34,3,3,1,0.484258890151978,-1,-1,1,1,0.233808994293213
4,2,6,35,-3,3,1,0.483797073364258,1,1,-1,-1,0.234258890151978
4,2,6,36,81,81,1,0.517552852630615,-1,1,1,1,0.233797073364258
4,2,6,37,9,9,1,0.550466299057007,1,1,1,-1,0.267552852630615
4,2,6,38,3,3,1,0.450922966003418,1,1,1,1,0.300466299057007
4,2,6,39,-3,3,1,0.367569208145142,1,1,1,1,0.200922966003418
4,2,6,40,0,0,1,0.350481986999512,-1,1,1,1,0.117569208145142
4,2,6,41,27,27,1,0.318060874938965,1,1,1,-1,0.100481986999512
4,2,6,42,-9,9,1,0.317608833312988,1,1,1,1,0.0680608749389648
4,2,6,43,3,3,1,0.450478315353394,-1,1,1,1,0.0676088333129883
4,2,6,44,3,3,1,0.567138910293579,1,1,1,-1,0.200478315353394
4,2,6,45,-81,81,0,0.433809995651245,1,1,1,1,0.317138910293579
4,2,6,46,9,9,1,0.367578029632568,-1,-1,1,1,0.183809995651245
4,2,6,47,3,3,1,0.500478982925415,1,1,-1,-1,0.117578029632568
4,2,6,48,3,3,1,0.500495910644531,1,1,1,1,0.250478982925415
4,2,6,49,-9,9,1,0.4671311378479,1,1,1,1,0.250495910644531
4,2,6,50,27,27,0,0.583844900131226,-1,1,1,1,0.2171311378479
4,2,6,51,-0,0,1,0.467559814453125,1,-1,1,-1,0.333844900131226
4,2,6,52,-9,9,0,0.634254932403564,-1,1,-1,1,0.217559814453125
4,2,6,53,-27,27,0,0.500926971435547,-1,-1,1,-1,0.384254932403564
4,2,6,54,27,27,1,0.517135858535767,-1,-1,-1,-1,0.250926971435547
4,2,6,55,-27,27,0,0.567138195037842,1,1,-1,-1,0.267135858535767
4,2,6,56,-3,3,1,0.58381199836731,-1,-1,1,1,0.317138195037842
4,2,6,57,-27,27,0,0.500893115997314,-1,1,-1,-1,0.33381199836731
4,2,6,58,3,3,1,0.383805990219116,-1,-1,1,-1,0.250893115997314
4,2,6,59,-81,81,0,0.300902128219604,1,1,-1,-1,0.133805990219116
4,2,6,60,3,3,1,0.500462770462036,-1,-1,1,1,0.0509021282196045
4,2,6,61,-27,27,0,0.450464487075806,1,1,-1,-1,0.250462770462036
4,2,6,62,3,3,1,0.383840084075928,-1,-1,1,1,0.200464487075806
4,2,6,63,-81,81,0,0.267229795455933,1,1,-1,-1,0.133840084075928
4,2,6,64,-9,9,0,0.334254264831543,-1,-1,1,1,0.0172297954559326
4,2,6,65,-9,9,1,0.383836030960083,-1,-1,-1,-1,0.084254264831543
4,2,6,66,27,27,1,0.433807134628296,-1,1,-1,-1,0.133836030960083
4,2,6,67,-3,3,1,0.450944185256958,1,1,1,-1,0.183807134628296
4,2,6,68,9,9,1,0.46713924407959,-1,1,1,1,0.200944185256958
4,2,6,69,9,9,1,0.617120981216431,1,1,1,-1,0.21713924407959
4,2,6,70,-0,0,1,0.550477266311646,1,1,1,1,0.367120981216431
4,2,6,71,81,81,1,0.368071556091309,-1,1,1,1,0.300477266311646
4,2,6,75,-27,27,0,0.483808994293213,-1,1,-1,-1,0.267604351043701
4,2,6,76,27,27,1,0.533811092376709,-1,-1,1,-1,0.233808994293213
4,2,6,77,-9,9,0,0.517571449279785,1,1,-1,-1,0.283811092376709
4,2,6,78,81,81,1,0.617138385772705,-1,-1,1,1,0.267571449279785
4,2,6,79,-3,3,0,0.500479936599731,1,1,-1,-1,0.367138385772705
4,2,6,80,0,0,1,0.384282112121582,-1,-1,1,1,0.250479936599731
4,2,6,81,9,9,1,0.61715292930603,1,1,-1,-1,0.134282112121582
4,2,6,85,81,81,1,0.533856153488159,1,1,-1,-1,0.25093412399292
4,2,6,86,81,81,1,0.618105173110962,1,1,1,1,0.283856153488159
4,2,6,87,27,27,1,0.98424506187439,1,1,1,1,0.368105173110962
4,2,6,88,-81,81,0,0.450902938842773,1,1,1,1,0.73424506187439
4,2,6,89,-81,81,0,0.417614221572876,-1,-1,1,1,0.200902938842773
4,2,6,90,-27,27,0,0.500922441482544,-1,-1,-1,-1,0.167614221572876
4,2,6,91,-81,81,0,0.483814001083374,-1,-1,-1,-1,0.250922441482544
4,2,6,92,-81,81,0,0.334268093109131,-1,-1,-1,-1,0.233814001083374
4,2,6,93,81,81,1,0.300469160079956,-1,-1,-1,-1,0.0842680931091309
4,2,6,94,9,9,1,0.334604024887085,1,1,-1,-1,0.0504691600799561
4,2,6,95,27,27,1,0.433845996856689,1,1,1,1,0.084604024887085
4,2,6,96,9,9,1,0.63429594039917,1,1,1,1,0.183845996856689
4,2,6,97,-27,27,0,0.417602062225342,1,1,1,1,0.38429594039917
4,2,6,98,-81,81,0,0.467589378356934,-1,-1,1,1,0.167602062225342
4,2,6,99,27,27,1,0.36759614944458,-1,-1,-1,-1,0.217589378356934
4,3,1,3,9,9,1,0.433824777603149,-1,1,-1,1,0.285046100616455
4,3,1,4,-9,9,1,0.434761047363281,1,1,1,-1,0.183824777603149
4,3,1,5,9,9,0,0.55050802230835,-1,1,1,1,0.184761047363281
4,3,1,6,-0,0,1,0.500457048416138,1,-1,1,-1,0.30050802230835
4,3,1,7,-27,27,0,0.267597436904907,-1,1,-1,1,0.250457048416138
4,3,1,8,81,81,1,0.267615079879761,-1,-1,1,-1,0.0175974369049072
4,3,1,9,-3,3,0,0.53382396697998,1,1,-1,-1,0.0176150798797607
4,3,1,10,27,27,1,0.350454092025757,-1,-1,1,1,0.28382396697998
4,3,1,11,-27,27,0,0.400937080383301,1,1,-1,-1,0.100454092025757
4,3,1,12,0,0,0,0.36755895614624,-1,-1,1,1,0.150937080383301
4,3,1,13,-0,0,1,0.317152976989746,1,-1,-1,-1,0.11755895614624
4,3,1,14,81,81,1,0.333809852600098,-1,1,-1,1,0.0671529769897461
4,3,1,15,-27,27,0,0.467564105987549,1,1,1,-1,0.0838098526000977
4,3,1,16,3,3,1,0.567126989364624,-1,-1,1,1,0.217564105987549
4,3,1,17,-27,27,0,0.467564105987549,1,1,-1,-1,0.317126989364624
4,3,1,21,-81,81,0,0.400530338287354,1,1,1,-1,0.217133045196533
4,3,1,22,27,27,1,0.500888824462891,-1,-1,1,1,0.150530338287354
4,3,1,23,-81,81,0,0.533806085586548,1,1,-1,-1,0.250888824462891
4,3,1,24,27,27,0,0.500940799713135,-1,-1,1,1,0.283806085586548
4,3,1,25,-81,81,0,0.483795881271362,1,-1,-1,-1,0.250940799713135
4,3,1,26,3,3,1,0.433799266815186,-1,-1,-1,1,0.233795881271362
4,3,1,27,-27,27,0,0.517127990722656,1,1,-1,-1,0.183799266815186
4,3,1,28,0,0,0,0.483820915222168,-1,-1,1,1,0.267127990722656
4,3,1,29,-81,81,0,0.567172050476074,1,-1,-1,-1,0.233820915222168
4,3,1,30,27,27,1,0.633790969848633,-1,-1,-1,1,0.317172050476074
4,3,1,31,-27,27,0,0.734240055084229,1,1,-1,-1,0.383790969848633
4,3,1,32,0,0,1,0.634223937988281,-1,-1,1,1,0.484240055084229
4,3,1,33,-3,3,0,0.600455045700073,1,1,-1,-1,0.384223937988281
4,3,1,34,9,9,1,0.451035976409912,-1,-1,1,1,0.350455045700073
4,3,1,35,-0,0,1,0.534260034561157,1,1,-1,-1,0.201035976409912
4,3,1,36,9,9,1,0.417165994644165,-1,1,1,1,0.284260034561157
4,3,1,40,-9,9,0,0.484244108200073,1,1,-1,-1,0.383800029754639
4,3,1,41,0,0,1,0.41712498664856,-1,-1,1,1,0.234244108200073
4,3,1,45,-27,27,0,0.617159366607666,1,-1,-1,-1,0.367122888565063
4,3,1,46,-81,81,0,0.484265089035034,-1,-1,-1,1,0.367159366607666
4,3,1,47,9,9,1,0.518377065658569,-1,-1,-1,-1,0.234265089035034
4,3,1,48,-81,81,0,0.500546216964722,1,1,-1,-1,0.268377065658569
4,3,1,49,3,3,0,0.500921249389648,-1,-1,1,1,0.250546216964722
4,3,1,50,-9,9,0,0.667569875717163,1,-1,-1,-1,0.250921249389648
4,3,1,51,9,9,1,0.567142009735107,-1,-1,-1,1,0.417569875717163
4,3,1,52,-0,0,1,0.784249067306519,1,1,-1,-1,0.317142009735107
4,3,1,53,81,81,1,0.450933933258057,-1,1,1,1,0.534249067306519
4,3,1,54,-81,81,0,0.500460863113403,1,1,1,-1,0.200933933258057
4,3,1,55,81,81,1,0.334929943084717,-1,-1,1,1,0.250460863113403
4,3,1,56,-3,3,1,0.617555856704712,1,1,-1,-1,0.0849299430847168
4,3,1,57,27,27,1,0.467551231384277,-1,1,1,1,0.367555856704712
4,3,1,58,-27,27,0,0.617576837539673,1,1,1,-1,0.217551231384277
4,3,1,59,-81,81,0,0.451443195343018,-1,-1,1,1,0.367576837539673
4,3,1,60,9,9,0,0.500462055206299,-1,-1,-1,-1,0.201443195343018
4,3,1,61,-9,9,0,0.500483989715576,1,-1,-1,-1,0.250462055206299
4,3,1,62,-9,9,0,0.550463199615479,-1,-1,-1,1,0.250483989715576
4,3,1,63,3,3,1,0.400459051132202,-1,-1,-1,-1,0.300463199615479
4,3,1,64,-3,3,1,0.500458002090454,1,1,-1,-1,0.150459051132202
4,3,1,65,-81,81,0,0.517130136489868,-1,1,1,1,0.250458002090454
4,3,1,66,81,81,1,0.517151117324829,-1,-1,1,-1,0.267130136489868
4,3,1,67,-9,9,0,0.600920915603638,1,1,-1,-1,0.267151117324829
4,3,1,68,3,3,1,0.500493049621582,-1,-1,1,1,0.350920915603638
4,3,1,69,-81,81,0,0.400468826293945,1,1,-1,-1,0.250493049621582
4,3,1,70,81,81,1,0.250960111618042,-1,-1,1,1,0.150468826293945
4,3,1,71,-9,9,0,0.634721040725708,1,1,-1,-1,0.000960111618041992
4,3,1,72,81,81,1,0.48381495475769,-1,-1,1,1,0.384721040725708
4,3,1,73,-27,27,0,0.434933185577393,1,1,-1,-1,0.23381495475769
4,3,1,74,27,27,1,0.517132997512817,-1,-1,1,1,0.184933185577393
4,3,1,75,-9,9,1,0.433815002441406,1,1,-1,-1,0.267132997512817
4,3,1,76,27,27,1,0.283800840377808,-1,1,1,1,0.183815002441406
4,3,1,77,-3,3,1,0.550922155380249,1,1,1,-1,0.0338008403778076
4,3,1,78,9,9,1,0.450920104980469,-1,1,1,1,0.300922155380249
4,3,1,79,-3,3,1,0.517158985137939,1,1,1,-1,0.200920104980469
4,3,1,80,3,3,1,0.517135620117188,-1,1,1,1,0.267158985137939
4,3,1,81,-9,9,1,0.517568826675415,1,1,1,-1,0.267135620117188
4,3,1,82,81,81,1,0.300472974777222,-1,1,1,1,0.267568826675415
4,3,1,83,-9,9,0,0.417139768600464,1,1,1,-1,0.0504729747772217
4,3,1,84,0,0,1,0.467117071151733,-1,-1,1,1,0.167139768600464
4,3,1,85,-27,27,1,0.317121267318726,1,1,-1,-1,0.217117071151733
4,3,1,86,-3,3,1,0.333810567855835,-1,1,1,1,0.0671212673187256
4,3,1,87,9,9,1,0.317147016525269,-1,1,1,-1,0.083810567855835
4,3,1,88,-81,81,0,0.367565155029297,1,1,1,-1,0.0671470165252686
4,3,1,89,27,27,1,0.334233045578003,-1,-1,1,1,0.117565155029297
4,3,1,90,-27,27,0,0.600461959838867,1,1,-1,-1,0.0842330455780029
4,3,1,91,3,3,1,0.517138004302979,-1,-1,1,1,0.350461959838867
4,3,1,92,-81,81,0,0.500904083251953,1,1,-1,-1,0.267138004302979
4,3,1,93,3,3,1,0.400896072387695,-1,-1,1,1,0.250904083251953
4,3,1,94,-0,0,1,0.550442934036255,1,1,-1,-1,0.150896072387695
4,3,1,95,3,3,1,0.367589950561523,-1,1,1,1,0.300442934036255
4,3,1,96,3,3,1,0.417135953903198,1,1,1,-1,0.117589950561523
4,3,1,97,-3,3,1,0.267590045928955,1,1,1,1,0.167135953903198
4,3,2,2,-9,9,0,0.367156505584717,1,1,-1,-1,0.367340803146362
4,3,2,3,-81,81,0,0.400467872619629,-1,-1,1,1,0.117156505584717
4,3,2,7,-27,27,0,0.550460815429688,1,1,1,-1,0.334247350692749
4,3,2,8,9,9,1,0.567128896713257,-1,-1,1,1,0.300460815429688
4,3,2,9,-0,0,0,0.483798742294312,1,1,-1,-1,0.317128896713257
4,3,2,10,27,27,1,0.534576177597046,-1,-1,1,1,0.233798742294312
4,3,2,11,-9,9,0,0.483810424804688,1,1,-1,-1,0.284576177597046
4,3,2,12,-3,3,1,0.451205968856812,-1,-1,1,1,0.233810424804688
4,3,2,13,81,81,1,0.468189239501953,-1,1,-1,-1,0.201205968856812
4,3,2,14,-81,81,0,0.400931835174561,1,1,1,-1,0.218189239501953
4,3,2,15,27,27,1,0.484480857849121,-1,-1,1,1,0.150931835174561
4,3,2,16,-3,3,0,0.334259986877441,1,1,-1,-1,0.234480857849121
4,3,2,17,3,3,1,0.484248876571655,-1,-1,1,1,0.0842599868774414
4,3,2,18,-27,27,0,0.433805704116821,1,1,-1,-1,0.234248876571655
4,3,2,19,3,3,1,0.534252405166626,-1,-1,1,1,0.183805704116821
4,3,2,20,-3,3,1,0.267138957977295,1,1,-1,-1,0.284252405166626
4,3,2,21,81,81,1,0.533798933029175,-1,1,1,1,0.0171389579772949
4,3,2,22,-9,9,1,0.583778381347656,1,1,1,-1,0.283798933029175
4,3,2,23,81,81,1,0.433789730072021,-1,1,1,1,0.333778381347656
4,3,2,24,-0,0,1,0.534279823303223,1,1,1,-1,0.183789730072021
4,3,2,25,9,9,1,0.40093207359314,-1,1,1,1,0.284279823303223
4,3,2,26,-81,81,0,0.250945091247559,1,1,1,-1,0.15093207359314
4,3,2,30,3,3,0,0.350458145141602,1,-1,-1,-1,0.30089282989502
4,3,2,31,-9,9,0,0.45092511177063,1,-1,-1,1,0.100458145141602
4,3,2,32,81,81,1,0.483839511871338,-1,-1,-1,1,0.20092511177063
4,3,2,33,-3,3,1,0.483896255493164,1,1,-1,-1,0.233839511871338
4,3,2,34,81,81,1,0.317158699035645,-1,1,1,1,0.233896255493164
4,3,2,35,-3,3,1,0.283840656280518,1,1,1,-1,0.0671586990356445
4,3,2,36,3,3,1,0.48380184173584,-1,1,1,1,0.0338406562805176
4,3,2,37,-81,81,0,0.267131090164185,1,1,1,-1,0.23380184173584
4,3,2,38,81,81,1,0.500487089157104,-1,-1,1,1,0.0171310901641846
4,3,2,39,-27,27,0,0.517122030258179,1,1,-1,-1,0.250487089157104
4,3,2,40,81,81,1,0.467131853103638,-1,-1,1,1,0.267122030258179
4,3,2,41,-27,27,0,0.283880949020386,1,1,-1,-1,0.217131853103638
4,3,2,42,9,9,1,0.600462913513184,-1,-1,1,1,0.0338809490203857
4,3,2,43,-81,81,0,0.317577600479126,1,1,-1,-1,0.350462913513184
4,3,2,44,0,0,1,0.33380913734436,-1,-1,1,1,0.067577600479126
4,3,2,45,-27,27,0,0.333818197250366,1,1,-1,-1,0.0838091373443604
4,3,2,46,81,81,1,0.25116753578186,-1,-1,1,1,0.0838181972503662
4,3,2,47,-81,81,0,0.317600011825562,1,1,-1,-1,0.00116753578186035
4,3,2,48,3,3,1,0.300473213195801,-1,-1,1,1,0.0676000118255615
4,3,2,49,-3,3,1,0.350920915603638,1,1,-1,-1,0.0504732131958008
4,3,2,50,9,9,1,0.600451231002808,-1,1,1,1,0.100920915603638
4,3,2,54,-81,81,0,0.434252977371216,1,1,1,1,0.317173480987549
4,3,2,55,-81,81,0,0.384243249893188,-1,-1,1,1,0.184252977371216
4,3,2,56,81,81,1,0.35048770904541,-1,-1,-1,-1,0.134243249893188
4,3,2,57,-0,0,1,0.550459861755371,1,1,-1,-1,0.10048770904541
4,3,2,58,-81,81,0,0.267181158065796,-1,1,1,1,0.300459861755371
4,3,2,59,0,0,1,0.31760048866272,-1,-1,1,-1,0.0171811580657959
4,3,2,60,-9,9,1,0.484256982803345,1,1,-1,-1,0.0676004886627197
4,3,2,61,3,3,0,0.367153406143188,-1,1,1,1,0.234256982803345
4,3,2,62,27,27,1,0.55045485496521,1,-1,1,-1,0.117153406143188
4,3,2,63,-3,3,1,0.450471639633179,1,1,-1,1,0.30045485496521
4,3,2,64,27,27,1,0.533786058425903,-1,1,1,1,0.200471639633179
4,3,2,65,-0,0,1,0.484253168106079,1,1,1,-1,0.283786058425903
4,3,2,66,27,27,1,0.467584848403931,-1,1,1,1,0.234253168106079
4,3,2,67,-9,9,0,0.333809375762939,1,1,1,-1,0.217584848403931
4,3,2,68,27,27,1,0.367612838745117,-1,-1,1,1,0.0838093757629395
4,3,2,69,-3,3,1,0.400897979736328,1,1,-1,-1,0.117612838745117
4,3,2,70,27,27,1,0.400490522384644,-1,1,1,1,0.150897979736328
4,3,2,71,-27,27,0,0.317155838012695,1,1,1,-1,0.150490522384644
4,3,2,72,27,27,1,0.467127799987793,-1,-1,1,1,0.0671558380126953
4,3,2,73,-0,0,1,0.534259557723999,1,1,-1,-1,0.217127799987793
4,3,2,74,3,3,1,0.533791065216064,-1,1,1,1,0.284259557723999
4,3,2,75,-9,9,0,0.400473833084106,1,1,1,-1,0.283791065216064
4,3,2,76,9,9,1,0.318341970443726,-1,-1,1,1,0.150473833084106
4,3,2,77,-81,81,0,0.400481939315796,1,1,-1,-1,0.0683419704437256
4,3,2,78,3,3,1,0.450922012329102,-1,-1,1,1,0.150481939315796
4,3,2,79,-9,9,0,0.533783912658691,1,1,-1,-1,0.200922012329102
4,3,2,80,27,27,1,0.300930976867676,-1,-1,1,1,0.283783912658691
4,3,2,81,-9,9,0,0.36712908744812,1,1,-1,-1,0.0509309768676758
4,3,2,82,27,27,1,0.484273910522461,-1,-1,1,1,0.11712908744812
4,3,2,83,-9,9,1,0.533802032470703,1,1,-1,-1,0.234273910522461
4,3,2,84,-9,9,0,0.467593669891357,-1,1,1,1,0.283802032470703
4,3,2,85,9,9,0,0.48380708694458,-1,-1,1,-1,0.217593669891357
4,3,2,86,-9,9,0,0.283801078796387,1,-1,-1,-1,0.23380708694458
4,3,2,87,3,3,1,0.400463342666626,-1,-1,-1,1,0.0338010787963867
4,3,2,88,0,0,1,0.567127466201782,1,1,-1,-1,0.150463342666626
4,3,2,89,-3,3,1,0.583786010742188,1,1,1,1,0.317127466201782
4,3,2,90,-27,27,0,0.500941753387451,-1,1,1,1,0.333786010742188
4,3,2,91,81,81,1,0.367170095443726,-1,-1,1,-1,0.250941753387451
4,3,2,92,-27,27,0,0.550920963287354,1,1,-1,-1,0.117170095443726
4,3,2,93,81,81,1,0.383805990219116,-1,-1,1,1,0.300920963287354
4,3,2,94,27,27,1,0.667572021484375,1,1,-1,-1,0.133805990219116
4,3,2,95,-0,0,1,0.967139959335327,1,1,1,1,0.417572021484375
4,3,2,96,3,3,1,0.583786010742188,-1,1,1,1,0.717139959335327
4,3,2,97,3,3,1,0.584222078323364,1,1,1,-1,0.333786010742188
4,3,2,98,-9,9,1,0.550542116165161,1,1,1,1,0.334222078323364
4,3,2,99,-81,81,0,0.434250831604004,-1,1,1,1,0.300542116165161
4,3,3,2,3,3,1,0.500465154647827,1,1,1,-1,0.317351579666138
4,3,3,3,-3,3,1,0.467170000076294,1,1,1,1,0.250465154647827
4,3,3,4,-9,9,0,0.317138910293579,-1,1,1,1,0.217170000076294
4,3,3,5,-9,9,1,0.467126131057739,-1,-1,1,-1,0.0671389102935791
4,3,3,6,9,9,0,0.483794212341309,-1,1,-1,-1,0.217126131057739
4,3,3,7,0,0,0,0.467133045196533,1,-1,1,-1,0.233794212341309
4,3,3,8,-9,9,0,0.484249830245972,1,-1,-1,1,0.217133045196533
4,3,3,9,-0,0,1,0.500919103622437,-1,-1,-1,1,0.234249830245972
4,3,3,10,27,27,1,0.400904178619385,-1,1,-1,-1,0.250919103622437
4,3,3,14,0,0,1,0.450464963912964,-1,1,1,-1,0.0508921146392822
4,3,3,15,-3,3,0,0.400466918945312,1,1,1,-1,0.200464963912964
4,3,3,16,0,0,1,0.467133045196533,-1,-1,1,1,0.150466918945312
4,3,3,17,27,27,1,0.533792734146118,1,1,-1,-1,0.217133045196533
4,3,3,18,-3,3,0,0.783774137496948,1,1,1,1,0.283792734146118
4,3,3,19,-81,81,0,0.484265327453613,-1,-1,1,1,0.533774137496948
4,3,3,20,-81,81,0,0.484222888946533,-1,-1,-1,-1,0.234265327453613
4,3,3,21,-9,9,0,0.717118978500366,-1,-1,-1,-1,0.234222888946533
4,3,3,22,3,3,0,0.534221887588501,-1,-1,-1,-1,0.467118978500366
4,3,3,23,-9,9,1,0.584242105484009,1,-1,-1,-1,0.284221887588501
4,3,3,24,9,9,1,0.317559003829956,-1,1,-1,1,0.334242105484009
4,3,3,25,3,3,1,0.317139148712158,1,1,1,-1,0.0675590038299561
4,3,3,26,9,9,1,0.533804178237915,1,1,1,1,0.0671391487121582
4,3,3,27,81,81,1,0.517148971557617,1,1,1,1,0.283804178237915
4,3,3,28,-9,9,0,0.550899982452393,1,1,1,1,0.267148971557617
4,3,3,29,-9,9,1,0.317131042480469,-1,-1,1,1,0.300899982452393
4,3,3,30,9,9,0,0.367139101028442,-1,1,-1,-1,0.0671310424804688
4,3,3,31,27,27,1,0.267616033554077,1,-1,1,-1,0.117139101028442
4,3,3,32,-9,9,1,0.433814287185669,1,1,-1,1,0.0176160335540771
4,3,3,33,81,81,1,0.400922060012817,-1,1,1,1,0.183814287185669
4,3,3,34,-27,27,0,0.433798551559448,1,1,1,-1,0.150922060012817
4,3,3,35,-81,81,0,0.467586040496826,-1,-1,1,1,0.183798551559448
4,3,3,36,3,3,1,0.250930309295654,-1,-1,-1,-1,0.217586040496826
4,3,3,37,-9,9,0,0.317165851593018,1,1,-1,-1,0.000930309295654297
4,3,3,38,-0,0,0,0.350924015045166,-1,-1,1,1,0.0671658515930176
4,3,3,42,3,3,1,0.283792018890381,-1,1,1,1,0.16713809967041
4,3,3,43,-0,0,1,0.25094199180603,1,1,1,-1,0.0337920188903809
4,3,3,44,81,81,1,0.26714301109314,-1,1,1,1,0.000941991806030273
4,3,3,45,-9,9,1,0.333815336227417,1,1,1,-1,0.0171430110931396
4,3,3,46,-3,3,1,0.250946998596191,-1,1,1,1,0.083815336227417
4,3,3,54,-27,27,0,0.6004638671875,1,1,-1,-1,0.234243869781494
4,3,3,55,9,9,1,0.683779001235962,-1,-1,1,1,0.3504638671875
4,3,3,56,81,81,1,0.483796834945679,1,1,-1,-1,0.433779001235962
4,3,3,57,-27,27,1,0.500463008880615,1,1,1,1,0.233796834945679
4,3,3,58,9,9,1,0.317137002944946,-1,1,1,1,0.250463008880615
4,3,3,59,-3,3,1,0.850906133651733,1,1,1,-1,0.0671370029449463
4,3,3,60,-27,27,0,0.483828067779541,-1,1,1,1,0.600906133651733
4,3,3,61,-3,3,0,0.617583274841309,-1,-1,1,-1,0.233828067779541
4,3,3,62,27,27,1,0.517586946487427,-1,-1,-1,-1,0.367583274841309
4,3,3,63,9,9,1,0.567123889923096,1,1,-1,-1,0.267586946487427
4,3,3,64,27,27,1,0.53425121307373,1,1,1,1,0.317123889923096
4,3,3,65,3,3,1,0.484257221221924,1,1,1,1,0.28425121307373
4,3,3,66,-0,0,1,0.633796215057373,1,1,1,1,0.234257221221924
4,3,3,67,3,3,1,0.600467920303345,-1,1,1,1,0.383796215057373
4,3,3,68,-0,0,1,0.617589950561523,1,1,1,-1,0.350467920303345
4,3,3,69,-81,81,0,0.550474166870117,-1,1,1,1,0.367589950561523
4,3,3,70,9,9,1,0.533793926239014,-1,-1,1,-1,0.300474166870117
4,3,3,71,27,27,1,0.517163038253784,1,1,-1,-1,0.283793926239014
4,3,3,72,81,81,1,0.533846616744995,1,1,1,1,0.267163038253784
4,3,3,73,81,81,1,0.533786058425903,1,1,1,1,0.283846616744995
4,3,3,74,27,27,1,0.417591094970703,1,1,1,1,0.283786058425903
4,3,3,75,9,9,1,0.500920057296753,1,1,1,1,0.167591094970703
4,3,3,76,-81,81,0,0.384258985519409,1,1,1,1,0.250920057296753
4,3,3,77,81,81,1,0.250943899154663,-1,-1,1,1,0.134258985519409
4,3,3,78,27,27,1,0.384740114212036,1,1,-1,-1,0.000943899154663086
4,3,3,79,-9,9,1,0.450473546981812,1,1,1,1,0.134740114212036
4,3,3,80,-27,27,0,0.484256029129028,-1,1,1,1,0.200473546981812
4,3,3,81,3,3,0,0.350941896438599,-1,-1,1,-1,0.234256029129028
4,3,3,82,81,81,1,0.434254169464111,1,-1,-1,-1,0.100941896438599
4,3,3,83,27,27,1,0.533788204193115,1,1,-1,1,0.184254169464111
4,3,3,84,27,27,1,0.500458955764771,1,1,1,1,0.283788204193115
4,3,3,85,-27,27,0,0.25093674659729,1,1,1,1,0.250458955764771
4,3,3,86,-27,27,0,0.500486135482788,-1,-1,1,1,0.000936746597290039
4,3,3,87,-27,27,0,0.36759352684021,-1,-1,-1,-1,0.250486135482788
4,3,3,88,-81,81,0,0.484261274337769,-1,-1,-1,-1,0.11759352684021
4,3,3,89,-27,27,0,0.600451946258545,-1,-1,-1,-1,0.234261274337769
4,3,3,90,27,27,1,0.450915336608887,-1,-1,-1,-1,0.350451946258545
4,3,3,91,27,27,1,0.500914812088013,1,1,-1,-1,0.200915336608887
4,3,3,92,0,0,1,0.567574024200439,1,1,1,1,0.250914812088013
4,3,3,93,-0,0,1,0.333796739578247,1,1,1,1,0.317574024200439
4,3,3,94,9,9,1,0.400498867034912,-1,1,1,1,0.0837967395782471
4,3,3,95,3,3,1,0.55091404914856,1,1,1,-1,0.150498867034912
4,3,3,96,3,3,1,0.317589044570923,1,1,1,1,0.30091404914856
4,3,3,97,-81,81,0,0.467564344406128,1,1,1,1,0.0675890445709229
4,3,3,98,-0,0,1,0.267142057418823,-1,-1,1,1,0.217564344406128
4,3,3,99,-3,3,1,0.350471973419189,-1,1,-1,-1,0.0171420574188232
4,3,4,2,3,3,1,0.267148017883301,1,-1,-1,-1,0.217382907867432
4,3,4,3,9,9,1,0.250937938690186,1,1,-1,1,0.0171480178833008
4,3,4,4,-3,3,1,0.384260177612305,1,1,1,1,0.000937938690185547
4,3,4,5,-27,27,0,0.300934076309204,-1,1,1,1,0.134260177612305
4,3,4,9,-0,0,1,0.600470304489136,-1,-1,1,1,0.250458002090454
4,3,4,10,-9,9,1,0.467154026031494,-1,1,-1,-1,0.350470304489136
4,3,4,11,-81,81,0,0.517565011978149,-1,1,1,-1,0.217154026031494
4,3,4,12,-3,3,1,0.534249782562256,-1,-1,1,-1,0.267565011978149
4,3,4,13,81,81,1,0.400960683822632,-1,1,-1,-1,0.284249782562256
4,3,4,14,81,81,1,0.500916957855225,1,1,1,-1,0.150960683822632
4,3,4,15,27,27,1,0.533803462982178,1,1,1,1,0.250916957855225
4,3,4,16,0,0,0,0.333809852600098,1,1,1,1,0.283803462982178
4,3,4,17,9,9,1,0.300952911376953,1,-1,1,1,0.0838098526000977
4,3,4,21,-0,0,0,0.467136144638062,1,1,-1,1,0.134265184402466
4,3,4,22,-0,0,1,0.533799886703491,-1,-1,1,1,0.217136144638062
4,3,4,23,27,27,1,0.600476980209351,-1,1,-1,-1,0.283799886703491
4,3,4,24,-9,9,1,0.668152093887329,1,1,1,-1,0.350476980209351
4,3,4,25,0,0,0,0.500465869903564,-1,1,1,1,0.418152093887329
4,3,4,26,27,27,1,0.400913000106812,1,-1,1,-1,0.250465869903564
4,3,4,27,81,81,1,0.483844041824341,1,1,-1,1,0.150913000106812
4,3,4,28,81,81,1,0.433852910995483,1,1,1,1,0.233844041824341
4,3,4,29,81,81,1,0.517160892486572,1,1,1,1,0.183852910995483
4,3,4,30,27,27,1,0.567121982574463,1,1,1,1,0.267160892486572
4,3,4,31,9,9,1,0.484729051589966,1,1,1,1,0.317121982574463
4,3,4,32,0,0,1,0.567580938339233,1,1,1,1,0.234729051589966
4,3,4,33,3,3,1,0.317604064941406,1,1,1,1,0.317580938339233
4,3,4,34,0,0,1,0.350475788116455,1,1,1,1,0.0676040649414062
4,3,4,35,81,81,1,0.317187786102295,1,1,1,1,0.100475788116455
4,3,4,36,-81,81,0,0.317598104476929,1,1,1,1,0.0671877861022949
4,3,4,37,-3,3,0,0.267143964767456,-1,-1,1,1,0.0675981044769287
4,3,4,38,-9,9,0,0.434278964996338,-1,-1,-1,-1,0.0171439647674561
4,3,4,39,-27,27,0,0.384225845336914,-1,-1,-1,-1,0.184278964996338
4,3,4,40,-27,27,0,0.500461101531982,-1,-1,-1,-1,0.134225845336914
4,3,4,41,-27,27,0,0.517561912536621,-1,-1,-1,-1,0.250461101531982
4,3,4,42,27,27,1,0.350471019744873,-1,-1,-1,-1,0.267561912536621
4,3,4,43,3,3,1,0.467110157012939,1,1,-1,-1,0.100471019744873
4,3,4,44,-3,3,0,0.467591047286987,1,1,1,1,0.217110157012939
4,3,4,45,-3,3,1,0.36759614944458,-1,-1,1,1,0.217591047286987
4,3,4,46,-3,3,0,0.267576456069946,-1,1,-1,-1,0.11759614944458
4,3,4,47,-9,9,1,0.400956153869629,-1,-1,1,-1,0.0175764560699463
4,3,4,48,27,27,1,0.517554044723511,-1,1,-1,-1,0.150956153869629
4,3,4,49,9,9,1,0.250954151153564,1,1,1,-1,0.267554044723511
4,3,4,50,27,27,1,0.584272146224976,1,1,1,1,0.000954151153564453
4,3,4,51,-0,0,1,0.53424596786499,1,1,1,1,0.334272146224976
4,3,4,52,81,81,1,0.467170000076294,-1,1,1,1,0.28424596786499
4,3,4,53,27,27,1,0.567580938339233,1,1,1,-1,0.217170000076294
4,3,4,54,27,27,1,0.517619371414185,1,1,1,1,0.317580938339233
4,3,4,55,27,27,1,0.350458145141602,1,1,1,1,0.267619371414185
4,3,4,56,-0,0,0,0.383798837661743,1,1,1,1,0.100458145141602
4,3,4,60,-9,9,0,0.633816957473755,-1,-1,-1,-1,0.300461053848267
4,3,4,61,-9,9,0,0.467641353607178,-1,-1,-1,-1,0.383816957473755
4,3,4,62,81,81,1,0.484249114990234,-1,-1,-1,-1,0.217641353607178
4,3,4,63,9,9,0,0.484235048294067,1,1,-1,-1,0.234249114990234
4,3,4,64,3,3,1,0.58381986618042,1,-1,1,1,0.234235048294067
4,3,4,65,-9,9,1,0.583800792694092,1,1,-1,1,0.33381986618042
4,3,4,66,-3,3,0,0.300488233566284,-1,1,1,1,0.333800792694092
4,3,4,67,-81,81,0,0.483790159225464,-1,-1,1,-1,0.0504882335662842
4,3,4,68,-3,3,0,0.567577123641968,-1,-1,-1,-1,0.233790159225464
4,3,4,69,-81,81,0,0.417133331298828,-1,-1,-1,-1,0.317577123641968
4,3,4,70,-3,3,0,0.467586278915405,-1,-1,-1,-1,0.167133331298828
4,3,4,71,-81,81,0,0.267120838165283,-1,-1,-1,-1,0.217586278915405
4,3,4,72,9,9,1,0.550467729568481,-1,-1,-1,-1,0.0171208381652832
4,3,4,73,81,81,1,0.50046706199646,1,1,-1,-1,0.300467729568481
4,3,4,74,9,9,1,0.383824825286865,1,1,1,1,0.25046706199646
4,3,4,75,0,0,1,0.433808088302612,1,1,1,1,0.133824825286865
4,3,4,76,-3,3,1,0.334229946136475,1,1,1,1,0.183808088302612
4,3,4,77,81,81,1,0.33427619934082,-1,1,1,1,0.0842299461364746
4,3,4,78,27,27,1,0.384252071380615,1,1,1,-1,0.0842761993408203
4,3,4,79,27,27,1,0.500468015670776,1,1,1,1,0.134252071380615
4,3,4,80,27,27,1,0.484238147735596,1,1,1,1,0.250468015670776
4,3,4,81,81,81,1,0.500469923019409,1,1,1,1,0.234238147735596
4,3,4,82,-9,9,1,0.633802652359009,1,1,1,1,0.250469923019409
4,3,4,83,-27,27,0,0.400953054428101,-1,1,1,1,0.383802652359009
4,3,4,84,-81,81,0,0.484315872192383,-1,-1,1,-1,0.150953054428101
4,3,4,85,-3,3,1,0.317139148712158,-1,-1,-1,-1,0.234315872192383
4,3,4,86,-9,9,0,0.300490379333496,-1,1,-1,-1,0.0671391487121582
4,3,4,87,-81,81,0,0.484261035919189,-1,-1,1,-1,0.0504903793334961
4,3,4,88,-3,3,0,0.350934982299805,-1,-1,-1,-1,0.234261035919189
4,3,4,89,-0,0,0,0.400918006896973,-1,-1,-1,-1,0.100934982299805
4,3,4,90,-3,3,1,0.334258794784546,-1,-1,-1,-1,0.150918006896973
4,3,4,91,-9,9,0,0.333817005157471,-1,1,-1,-1,0.0842587947845459
4,3,4,95,27,27,1,0.43505597114563,1,-1,1,1,0.167119979858398
4,3,4,96,9,9,0,0.450470924377441,1,1,-1,1,0.18505597114563
4,3,4,97,-27,27,0,0.551316976547241,1,-1,1,1,0.200470924377441
4,3,4,98,-81,81,0,0.533854722976685,-1,-1,-1,1,0.301316976547241
4,3,4,99,-81,81,0,0.433811187744141,-1,-1,-1,-1,0.283854722976685
4,3,5,2,-27,27,0,0.467596530914307,1,-1,1,1,0.334452867507935
4,3,5,3,-27,27,0,0.417126178741455,-1,-1,-1,1,0.217596530914307
4,3,5,4,-9,9,1,0.500888109207153,-1,-1,-1,-1,0.167126178741455
4,3,5,5,-81,81,0,0.367594003677368,-1,1,-1,-1,0.250888109207153
4,3,5,6,-81,81,0,0.367141008377075,-1,-1,1,-1,0.117594003677368
4,3,5,7,-81,81,0,0.483802795410156,-1,-1,-1,-1,0.117141008377075
4,3,5,8,-27,27,1,0.417140960693359,-1,-1,-1,-1,0.233802795410156
4,3,5,9,-9,9,0,0.350474834442139,-1,1,-1,-1,0.167140960693359
4,3,5,10,3,3,1,0.350481033325195,-1,-1,1,-1,0.100474834442139
4,3,5,11,-3,3,1,0.51715087890625,1,1,-1,-1,0.100481033325195
4,3,5,12,-9,9,0,0.533801317214966,-1,1,1,1,0.26715087890625
4,3,5,13,27,27,1,0.433807849884033,-1,-1,1,-1,0.283801317214966
4,3,5,14,3,3,1,0.567573070526123,1,1,-1,-1,0.183807849884033
4,3,5,15,81,81,1,0.483784914016724,1,1,1,1,0.317573070526123
4,3,5,16,9,9,1,0.483783960342407,1,1,1,1,0.233784914016724
4,3,5,17,3,3,1,0.517572164535522,1,1,1,1,0.233783960342407
4,3,5,18,0,0,1,0.535059213638306,1,1,1,1,0.267572164535522
4,3,5,19,3,3,1,0.533797979354858,1,1,1,1,0.285059213638306
4,3,5,20,-3,3,1,0.684247970581055,1,1,1,1,0.283797979354858
4,3,5,21,9,9,1,0.333809852600098,-1,1,1,1,0.434247970581055
4,3,5,22,3,3,1,0.450466871261597,1,1,1,-1,0.0838098526000977
4,3,5,23,81,81,1,0.517136096954346,1,1,1,1,0.200466871261597
4,3,5,24,-81,81,0,0.333797216415405,1,1,1,1,0.267136096954346
4,3,5,25,-27,27,0,0.250924110412598,-1,-1,1,1,0.0837972164154053
4,3,5,26,27,27,1,0.350933313369751,-1,-1,-1,-1,0.000924110412597656
4,3,5,27,-9,9,0,0.317150115966797,1,1,-1,-1,0.100933313369751
4,3,5,28,-9,9,0,0.317134857177734,-1,-1,1,1,0.0671501159667969
4,3,5,29,-27,27,0,0.484247922897339,-1,-1,-1,-1,0.0671348571777344
4,3,5,30,0,0,0,0.400470018386841,-1,-1,-1,-1,0.234247922897339
4,3,5,31,-27,27,0,0.483789920806885,1,-1,-1,-1,0.150470018386841
4,3,5,32,-0,0,1,0.46758508682251,-1,-1,-1,1,0.233789920806885
4,3,5,33,27,27,1,0.350507259368896,-1,1,-1,-1,0.21758508682251
4,3,5,34,-9,9,1,0.517574071884155,1,1,1,-1,0.100507259368896
4,3,5,35,-9,9,0,0.300491809844971,-1,1,1,1,0.267574071884155
4,3,5,36,81,81,1,0.533816337585449,-1,-1,1,-1,0.0504918098449707
4,3,5,37,-81,81,0,0.401199102401733,1,1,-1,-1,0.283816337585449
4,3,5,38,81,81,1,0.317126274108887,-1,-1,1,1,0.151199102401733
4,3,5,39,9,9,1,0.467599868774414,1,1,-1,-1,0.0671262741088867
4,3,5,40,3,3,1,0.617588996887207,1,1,1,1,0.217599868774414
4,3,5,41,-9,9,0,0.484278917312622,1,1,1,1,0.367588996887207
4,3,5,42,3,3,0,0.483805894851685,-1,-1,1,1,0.234278917312622
4,3,5,43,81,81,1,0.284264087677002,1,-1,-1,-1,0.233805894851685
4,3,5,44,-81,81,0,0.417152881622314,1,1,-1,1,0.034264087677002
4,3,5,45,-0,0,1,0.267646074295044,-1,-1,1,1,0.167152881622314
4,3,5,46,-0,0,1,0.434254884719849,-1,1,-1,-1,0.0176460742950439
4,3,5,47,0,0,1,0.517602920532227,-1,1,1,-1,0.184254884719849
4,3,5,48,9,9,1,0.51775598526001,1,1,1,-1,0.267602920532227
4,3,5,49,27,27,1,0.384265899658203,1,1,1,1,0.26775598526001
4,3,5,50,-9,9,1,0.384342908859253,1,1,1,1,0.134265899658203
4,3,5,51,27,27,1,0.367593050003052,-1,1,1,1,0.134342908859253
4,3,5,52,27,27,1,0.450920104980469,1,1,1,-1,0.117593050003052
4,3,5,53,81,81,1,0.4842529296875,1,1,1,1,0.200920104980469
4,3,5,54,9,9,1,0.517580270767212,1,1,1,1,0.2342529296875
4,3,5,55,-81,81,0,0.267128229141235,1,1,1,1,0.267580270767212
4,3,5,56,-3,3,1,0.317151069641113,-1,-1,1,1,0.0171282291412354
4,3,5,57,9,9,1,0.33380389213562,-1,1,-1,-1,0.0671510696411133
4,3,5,58,-9,9,1,0.500918865203857,1,1,1,-1,0.0838038921356201
4,3,5,59,-81,81,0,0.367161273956299,-1,1,1,1,0.250918865203857
4,3,5,60,-27,27,0,0.483859062194824,-1,-1,1,-1,0.117161273956299
4,3,5,61,0,0,1,0.417125940322876,-1,-1,-1,-1,0.233859062194824
4,3,5,62,81,81,1,0.484254837036133,1,1,-1,-1,0.167125940322876
4,3,5,63,3,3,1,0.650929927825928,1,1,1,1,0.234254837036133
4,3,5,64,-3,3,0,0.533815860748291,1,1,1,1,0.400929927825928
4,3,5,65,-81,81,0,0.534243822097778,-1,-1,1,1,0.283815860748291
4,3,5,66,-0,0,1,0.334605932235718,-1,-1,-1,-1,0.284243822097778
4,3,5,67,0,0,1,0.267566204071045,-1,1,-1,-1,0.0846059322357178
4,3,5,68,81,81,1,0.467592000961304,1,1,1,-1,0.0175662040710449
4,3,5,69,-81,81,0,0.334254264831543,1,1,1,1,0.217592000961304
4,3,5,70,-27,27,0,0.46713399887085,-1,-1,1,1,0.084254264831543
4,3,5,71,-3,3,1,0.250934839248657,-1,-1,-1,-1,0.21713399887085
4,3,5,75,-3,3,1,0.583801031112671,1,1,1,1,0.533805847167969
4,3,5,76,-3,3,1,0.334260225296021,-1,1,1,1,0.333801031112671
4,3,5,77,3,3,0,0.36713695526123,-1,1,1,-1,0.0842602252960205
4,3,5,78,-27,27,0,0.501664161682129,1,-1,1,-1,0.11713695526123
4,3,5,79,27,27,0,0.567167282104492,-1,-1,-1,1,0.251664161682129
4,3,5,80,27,27,1,0.467130899429321,1,-1,-1,-1,0.317167282104492
4,3,5,81,-9,9,0,0.450472831726074,1,1,-1,1,0.217130899429321
4,3,5,82,-81,81,0,0.400469064712524,-1,-1,1,1,0.200472831726074
4,3,5,86,-3,3,1,0.483796119689941,1,1,1,1,0.284253120422363
4,3,5,87,27,27,1,0.484254837036133,-1,1,1,1,0.233796119689941
4,3,5,88,-81,81,0,0.283806324005127,1,1,1,-1,0.234254837036133
4,3,5,92,27,27,1,0.283814191818237,-1,-1,1,-1,0.28422999382019
4,3,5,98,-27,27,0,0.517592191696167,1,1,1,1,0.333866119384766
4,3,5,99,0,0,1,0.617574453353882,-1,-1,1,1,0.267592191696167
4,3,6,2,-9,9,0,0.434254169464111,-1,-1,-1,1,0.0178191661834717
4,3,6,3,-27,27,0,0.267160177230835,-1,-1,-1,-1,0.184254169464111
4,3,6,4,-3,3,0,0.467128992080688,-1,-1,-1,-1,0.017160177230835
4,3,6,5,-27,27,0,0.317593097686768,-1,-1,-1,-1,0.217128992080688
4,3,6,6,-3,3,1,0.38382625579834,-1,-1,-1,-1,0.0675930976867676
4,3,6,7,-81,81,0,0.467139005661011,-1,1,-1,-1,0.13382625579834
4,3,6,8,-81,81,0,0.28425407409668,-1,-1,1,-1,0.217139005661011
4,3,6,9,-0,0,1,0.467133045196533,-1,-1,-1,-1,0.0342540740966797
4,3,6,16,-3,3,0,0.500885009765625,-1,-1,1,-1,0.250473737716675
4,3,6,17,-3,3,1,0.800457239151001,-1,-1,-1,-1,0.250885009765625
4,3,6,18,-3,3,1,0.417129993438721,-1,1,-1,-1,0.550457239151001
4,3,6,19,9,9,1,0.500921010971069,-1,1,1,-1,0.167129993438721
4,3,6,20,-81,81,0,0.434248924255371,1,1,1,-1,0.250921010971069
4,3,6,21,-3,3,0,0.350898265838623,-1,-1,1,1,0.184248924255371
4,3,6,22,-3,3,0,0.534247875213623,-1,-1,-1,-1,0.100898265838623
4,3,6,23,-27,27,0,0.55093789100647,-1,-1,-1,-1,0.284247875213623
4,3,6,24,-27,27,0,0.500898361206055,-1,-1,-1,-1,0.30093789100647
4,3,6,25,-9,9,1,0.567549228668213,-1,-1,-1,-1,0.250898361206055
4,3,6,26,-0,0,1,0.50092601776123,-1,1,-1,-1,0.317549228668213
4,3,6,27,-81,81,0,0.483797788619995,-1,1,1,-1,0.25092601776123
4,3,6,28,9,9,1,0.450470924377441,-1,-1,1,-1,0.233797788619995
4,3,6,29,3,3,1,0.58423900604248,1,1,-1,-1,0.200470924377441
4,3,6,30,-3,3,1,0.517127990722656,1,1,1,1,0.33423900604248
4,3,6,31,3,3,1,0.500912189483643,-1,1,1,1,0.267127990722656
4,3,6,32,27,27,1,0.584975957870483,1,1,1,-1,0.250912189483643
4,3,6,33,81,81,1,0.467591047286987,1,1,1,1,0.334975957870483
4,3,6,34,3,3,1,0.450472354888916,1,1,1,1,0.217591047286987
4,3,6,35,27,27,1,0.434260129928589,1,1,1,1,0.200472354888916
4,3,6,36,9,9,1,0.467120170593262,1,1,1,1,0.184260129928589
4,3,6,37,9,9,1,0.483810424804688,1,1,1,1,0.217120170593262
4,3,6,38,-27,27,0,0.433802127838135,1,1,1,1,0.233810424804688
4,3,6,39,-3,3,1,0.317589998245239,-1,-1,1,1,0.183802127838135
4,3,6,40,-81,81,0,0.334253072738647,-1,1,-1,-1,0.0675899982452393
4,3,6,41,-27,27,0,0.483803033828735,-1,-1,1,-1,0.0842530727386475
4,3,6,42,-27,27,0,0.467140197753906,-1,-1,-1,-1,0.233803033828735
4,3,6,43,-3,3,1,0.384258985519409,-1,-1,-1,-1,0.217140197753906
4,3,6,44,-27,27,0,0.483793020248413,-1,1,-1,-1,0.134258985519409
4,3,6,45,-27,27,0,0.350924253463745,-1,-1,1,-1,0.233793020248413
4,3,6,46,-3,3,0,0.317123174667358,-1,-1,-1,-1,0.100924253463745
4,3,6,47,-81,81,0,0.300924062728882,-1,-1,-1,-1,0.0671231746673584
4,3,6,48,81,81,1,0.317572116851807,-1,-1,-1,-1,0.0509240627288818
4,3,6,49,81,81,1,0.383800029754639,1,1,-1,-1,0.0675721168518066
4,3,6,50,9,9,1,0.267123937606812,1,1,1,1,0.133800029754639
4,3,6,51,-81,81,0,0.400497198104858,1,1,1,1,0.0171239376068115
4,3,6,52,-81,81,0,0.383817195892334,-1,-1,1,1,0.150497198104858
4,3,6,56,-27,27,0,0.433799028396606,-1,-1,1,1,0.000944852828979492
4,3,6,57,81,81,1,0.334272146224976,-1,-1,-1,-1,0.183799028396606
4,3,6,58,27,27,1,0.51763391494751,1,1,-1,-1,0.0842721462249756
4,3,6,59,81,81,1,0.267167091369629,1,1,1,1,0.26763391494751
4,3,6,60,-27,27,0,0.500954151153564,1,1,1,1,0.0171670913696289
4,3,6,61,-3,3,1,0.40050196647644,-1,-1,1,1,0.250954151153564
4,3,6,62,0,0,1,0.45091724395752,-1,1,-1,-1,0.15050196647644
4,3,6,63,-27,27,0,0.41763710975647,1,1,1,-1,0.20091724395752
4,3,6,64,-9,9,0,0.417570829391479,-1,-1,1,1,0.16763710975647
4,3,6,65,-27,27,0,0.500912189483643,-1,-1,-1,-1,0.167570829391479
4,3,6,66,-9,9,0,0.383810997009277,-1,-1,-1,-1,0.250912189483643
4,3,6,67,3,3,1,0.383820056915283,-1,-1,-1,-1,0.133810997009277
4,3,6,68,0,0,1,0.283812999725342,1,1,-1,-1,0.133820056915283
4,3,6,69,27,27,1,0.384229183197021,1,1,1,1,0.0338129997253418
4,3,6,70,9,9,1,0.517131090164185,1,1,1,1,0.134229183197021
4,3,6,71,9,9,1,0.483819961547852,1,1,1,1,0.267131090164185
4,3,6,72,27,27,1,0.483832120895386,1,1,1,1,0.233819961547852
4,3,6,73,-9,9,1,0.317595958709717,1,1,1,1,0.233832120895386
4,3,6,74,-9,9,1,0.467586040496826,-1,1,1,1,0.0675959587097168
4,3,6,78,-27,27,0,0.517112493515015,1,1,1,1,0.167674779891968
4,3,6,79,-81,81,0,0.433795928955078,-1,-1,1,1,0.267112493515015
4,3,6,80,-9,9,1,0.284260988235474,-1,-1,-1,-1,0.183795928955078
4,3,6,81,-81,81,0,0.384252071380615,-1,1,-1,-1,0.0342609882354736
4,3,6,82,-0,0,0,0.250948905944824,-1,-1,1,-1,0.134252071380615
4,3,6,83,81,81,1,0.417594909667969,-1,-1,-1,-1,0.000948905944824219
4,3,6,84,81,81,1,0.334242105484009,1,1,-1,-1,0.167594909667969
4,3,6,85,81,81,1,0.417137622833252,1,1,1,1,0.0842421054840088
4,3,6,86,0,0,1,0.367139101028442,1,1,1,1,0.167137622833252
4,3,6,87,27,27,1,0.383799314498901,1,1,1,1,0.117139101028442
4,3,6,88,81,81,1,0.533838987350464,1,1,1,1,0.133799314498901
4,3,6,89,-27,27,0,0.45091986656189,1,1,1,1,0.283838987350464
4,3,6,90,-0,0,1,0.267148494720459,-1,-1,1,1,0.20091986656189
4,3,6,91,0,0,0,0.2675940990448,-1,1,-1,-1,0.017148494720459
4,3,6,92,9,9,1,0.550928831100464,1,-1,1,-1,0.0175940990447998
4,3,6,93,81,81,1,0.43424391746521,1,1,-1,1,0.300928831100464
4,3,6,94,9,9,1,0.383802890777588,1,1,1,1,0.18424391746521
4,3,6,95,-9,9,1,0.484256029129028,1,1,1,1,0.133802890777588
4,3,6,96,-3,3,0,0.300463199615479,-1,1,1,1,0.234256029129028
4,3,6,97,27,27,1,0.284271001815796,-1,-1,1,-1,0.0504631996154785
4,3,6,98,9,9,1,0.367146253585815,1,1,-1,-1,0.0342710018157959
4,3,6,99,0,0,0,0.384276866912842,1,1,1,1,0.117146253585815
5,1,1,2,-27,27,0,0.800457000732422,-1,1,-1,-1,1.06779789924622
5,1,1,3,-81,81,0,0.750458002090454,-1,-1,1,-1,0.550457000732422
5,1,1,4,-81,81,0,0.600903987884521,-1,-1,-1,-1,0.500458002090454
5,1,1,5,-9,9,1,0.767110109329224,-1,-1,-1,-1,0.350903987884521
5,1,1,6,-81,81,0,0.517586469650269,-1,1,-1,-1,0.517110109329224
5,1,1,7,-9,9,1,0.800913333892822,-1,-1,1,-1,0.267586469650269
5,1,1,8,3,3,0,0.750461578369141,-1,1,-1,-1,0.550913333892822
5,1,1,9,27,27,1,0.767109155654907,1,-1,1,-1,0.500461578369141
5,1,1,10,3,3,1,0.617154836654663,1,1,-1,1,0.517109155654907
5,1,1,11,-9,9,0,0.800915956497192,1,1,1,1,0.367154836654663
5,1,1,12,27,27,1,0.550485134124756,-1,-1,1,1,0.550915956497192
5,1,1,13,0,0,1,0.800490140914917,1,1,-1,-1,0.300485134124756
5,1,1,14,-3,3,0,0.684240818023682,1,1,1,1,0.550490140914917
5,1,1,15,-81,81,0,0.583799839019775,-1,-1,1,1,0.434240818023682
5,1,1,16,-27,27,0,0.55096697807312,-1,-1,-1,-1,0.333799839019775
5,1,1,17,-9,9,0,0.817122936248779,-1,-1,-1,-1,0.30096697807312
5,1,1,18,-3,3,1,0.700489521026611,-1,-1,-1,-1,0.567122936248779
5,1,1,19,-27,27,0,0.617135524749756,-1,1,-1,-1,0.450489521026611
5,1,1,20,-81,81,0,0.550452947616577,-1,-1,1,-1,0.367135524749756
5,1,1,21,-0,0,1,0.584402799606323,-1,-1,-1,-1,0.300452947616577
5,1,1,22,-9,9,0,0.600451231002808,-1,1,-1,-1,0.334402799606323
5,1,1,23,-27,27,0,0.484717130661011,-1,-1,1,-1,0.350451231002808
5,1,1,24,81,81,1,0.400475978851318,-1,-1,-1,-1,0.234717130661011
5,1,1,25,-27,27,0,0.617571830749512,1,1,-1,-1,0.150475978851318
5,1,1,26,81,81,1,0.533797979354858,-1,-1,1,1,0.367571830749512
5,1,1,27,81,81,1,0.550918102264404,1,1,-1,-1,0.283797979354858
5,1,1,28,-3,3,1,0.750442981719971,1,1,1,1,0.300918102264404
5,1,1,29,-3,3,0,0.483803987503052,-1,1,1,1,0.500442981719971
5,1,1,30,-0,0,1,0.817583560943604,-1,-1,1,-1,0.233803987503052
5,1,1,31,-27,27,0,0.500467300415039,-1,1,-1,-1,0.567583560943604
5,1,1,32,27,27,1,0.534255981445312,-1,-1,1,-1,0.250467300415039
5,1,1,33,-81,81,0,0.617570400238037,1,1,-1,-1,0.284255981445312
5,1,1,34,0,0,1,0.784251928329468,-1,-1,1,1,0.367570400238037
5,1,1,35,0,0,0,0.400543928146362,1,1,-1,-1,0.534251928329468
5,1,1,36,-27,27,0,0.567586183547974,1,-1,1,1,0.150543928146362
5,1,1,37,81,81,1,0.267143964767456,-1,-1,-1,1,0.317586183547974
5,1,1,38,-27,27,0,0.600916147232056,1,1,-1,-1,0.0171439647674561
5,1,1,39,3,3,1,0.734250068664551,-1,-1,1,1,0.350916147232056
5,1,1,40,-27,27,0,0.567559242248535,1,1,-1,-1,0.484250068664551
5,1,1,41,9,9,1,0.584234952926636,-1,-1,1,1,0.317559242248535
5,1,1,42,-3,3,1,0.733781099319458,1,1,-1,-1,0.334234952926636
5,1,1,43,9,9,1,0.583807229995728,-1,1,1,1,0.483781099319458
5,1,1,44,3,3,1,0.583794116973877,1,1,1,-1,0.333807229995728
5,1,1,45,-0,0,1,0.650463819503784,1,1,1,1,0.333794116973877
5,1,1,49,-27,27,0,0.550466060638428,-1,1,1,1,0.500908613204956
5,1,1,50,81,81,1,0.550467014312744,-1,-1,1,-1,0.300466060638428
5,1,1,51,-3,3,1,0.683812379837036,1,1,-1,-1,0.300467014312744
5,1,1,52,27,27,1,0.58427882194519,-1,1,1,1,0.433812379837036
5,1,1,53,9,9,1,1.03378033638,1,1,1,-1,0.33427882194519
5,1,1,54,3,3,1,0.517142057418823,1,1,1,1,0.783780336380005
5,1,1,55,3,3,1,0.66757345199585,1,1,1,1,0.267142057418823
5,1,1,56,3,3,1,0.450918197631836,1,1,1,1,0.41757345199585
5,1,1,57,0,0,0,0.484253406524658,1,1,1,1,0.200918197631836
5,1,1,58,27,27,1,0.484251976013184,1,-1,1,1,0.234253406524658
5,1,1,59,-81,81,0,0.384256362915039,1,1,-1,1,0.234251976013184
5,1,1,60,-9,9,1,0.583792448043823,-1,-1,1,1,0.134256362915039
5,1,1,61,-9,9,0,0.517131328582764,-1,1,-1,-1,0.333792448043823
5,1,1,62,9,9,0,0.668051958084106,-1,-1,1,-1,0.267131328582764
5,1,1,63,9,9,1,0.750455379486084,1,-1,-1,-1,0.418051958084106
5,1,1,64,0,0,1,0.551238775253296,1,1,-1,1,0.500455379486084
5,1,1,65,9,9,1,0.533812284469604,1,1,1,1,0.301238775253296
5,1,1,66,-27,27,0,0.550466299057007,1,1,1,1,0.283812284469604
5,1,1,67,-27,27,0,0.450471162796021,-1,-1,1,1,0.300466299057007
5,1,1,68,-3,3,1,1.03423810005188,-1,-1,-1,-1,0.200471162796021
5,1,1,69,3,3,0,0.517168998718262,-1,1,-1,-1,0.78423810005188
5,1,1,70,9,9,1,0.550468683242798,1,-1,1,-1,0.267168998718262
5,1,1,71,-81,81,0,0.450884580612183,1,1,-1,1,0.300468683242798
5,1,1,72,-0,0,1,0.667584896087646,-1,-1,1,1,0.200884580612183
5,1,1,73,-27,27,0,0.333823442459106,-1,1,-1,-1,0.417584896087646
5,1,1,74,-9,9,0,0.717740058898926,-1,-1,1,-1,0.0838234424591064
5,1,1,75,-9,9,0,0.517599105834961,-1,-1,-1,-1,0.467740058898926
5,1,1,76,-27,27,0,0.433834791183472,-1,-1,-1,-1,0.267599105834961
5,1,1,77,-9,9,0,0.600460290908813,-1,-1,-1,-1,0.183834791183472
5,1,1,78,27,27,1,0.484272956848145,-1,-1,-1,-1,0.350460290908813
5,1,1,79,3,3,0,0.700937986373901,1,1,-1,-1,0.234272956848145
5,1,1,80,81,81,1,0.534258842468262,1,-1,1,1,0.450937986373901
5,1,1,81,-9,9,0,1.03377413749695,1,1,-1,1,0.284258842468262
5,1,1,82,3,3,1,0.68425178527832,-1,-1,1,1,0.783774137496948
5,1,1,83,3,3,0,0.550482988357544,1,1,-1,-1,0.43425178527832
5,1,1,84,81,81,1,0.484270095825195,1,-1,1,1,0.300482988357544
5,1,1,85,81,81,1,0.533828020095825,1,1,-1,1,0.234270095825195
5,1,1,86,3,3,1,0.900912761688232,1,1,1,1,0.283828020095825
5,1,1,87,9,9,1,0.484252452850342,1,1,1,1,0.650912761688232
5,1,1,88,9,9,1,0.567132949829102,1,1,1,1,0.234252452850342
5,1,1,89,3,3,0,0.583804607391357,1,1,1,1,0.317132949829102
5,1,1,90,81,81,1,0.267129421234131,1,-1,1,1,0.333804607391357
5,1,1,91,-3,3,0,1.13423705101013,1,1,-1,1,0.0171294212341309
5,1,1,92,-81,81,0,0.53380012512207,-1,-1,1,1,0.884237051010132
5,1,1,93,27,27,1,0.401109218597412,-1,-1,-1,-1,0.28380012512207
5,1,1,94,-9,9,0,0.517611742019653,1,1,-1,-1,0.151109218597412
5,1,1,95,-81,81,0,0.333822250366211,-1,-1,1,1,0.267611742019653
5,1,1,96,81,81,1,0.384265184402466,-1,-1,-1,-1,0.0838222503662109
5,1,1,97,-81,81,0,0.517603397369385,1,1,-1,-1,0.134265184402466
5,1,1,98,-9,9,1,0.551603078842163,-1,-1,1,1,0.267603397369385
5,1,1,99,-81,81,0,0.517999887466431,-1,1,-1,-1,0.301603078842163
5,1,2,2,-3,3,1,0.684277057647705,1,1,1,1,0.917417049407959
5,1,2,3,-27,27,0,0.550483703613281,-1,1,1,1,0.434277057647705
5,1,2,4,-3,3,0,1.20050501823425,-1,-1,1,-1,0.300483703613281
5,1,2,5,-81,81,0,0.384254932403564,-1,-1,-1,-1,0.950505018234253
5,1,2,6,-81,81,0,0.417554140090942,-1,-1,-1,-1,0.134254932403564
5,1,2,7,-81,81,0,0.435029745101929,-1,-1,-1,-1,0.167554140090942
5,1,2,8,-9,9,0,0.317580938339233,-1,-1,-1,-1,0.185029745101929
5,1,2,9,-3,3,1,0.617581129074097,-1,-1,-1,-1,0.0675809383392334
5,1,2,10,-81,81,0,0.283812999725342,-1,1,-1,-1,0.367581129074097
5,1,2,11,27,27,1,0.567119359970093,-1,-1,1,-1,0.0338129997253418
5,1,2,12,9,9,0,0.517696142196655,1,1,-1,-1,0.317119359970093
5,1,2,13,3,3,1,0.733788967132568,1,-1,1,1,0.267696142196655
5,1,2,14,81,81,1,0.684246063232422,1,1,-1,1,0.483788967132568
5,1,2,15,27,27,1,0.583796977996826,1,1,1,1,0.434246063232422
5,1,2,16,9,9,1,0.550925016403198,1,1,1,1,0.333796977996826
5,1,2,17,9,9,1,0.617579936981201,1,1,1,1,0.300925016403198
5,1,2,18,9,9,1,0.617131233215332,1,1,1,1,0.367579936981201
5,1,2,19,-0,0,1,0.600919961929321,1,1,1,1,0.367131233215332
5,1,2,20,-9,9,0,0.601005077362061,-1,1,1,1,0.350919961929321
5,1,2,21,0,0,1,0.600920915603638,-1,-1,1,-1,0.351005077362061
5,1,2,22,27,27,1,0.551697969436646,1,1,-1,-1,0.350920915603638
5,1,2,23,81,81,1,0.633815050125122,1,1,1,1,0.301697969436646
5,1,2,24,9,9,1,0.517180204391479,1,1,1,1,0.383815050125122
5,1,2,25,27,27,1,0.567123889923096,1,1,1,1,0.267180204391479
5,1,2,26,9,9,1,0.833817005157471,1,1,1,1,0.317123889923096
5,1,2,27,27,27,1,0.700486183166504,1,1,1,1,0.583817005157471
5,1,2,28,3,3,1,0.783786773681641,1,1,1,1,0.450486183166504
5,1,2,29,3,3,1,0.817576169967651,1,1,1,1,0.533786773681641
5,1,2,30,27,27,1,0.567120790481567,1,1,1,1,0.567576169967651
5,1,2,31,9,9,1,0.900516271591187,1,1,1,1,0.317120790481567
5,1,2,32,0,0,1,0.500472068786621,1,1,1,1,0.650516271591187
5,1,2,33,-27,27,0,0.333808183670044,1,1,1,1,0.250472068786621
5,1,2,34,-27,27,0,0.501611232757568,-1,-1,1,1,0.0838081836700439
5,1,2,39,-81,81,0,0.550917863845825,-1,-1,-1,-1,0.634284019470215
5,1,2,40,-9,9,1,1.1004331111908,-1,-1,-1,-1,0.300917863845825
5,1,2,41,-27,27,0,0.333812475204468,-1,1,-1,-1,0.850433111190796
5,1,2,42,-27,27,0,1.06709980964661,-1,-1,1,-1,0.0838124752044678
5,1,2,43,-0,0,0,0.81755805015564,-1,-1,-1,-1,0.817099809646606
5,1,2,44,-3,3,0,0.433825969696045,-1,-1,-1,-1,0.56755805015564
5,1,2,45,-0,0,0,0.300481081008911,-1,-1,-1,-1,0.183825969696045
5,1,2,46,-3,3,0,0.883772134780884,-1,-1,-1,-1,0.0504810810089111
5,1,2,47,-9,9,0,0.983800649642944,-1,-1,-1,-1,0.633772134780884
5,1,2,48,-3,3,0,0.583807229995728,-1,-1,-1,-1,0.733800649642944
5,1,2,49,-9,9,0,0.750907897949219,-1,-1,-1,-1,0.333807229995728
5,1,2,50,-27,27,0,0.550913095474243,-1,-1,-1,-1,0.500907897949219
5,1,2,51,-0,0,1,0.600919723510742,-1,-1,-1,-1,0.300913095474243
5,1,2,52,-27,27,0,0.300916910171509,-1,1,-1,-1,0.350919723510742
5,1,2,53,-9,9,0,0.517565011978149,-1,-1,1,-1,0.0509169101715088
5,1,2,54,-3,3,1,1.20044207572937,-1,-1,-1,-1,0.267565011978149
5,1,2,55,-3,3,1,0.517135858535767,-1,1,-1,-1,0.95044207572937
5,1,2,56,3,3,1,0.950901508331299,-1,1,1,-1,0.267135858535767
5,1,2,57,0,0,1,0.533803701400757,1,1,1,-1,0.700901508331299
5,1,2,58,3,3,1,0.567144155502319,1,1,1,1,0.283803701400757
5,1,2,59,81,81,1,0.533903121948242,1,1,1,1,0.317144155502319
5,1,2,60,81,81,1,0.517124176025391,1,1,1,1,0.283903121948242
5,1,2,61,81,81,1,0.517580509185791,1,1,1,1,0.267124176025391
5,1,2,62,9,9,1,0.917136907577515,1,1,1,1,0.267580509185791
5,1,2,63,3,3,1,0.533797264099121,1,1,1,1,0.667136907577515
5,1,2,64,27,27,1,0.500933885574341,1,1,1,1,0.283797264099121
5,1,2,65,27,27,1,0.500936269760132,1,1,1,1,0.250933885574341
5,1,2,66,9,9,1,0.434253931045532,1,1,1,1,0.250936269760132
5,1,2,67,-0,0,1,0.517127752304077,1,1,1,1,0.184253931045532
5,1,2,68,-81,81,0,0.583810091018677,-1,1,1,1,0.267127752304077
5,1,2,69,-81,81,0,0.400886297225952,-1,-1,1,-1,0.333810091018677
5,1,2,70,3,3,1,0.650501251220703,-1,-1,-1,-1,0.150886297225952
5,1,2,71,81,81,1,0.434253931045532,1,1,-1,-1,0.400501251220703
5,1,2,72,3,3,1,0.500921487808228,1,1,1,1,0.184253931045532
5,1,2,73,81,81,1,0.534258842468262,1,1,1,1,0.250921487808228
5,1,2,74,-27,27,0,0.583792209625244,1,1,1,1,0.284258842468262
5,1,2,75,-3,3,1,0.800879001617432,-1,-1,1,1,0.333792209625244
5,1,2,76,-9,9,0,0.367140293121338,-1,1,-1,-1,0.550879001617432
5,1,2,77,-9,9,1,0.600466251373291,-1,-1,1,-1,0.117140293121338
5,1,2,78,-81,81,0,0.534640073776245,-1,1,-1,-1,0.350466251373291
5,1,2,79,-27,27,0,0.617213249206543,-1,-1,1,-1,0.284640073776245
5,1,2,80,-27,27,0,0.45091986656189,-1,-1,-1,-1,0.367213249206543
5,1,2,81,-27,27,0,0.450449466705322,-1,-1,-1,-1,0.20091986656189
5,1,2,82,-9,9,1,0.534289836883545,-1,-1,-1,-1,0.200449466705322
5,1,2,83,0,0,1,0.567132949829102,-1,1,-1,-1,0.284289836883545
5,1,2,84,9,9,1,0.517123460769653,1,1,1,-1,0.317132949829102
5,1,2,85,81,81,1,0.500501871109009,1,1,1,1,0.267123460769653
5,1,2,86,9,9,1,0.684728145599365,1,1,1,1,0.250501871109009
5,1,2,87,81,81,1,0.517602920532227,1,1,1,1,0.434728145599365
5,1,2,88,3,3,1,0.883823871612549,1,1,1,1,0.267602920532227
5,1,2,89,-27,27,0,0.534253835678101,1,1,1,1,0.633823871612549
5,1,2,90,-81,81,0,0.450475215911865,-1,-1,1,1,0.284253835678101
5,1,2,91,-81,81,0,0.600464105606079,-1,-1,-1,-1,0.200475215911865
5,1,2,92,-3,3,0,0.684248447418213,-1,-1,-1,-1,0.350464105606079
5,1,2,93,-9,9,0,0.417590856552124,-1,-1,-1,-1,0.434248447418213
5,1,2,94,3,3,0,0.55046820640564,-1,-1,-1,-1,0.167590856552124
5,1,2,95,0,0,1,0.500481128692627,1,-1,-1,-1,0.30046820640564
5,1,2,96,81,81,1,0.450493097305298,1,1,-1,1,0.250481128692627
5,1,2,97,81,81,1,0.550446033477783,1,1,1,1,0.200493097305298
5,1,2,98,3,3,1,0.650469064712524,1,1,1,1,0.300446033477783
5,1,2,99,3,3,1,0.667170763015747,1,1,1,1,0.400469064712524
5,1,3,2,-3,3,1,0.833787202835083,-1,-1,-1,-1,0.450700998306274
5,1,3,3,-81,81,0,0.383810043334961,-1,1,-1,-1,0.583787202835083
5,1,3,4,-27,27,0,0.517128705978394,-1,-1,1,-1,0.133810043334961
5,1,3,5,-0,0,1,0.367602109909058,-1,-1,-1,-1,0.267128705978394
5,1,3,6,-3,3,1,0.517606019973755,-1,1,-1,-1,0.117602109909058
5,1,3,10,-81,81,0,0.450951099395752,-1,-1,-1,-1,0.333783864974976
5,1,3,11,27,27,1,0.517589330673218,-1,-1,-1,-1,0.200951099395752
5,1,3,12,27,27,1,0.533802032470703,1,1,-1,-1,0.267589330673218
5,1,3,13,27,27,1,0.333793878555298,1,1,1,1,0.283802032470703
5,1,3,14,9,9,1,0.684257030487061,1,1,1,1,0.0837938785552979
5,1,3,15,-27,27,0,0.334236860275269,1,1,1,1,0.434257030487061
5,1,3,16,27,27,1,0.550487518310547,-1,-1,1,1,0.0842368602752686
5,1,3,17,81,81,1,0.500507593154907,1,1,-1,-1,0.300487518310547
5,1,3,18,3,3,1,0.68381667137146,1,1,1,1,0.250507593154907
5,1,3,19,3,3,1,0.58380389213562,1,1,1,1,0.43381667137146
5,1,3,20,0,0,1,0.633796453475952,1,1,1,1,0.33380389213562
5,1,3,21,0,0,0,0.634284019470215,1,1,1,1,0.383796453475952
5,1,3,22,3,3,1,0.683795928955078,1,-1,1,1,0.384284019470215
5,1,3,23,27,27,1,0.900456190109253,1,1,-1,1,0.433795928955078
5,1,3,24,3,3,1,0.600452184677124,1,1,1,1,0.650456190109253
5,1,3,25,81,81,1,0.617130041122437,1,1,1,1,0.350452184677124
5,1,3,26,3,3,1,0.800457954406738,1,1,1,1,0.367130041122437
5,1,3,27,0,0,1,0.517593145370483,1,1,1,1,0.550457954406738
5,1,3,28,9,9,1,0.683797121047974,1,1,1,1,0.267593145370483
5,1,3,29,-81,81,0,0.484247207641602,1,1,1,1,0.433797121047974
5,1,3,30,-81,81,0,0.550500869750977,-1,-1,1,1,0.234247207641602
5,1,3,31,-27,27,0,0.784239768981934,-1,-1,-1,-1,0.300500869750977
5,1,3,32,-0,0,1,0.70046591758728,-1,-1,-1,-1,0.534239768981934
5,1,3,33,-9,9,0,0.750468254089355,-1,1,-1,-1,0.45046591758728
5,1,3,34,-3,3,1,0.667616844177246,-1,-1,1,-1,0.500468254089355
5,1,3,35,-0,0,0,0.617582321166992,-1,1,-1,-1,0.417616844177246
5,1,3,36,-3,3,1,0.367597103118896,-1,-1,1,-1,0.367582321166992
5,1,3,37,9,9,0,0.417142868041992,-1,1,-1,-1,0.117597103118896
5,1,3,38,27,27,1,0.500482559204102,1,-1,1,-1,0.167142868041992
5,1,3,39,9,9,1,0.917118787765503,1,1,-1,1,0.250482559204102
5,1,3,40,81,81,1,0.55092191696167,1,1,1,1,0.667118787765503
5,1,3,41,27,27,1,0.784199476242065,1,1,1,1,0.30092191696167
5,1,3,42,9,9,1,0.583789587020874,1,1,1,1,0.534199476242065
5,1,3,43,3,3,1,0.517126083374023,1,1,1,1,0.333789587020874
5,1,3,44,3,3,1,0.583788394927979,1,1,1,1,0.267126083374023
5,1,3,45,27,27,1,0.583804130554199,1,1,1,1,0.333788394927979
5,1,3,46,-81,81,0,0.583790063858032,1,1,1,1,0.333804130554199
5,1,3,47,-81,81,0,0.500465393066406,-1,-1,1,1,0.333790063858032
5,1,3,48,-9,9,1,0.650508880615234,-1,-1,-1,-1,0.250465393066406
5,1,3,49,81,81,1,1.40089106559753,-1,1,-1,-1,0.400508880615234
5,1,3,50,-81,81,0,0.750914812088013,1,1,1,-1,1.15089106559753
5,1,3,51,-9,9,0,0.650989532470703,-1,-1,1,1,0.500914812088013
5,1,3,52,-0,0,0,0.800917863845825,-1,-1,-1,-1,0.400989532470703
5,1,3,56,3,3,1,1.0004620552063,1,1,-1,-1,0.483815908432007
5,1,3,57,3,3,1,0.817572116851807,1,1,1,1,0.750462055206299
5,1,3,58,3,3,0,0.433796405792236,1,1,1,1,0.567572116851807
5,1,3,59,-27,27,0,0.585097074508667,1,-1,1,1,0.183796405792236
5,1,3,60,27,27,1,0.567597627639771,-1,-1,-1,1,0.335097074508667
5,1,3,61,-3,3,0,0.46712327003479,1,1,-1,-1,0.317597627639771
5,1,3,62,9,9,0,0.667590856552124,-1,-1,1,1,0.21712327003479
5,1,3,63,81,81,1,0.483808994293213,1,-1,-1,-1,0.417590856552124
5,1,3,64,3,3,1,0.567125797271729,1,1,-1,1,0.233808994293213
5,1,3,65,9,9,1,1.20051193237305,1,1,1,1,0.317125797271729
5,1,3,66,81,81,1,0.483797788619995,1,1,1,1,0.950511932373047
5,1,3,67,-9,9,1,0.667153596878052,1,1,1,1,0.233797788619995
5,1,3,68,-9,9,0,0.917227983474731,-1,1,1,1,0.417153596878052
5,1,3,69,-9,9,1,0.967175245285034,-1,-1,1,-1,0.667227983474731
5,1,3,70,-81,81,0,0.633803844451904,-1,1,-1,-1,0.717175245285034
5,1,3,71,-81,81,0,0.567115545272827,-1,-1,1,-1,0.383803844451904
5,1,3,72,81,81,1,0.300893306732178,-1,-1,-1,-1,0.317115545272827
5,1,3,73,9,9,1,0.617134094238281,1,1,-1,-1,0.0508933067321777
5,1,3,74,9,9,1,0.917153835296631,1,1,1,1,0.367134094238281
5,1,3,79,-3,3,0,1.06756114959717,-1,-1,-1,-1,0.817583084106445
5,1,3,80,-27,27,0,0.467585325241089,-1,-1,-1,-1,0.817561149597168
5,1,3,81,81,81,0,1.25088715553284,-1,-1,-1,-1,0.217585325241089
5,1,3,82,-0,0,0,0.550471067428589,1,-1,-1,-1,1.00088715553284
5,1,3,83,0,0,0,0.66759991645813,-1,-1,-1,1,0.300471067428589
5,1,3,84,81,81,1,0.917599439620972,1,-1,-1,-1,0.41759991645813
5,1,3,85,9,9,1,0.584254741668701,1,1,-1,1,0.667599439620972
5,1,3,86,3,3,1,0.683812379837036,1,1,1,1,0.334254741668701
5,1,3,87,-3,3,1,0.333812236785889,1,1,1,1,0.433812379837036
5,1,3,88,-9,9,1,0.550951242446899,-1,1,1,1,0.0838122367858887
5,1,3,89,27,27,1,0.250903129577637,-1,1,1,-1,0.300951242446899
5,1,3,90,9,9,0,0.967640161514282,1,1,1,-1,0.000903129577636719
5,1,3,91,-9,9,1,0.350505113601685,1,-1,1,1,0.717640161514282
5,1,3,92,-9,9,0,0.550463199615479,-1,1,-1,1,0.100505113601685
5,1,3,93,-9,9,0,0.967579126358032,-1,-1,1,-1,0.300463199615479
5,1,3,94,-81,81,0,0.550460338592529,-1,-1,-1,-1,0.717579126358032
5,1,3,95,-27,27,0,0.433811187744141,-1,-1,-1,-1,0.300460338592529
5,1,3,96,-81,81,0,0.517995834350586,-1,-1,-1,-1,0.183811187744141
5,1,3,97,27,27,1,0.91759729385376,-1,-1,-1,-1,0.267995834350586
5,1,3,98,-3,3,1,1.13421368598938,1,1,-1,-1,0.66759729385376
5,1,3,99,-27,27,0,0.600900650024414,-1,1,1,1,0.88421368598938
5,1,4,2,81,81,1,0.500465869903564,1,1,1,1,0.367910385131836
5,1,4,3,9,9,1,0.817100524902344,1,1,1,1,0.250465869903564
5,1,4,4,3,3,1,0.617579221725464,1,1,1,1,0.567100524902344
5,1,4,5,-81,81,0,0.401464939117432,1,1,1,1,0.367579221725464
5,1,4,6,27,27,1,0.550917863845825,-1,-1,1,1,0.151464939117432
5,1,4,7,9,9,1,0.550469398498535,1,1,-1,-1,0.300917863845825
5,1,4,8,27,27,1,0.550457954406738,1,1,1,1,0.300469398498535
5,1,4,9,27,27,1,0.50091290473938,1,1,1,1,0.300457954406738
5,1,4,10,-9,9,1,0.633793354034424,1,1,1,1,0.25091290473938
5,1,4,11,3,3,1,0.667552947998047,-1,1,1,1,0.383793354034424
5,1,4,12,27,27,1,0.467615842819214,1,1,1,-1,0.417552947998047
5,1,4,13,-9,9,0,0.35093092918396,1,1,1,1,0.217615842819214
5,1,4,14,9,9,1,0.551002979278564,-1,-1,1,1,0.10093092918396
5,1,4,15,27,27,1,0.433814287185669,1,1,-1,-1,0.301002979278564
5,1,4,16,-81,81,0,0.333814144134521,1,1,1,1,0.183814287185669
5,1,4,17,-3,3,1,1.05090188980103,-1,-1,1,1,0.0838141441345215
5,1,4,18,-0,0,1,0.783792972564697,-1,1,-1,-1,0.800901889801025
5,1,4,19,0,0,1,0.533805847167969,-1,1,1,-1,0.533792972564697
5,1,4,20,-3,3,0,0.567129611968994,1,1,1,-1,0.283805847167969
5,1,4,21,81,81,1,0.55091404914856,-1,-1,1,1,0.317129611968994
5,1,4,22,-0,0,1,0.367588996887207,1,1,-1,-1,0.30091404914856
5,1,4,23,3,3,1,0.533807277679443,-1,1,1,1,0.117588996887207
5,1,4,24,9,9,1,0.400946855545044,1,1,1,-1,0.283807277679443
5,1,4,25,-9,9,1,0.634251832962036,1,1,1,1,0.150946855545044
5,1,4,26,81,81,1,0.417213201522827,-1,1,1,1,0.384251832962036
5,1,4,27,81,81,1,0.45091986656189,1,1,1,-1,0.167213201522827
5,1,4,28,9,9,1,0.93378734588623,1,1,1,1,0.20091986656189
5,1,4,29,3,3,1,0.533803939819336,1,1,1,1,0.68378734588623
5,1,4,30,-27,27,0,0.417596817016602,1,1,1,1,0.283803939819336
5,1,4,31,-0,0,1,0.550466060638428,-1,-1,1,1,0.167596817016602
5,1,4,32,0,0,1,0.500929117202759,-1,1,-1,-1,0.300466060638428
5,1,4,33,-81,81,0,0.400566577911377,1,1,1,-1,0.250929117202759
5,1,4,34,-81,81,0,0.300601959228516,-1,-1,1,1,0.150566577911377
5,1,4,35,-9,9,1,0.517131805419922,-1,-1,-1,-1,0.0506019592285156
5,1,4,36,27,27,1,0.384253978729248,-1,1,-1,-1,0.267131805419922
5,1,4,37,-3,3,0,0.650933504104614,1,1,1,-1,0.134253978729248
5,1,4,38,-3,3,1,0.550489902496338,-1,-1,1,1,0.400933504104614
5,1,4,39,9,9,0,0.600451231002808,-1,1,-1,-1,0.300489902496338
5,1,4,40,81,81,1,0.350932359695435,1,-1,1,-1,0.350451231002808
5,1,4,41,0,0,1,0.783832311630249,1,1,-1,1,0.100932359695435
5,1,4,42,27,27,1,0.717566251754761,1,1,1,1,0.533832311630249
5,1,4,43,9,9,1,0.5337815284729,1,1,1,1,0.467566251754761
5,1,4,47,3,3,1,0.467160701751709,1,1,-1,-1,0.0675983428955078
5,1,4,48,81,81,1,0.433804035186768,1,1,1,1,0.217160701751709
5,1,4,49,3,3,1,0.833779573440552,1,1,1,1,0.183804035186768
5,1,4,50,-27,27,0,0.567591905593872,1,1,1,1,0.583779573440552
5,1,4,55,-27,27,1,1.05044198036194,-1,1,1,1,0.233793020248413
5,1,4,56,-3,3,0,0.383814096450806,-1,1,1,-1,0.800441980361938
5,1,4,57,-9,9,0,0.550499439239502,-1,-1,1,-1,0.133814096450806
5,1,4,58,-3,3,0,0.617593288421631,-1,-1,-1,-1,0.300499439239502
5,1,4,59,-81,81,0,0.283808708190918,-1,-1,-1,-1,0.367593288421631
5,1,4,60,-27,27,0,0.817578792572021,-1,-1,-1,-1,0.033808708190918
5,1,4,61,9,9,1,0.584285974502563,-1,-1,-1,-1,0.567578792572021
5,1,4,62,0,0,1,0.484262228012085,1,1,-1,-1,0.334285974502563
5,1,4,63,27,27,1,0.450479030609131,1,1,1,1,0.234262228012085
5,1,4,68,-3,3,1,0.633825540542603,1,1,-1,-1,0.500478982925415
5,1,4,69,81,81,1,0.250957727432251,-1,1,1,1,0.383825540542603
5,1,4,70,9,9,1,0.534267902374268,1,1,1,-1,0.000957727432250977
5,1,4,71,-3,3,1,0.484252691268921,1,1,1,1,0.284267902374268
5,1,4,72,-0,0,1,0.78377890586853,-1,1,1,1,0.234252691268921
5,1,4,73,9,9,1,0.517585277557373,-1,1,1,-1,0.53377890586853
5,1,4,74,-9,9,1,0.667128086090088,1,1,1,-1,0.267585277557373
5,1,4,75,-27,27,0,0.550449848175049,-1,1,1,1,0.417128086090088
5,1,4,76,-81,81,0,0.284270048141479,-1,-1,1,-1,0.300449848175049
5,1,4,77,9,9,1,0.50049901008606,-1,-1,-1,-1,0.0342700481414795
5,1,4,78,-3,3,1,0.56713080406189,1,1,-1,-1,0.25049901008606
5,1,4,79,-0,0,1,0.667125225067139,-1,1,1,1,0.31713080406189
5,1,4,80,9,9,0,0.883795022964478,-1,1,1,-1,0.417125225067139
5,1,4,81,3,3,1,0.450931072235107,1,-1,1,-1,0.633795022964478
5,1,4,82,27,27,1,0.467571258544922,1,1,-1,1,0.200931072235107
5,1,4,83,81,81,1,0.484254360198975,1,1,1,1,0.217571258544922
5,1,4,87,27,27,1,0.750976324081421,-1,-1,-1,-1,0.400485992431641
5,1,4,91,-9,9,1,0.283813238143921,1,1,1,-1,0.0838470458984375
5,1,4,92,27,27,1,0.400905132293701,-1,1,1,1,0.0338132381439209
5,1,4,93,81,81,1,0.450495958328247,1,1,1,-1,0.150905132293701
5,1,4,94,27,27,1,0.417600154876709,1,1,1,1,0.200495958328247
5,1,4,95,-81,81,0,0.300937175750732,1,1,1,1,0.167600154876709
5,1,4,96,27,27,1,0.683796167373657,-1,-1,1,1,0.0509371757507324
5,1,4,97,81,81,1,0.53380298614502,1,1,-1,-1,0.433796167373657
5,1,4,98,81,81,1,0.4338219165802,1,1,1,1,0.28380298614502
5,1,4,99,0,0,1,0.734250068664551,1,1,1,1,0.1838219165802
5,1,5,6,9,9,1,0.633795976638794,-1,-1,1,1,0.134255886077881
5,1,5,11,-0,0,1,0.567586183547974,-1,-1,1,1,0.317164182662964
5,1,5,12,-3,3,0,0.567207813262939,-1,1,-1,-1,0.317586183547974
5,1,5,13,27,27,1,0.367141962051392,-1,-1,1,-1,0.317207813262939
5,1,5,14,81,81,1,0.667156934738159,1,1,-1,-1,0.117141962051392
5,1,5,15,-81,81,0,0.250970602035522,1,1,1,1,0.417156934738159
5,1,5,16,27,27,1,0.400920867919922,-1,-1,1,1,0.000970602035522461
5,1,5,17,-9,9,0,0.633826971054077,1,1,-1,-1,0.150920867919922
5,1,5,18,-0,0,0,0.56713604927063,-1,-1,1,1,0.383826971054077
5,1,5,19,9,9,1,0.617577791213989,-1,-1,-1,-1,0.31713604927063
5,1,5,20,-9,9,0,0.750909090042114,1,1,-1,-1,0.367577791213989
5,1,5,21,9,9,1,0.38381814956665,-1,-1,1,1,0.500909090042114
5,1,5,22,27,27,1,0.417587041854858,1,1,-1,-1,0.13381814956665
5,1,5,23,-3,3,1,0.617584943771362,1,1,1,1,0.167587041854858
5,1,5,24,27,27,1,0.467211484909058,-1,1,1,1,0.367584943771362
5,1,5,25,-9,9,1,0.783790111541748,1,1,1,-1,0.217211484909058
5,1,5,26,3,3,1,0.600466966629028,-1,1,1,1,0.533790111541748
5,1,5,27,-81,81,0,0.483797550201416,1,1,1,-1,0.350466966629028
5,1,5,28,81,81,1,0.250943899154663,-1,-1,1,1,0.233797550201416
5,1,5,32,9,9,1,0.650483846664429,-1,-1,-1,1,0.267590999603271
5,1,5,33,-27,27,0,0.900883913040161,1,1,-1,-1,0.400483846664429
5,1,5,34,3,3,0,0.567117214202881,-1,-1,1,1,0.650883913040161
5,1,5,35,3,3,1,0.467164039611816,1,-1,-1,-1,0.317117214202881
5,1,5,36,-81,81,0,0.58380389213562,1,1,-1,1,0.217164039611816
5,1,5,37,27,27,1,0.633797407150269,-1,-1,1,1,0.33380389213562
5,1,5,38,-3,3,0,0.634255170822144,1,1,-1,-1,0.383797407150269
5,1,5,39,81,81,1,0.318475008010864,-1,-1,1,1,0.384255170822144
5,1,5,40,-3,3,0,0.534275054931641,1,1,-1,-1,0.0684750080108643
5,1,5,41,3,3,1,0.417603015899658,-1,-1,1,1,0.284275054931641
5,1,5,42,27,27,1,0.767159938812256,1,1,-1,-1,0.167603015899658
5,1,5,43,-27,27,1,0.683796882629395,1,1,1,1,0.517159938812256
5,1,5,44,27,27,1,0.500483989715576,-1,1,1,1,0.433796882629395
5,1,5,45,-0,0,1,0.584266185760498,1,1,1,-1,0.250483989715576
5,1,5,46,81,81,1,0.550941944122314,-1,1,1,1,0.334266185760498
5,1,5,50,9,9,0,0.367143154144287,-1,1,1,1,0.350921154022217
5,1,5,54,27,27,1,0.568134307861328,-1,1,-1,1,0.367141723632812
5,1,5,55,-81,81,0,0.583810091018677,1,1,1,-1,0.318134307861328
5,1,5,56,3,3,0,1.38379406929016,-1,-1,1,1,0.333810091018677
5,1,5,57,-27,27,0,0.433795213699341,1,-1,-1,-1,1.13379406929016
5,1,5,58,3,3,0,0.700459718704224,-1,-1,-1,1,0.183795213699341
5,1,5,59,-27,27,0,0.300478219985962,1,-1,-1,-1,0.450459718704224
5,1,5,60,27,27,1,0.617128372192383,-1,-1,-1,1,0.0504782199859619
5,1,5,61,9,9,0,1.45042872428894,1,1,-1,-1,0.367128372192383
5,1,5,62,-27,27,1,0.483792066574097,1,-1,1,1,1.20042872428894
5,1,5,63,3,3,1,0.500895500183105,-1,1,-1,1,0.233792066574097
5,1,5,64,-3,3,1,0.267587900161743,1,1,1,-1,0.250895500183105
5,1,5,65,0,0,1,0.517121553421021,-1,1,1,1,0.0175879001617432
5,1,5,69,81,81,1,0.467130661010742,1,1,-1,-1,0.267611980438232
5,1,5,70,81,81,1,0.417125463485718,1,1,1,1,0.217130661010742
5,1,5,71,-3,3,1,0.367134094238281,1,1,1,1,0.167125463485718
5,1,5,72,0,0,0,0.500947952270508,-1,1,1,1,0.117134094238281
5,1,5,73,-81,81,0,0.517585754394531,1,-1,1,-1,0.250947952270508
5,1,5,80,3,3,1,0.833780527114868,-1,1,1,1,1.00044822692871
5,1,5,81,-27,27,0,0.583846569061279,1,1,1,-1,0.583780527114868
5,1,5,82,-0,0,1,0.884260416030884,-1,-1,1,1,0.333846569061279
5,1,5,83,9,9,0,0.617135286331177,-1,1,-1,-1,0.634260416030884
5,1,5,84,-0,0,0,0.934236288070679,1,-1,1,-1,0.367135286331177
5,1,5,85,9,9,0,0.900891065597534,-1,-1,-1,1,0.684236288070679
5,1,5,86,81,81,1,0.484262943267822,1,-1,-1,-1,0.650891065597534
5,1,5,90,-9,9,0,0.550910949707031,-1,1,1,1,0.117154359817505
5,1,5,91,9,9,1,0.567583322525024,-1,-1,1,-1,0.300910949707031
5,1,5,92,3,3,1,1.10087203979492,1,1,-1,-1,0.317583322525024
5,1,5,93,-27,27,0,0.900445699691772,1,1,1,1,0.850872039794922
5,1,5,94,81,81,1,0.517169237136841,-1,-1,1,1,0.650445699691772
5,1,5,95,81,81,1,0.517158508300781,1,1,-1,-1,0.267169237136841
5,1,5,96,-9,9,0,0.733816862106323,1,1,1,1,0.267158508300781
5,1,5,97,9,9,1,1.01757407188416,-1,-1,1,1,0.483816862106323
5,1,6,4,-27,27,0,0.400883436203003,1,-1,-1,-1,0.250935792922974
5,1,6,5,81,81,1,0.500922679901123,-1,-1,-1,1,0.150883436203003
5,1,6,6,3,3,0,0.717555046081543,1,1,-1,-1,0.250922679901123
5,1,6,7,-9,9,1,0.76760196685791,1,-1,1,1,0.467555046081543
5,1,6,8,3,3,0,0.717127799987793,-1,1,-1,1,0.51760196685791
5,1,6,9,-3,3,1,0.484254121780396,1,-1,1,-1,0.467127799987793
5,1,6,10,3,3,0,0.550450325012207,-1,1,-1,1,0.234254121780396
5,1,6,11,-81,81,0,1.05044293403625,1,-1,1,-1,0.300450325012207
5,1,6,12,3,3,1,1.01757001876831,-1,-1,-1,1,0.800442934036255
5,1,6,13,-27,27,0,0.367159843444824,1,1,-1,-1,0.767570018768311
5,1,6,14,3,3,1,0.550901174545288,-1,-1,1,1,0.117159843444824
5,1,6,15,27,27,1,0.567655086517334,1,1,-1,-1,0.300901174545288
5,1,6,16,-27,27,0,0.567141056060791,1,1,1,1,0.317655086517334
5,1,6,17,9,9,1,0.634254932403564,-1,-1,1,1,0.317141056060791
5,1,6,18,-81,81,0,0.76712703704834,1,1,-1,-1,0.384254932403564
5,1,6,19,27,27,1,0.634307146072388,-1,-1,1,1,0.51712703704834
5,1,6,20,-3,3,0,0.500468015670776,1,1,-1,-1,0.384307146072388
5,1,6,21,27,27,1,0.467149019241333,-1,-1,1,1,0.250468015670776
5,1,6,25,81,81,1,0.567566156387329,-1,-1,1,1,0.917559862136841
5,1,6,26,-9,9,1,0.634291887283325,1,1,-1,-1,0.317566156387329
5,1,6,27,9,9,1,0.517133951187134,-1,1,1,1,0.384291887283325
5,1,6,28,-3,3,0,0.734240770339966,1,1,1,-1,0.267133951187134
5,1,6,29,27,27,1,0.917145013809204,-1,-1,1,1,0.484240770339966
5,1,6,35,3,3,0,0.550470113754272,1,1,1,-1,0.300920486450195
5,1,6,36,-3,3,1,0.750931262969971,1,-1,1,1,0.300470113754272
5,1,6,37,81,81,1,0.667577028274536,-1,1,-1,1,0.500931262969971
5,1,6,38,27,27,1,0.550488948822021,1,1,1,-1,0.417577028274536
5,1,6,42,-81,81,0,0.500473022460938,-1,-1,1,1,0.367552042007446
5,1,6,43,9,9,1,0.584261894226074,-1,-1,-1,-1,0.250473022460938
5,1,6,44,-9,9,1,0.534268140792847,1,1,-1,-1,0.334261894226074
5,1,6,45,81,81,0,0.517597913742065,-1,1,1,1,0.284268140792847
5,1,6,46,-27,27,0,0.600473165512085,1,-1,1,-1,0.267597913742065
5,1,6,47,0,0,1,0.850455522537231,-1,-1,-1,1,0.350473165512085
5,1,6,48,-9,9,0,0.58380913734436,1,1,-1,-1,0.600455522537231
5,1,6,49,3,3,1,0.617597103118896,-1,-1,1,1,0.33380913734436
5,1,6,53,81,81,1,0.383828163146973,-1,1,1,-1,0.617120027542114
5,1,6,54,-3,3,0,0.633819341659546,1,1,1,-1,0.133828163146973
5,1,6,55,3,3,1,0.517135143280029,-1,-1,1,1,0.383819341659546
5,1,6,56,-9,9,1,0.533997297286987,1,1,-1,-1,0.267135143280029
5,1,6,57,9,9,1,0.567161083221436,-1,1,1,1,0.283997297286987
5,1,6,58,9,9,1,0.550896167755127,1,1,1,-1,0.317161083221436
5,1,6,59,-27,27,0,0.583801507949829,1,1,1,1,0.300896167755127
5,1,6,60,-9,9,0,0.567138195037842,-1,-1,1,1,0.333801507949829
5,1,6,61,27,27,1,0.634278059005737,-1,-1,-1,-1,0.317138195037842
5,1,6,62,-27,27,1,0.933790922164917,1,1,-1,-1,0.384278059005737
5,1,6,63,27,27,1,0.583788156509399,-1,1,1,1,0.683790922164917
5,1,6,64,27,27,1,0.300488948822021,1,1,1,-1,0.333788156509399
5,1,6,65,0,0,1,0.584259986877441,1,1,1,1,0.0504889488220215
5,1,6,66,81,81,1,0.583825349807739,1,1,1,1,0.334259986877441
5,1,6,67,27,27,1,0.650986194610596,1,1,1,1,0.333825349807739
5,1,6,68,-27,27,0,0.683801889419556,1,1,1,1,0.400986194610596
5,1,6,69,-0,0,1,0.867544174194336,-1,-1,1,1,0.433801889419556
5,1,6,70,-81,81,0,0.3838050365448,-1,1,-1,-1,0.617544174194336
5,1,6,71,9,9,1,0.600917339324951,-1,-1,1,-1,0.1338050365448
5,1,6,72,-0,0,1,0.300481081008911,1,1,-1,-1,0.350917339324951
5,1,6,73,27,27,1,0.300467729568481,-1,1,1,1,0.0504810810089111
5,1,6,74,-81,81,0,0.300468921661377,1,1,1,-1,0.0504677295684814
5,1,6,75,-81,81,0,0.334352254867554,-1,-1,1,1,0.050468921661377
5,1,6,76,9,9,1,0.567163944244385,-1,-1,-1,-1,0.0843522548675537
5,1,6,77,-9,9,0,0.333812713623047,1,1,-1,-1,0.317163944244385
5,1,6,78,3,3,1,0.467149257659912,-1,-1,1,1,0.0838127136230469
5,1,6,79,-81,81,0,0.484330177307129,1,1,-1,-1,0.217149257659912
5,1,6,80,3,3,1,0.584252119064331,-1,-1,1,1,0.234330177307129
5,1,6,81,3,3,1,0.600941181182861,1,1,-1,-1,0.334252119064331
5,1,6,82,3,3,1,0.617591619491577,1,1,1,1,0.350941181182861
5,1,6,83,-0,0,0,1.00171303749084,1,1,1,1,0.367591619491577
5,1,6,84,9,9,1,0.567145109176636,-1,-1,1,1,0.751713037490845
5,1,6,85,-3,3,1,0.717874050140381,1,1,-1,-1,0.317145109176636
5,1,6,86,0,0,1,0.734759092330933,-1,1,1,1,0.467874050140381
5,1,6,87,-3,3,1,0.617142915725708,1,1,1,-1,0.484759092330933
5,1,6,88,-81,81,0,0.850893974304199,-1,1,1,1,0.367142915725708
5,1,6,89,-27,27,0,0.784266948699951,-1,-1,1,-1,0.600893974304199
5,1,6,94,9,9,0,0.867152214050293,-1,1,-1,1,0.267269611358643
5,1,6,95,9,9,1,1.06710720062256,1,-1,1,-1,0.617152214050293
5,1,6,96,-81,81,0,0.567127466201782,1,1,-1,1,0.817107200622559
5,1,6,97,81,81,1,0.534231185913086,-1,-1,1,1,0.317127466201782
5,1,6,98,-9,9,0,0.683786869049072,1,1,-1,-1,0.284231185913086
5,1,6,99,27,27,1,0.617195844650269,-1,-1,1,1,0.433786869049072
5,2,1,2,-0,0,1,1.33421492576599,-1,1,1,1,0.584009170532227
5,2,1,3,3,3,1,0.617125034332275,-1,1,1,-1,1.08421492576599
5,2,1,4,-0,0,1,0.83381199836731,1,1,1,-1,0.367125034332275
5,2,1,5,3,3,1,1.46753597259521,-1,1,1,1,0.58381199836731
5,2,1,6,-81,81,0,0.683819770812988,1,1,1,-1,1.21753597259521
5,2,1,7,-3,3,1,1.00092101097107,-1,-1,1,1,0.433819770812988
5,2,1,8,81,81,1,0.717546939849854,-1,1,-1,-1,0.750921010971069
5,2,1,9,-3,3,1,0.734248876571655,1,1,1,-1,0.467546939849854
5,2,1,10,9,9,1,0.800475120544434,-1,1,1,1,0.484248876571655
5,2,1,11,-3,3,1,0.834240913391113,1,1,1,-1,0.550475120544434
5,2,1,12,81,81,1,0.70092511177063,-1,1,1,1,0.584240913391113
5,2,1,16,27,27,1,0.717584133148193,-1,-1,-1,1,0.350461959838867
5,2,1,17,-27,27,0,0.484258890151978,1,1,-1,-1,0.467584133148193
5,2,1,18,81,81,1,0.550884962081909,-1,-1,1,1,0.234258890151978
5,2,1,19,-81,81,0,0.567129611968994,1,1,-1,-1,0.300884962081909
5,2,1,20,81,81,1,1.05140447616577,-1,-1,1,1,0.317129611968994
5,2,1,21,9,9,1,1.15044212341309,1,1,-1,-1,0.801404476165771
5,2,1,22,-3,3,1,0.617125988006592,1,1,1,1,0.900442123413086
5,2,1,23,81,81,1,0.784236907958984,-1,1,1,1,0.367125988006592
5,2,1,24,-81,81,0,0.334414958953857,1,1,1,-1,0.534236907958984
5,2,1,25,9,9,1,0.900446891784668,-1,-1,1,1,0.0844149589538574
5,2,1,26,27,27,1,0.617602586746216,1,1,-1,-1,0.650446891784668
5,2,1,27,-81,81,0,0.550452947616577,1,1,1,1,0.367602586746216
5,2,1,28,3,3,1,0.817119836807251,-1,-1,1,1,0.300452947616577
5,2,1,29,-3,3,1,0.650876998901367,1,1,-1,-1,0.567119836807251
5,2,1,30,27,27,1,0.567131280899048,-1,1,1,1,0.400876998901367
5,2,1,31,-3,3,0,0.684249877929688,1,1,1,-1,0.317131280899048
5,2,1,32,9,9,1,0.617846250534058,-1,-1,1,1,0.434249877929688
5,2,1,33,-81,81,0,0.484255313873291,1,1,-1,-1,0.367846250534058
5,2,1,34,-3,3,1,0.767101287841797,-1,-1,1,1,0.234255313873291
5,2,1,35,3,3,0,0.484283208847046,-1,1,-1,-1,0.517101287841797
5,2,1,36,-3,3,1,0.650458097457886,1,-1,1,-1,0.234283208847046
5,2,1,37,27,27,1,0.750462055206299,-1,1,-1,1,0.400458097457886
5,2,1,38,-27,27,0,0.750909090042114,1,1,1,-1,0.500462055206299
5,2,1,39,-27,27,0,0.633774042129517,-1,-1,1,1,0.500909090042114
5,2,1,40,81,81,1,0.567188501358032,-1,-1,-1,-1,0.383774042129517
5,2,1,41,9,9,1,0.900454044342041,1,1,-1,-1,0.317188501358032
5,2,1,42,-9,9,1,0.650467157363892,1,1,1,1,0.650454044342041
5,2,1,43,-27,27,0,0.634221315383911,-1,1,1,1,0.400467157363892
5,2,1,44,-9,9,1,1.23422503471375,-1,-1,1,-1,0.384221315383911
5,2,1,45,9,9,1,0.65046501159668,-1,1,-1,-1,0.984225034713745
5,2,1,46,-3,3,0,1.28381109237671,1,1,1,-1,0.40046501159668
5,2,1,47,-81,81,0,0.533772468566895,-1,-1,1,1,1.03381109237671
5,2,1,48,3,3,1,1.18377709388733,-1,-1,-1,-1,0.283772468566895
5,2,1,49,-27,27,0,0.63379693031311,1,1,-1,-1,0.933777093887329
5,2,1,50,-0,0,0,0.600478172302246,-1,-1,1,1,0.38379693031311
5,2,1,51,9,9,1,0.717126846313477,-1,-1,-1,-1,0.350478172302246
5,2,1,52,-9,9,0,0.667117834091187,1,1,-1,-1,0.467126846313477
5,2,1,53,-27,27,0,0.567140102386475,-1,-1,1,1,0.417117834091187
5,2,1,54,81,81,1,0.550481557846069,-1,-1,-1,-1,0.317140102386475
5,2,1,55,-0,0,0,0.767576217651367,1,1,-1,-1,0.300481557846069
5,2,1,56,9,9,1,0.817584276199341,-1,-1,1,1,0.517576217651367
5,2,1,57,-0,0,1,0.650919198989868,1,1,-1,-1,0.567584276199341
5,2,1,58,9,9,1,0.984499931335449,-1,1,1,1,0.400919198989868
5,2,1,59,-3,3,0,0.65052604675293,1,1,1,-1,0.734499931335449
5,2,1,60,81,81,1,0.550487041473389,-1,-1,1,1,0.40052604675293
5,2,1,61,-27,27,0,0.500946044921875,1,1,-1,-1,0.300487041473389
5,2,1,62,9,9,1,0.633800029754639,-1,-1,1,1,0.250946044921875
5,2,1,63,-0,0,1,0.734237909317017,1,1,-1,-1,0.383800029754639
5,2,1,64,-9,9,1,1.03378820419312,-1,1,1,1,0.484237909317017
5,2,1,65,81,81,1,0.55092191696167,-1,1,1,-1,0.783788204193115
5,2,1,66,-9,9,0,0.683868169784546,1,1,1,-1,0.30092191696167
5,2,1,67,27,27,1,0.517130851745605,-1,-1,1,1,0.433868169784546
5,2,1,68,-27,27,1,0.78423547744751,1,1,-1,-1,0.267130851745605
5,2,1,69,3,3,1,0.650935173034668,-1,1,1,1,0.53423547744751
5,2,1,70,27,27,1,0.550924062728882,1,1,1,-1,0.400935173034668
5,2,1,71,9,9,1,0.518126964569092,1,1,1,1,0.300924062728882
5,2,1,72,-9,9,0,0.483779430389404,1,1,1,1,0.268126964569092
5,2,1,73,27,27,1,0.534255027770996,-1,-1,1,1,0.233779430389404
5,2,1,74,-9,9,0,0.483795642852783,1,1,-1,-1,0.284255027770996
5,2,1,75,-27,27,0,0.667139291763306,-1,-1,1,1,0.233795642852783
5,2,1,76,-81,81,0,0.734246969223022,-1,-1,-1,-1,0.417139291763306
5,2,1,77,3,3,1,0.634246110916138,-1,-1,-1,-1,0.484246969223022
5,2,1,78,-27,27,0,0.400467872619629,1,1,-1,-1,0.384246110916138
5,2,1,79,0,0,0,0.517107486724854,-1,-1,1,1,0.150467872619629
5,2,1,80,-3,3,0,0.783840894699097,1,-1,-1,-1,0.267107486724854
5,2,1,81,27,27,1,0.551278114318848,-1,-1,-1,1,0.533840894699097
5,2,1,82,3,3,1,0.683781862258911,1,1,-1,-1,0.301278114318848
5,2,1,83,-9,9,0,0.550465106964111,1,1,1,1,0.433781862258911
5,2,1,84,9,9,1,0.90045690536499,-1,-1,1,1,0.300465106964111
5,2,1,85,-81,81,0,0.517588138580322,1,1,-1,-1,0.65045690536499
5,2,1,86,3,3,1,0.88380765914917,-1,-1,1,1,0.267588138580322
5,2,1,87,-3,3,0,0.750452041625977,1,1,-1,-1,0.63380765914917
5,2,1,88,9,9,1,0.534247875213623,-1,-1,1,1,0.500452041625977
5,2,1,89,-81,81,0,0.384225606918335,1,1,-1,-1,0.284247875213623
5,2,1,93,81,81,1,0.534223318099976,-1,-1,1,1,0.150486946105957
5,2,1,94,-0,0,0,0.50053596496582,1,1,-1,-1,0.284223318099976
5,2,1,95,81,81,1,0.533822059631348,-1,-1,1,1,0.25053596496582
5,2,1,96,-81,81,0,0.5176100730896,1,1,-1,-1,0.283822059631348
5,2,1,97,9,9,1,1.06710720062256,-1,-1,1,1,0.2676100730896
5,2,1,98,-3,3,0,0.834251880645752,1,1,-1,-1,0.817107200622559
5,2,1,99,27,27,1,0.55049204826355,-1,-1,1,1,0.584251880645752
5,2,2,2,-9,9,1,0.817107915878296,-1,-1,-1,-1,0.251144647598267
5,2,2,3,-3,3,1,0.583791971206665,-1,1,-1,-1,0.567107915878296
5,2,2,4,-27,27,0,0.550474643707275,-1,1,1,-1,0.333791971206665
5,2,2,5,-3,3,0,0.633806943893433,-1,-1,1,-1,0.300474643707275
5,2,2,6,27,27,1,0.533809661865234,-1,-1,-1,-1,0.383806943893433
5,2,2,7,81,81,1,0.533798933029175,1,1,-1,-1,0.283809661865234
5,2,2,8,9,9,0,0.833791732788086,1,1,1,1,0.283798933029175
5,2,2,9,9,9,1,1.16795182228088,1,-1,1,1,0.583791732788086
5,2,2,10,27,27,1,0.284304141998291,1,1,-1,1,0.917951822280884
5,2,2,11,27,27,1,0.617567300796509,1,1,1,1,0.034304141998291
5,2,2,12,-27,27,0,0.617120981216431,1,1,1,1,0.367567300796509
5,2,2,13,-0,0,1,0.367135047912598,-1,-1,1,1,0.367120981216431
5,2,2,14,-27,27,0,0.550457000732422,-1,1,-1,-1,0.117135047912598
5,2,2,15,-3,3,1,0.600482940673828,-1,-1,1,-1,0.300457000732422
5,2,2,16,3,3,0,0.767581224441528,-1,1,-1,-1,0.350482940673828
5,2,2,17,27,27,1,0.533804655075073,1,-1,1,-1,0.517581224441528
5,2,2,18,27,27,1,0.767102956771851,1,1,-1,1,0.283804655075073
5,2,2,19,-27,27,0,0.567590951919556,1,1,1,1,0.517102956771851
5,2,2,20,3,3,1,0.500478029251099,-1,-1,1,1,0.317590951919556
5,2,2,21,-9,9,0,0.734771013259888,1,1,-1,-1,0.250478029251099
5,2,2,22,9,9,1,0.917120933532715,-1,-1,1,1,0.484771013259888
5,2,2,23,-0,0,0,0.800937414169312,1,1,-1,-1,0.667120933532715
5,2,2,24,-3,3,0,0.633795022964478,-1,-1,1,1,0.550937414169312
5,2,2,25,-3,3,1,0.567552089691162,-1,-1,-1,-1,0.383795022964478
5,2,2,26,27,27,1,0.650914907455444,-1,1,-1,-1,0.317552089691162
5,2,2,27,0,0,1,0.583871603012085,1,1,1,-1,0.400914907455444
5,2,2,28,-0,0,0,0.767122030258179,1,1,1,1,0.333871603012085
5,2,2,29,-3,3,1,0.600481986999512,-1,-1,1,1,0.517122030258179
5,2,2,30,-81,81,0,0.650480031967163,-1,1,-1,-1,0.350481986999512
5,2,2,31,9,9,0,1.06757020950317,-1,-1,1,-1,0.400480031967163
5,2,2,32,-9,9,1,0.500462055206299,1,-1,-1,-1,0.817570209503174
5,2,2,33,-9,9,1,0.450487852096558,-1,1,-1,1,0.250462055206299
5,2,2,34,-3,3,0,0.284260034561157,-1,1,1,-1,0.200487852096558
5,2,2,35,81,81,1,0.483795166015625,-1,-1,1,-1,0.0342600345611572
5,2,2,36,9,9,1,0.900457620620728,1,1,-1,-1,0.233795166015625
5,2,2,37,3,3,0,0.867577314376831,1,1,1,1,0.650457620620728
5,2,2,38,3,3,1,0.717121362686157,1,-1,1,1,0.617577314376831
5,2,2,39,9,9,1,0.467137098312378,1,1,-1,1,0.467121362686157
5,2,2,40,81,81,1,0.51714825630188,1,1,1,1,0.217137098312378
5,2,2,41,27,27,1,0.533802032470703,1,1,1,1,0.26714825630188
5,2,2,42,27,27,1,0.533789396286011,1,1,1,1,0.283802032470703
5,2,2,43,-27,27,0,1.13377809524536,1,1,1,1,0.283789396286011
5,2,2,44,-3,3,1,0.617170572280884,-1,-1,1,1,0.883778095245361
5,2,2,45,-81,81,0,0.550474405288696,-1,1,-1,-1,0.367170572280884
5,2,2,46,81,81,1,0.583798885345459,-1,-1,1,-1,0.300474405288696
5,2,2,47,0,0,0,0.617121458053589,1,1,-1,-1,0.333798885345459
5,2,2,48,3,3,1,0.550480842590332,1,-1,1,1,0.367121458053589
5,2,2,49,3,3,0,0.717118501663208,1,1,-1,1,0.300480842590332
5,2,2,50,9,9,1,0.567590951919556,1,-1,1,1,0.467118501663208
5,2,2,51,3,3,0,0.900496482849121,1,1,-1,1,0.317590951919556
5,2,2,52,0,0,1,0.667603969573975,1,-1,1,1,0.650496482849121
5,2,2,60,-27,27,0,0.633800983428955,1,1,1,1,0.333811044692993
5,2,2,61,-81,81,0,0.600928068161011,-1,-1,1,1,0.383800983428955
5,2,2,62,81,81,1,0.633802175521851,-1,-1,-1,-1,0.350928068161011
5,2,2,63,81,81,1,0.534252166748047,1,1,-1,-1,0.383802175521851
5,2,2,64,27,27,1,0.583802223205566,1,1,1,1,0.284252166748047
5,2,2,65,81,81,1,0.617590188980103,1,1,1,1,0.333802223205566
5,2,2,66,0,0,1,1.35044407844543,1,1,1,1,0.367590188980103
5,2,2,67,3,3,0,0.734241008758545,1,1,1,1,1.10044407844543
5,2,2,68,3,3,1,0.517127990722656,1,-1,1,1,0.484241008758545
5,2,2,69,27,27,1,0.500463008880615,1,1,-1,1,0.267127990722656
5,2,2,70,81,81,1,0.517163276672363,1,1,1,1,0.250463008880615
5,2,2,71,27,27,1,0.500454902648926,1,1,1,1,0.267163276672363
5,2,2,72,27,27,1,0.500479698181152,1,1,1,1,0.250454902648926
5,2,2,73,3,3,0,0.583792924880981,1,1,1,1,0.250479698181152
5,2,2,74,-81,81,0,0.533808946609497,1,-1,1,1,0.333792924880981
5,2,2,75,-3,3,1,0.517159461975098,-1,-1,-1,1,0.283808946609497
5,2,2,76,-81,81,0,0.300950050354004,-1,1,-1,-1,0.267159461975098
5,2,2,77,-3,3,0,0.634271144866943,-1,-1,1,-1,0.0509500503540039
5,2,2,78,0,0,1,0.517151832580566,-1,-1,-1,-1,0.384271144866943
5,2,2,79,81,81,1,0.550488233566284,1,1,-1,-1,0.267151832580566
5,2,2,80,27,27,1,0.650470972061157,1,1,1,1,0.300488233566284
5,2,2,81,-81,81,0,0.567154407501221,1,1,1,1,0.400470972061157
5,2,2,82,-9,9,0,0.784251928329468,-1,-1,1,1,0.317154407501221
5,2,2,83,-3,3,0,0.550480365753174,-1,-1,-1,-1,0.534251928329468
5,2,2,84,-9,9,1,0.583799362182617,-1,-1,-1,-1,0.300480365753174
5,2,2,85,-81,81,0,0.550967931747437,-1,1,-1,-1,0.333799362182617
5,2,2,86,-0,0,1,0.517608165740967,-1,-1,1,-1,0.300967931747437
5,2,2,87,-81,81,0,0.534275054931641,-1,1,-1,-1,0.267608165740967
5,2,2,88,-3,3,1,0.700446128845215,-1,-1,1,-1,0.284275054931641
5,2,2,89,-9,9,0,0.917824983596802,-1,1,-1,-1,0.450446128845215
5,2,2,90,-81,81,0,1.00045895576477,-1,-1,1,-1,0.667824983596802
5,2,2,91,-81,81,0,0.783782958984375,-1,-1,-1,-1,0.750458955764771
5,2,2,92,-9,9,0,0.600522041320801,-1,-1,-1,-1,0.533782958984375
5,2,2,93,-81,81,0,0.267564058303833,-1,-1,-1,-1,0.350522041320801
5,2,2,94,9,9,1,0.567137002944946,-1,-1,-1,-1,0.017564058303833
5,2,2,95,27,27,1,0.38384222984314,1,1,-1,-1,0.317137002944946
5,2,2,96,0,0,1,1.06756234169006,1,1,1,1,0.13384222984314
5,2,2,97,-9,9,0,0.450461149215698,1,1,1,1,0.817562341690063
5,2,2,98,-9,9,0,0.551067113876343,-1,-1,1,1,0.200461149215698
5,2,2,99,-9,9,0,0.700515985488892,-1,-1,-1,-1,0.301067113876343
5,2,3,2,0,0,1,0.733792066574097,1,1,-1,-1,0.834450006484985
5,2,3,3,27,27,1,1.00043869018555,1,1,1,1,0.483792066574097
5,2,3,4,0,0,0,0.600455760955811,1,1,1,1,0.750438690185547
5,2,3,5,3,3,0,0.450528144836426,1,-1,1,1,0.350455760955811
5,2,3,6,3,3,0,0.550930976867676,1,-1,-1,1,0.200528144836426
5,2,3,7,9,9,1,0.950448989868164,1,-1,-1,1,0.300930976867676
5,2,3,8,9,9,1,0.783818960189819,1,1,-1,1,0.700448989868164
5,2,3,9,81,81,1,0.550495386123657,1,1,1,1,0.533818960189819
5,2,3,10,-3,3,1,0.950473070144653,1,1,1,1,0.300495386123657
5,2,3,11,-0,0,0,0.617567777633667,-1,1,1,1,0.700473070144653
5,2,3,12,-9,9,1,1.08377623558044,-1,-1,1,-1,0.367567777633667
5,2,3,13,-3,3,0,0.550925016403198,-1,1,-1,-1,0.833776235580444
5,2,3,14,-27,27,0,0.550464868545532,-1,-1,1,-1,0.300925016403198
5,2,3,15,27,27,1,0.350497007369995,-1,-1,-1,-1,0.300464868545532
5,2,3,16,3,3,1,0.800472259521484,1,1,-1,-1,0.100497007369995
5,2,3,17,3,3,1,1.05046582221985,1,1,1,1,0.550472259521484
5,2,3,18,81,81,1,0.317590713500977,1,1,1,1,0.800465822219849
5,2,3,19,9,9,0,0.584520816802979,1,1,1,1,0.0675907135009766
5,2,3,20,9,9,1,0.600518941879272,1,-1,1,1,0.334520816802979
5,2,3,21,0,0,1,0.984530210494995,1,1,-1,1,0.350518941879272
5,2,3,22,3,3,1,0.583793878555298,1,1,1,1,0.734530210494995
5,2,3,23,3,3,1,0.850882291793823,1,1,1,1,0.333793878555298
5,2,3,24,27,27,1,0.600481271743774,1,1,1,1,0.600882291793823
5,2,3,25,-27,27,0,0.434233903884888,1,1,1,1,0.350481271743774
5,2,3,26,-81,81,0,0.434256076812744,-1,-1,1,1,0.184233903884888
5,2,3,27,-3,3,1,0.750454902648926,-1,-1,-1,-1,0.184256076812744
5,2,3,28,-0,0,0,0.367128133773804,-1,1,-1,-1,0.500454902648926
5,2,3,29,-3,3,1,0.600490093231201,-1,-1,1,-1,0.117128133773804
5,2,3,30,-27,27,0,0.567124843597412,-1,1,-1,-1,0.350490093231201
5,2,3,31,-9,9,0,0.533791303634644,-1,-1,1,-1,0.317124843597412
5,2,3,32,81,81,1,0.533809185028076,-1,-1,-1,-1,0.283791303634644
5,2,3,33,9,9,1,0.717133283615112,1,1,-1,-1,0.283809185028076
5,2,3,34,81,81,1,0.550459146499634,1,1,1,1,0.467133283615112
5,2,3,35,27,27,1,0.534570932388306,1,1,1,1,0.300459146499634
5,2,3,36,-81,81,0,0.333818435668945,1,1,1,1,0.284570932388306
5,2,3,37,9,9,1,0.517118215560913,-1,-1,1,1,0.0838184356689453
5,2,3,38,-0,0,0,0.700464963912964,1,1,-1,-1,0.267118215560913
5,2,3,39,-27,27,0,0.467578172683716,-1,-1,1,1,0.450464963912964
5,2,3,40,-9,9,0,0.633831262588501,-1,-1,-1,-1,0.217578172683716
5,2,3,41,-9,9,1,0.384804964065552,-1,-1,-1,-1,0.383831262588501
5,2,3,42,-9,9,1,0.734261989593506,-1,1,-1,-1,0.134804964065552
5,2,3,43,81,81,1,0.550946235656738,-1,1,1,-1,0.484261989593506
5,2,3,44,9,9,1,1.26711416244507,1,1,1,-1,0.300946235656738
5,2,3,45,9,9,1,0.533799886703491,1,1,1,1,1.01711416244507
5,2,3,46,9,9,1,0.550467014312744,1,1,1,1,0.283799886703491
5,2,3,47,3,3,0,0.450882434844971,1,1,1,1,0.300467014312744
5,2,3,48,27,27,1,0.550474166870117,1,-1,1,1,0.200882434844971
5,2,3,49,-9,9,0,0.567596197128296,1,1,-1,1,0.300474166870117
5,2,3,50,-3,3,1,0.467130899429321,-1,-1,1,1,0.317596197128296
5,2,3,51,-27,27,0,0.367587804794312,-1,1,-1,-1,0.217130899429321
5,2,3,52,-3,3,1,0.517663955688477,-1,-1,1,-1,0.117587804794312
5,2,3,53,-81,81,0,0.26713490486145,-1,1,-1,-1,0.267663955688477
5,2,3,54,27,27,1,0.534257173538208,-1,-1,1,-1,0.0171349048614502
5,2,3,55,81,81,1,0.517593860626221,1,1,-1,-1,0.284257173538208
5,2,3,56,3,3,0,0.783814907073975,1,1,1,1,0.267593860626221
5,2,3,57,0,0,1,0.567590236663818,1,-1,1,1,0.533814907073975
5,2,3,58,9,9,0,0.700934171676636,1,1,-1,1,0.317590236663818
5,2,3,59,81,81,1,0.584217071533203,1,-1,1,1,0.450934171676636
5,2,3,60,3,3,1,0.867124080657959,1,1,-1,1,0.334217071533203
5,2,3,61,81,81,1,0.534270048141479,1,1,1,1,0.617124080657959
5,2,3,62,3,3,1,0.767539024353027,1,1,1,1,0.284270048141479
5,2,3,63,81,81,1,0.317560195922852,1,1,1,1,0.517539024353027
5,2,3,64,81,81,1,0.350479125976562,1,1,1,1,0.0675601959228516
5,2,3,65,81,81,1,0.533807039260864,1,1,1,1,0.100479125976562
5,2,3,66,27,27,1,0.517138004302979,1,1,1,1,0.283807039260864
5,2,3,67,27,27,1,0.53429913520813,1,1,1,1,0.267138004302979
5,2,3,68,0,0,1,0.600470066070557,1,1,1,1,0.28429913520813
5,2,3,69,-27,27,0,0.434256076812744,1,1,1,1,0.350470066070557
5,2,3,70,-81,81,0,0.300926923751831,-1,-1,1,1,0.184256076812744
5,2,3,71,-9,9,0,0.567133903503418,-1,-1,-1,-1,0.0509269237518311
5,2,3,72,-9,9,0,0.484261989593506,-1,-1,-1,-1,0.317133903503418
5,2,3,73,-0,0,1,0.533792972564697,-1,-1,-1,-1,0.234261989593506
5,2,3,74,81,81,1,0.484291076660156,-1,1,-1,-1,0.283792972564697
5,2,3,75,81,81,1,0.484262228012085,1,1,1,-1,0.234291076660156
5,2,3,76,-27,27,0,0.517138004302979,1,1,1,1,0.234262228012085
5,2,3,77,-9,9,1,0.534255266189575,-1,-1,1,1,0.267138004302979
5,2,3,82,27,27,1,0.584227085113525,-1,-1,1,-1,0.217128276824951
5,2,3,83,81,81,1,0.534248352050781,1,1,-1,-1,0.334227085113525
5,2,3,84,27,27,1,0.533818960189819,1,1,1,1,0.284248352050781
5,2,3,85,-3,3,0,0.450461387634277,1,1,1,1,0.283818960189819
5,2,3,86,-27,27,0,0.534256219863892,-1,-1,1,1,0.200461387634277
5,2,3,87,-9,9,1,0.584259271621704,-1,-1,-1,-1,0.284256219863892
5,2,3,88,-27,27,0,0.384235143661499,-1,1,-1,-1,0.334259271621704
5,2,3,89,-27,27,0,0.333814859390259,-1,-1,1,-1,0.134235143661499
5,2,3,90,-0,0,1,0.584285974502563,-1,-1,-1,-1,0.0838148593902588
5,2,3,91,-3,3,0,0.450951099395752,-1,1,-1,-1,0.334285974502563
5,2,3,92,-0,0,1,0.517568349838257,-1,-1,1,-1,0.200951099395752
5,2,3,93,-9,9,0,0.650917053222656,-1,1,-1,-1,0.267568349838257
5,2,3,94,-9,9,0,0.333796977996826,-1,-1,1,-1,0.400917053222656
5,2,3,95,-27,27,0,0.417163133621216,-1,-1,-1,-1,0.0837969779968262
5,2,3,96,-3,3,0,0.517132520675659,-1,-1,-1,-1,0.167163133621216
5,2,3,97,-81,81,0,0.383817195892334,-1,-1,-1,-1,0.267132520675659
5,2,3,98,-3,3,0,0.567119121551514,-1,-1,-1,-1,0.133817195892334
5,2,3,99,-81,81,0,0.400474071502686,-1,-1,-1,-1,0.317119121551514
5,2,4,2,-3,3,1,0.700469493865967,1,1,1,1,0.56734299659729
5,2,4,3,3,3,1,0.317143440246582,-1,1,1,1,0.450469493865967
5,2,4,4,-3,3,1,0.434255123138428,1,1,1,-1,0.067143440246582
5,2,4,5,0,0,1,0.367160797119141,-1,1,1,1,0.184255123138428
5,2,4,6,-3,3,1,0.550907850265503,1,1,1,-1,0.117160797119141
5,2,4,7,81,81,1,0.450470924377441,-1,1,1,1,0.300907850265503
5,2,4,8,-27,27,0,0.433795928955078,1,1,1,-1,0.200470924377441
5,2,4,9,9,9,1,0.283836841583252,-1,-1,1,1,0.183795928955078
5,2,4,10,-81,81,0,0.450918674468994,1,1,-1,-1,0.033836841583252
5,2,4,11,9,9,1,0.567176103591919,-1,-1,1,1,0.200918674468994
5,2,4,12,27,27,1,0.500468969345093,1,1,-1,-1,0.317176103591919
5,2,4,13,-81,81,0,0.283830881118774,1,1,1,1,0.250468969345093
5,2,4,14,81,81,1,0.317596912384033,-1,-1,1,1,0.0338308811187744
5,2,4,15,-3,3,0,0.634240627288818,1,1,-1,-1,0.0675969123840332
5,2,4,16,3,3,1,0.367130041122437,-1,-1,1,1,0.384240627288818
5,2,4,17,27,27,1,0.383806943893433,1,1,-1,-1,0.117130041122437
5,2,4,18,-81,81,0,0.284295797348022,1,1,1,1,0.133806943893433
5,2,4,19,-0,0,1,0.333796262741089,-1,-1,1,1,0.0342957973480225
5,2,4,20,81,81,1,0.383791208267212,-1,1,-1,-1,0.0837962627410889
5,2,4,21,-0,0,1,0.483829975128174,1,1,1,-1,0.133791208267212
5,2,4,22,9,9,1,0.433806419372559,-1,1,1,1,0.233829975128174
5,2,4,23,-0,0,1,0.484272718429565,1,1,1,-1,0.183806419372559
5,2,4,24,9,9,0,0.584248065948486,-1,1,1,1,0.234272718429565
5,2,4,25,9,9,1,0.483803987503052,1,-1,1,-1,0.334248065948486
5,2,4,26,-81,81,0,0.334268808364868,1,1,-1,1,0.233803987503052
5,2,4,27,27,27,1,0.417603731155396,-1,-1,1,1,0.0842688083648682
5,2,4,28,3,3,0,0.517120122909546,1,1,-1,-1,0.167603731155396
5,2,4,29,-3,3,0,0.500467777252197,1,-1,1,1,0.267120122909546
5,2,4,30,-81,81,0,0.450469970703125,-1,-1,-1,1,0.250467777252197
5,2,4,31,-27,27,0,0.483888149261475,-1,-1,-1,-1,0.200469970703125
5,2,4,32,27,27,1,0.450508117675781,-1,-1,-1,-1,0.233888149261475
5,2,4,33,-3,3,1,0.583772420883179,1,1,-1,-1,0.200508117675781
5,2,4,34,9,9,1,0.567119359970093,-1,1,1,1,0.333772420883179
5,2,4,35,-3,3,1,0.650936603546143,1,1,1,-1,0.317119359970093
5,2,4,36,0,0,1,0.650917053222656,-1,1,1,1,0.400936603546143
5,2,4,37,0,0,1,0.617610692977905,1,1,1,-1,0.400917053222656
5,2,4,38,-9,9,1,0.550469160079956,1,1,1,1,0.367610692977905
5,2,4,39,81,81,1,0.500469923019409,-1,1,1,1,0.300469160079956
5,2,4,40,-9,9,0,0.667595386505127,1,1,1,-1,0.250469923019409
5,2,4,41,-0,0,1,0.433825254440308,-1,-1,1,1,0.417595386505127
5,2,4,42,81,81,1,0.367595911026001,-1,1,-1,-1,0.183825254440308
5,2,4,43,-0,0,1,0.61765718460083,1,1,1,-1,0.117595911026001
5,2,4,44,0,0,1,0.533794403076172,-1,1,1,1,0.36765718460083
5,2,4,45,-27,27,0,0.433799982070923,1,1,1,-1,0.283794403076172
5,2,4,46,9,9,1,0.38428783416748,-1,-1,1,1,0.183799982070923
5,2,4,47,-0,0,1,0.450483083724976,1,1,-1,-1,0.13428783416748
5,2,4,48,3,3,1,0.483810901641846,-1,1,1,1,0.200483083724976
5,2,4,49,-27,27,0,0.351164102554321,1,1,1,-1,0.233810901641846
5,2,4,50,9,9,1,0.483808040618896,-1,-1,1,1,0.101164102554321
5,2,4,51,-27,27,0,0.467119216918945,1,1,-1,-1,0.233808040618896
5,2,4,52,27,27,1,0.333824396133423,-1,-1,1,1,0.217119216918945
5,2,4,53,81,81,1,0.483827114105225,1,1,-1,-1,0.0838243961334229
5,2,4,54,-9,9,0,0.634227991104126,1,1,1,1,0.233827114105225
5,2,4,55,3,3,1,0.500457525253296,-1,-1,1,1,0.384227991104126
5,2,4,56,-27,27,0,0.534357070922852,1,1,-1,-1,0.250457525253296
5,2,4,57,81,81,1,0.483803272247314,-1,-1,1,1,0.284357070922852
5,2,4,58,-27,27,0,0.467590093612671,1,1,-1,-1,0.233803272247314
5,2,4,59,81,81,1,0.450500965118408,-1,-1,1,1,0.217590093612671
5,2,4,60,-9,9,0,0.484231233596802,1,1,-1,-1,0.200500965118408
5,2,4,61,81,81,1,0.30095648765564,-1,-1,1,1,0.234231233596802
5,2,4,62,-27,27,0,0.53380298614502,1,1,-1,-1,0.0509564876556396
5,2,4,63,27,27,1,0.51717209815979,-1,-1,1,1,0.28380298614502
5,2,4,64,-81,81,0,0.367166042327881,1,1,-1,-1,0.26717209815979
5,2,4,65,27,27,1,0.450489282608032,-1,-1,1,1,0.117166042327881
5,2,4,66,3,3,1,0.517593145370483,1,1,-1,-1,0.200489282608032
5,2,4,67,9,9,1,0.450928211212158,1,1,1,1,0.267593145370483
5,2,4,68,-27,27,0,0.417123556137085,1,1,1,1,0.200928211212158
5,2,4,69,3,3,0,0.584259033203125,-1,-1,1,1,0.167123556137085
5,2,4,70,-3,3,0,0.517558336257935,1,-1,-1,-1,0.334259033203125
5,2,4,71,3,3,0,0.667142152786255,-1,-1,-1,1,0.267558336257935
5,2,4,72,-9,9,1,0.651397943496704,1,-1,-1,-1,0.417142152786255
5,2,4,73,27,27,1,0.534253120422363,-1,1,-1,1,0.401397943496704
5,2,4,74,81,81,1,1.05044627189636,1,1,1,-1,0.284253120422363
5,2,4,75,-9,9,0,0.617132902145386,1,1,1,1,0.800446271896362
5,2,4,76,9,9,1,0.633802175521851,-1,-1,1,1,0.367132902145386
5,2,4,77,-27,27,0,0.583772659301758,1,1,-1,-1,0.383802175521851
5,2,4,78,3,3,1,0.400466918945312,-1,-1,1,1,0.333772659301758
5,2,4,79,-27,27,0,0.533809900283813,1,1,-1,-1,0.150466918945312
5,2,4,80,-27,27,0,0.583787202835083,-1,-1,1,1,0.283809900283813
5,2,4,81,-3,3,0,0.61712646484375,-1,-1,-1,-1,0.333787202835083
5,2,4,82,81,81,1,0.550474166870117,-1,-1,-1,-1,0.36712646484375
5,2,4,83,-81,81,0,0.450995922088623,1,1,-1,-1,0.300474166870117
5,2,4,84,3,3,0,0.817150354385376,-1,-1,1,1,0.200995922088623
5,2,4,85,-0,0,1,0.533808946609497,1,-1,-1,-1,0.567150354385376
5,2,4,86,3,3,1,0.650925159454346,-1,1,-1,1,0.283808946609497
5,2,4,87,-9,9,0,0.584213495254517,1,1,1,-1,0.400925159454346
5,2,4,88,81,81,1,0.500473260879517,-1,-1,1,1,0.334213495254517
5,2,4,89,-3,3,0,0.550904512405396,1,1,-1,-1,0.250473260879517
5,2,4,90,9,9,1,0.483797788619995,-1,-1,1,1,0.300904512405396
5,2,4,91,-9,9,0,0.567154169082642,1,1,-1,-1,0.233797788619995
5,2,4,92,81,81,1,0.484255790710449,-1,-1,1,1,0.317154169082642
5,2,4,93,-3,3,0,0.517596006393433,1,1,-1,-1,0.234255790710449
5,2,4,94,81,81,1,0.467139005661011,-1,-1,1,1,0.267596006393433
5,2,4,95,9,9,1,0.533799648284912,1,1,-1,-1,0.217139005661011
5,2,4,96,-9,9,0,0.633788108825684,1,1,1,1,0.283799648284912
5,2,4,97,27,27,1,0.600958824157715,-1,-1,1,1,0.383788108825684
5,2,4,98,-9,9,1,0.333812952041626,1,1,-1,-1,0.350958824157715
5,2,4,99,81,81,1,0.483840227127075,-1,1,1,1,0.083812952041626
5,2,5,3,-3,3,1,0.934598922729492,-1,-1,1,1,0.334254503250122
5,2,5,4,-3,3,1,0.884207963943481,-1,1,-1,-1,0.684598922729492
5,2,5,5,-27,27,0,0.517582893371582,-1,1,1,-1,0.634207963943481
5,2,5,6,9,9,1,0.633810043334961,-1,-1,1,-1,0.267582893371582
5,2,5,7,9,9,1,0.550889015197754,1,1,-1,-1,0.383810043334961
5,2,5,8,27,27,1,0.533803939819336,1,1,1,1,0.300889015197754
5,2,5,9,-9,9,1,0.617125988006592,1,1,1,1,0.283803939819336
5,2,5,10,-81,81,0,0.550918102264404,-1,1,1,1,0.367125988006592
5,2,5,11,-9,9,1,1.13377690315247,-1,-1,1,-1,0.300918102264404
5,2,5,12,9,9,1,0.650911808013916,-1,1,-1,-1,0.883776903152466
5,2,5,13,-9,9,0,0.550471067428589,1,1,1,-1,0.400911808013916
5,2,5,14,27,27,1,0.584240198135376,-1,-1,1,1,0.300471067428589
5,2,5,15,-9,9,1,0.467156171798706,1,1,-1,-1,0.334240198135376
5,2,5,16,81,81,1,0.617125034332275,-1,1,1,1,0.217156171798706
5,2,5,17,81,81,1,0.683796882629395,1,1,1,-1,0.367125034332275
5,2,5,18,81,81,1,0.483795166015625,1,1,1,1,0.433796882629395
5,2,5,19,-3,3,0,0.683815002441406,1,1,1,1,0.233795166015625
5,2,5,20,81,81,1,0.717130184173584,-1,-1,1,1,0.433815002441406
5,2,5,21,-81,81,0,0.500473976135254,1,1,-1,-1,0.467130184173584
5,2,5,22,-27,27,0,0.750455141067505,-1,-1,1,1,0.250473976135254
5,2,5,23,-27,27,0,0.633799076080322,-1,-1,-1,-1,0.500455141067505
5,2,5,24,27,27,1,0.567132949829102,-1,-1,-1,-1,0.383799076080322
5,2,5,25,-27,27,0,0.483801126480103,1,1,-1,-1,0.317132949829102
5,2,5,26,0,0,1,0.750445127487183,-1,-1,1,1,0.233801126480103
5,2,5,27,-27,27,0,0.367597103118896,1,1,-1,-1,0.500445127487183
5,2,5,28,-0,0,1,0.767116069793701,-1,-1,1,1,0.117597103118896
5,2,5,32,-3,3,0,0.934240818023682,1,1,-1,-1,0.31712007522583
5,2,5,33,0,0,1,0.650463104248047,-1,-1,1,1,0.684240818023682
5,2,5,34,-81,81,0,0.500485897064209,1,1,-1,-1,0.400463104248047
5,2,5,35,-3,3,0,0.800918102264404,-1,-1,1,1,0.250485897064209
5,2,5,36,-27,27,0,0.250909328460693,-1,-1,-1,-1,0.550918102264404
5,2,5,37,3,3,1,0.800454139709473,-1,-1,-1,-1,0.000909328460693359
5,2,5,38,81,81,1,0.450475215911865,1,1,-1,-1,0.550454139709473
5,2,5,39,9,9,1,0.700475215911865,1,1,1,1,0.200475215911865
5,2,5,40,-3,3,1,0.850909233093262,1,1,1,1,0.450475215911865
5,2,5,41,-81,81,0,0.317587852478027,-1,1,1,1,0.600909233093262
5,2,5,42,-3,3,1,0.767581224441528,-1,-1,1,-1,0.0675878524780273
5,2,5,43,-9,9,0,0.53425407409668,-1,1,-1,-1,0.517581224441528
5,2,5,44,27,27,1,0.550917148590088,-1,-1,1,-1,0.28425407409668
5,2,5,45,3,3,1,0.550472021102905,1,1,-1,-1,0.300917148590088
5,2,5,46,-0,0,1,0.65091609954834,1,1,1,1,0.300472021102905
5,2,5,47,-27,27,1,0.783814907073975,-1,1,1,1,0.40091609954834
5,2,5,48,27,27,1,0.450464963912964,-1,1,1,-1,0.533814907073975
5,2,5,49,9,9,1,0.650459766387939,1,1,1,-1,0.200464963912964
5,2,5,50,-9,9,1,0.583862066268921,1,1,1,1,0.400459766387939
5,2,5,51,-81,81,0,0.550965785980225,-1,1,1,1,0.333862066268921
5,2,5,52,-9,9,1,0.900869369506836,-1,-1,1,-1,0.300965785980225
5,2,5,53,3,3,1,0.650457382202148,-1,1,-1,-1,0.650869369506836
5,2,5,54,-9,9,0,0.550908088684082,1,1,1,-1,0.400457382202148
5,2,5,55,-27,27,0,0.600473165512085,-1,-1,1,1,0.300908088684082
5,2,5,56,81,81,1,0.417160272598267,-1,-1,-1,-1,0.350473165512085
5,2,5,57,27,27,1,0.534273147583008,1,1,-1,-1,0.167160272598267
5,2,5,58,-81,81,0,0.60091495513916,1,1,1,1,0.284273147583008
5,2,5,59,-27,27,0,0.450485229492188,-1,-1,1,1,0.35091495513916
5,2,5,60,-0,0,0,0.684218168258667,-1,-1,-1,-1,0.200485229492188
5,2,5,64,-0,0,1,0.850463151931763,1,1,1,1,0.834212303161621
5,2,5,65,27,27,1,0.600466966629028,-1,1,1,1,0.600463151931763
5,2,5,66,0,0,1,0.533825159072876,1,1,1,-1,0.350466966629028
5,2,5,67,-27,27,0,0.567595243453979,1,1,1,1,0.283825159072876
5,2,5,68,27,27,0,0.500919818878174,-1,-1,1,1,0.317595243453979
5,2,5,69,3,3,0,0.483795166015625,1,-1,-1,-1,0.250919818878174
5,2,5,70,-9,9,0,0.850905179977417,1,-1,-1,1,0.233795166015625
5,2,5,71,0,0,1,0.817553997039795,-1,-1,-1,1,0.600905179977417
5,2,5,72,27,27,1,0.600897073745728,1,1,-1,-1,0.567553997039795
5,2,5,73,3,3,1,0.367201089859009,1,1,1,1,0.350897073745728
5,2,5,74,-9,9,0,0.467137098312378,1,1,1,1,0.117201089859009
5,2,5,75,-3,3,1,0.700883150100708,-1,-1,1,1,0.217137098312378
5,2,5,76,0,0,1,0.883782386779785,-1,1,-1,-1,0.450883150100708
5,2,5,77,3,3,0,0.333801031112671,1,1,1,-1,0.633782386779785
5,2,5,78,-3,3,0,0.483859300613403,1,-1,1,1,0.0838010311126709
5,2,5,79,-3,3,1,1.08422088623047,-1,-1,-1,1,0.233859300613403
5,2,5,80,3,3,0,0.450473070144653,-1,1,-1,-1,0.834220886230469
5,2,5,81,0,0,1,0.250939846038818,1,-1,1,-1,0.200473070144653
5,2,5,82,81,81,1,0.550893068313599,1,1,-1,1,0.000939846038818359
5,2,5,83,-9,9,1,0.584256172180176,1,1,1,1,0.300893068313599
5,2,5,84,-81,81,0,0.500480175018311,-1,1,1,1,0.334256172180176
5,2,5,85,9,9,1,0.634253978729248,-1,-1,1,-1,0.250480175018311
5,2,5,86,-3,3,1,0.750487089157104,1,1,-1,-1,0.384253978729248
5,2,5,87,3,3,1,0.567587852478027,-1,1,1,1,0.500487089157104
5,2,5,88,81,81,1,1.06710600852966,1,1,1,-1,0.317587852478027
5,2,5,89,27,27,1,0.700910091400146,1,1,1,1,0.817106008529663
5,2,5,90,81,81,1,0.533879995346069,1,1,1,1,0.450910091400146
5,2,5,91,9,9,0,0.600444078445435,1,1,1,1,0.283879995346069
5,2,5,92,-3,3,1,0.801186084747314,1,-1,1,1,0.350444078445435
5,2,5,93,-9,9,0,0.850464105606079,-1,1,-1,1,0.551186084747314
5,2,5,94,-27,27,0,0.633800029754639,-1,-1,1,-1,0.600464105606079
5,2,5,95,-9,9,1,0.750445127487183,-1,-1,-1,-1,0.383800029754639
5,2,5,96,81,81,1,0.617114782333374,-1,1,-1,-1,0.500445127487183
5,2,5,97,3,3,0,0.483839273452759,1,1,1,-1,0.367114782333374
5,2,5,98,-81,81,0,0.317142963409424,1,-1,1,1,0.233839273452759
5,2,6,2,-81,81,0,0.367552757263184,1,1,1,-1,0.417804002761841
5,2,6,3,-81,81,0,0.317142009735107,-1,-1,1,1,0.117552757263184
5,2,6,4,-27,27,0,0.550924062728882,-1,-1,-1,-1,0.0671420097351074
5,2,6,5,-9,9,1,0.300894975662231,-1,-1,-1,-1,0.300924062728882
5,2,6,6,-27,27,0,0.434225082397461,-1,1,-1,-1,0.0508949756622314
5,2,6,7,27,27,1,0.550487279891968,-1,-1,1,-1,0.184225082397461
5,2,6,8,9,9,1,0.450475692749023,1,1,-1,-1,0.300487279891968
5,2,6,9,3,3,1,0.617605924606323,1,1,1,1,0.200475692749023
5,2,6,10,-27,27,0,0.401332855224609,1,1,1,1,0.367605924606323
5,2,6,11,-81,81,0,0.383789300918579,-1,-1,1,1,0.151332855224609
5,2,6,12,3,3,1,0.333832025527954,-1,-1,-1,-1,0.133789300918579
5,2,6,13,-0,0,1,0.517115116119385,1,1,-1,-1,0.0838320255279541
5,2,6,14,9,9,1,0.434258460998535,-1,1,1,1,0.267115116119385
5,2,6,18,81,81,1,0.583818912506104,1,1,1,1,0.56711745262146
5,2,6,19,-81,81,0,0.567147016525269,1,1,1,1,0.333818912506104
5,2,6,20,-9,9,0,0.733790636062622,-1,-1,1,1,0.317147016525269
5,2,6,21,9,9,1,0.483795166015625,-1,-1,-1,-1,0.483790636062622
5,2,6,22,3,3,1,0.417595148086548,1,1,-1,-1,0.233795166015625
5,2,6,23,-3,3,1,0.417136907577515,1,1,1,1,0.167595148086548
5,2,6,24,-3,3,1,0.567135095596313,-1,1,1,1,0.167136907577515
5,2,6,25,9,9,1,0.75091290473938,-1,1,1,-1,0.317135095596313
5,2,6,26,-27,27,0,0.550507068634033,1,1,1,-1,0.50091290473938
5,2,6,27,0,0,0,0.850451946258545,-1,-1,1,1,0.300507068634033
5,2,6,28,-3,3,1,0.300482749938965,1,-1,-1,-1,0.600451946258545
5,2,6,29,-9,9,0,0.517564058303833,-1,1,-1,1,0.0504827499389648
5,2,6,30,3,3,1,0.434284448623657,-1,-1,1,-1,0.267564058303833
5,2,6,35,-9,9,0,0.300482988357544,1,1,-1,-1,0.167593002319336
5,2,6,36,3,3,0,0.517603158950806,-1,-1,1,1,0.0504829883575439
5,2,6,37,3,3,0,0.484244108200073,1,-1,-1,-1,0.267603158950806
5,2,6,38,9,9,1,0.550469636917114,1,-1,-1,1,0.234244108200073
5,2,6,39,9,9,0,0.350586175918579,1,1,-1,1,0.300469636917114
5,2,6,40,-81,81,0,0.550921201705933,1,-1,1,1,0.100586175918579
5,2,6,41,-0,0,1,0.617123126983643,-1,-1,-1,1,0.300921201705933
5,2,6,42,3,3,1,0.584350824356079,-1,1,-1,-1,0.367123126983643
5,2,6,43,27,27,1,0.583821058273315,1,1,1,-1,0.334350824356079
5,2,6,44,81,81,1,0.50091552734375,1,1,1,1,0.333821058273315
5,2,6,45,9,9,1,0.550469398498535,1,1,1,1,0.25091552734375
5,2,6,46,9,9,1,0.267601013183594,1,1,1,1,0.300469398498535
5,2,6,47,-0,0,1,0.517131567001343,1,1,1,1,0.0176010131835938
5,2,6,48,9,9,1,0.300923824310303,-1,1,1,1,0.267131567001343
5,2,6,49,-81,81,0,0.467581272125244,1,1,1,-1,0.0509238243103027
5,2,6,50,0,0,1,0.483799934387207,-1,-1,1,1,0.217581272125244
5,2,6,51,27,27,1,0.500488042831421,1,1,-1,-1,0.233799934387207
5,2,6,52,27,27,1,0.517133951187134,1,1,1,1,0.250488042831421
5,2,6,53,-27,27,0,0.283809185028076,1,1,1,1,0.267133951187134
5,2,6,54,3,3,0,0.90048623085022,-1,-1,1,1,0.0338091850280762
5,2,6,55,81,81,1,0.567116498947144,1,-1,-1,-1,0.65048623085022
5,2,6,56,-3,3,1,0.683781147003174,1,1,-1,1,0.317116498947144
5,2,6,57,9,9,1,0.534248828887939,-1,1,1,1,0.433781147003174
5,2,6,58,81,81,1,0.484228849411011,1,1,1,-1,0.284248828887939
5,2,6,59,-27,27,0,0.317142963409424,1,1,1,1,0.234228849411011
5,2,6,60,9,9,1,0.733786344528198,-1,-1,1,1,0.0671429634094238
5,2,6,61,-3,3,1,0.534247159957886,1,1,-1,-1,0.483786344528198
5,2,6,62,81,81,1,0.450903177261353,-1,1,1,1,0.284247159957886
5,2,6,63,-0,0,0,0.58424711227417,1,1,1,-1,0.200903177261353
5,2,6,64,9,9,1,0.334268093109131,-1,-1,1,1,0.33424711227417
5,2,6,65,-81,81,0,0.267616748809814,1,1,-1,-1,0.0842680931091309
5,2,6,69,-3,3,1,0.833795070648193,-1,-1,-1,-1,0.250451326370239
5,2,6,70,-81,81,0,0.51759147644043,-1,1,-1,-1,0.583795070648193
5,2,6,71,-81,81,0,0.55093789100647,-1,-1,1,-1,0.26759147644043
5,2,6,72,27,27,1,0.783763647079468,-1,-1,-1,-1,0.30093789100647
5,2,6,73,27,27,1,0.551453113555908,1,1,-1,-1,0.533763647079468
5,2,6,74,-27,27,0,1.23421359062195,1,1,1,1,0.301453113555908
5,2,6,75,27,27,1,0.500462532043457,-1,-1,1,1,0.984213590621948
5,2,6,76,-81,81,0,0.383801937103271,1,1,-1,-1,0.250462532043457
5,2,6,77,27,27,1,0.400499105453491,-1,-1,1,1,0.133801937103271
5,2,6,78,27,27,1,0.650466918945312,1,1,-1,-1,0.150499105453491
5,2,6,79,-3,3,0,0.767583131790161,1,1,1,1,0.400466918945312
5,2,6,80,9,9,1,0.533823728561401,-1,-1,1,1,0.517583131790161
5,2,6,81,-0,0,1,0.667142152786255,1,1,-1,-1,0.283823728561401
5,2,6,82,81,81,1,0.517121315002441,-1,1,1,1,0.417142152786255
5,2,6,86,3,3,0,0.667590856552124,-1,1,-1,1,0.250469207763672
5,2,6,87,0,0,1,0.567646980285645,1,-1,1,-1,0.417590856552124
5,2,6,88,-81,81,0,0.601400136947632,1,1,-1,1,0.317646980285645
5,2,6,89,9,9,1,0.984219312667847,-1,-1,1,1,0.351400136947632
5,2,6,90,-3,3,1,0.350460290908813,1,1,-1,-1,0.734219312667847
5,2,6,91,-81,81,0,0.534260034561157,-1,1,1,1,0.100460290908813
5,2,6,92,-27,27,0,0.600474119186401,-1,-1,1,-1,0.284260034561157
5,2,6,93,3,3,0,0.350897073745728,-1,-1,-1,-1,0.350474119186401
5,2,6,94,27,27,1,0.967107534408569,1,-1,-1,-1,0.100897073745728
5,2,6,95,-27,27,0,0.80143666267395,1,1,-1,1,0.717107534408569
5,2,6,96,-3,3,1,0.867130994796753,-1,-1,1,1,0.55143666267395
5,2,6,97,9,9,1,0.633792161941528,-1,1,-1,-1,0.617130994796753
5,2,6,98,27,27,1,0.5175940990448,1,1,1,-1,0.383792161941528
5,2,6,99,-0,0,1,0.517592191696167,1,1,1,1,0.2675940990448
5,3,1,2,-81,81,0,0.533788204193115,-1,-1,1,1,0.451138257980347
5,3,1,3,-27,27,0,0.817126989364624,-1,-1,-1,-1,0.283788204193115
5,3,1,4,-27,27,0,0.517584085464478,-1,-1,-1,-1,0.567126989364624
5,3,1,5,-81,81,0,0.500458002090454,-1,-1,-1,-1,0.267584085464478
5,3,1,6,-0,0,0,0.650942325592041,-1,-1,-1,-1,0.250458002090454
5,3,1,7,-3,3,1,0.700481414794922,-1,-1,-1,-1,0.400942325592041
5,3,1,8,-81,81,0,0.584248065948486,-1,1,-1,-1,0.450481414794922
5,3,1,9,-9,9,0,0.917127847671509,-1,-1,1,-1,0.334248065948486
5,3,1,10,-81,81,0,0.50092601776123,-1,-1,-1,-1,0.667127847671509
5,3,1,11,81,81,1,0.583798885345459,-1,-1,-1,-1,0.25092601776123
5,3,1,12,27,27,1,0.667139291763306,1,1,-1,-1,0.333798885345459
5,3,1,13,27,27,1,0.534238815307617,1,1,1,1,0.417139291763306
5,3,1,14,81,81,1,0.401319980621338,1,1,1,1,0.284238815307617
5,3,1,15,0,0,1,0.667153120040894,1,1,1,1,0.151319980621338
5,3,1,16,3,3,1,0.750483274459839,1,1,1,1,0.417153120040894
5,3,1,17,3,3,1,0.53382682800293,1,1,1,1,0.500483274459839
5,3,1,18,-9,9,1,0.500492811203003,1,1,1,1,0.28382682800293
5,3,1,19,-27,27,0,0.53425407409668,-1,1,1,1,0.250492811203003
5,3,1,20,-0,0,1,0.550940036773682,-1,-1,1,-1,0.28425407409668
5,3,1,21,-81,81,0,0.533792018890381,-1,1,-1,-1,0.300940036773682
5,3,1,22,27,27,1,0.500465869903564,-1,-1,1,-1,0.283792018890381
5,3,1,23,81,81,1,0.483809947967529,1,1,-1,-1,0.250465869903564
5,3,1,24,3,3,1,0.533793926239014,1,1,1,1,0.233809947967529
5,3,1,25,9,9,1,0.400942087173462,1,1,1,1,0.283793926239014
5,3,1,26,81,81,1,0.483806133270264,1,1,1,1,0.150942087173462
5,3,1,27,-9,9,1,0.684245347976685,1,1,1,1,0.233806133270264
5,3,1,28,-3,3,0,1.03421020507812,-1,1,1,1,0.434245347976685
5,3,1,29,-9,9,0,0.567576885223389,-1,-1,1,-1,0.784210205078125
5,3,1,30,-3,3,1,0.467567920684814,-1,-1,-1,-1,0.317576885223389
5,3,1,31,-81,81,0,0.550920009613037,-1,1,-1,-1,0.217567920684814
5,3,1,32,-81,81,0,0.333814859390259,-1,-1,1,-1,0.300920009613037
5,3,1,33,-9,9,1,0.500914335250854,-1,-1,-1,-1,0.0838148593902588
5,3,1,34,-3,3,0,0.583858966827393,-1,1,-1,-1,0.250914335250854
5,3,1,35,-27,27,0,0.484256982803345,-1,-1,1,-1,0.333858966827393
5,3,1,36,27,27,1,0.533793926239014,-1,-1,-1,-1,0.234256982803345
5,3,1,37,81,81,1,0.534245014190674,1,1,-1,-1,0.283793926239014
5,3,1,38,3,3,1,0.800442934036255,1,1,1,1,0.284245014190674
5,3,1,39,27,27,1,0.484259128570557,1,1,1,1,0.550442934036255
5,3,1,40,0,0,1,0.517142295837402,1,1,1,1,0.234259128570557
5,3,1,41,27,27,1,0.350935935974121,1,1,1,1,0.267142295837402
5,3,1,42,-27,27,0,0.517598152160645,1,1,1,1,0.100935935974121
5,3,1,43,-0,0,1,0.43379807472229,-1,-1,1,1,0.267598152160645
5,3,1,44,-27,27,0,0.267590045928955,-1,1,-1,-1,0.18379807472229
5,3,1,45,-81,81,0,0.300939083099365,-1,-1,1,-1,0.0175900459289551
5,3,1,46,-3,3,1,0.400923013687134,-1,-1,-1,-1,0.0509390830993652
5,3,1,47,-27,27,0,0.484260082244873,-1,1,-1,-1,0.150923013687134
5,3,1,48,3,3,0,1.43434119224548,-1,-1,1,-1,0.234260082244873
5,3,1,49,3,3,1,0.533804893493652,1,-1,-1,-1,1.18434119224548
5,3,1,50,3,3,1,0.534734964370728,1,1,-1,1,0.283804893493652
5,3,1,51,0,0,0,0.350489139556885,1,1,1,1,0.284734964370728
5,3,1,52,0,0,1,0.384366035461426,1,-1,1,1,0.100489139556885
5,3,1,53,0,0,0,0.550937175750732,1,1,-1,1,0.134366035461426
5,3,1,54,3,3,1,0.483795166015625,1,-1,1,1,0.300937175750732
5,3,1,55,-81,81,0,0.250939846038818,1,1,-1,1,0.233795166015625
5,3,1,56,27,27,1,0.550468921661377,-1,-1,1,1,0.000939846038818359
5,3,1,57,9,9,1,0.534273862838745,1,1,-1,-1,0.300468921661377
5,3,1,58,3,3,1,1.05091118812561,1,1,1,1,0.284273862838745
5,3,1,59,81,81,1,0.400469541549683,1,1,1,1,0.80091118812561
5,3,1,60,3,3,1,0.333800077438354,1,1,1,1,0.150469541549683
5,3,1,61,9,9,1,0.534244775772095,1,1,1,1,0.0838000774383545
5,3,1,62,27,27,1,0.483880996704102,1,1,1,1,0.284244775772095
5,3,1,63,-27,27,0,0.450472831726074,1,1,1,1,0.233880996704102
5,3,1,64,-9,9,1,0.500473737716675,-1,-1,1,1,0.200472831726074
5,3,1,65,-3,3,1,0.434253215789795,-1,1,-1,-1,0.250473737716675
5,3,1,66,9,9,1,0.500894069671631,-1,1,1,-1,0.184253215789795
5,3,1,67,27,27,1,0.417598009109497,1,1,1,-1,0.250894069671631
5,3,1,68,81,81,1,0.517141103744507,1,1,1,1,0.167598009109497
5,3,1,69,-9,9,0,0.650897264480591,1,1,1,1,0.267141103744507
5,3,1,70,-3,3,1,0.467202663421631,-1,-1,1,1,0.400897264480591
5,3,1,71,-9,9,0,0.500991106033325,-1,1,-1,-1,0.217202663421631
5,3,1,72,-81,81,0,0.500493288040161,-1,-1,1,-1,0.250991106033325
5,3,1,73,-3,3,1,0.683783054351807,-1,-1,-1,-1,0.250493288040161
5,3,1,74,9,9,0,0.683798789978027,-1,1,-1,-1,0.433783054351807
5,3,1,75,81,81,1,0.650460243225098,1,-1,1,-1,0.433798789978027
5,3,1,76,81,81,1,0.267150163650513,1,1,-1,1,0.400460243225098
5,3,1,77,9,9,1,0.600454807281494,1,1,1,1,0.0171501636505127
5,3,1,78,-3,3,1,0.550463914871216,1,1,1,1,0.350454807281494
5,3,1,79,-9,9,0,0.601111173629761,-1,1,1,1,0.300463914871216
5,3,1,80,-27,27,0,0.334356069564819,-1,-1,1,-1,0.351111173629761
5,3,1,81,-9,9,1,0.500474214553833,-1,-1,-1,-1,0.0843560695648193
5,3,1,82,-9,9,0,0.567129135131836,-1,1,-1,-1,0.250474214553833
5,3,1,83,-3,3,1,0.517566204071045,-1,-1,1,-1,0.317129135131836
5,3,1,84,-27,27,0,0.500472068786621,-1,1,-1,-1,0.267566204071045
5,3,1,85,-27,27,0,0.483792066574097,-1,-1,1,-1,0.250472068786621
5,3,1,86,-9,9,0,0.533823013305664,-1,-1,-1,-1,0.233792066574097
5,3,1,87,-9,9,1,0.43428897857666,-1,-1,-1,-1,0.283823013305664
5,3,1,88,-0,0,0,0.584258079528809,-1,1,-1,-1,0.18428897857666
5,3,1,89,-81,81,0,0.500921010971069,-1,-1,1,-1,0.334258079528809
5,3,1,90,-0,0,1,1.03376364707947,-1,-1,-1,-1,0.250921010971069
5,3,1,91,9,9,1,0.550465822219849,-1,1,-1,-1,0.783763647079468
5,3,1,92,81,81,1,0.467593193054199,1,1,1,-1,0.300465822219849
5,3,1,93,81,81,1,0.317158460617065,1,1,1,1,0.217593193054199
5,3,1,94,27,27,1,0.467688083648682,1,1,1,1,0.0671584606170654
5,3,1,95,-9,9,0,0.617599248886108,1,1,1,1,0.217688083648682
5,3,1,96,3,3,1,0.500482320785522,-1,-1,1,1,0.367599248886108
5,3,1,97,27,27,1,0.51713228225708,1,1,-1,-1,0.250482320785522
5,3,1,98,9,9,1,0.484341144561768,1,1,1,1,0.26713228225708
5,3,1,99,3,3,1,0.550909519195557,1,1,1,1,0.234341144561768
5,3,2,2,-3,3,0,0.567141056060791,1,-1,1,1,0.500682830810547
5,3,2,3,-81,81,0,0.367138147354126,-1,-1,-1,1,0.317141056060791
5,3,2,4,3,3,1,0.65044379234314,-1,-1,-1,-1,0.117138147354126
5,3,2,5,-3,3,0,0.483806848526001,1,1,-1,-1,0.40044379234314
5,3,2,6,-81,81,0,0.317141056060791,-1,-1,1,1,0.233806848526001
5,3,2,12,-27,27,0,0.450461149215698,-1,-1,1,1,0.267577886581421
5,3,2,13,-9,9,0,0.450517892837524,-1,-1,-1,-1,0.200461149215698
5,3,2,14,-27,27,0,0.650485038757324,-1,-1,-1,-1,0.200517892837524
5,3,2,15,-0,0,1,0.417597055435181,-1,-1,-1,-1,0.400485038757324
5,3,2,16,27,27,1,0.467139959335327,-1,1,-1,-1,0.167597055435181
5,3,2,17,-3,3,1,0.567579030990601,1,1,1,-1,0.217139959335327
5,3,2,18,-81,81,0,0.31712794303894,-1,1,1,1,0.317579030990601
5,3,2,19,9,9,1,0.633823871612549,-1,-1,1,-1,0.0671279430389404
5,3,2,20,81,81,1,0.46759033203125,1,1,-1,-1,0.383823871612549
5,3,2,21,9,9,1,0.517161130905151,1,1,1,1,0.21759033203125
5,3,2,22,81,81,1,0.500458955764771,1,1,1,1,0.267161130905151
5,3,2,23,27,27,1,0.483829021453857,1,1,1,1,0.250458955764771
5,3,2,24,81,81,1,0.500472545623779,1,1,1,1,0.233829021453857
5,3,2,25,0,0,1,0.567589998245239,1,1,1,1,0.250472545623779
5,3,2,26,-27,27,0,0.684230804443359,1,1,1,1,0.317589998245239
5,3,2,27,27,27,1,0.400465250015259,-1,-1,1,1,0.434230804443359
5,3,2,28,-81,81,0,0.317596197128296,1,1,-1,-1,0.150465250015259
5,3,2,29,3,3,0,0.66758394241333,-1,-1,1,1,0.0675961971282959
5,3,2,30,3,3,1,0.267163991928101,1,-1,-1,-1,0.41758394241333
5,3,2,34,9,9,0,0.633796215057373,1,1,-1,-1,0.900941133499146
5,3,2,35,9,9,1,0.584251165390015,1,-1,1,1,0.383796215057373
5,3,2,36,-3,3,0,0.800459146499634,1,1,-1,1,0.334251165390015
5,3,2,37,81,81,1,0.417150259017944,-1,-1,1,1,0.550459146499634
5,3,2,38,-81,81,0,0.734251022338867,1,1,-1,-1,0.167150259017944
5,3,2,39,0,0,1,0.467156648635864,-1,-1,1,1,0.484251022338867
5,3,2,40,-27,27,0,0.517163991928101,1,1,-1,-1,0.217156648635864
5,3,2,41,81,81,1,0.567137002944946,-1,-1,1,1,0.267163991928101
5,3,2,42,81,81,1,0.350475072860718,1,1,-1,-1,0.317137002944946
5,3,2,43,27,27,1,0.501275062561035,1,1,1,1,0.100475072860718
5,3,2,44,-27,27,0,0.350488185882568,1,1,1,1,0.251275062561035
5,3,2,45,-81,81,0,0.483802795410156,-1,-1,1,1,0.100488185882568
5,3,2,46,-27,27,0,0.384226083755493,-1,-1,-1,-1,0.233802795410156
5,3,2,47,0,0,1,0.367569446563721,-1,-1,-1,-1,0.134226083755493
5,3,2,48,3,3,1,0.334264993667603,1,1,-1,-1,0.117569446563721
5,3,2,49,-27,27,0,0.800448894500732,1,1,1,1,0.0842649936676025
5,3,2,50,3,3,1,0.834242820739746,-1,-1,1,1,0.550448894500732
5,3,2,51,9,9,1,0.450927257537842,1,1,-1,-1,0.584242820739746
5,3,2,52,81,81,1,0.467582941055298,1,1,1,1,0.200927257537842
5,3,2,53,27,27,1,0.55048394203186,1,1,1,1,0.217582941055298
5,3,2,57,-27,27,0,0.467128038406372,1,1,1,1,0.301254987716675
5,3,2,58,-0,0,1,0.283798933029175,-1,-1,1,1,0.217128038406372
5,3,2,59,-9,9,0,0.800448894500732,-1,1,-1,-1,0.0337989330291748
5,3,2,60,9,9,1,0.567560195922852,-1,-1,1,-1,0.550448894500732
5,3,2,61,0,0,1,0.717582225799561,1,1,-1,-1,0.317560195922852
5,3,2,62,-81,81,0,0.550478935241699,1,1,1,1,0.467582225799561
5,3,2,63,-3,3,1,0.500964164733887,-1,-1,1,1,0.300478935241699
5,3,2,64,-3,3,1,0.633817195892334,-1,1,-1,-1,0.250964164733887
5,3,2,65,-0,0,1,0.500460147857666,-1,1,1,-1,0.383817195892334
5,3,2,66,-0,0,0,0.517198085784912,-1,1,1,-1,0.250460147857666
5,3,2,67,81,81,1,0.300480842590332,-1,-1,1,-1,0.267198085784912
5,3,2,68,9,9,1,0.600914001464844,1,1,-1,-1,0.050480842590332
5,3,2,69,81,81,1,0.400944948196411,1,1,1,1,0.350914001464844
5,3,2,70,9,9,1,0.833777904510498,1,1,1,1,0.150944948196411
5,3,2,71,-81,81,0,0.300484895706177,1,1,1,1,0.583777904510498
5,3,2,72,-0,0,1,0.517134189605713,-1,-1,1,1,0.0504848957061768
5,3,2,73,-81,81,0,0.30047082901001,-1,1,-1,-1,0.267134189605713
5,3,2,74,27,27,1,0.417588949203491,-1,-1,1,-1,0.0504708290100098
5,3,2,75,-9,9,1,0.567586183547974,1,1,-1,-1,0.167588949203491
5,3,2,76,-9,9,0,0.583822965621948,-1,1,1,1,0.317586183547974
5,3,2,77,81,81,1,0.334261178970337,-1,-1,1,-1,0.333822965621948
5,3,2,78,9,9,1,0.41759991645813,1,1,-1,-1,0.0842611789703369
5,3,2,79,-9,9,1,0.534225225448608,1,1,1,1,0.16759991645813
5,3,2,80,3,3,1,0.43379807472229,-1,1,1,1,0.284225225448608
5,3,2,81,9,9,1,0.50095796585083,1,1,1,-1,0.18379807472229
5,3,2,82,-3,3,1,0.33382511138916,1,1,1,1,0.25095796585083
5,3,2,83,3,3,1,0.450480937957764,-1,1,1,1,0.0838251113891602
5,3,2,84,-3,3,0,0.450465202331543,1,1,1,-1,0.200480937957764
5,3,2,88,-9,9,0,0.500472068786621,-1,1,1,1,0.283833980560303
5,3,2,89,27,27,1,0.317175149917603,-1,-1,1,-1,0.250472068786621
5,3,2,90,-3,3,0,0.317182302474976,1,1,-1,-1,0.0671751499176025
5,3,2,91,-9,9,1,0.383799314498901,-1,-1,1,1,0.0671823024749756
5,3,2,92,27,27,1,0.700926065444946,-1,1,-1,-1,0.133799314498901
5,3,2,93,-27,27,0,0.517131090164185,1,1,1,-1,0.450926065444946
5,3,2,94,3,3,1,0.61719012260437,-1,-1,1,1,0.267131090164185
5,3,2,95,27,27,1,0.450473070144653,1,1,-1,-1,0.36719012260437
5,3,2,96,-27,27,0,0.434259176254272,1,1,1,1,0.200473070144653
5,3,2,97,-3,3,1,0.28380823135376,-1,-1,1,1,0.184259176254272
5,3,2,98,3,3,1,0.517161130905151,-1,1,-1,-1,0.0338082313537598
5,3,2,99,9,9,1,1.01768589019775,1,1,1,-1,0.267161130905151
5,3,3,2,-0,0,1,0.534595012664795,1,1,1,1,0.301107168197632
5,3,3,6,-3,3,0,0.500463008880615,-1,-1,-1,-1,0.534286975860596
5,3,3,7,-3,3,1,0.250911951065063,-1,-1,-1,-1,0.250463008880615
5,3,3,8,27,27,1,0.400460958480835,-1,1,-1,-1,0.000911951065063477
5,3,3,9,-0,0,0,0.534805774688721,1,1,1,-1,0.150460958480835
5,3,3,10,-27,27,0,0.400479793548584,-1,-1,1,1,0.284805774688721
5,3,3,15,-3,3,1,0.517590999603271,-1,-1,-1,1,0.267586946487427
5,3,3,16,9,9,0,0.450520038604736,-1,1,-1,-1,0.267590999603271
5,3,3,17,0,0,0,0.450542211532593,1,-1,1,-1,0.200520038604736
5,3,3,18,9,9,1,0.500464916229248,1,-1,-1,1,0.200542211532593
5,3,3,19,81,81,1,0.5504469871521,1,1,-1,1,0.250464916229248
5,3,3,20,-0,0,0,0.517590045928955,1,1,1,1,0.3004469871521
5,3,3,21,9,9,0,0.733790874481201,-1,-1,1,1,0.267590045928955
5,3,3,22,27,27,1,0.53424596786499,1,-1,-1,-1,0.483790874481201
5,3,3,23,-9,9,0,0.367561101913452,1,1,-1,1,0.28424596786499
5,3,3,24,-27,27,0,0.317156791687012,-1,-1,1,1,0.117561101913452
5,3,3,25,-3,3,1,0.550930023193359,-1,-1,-1,-1,0.0671567916870117
5,3,3,26,9,9,1,0.533830165863037,-1,1,-1,-1,0.300930023193359
5,3,3,27,-9,9,0,0.467591047286987,1,1,1,-1,0.283830165863037
5,3,3,28,81,81,1,0.383826017379761,-1,-1,1,1,0.217591047286987
5,3,3,29,27,27,1,0.501267910003662,1,1,-1,-1,0.133826017379761
5,3,3,30,81,81,1,0.350924015045166,1,1,1,1,0.251267910003662
5,3,3,31,-9,9,0,0.517156839370728,1,1,1,1,0.100924015045166
5,3,3,32,3,3,1,0.367588043212891,-1,-1,1,1,0.267156839370728
5,3,3,33,-9,9,0,0.667577505111694,1,1,-1,-1,0.117588043212891
5,3,3,34,-3,3,1,0.567137002944946,-1,-1,1,1,0.417577505111694
5,3,3,35,81,81,1,0.517122983932495,-1,1,-1,-1,0.317137002944946
5,3,3,36,-3,3,1,0.700484991073608,1,1,1,-1,0.267122983932495
5,3,3,37,81,81,1,0.550940036773682,-1,1,1,1,0.450484991073608
5,3,3,38,81,81,1,0.517592906951904,1,1,1,-1,0.300940036773682
5,3,3,39,3,3,1,0.467576026916504,1,1,1,1,0.267592906951904
5,3,3,40,-9,9,1,0.550480842590332,1,1,1,1,0.217576026916504
5,3,3,41,3,3,1,0.55088996887207,-1,1,1,1,0.300480842590332
5,3,3,42,9,9,1,0.500494003295898,1,1,1,-1,0.30088996887207
5,3,3,43,3,3,0,0.517575263977051,1,1,1,1,0.250494003295898
5,3,3,44,0,0,1,0.51712703704834,1,-1,1,1,0.267575263977051
5,3,3,45,3,3,1,0.583812952041626,1,1,-1,1,0.26712703704834
5,3,3,46,81,81,1,0.517151117324829,1,1,1,1,0.333812952041626
5,3,3,47,-9,9,0,0.483804941177368,1,1,1,1,0.267151117324829
5,3,3,48,27,27,1,0.417155027389526,-1,-1,1,1,0.233804941177368
5,3,3,49,9,9,1,0.550470113754272,1,1,-1,-1,0.167155027389526
5,3,3,50,81,81,1,0.517132997512817,1,1,1,1,0.300470113754272
5,3,3,51,3,3,1,0.550467967987061,1,1,1,1,0.267132997512817
5,3,3,52,9,9,1,0.383816003799438,1,1,1,1,0.300467967987061
5,3,3,53,-81,81,0,0.283817052841187,1,1,1,1,0.133816003799438
5,3,3,54,-9,9,0,0.517600297927856,-1,-1,1,1,0.0338170528411865
5,3,3,55,3,3,1,0.450898170471191,-1,-1,-1,-1,0.267600297927856
5,3,3,56,81,81,1,0.41716194152832,1,1,-1,-1,0.200898170471191
5,3,3,60,27,27,1,0.500468730926514,-1,-1,-1,-1,0.284255027770996
5,3,3,64,0,0,0,0.384248018264771,-1,-1,1,1,0.267159223556519
5,3,3,65,-9,9,1,0.383810997009277,1,-1,-1,-1,0.134248018264771
5,3,3,66,-9,9,1,0.500893115997314,-1,1,-1,1,0.133810997009277
5,3,3,67,-3,3,0,0.417148351669312,-1,1,1,-1,0.250893115997314
5,3,3,68,3,3,1,0.567553281784058,-1,-1,1,-1,0.167148351669312
5,3,3,69,-27,27,0,0.367628812789917,1,1,-1,-1,0.317553281784058
5,3,3,70,3,3,1,0.60052227973938,-1,-1,1,1,0.117628812789917
5,3,3,71,27,27,1,0.5175621509552,1,1,-1,-1,0.35052227973938
5,3,3,72,-0,0,1,0.900455951690674,1,1,1,1,0.2675621509552
5,3,3,73,-81,81,0,0.467593908309937,-1,1,1,1,0.650455951690674
5,3,3,74,0,0,1,0.867196083068848,-1,-1,1,-1,0.217593908309937
5,3,3,75,-27,27,1,0.36761474609375,1,1,-1,-1,0.617196083068848
5,3,3,76,81,81,1,0.600475788116455,-1,1,1,1,0.11761474609375
5,3,3,77,-0,0,0,0.867582082748413,1,1,1,-1,0.350475788116455
5,3,3,78,-3,3,1,1.05045032501221,-1,-1,1,1,0.617582082748413
5,3,3,79,0,0,1,1.0171422958374,-1,1,-1,-1,0.800450325012207
5,3,3,80,-9,9,0,0.283812999725342,1,1,1,-1,0.767142295837402
5,3,3,81,81,81,1,0.500931739807129,-1,-1,1,1,0.0338129997253418
5,3,3,82,-9,9,0,0.583794832229614,1,1,-1,-1,0.250931739807129
5,3,3,86,-3,3,0,0.400567770004272,1,1,1,-1,0.300928115844727
5,3,3,87,-9,9,0,0.433810949325562,-1,-1,1,1,0.150567770004272
5,3,3,88,3,3,1,0.500477313995361,-1,-1,-1,-1,0.183810949325562
5,3,3,89,-9,9,0,0.517588138580322,1,1,-1,-1,0.250477313995361
5,3,3,90,27,27,1,0.267598152160645,-1,-1,1,1,0.267588138580322
5,3,3,91,27,27,1,0.434638977050781,1,1,-1,-1,0.0175981521606445
5,3,3,92,81,81,1,0.367209196090698,1,1,1,1,0.184638977050781
5,3,3,93,3,3,1,0.750931978225708,1,1,1,1,0.117209196090698
5,3,3,94,-27,27,0,0.250916242599487,1,1,1,1,0.500931978225708
5,3,3,95,-27,27,0,0.35048508644104,-1,-1,1,1,0.000916242599487305
5,3,3,96,27,27,1,0.517597198486328,-1,-1,-1,-1,0.10048508644104
5,3,3,97,-27,27,0,0.333799123764038,1,1,-1,-1,0.267597198486328
5,3,3,98,-81,81,0,0.350563287734985,-1,-1,1,1,0.0837991237640381
5,3,3,99,27,27,1,0.500478029251099,-1,-1,-1,-1,0.100563287734985
5,3,4,2,9,9,1,0.584256172180176,-1,-1,1,1,0.0507047176361084
5,3,4,3,-9,9,0,0.367594957351685,1,1,-1,-1,0.334256172180176
5,3,4,4,3,3,0,0.600476503372192,-1,-1,1,1,0.117594957351685
5,3,4,5,-9,9,0,0.434558153152466,1,-1,-1,-1,0.350476503372192
5,3,4,6,81,81,1,0.300489902496338,-1,-1,-1,1,0.184558153152466
5,3,4,7,9,9,1,0.53380298614502,1,1,-1,-1,0.0504899024963379
5,3,4,8,-0,0,1,0.401311635971069,1,1,1,1,0.28380298614502
5,3,4,9,-9,9,0,0.50161600112915,-1,1,1,1,0.151311635971069
5,3,4,10,9,9,1,0.284269094467163,-1,-1,1,-1,0.25161600112915
5,3,4,11,-9,9,0,0.400897026062012,1,1,-1,-1,0.0342690944671631
5,3,4,12,-27,27,0,0.250939130783081,-1,-1,1,1,0.150897026062012
5,3,4,13,0,0,1,0.450918912887573,-1,-1,-1,-1,0.000939130783081055
5,3,4,14,-0,0,0,0.700923919677734,1,1,-1,-1,0.200918912887573
5,3,4,15,81,81,1,0.367640972137451,-1,-1,1,1,0.450923919677734
5,3,4,16,-81,81,0,0.25094199180603,1,1,-1,-1,0.117640972137451
5,3,4,17,81,81,1,0.367156028747559,-1,-1,1,1,0.000941991806030273
5,3,4,18,9,9,1,0.450495004653931,1,1,-1,-1,0.117156028747559
5,3,4,19,-3,3,1,0.684292554855347,1,1,1,1,0.200495004653931
5,3,4,20,-3,3,1,0.31756591796875,-1,1,1,1,0.434292554855347
5,3,4,21,27,27,1,0.400928974151611,-1,1,1,-1,0.06756591796875
5,3,4,22,27,27,1,0.567128896713257,1,1,1,-1,0.150928974151611
5,3,4,23,-27,27,0,0.367172002792358,1,1,1,1,0.317128896713257
5,3,4,24,-9,9,0,0.467153072357178,-1,-1,1,1,0.117172002792358
5,3,4,25,-0,0,1,0.534340143203735,-1,-1,-1,-1,0.217153072357178
5,3,4,26,9,9,1,0.333804130554199,-1,1,-1,-1,0.284340143203735
5,3,4,27,27,27,1,0.350554943084717,1,1,1,-1,0.0838041305541992
5,3,4,28,81,81,1,0.433799028396606,1,1,1,1,0.100554943084717
5,3,4,29,-3,3,1,0.600929737091064,1,1,1,1,0.183799028396606
5,3,4,30,9,9,1,0.500925302505493,-1,1,1,1,0.350929737091064
5,3,4,31,-81,81,0,0.317615270614624,1,1,1,-1,0.250925302505493
5,3,4,32,81,81,1,0.500932931900024,-1,-1,1,1,0.067615270614624
5,3,4,33,-27,27,0,0.50051474571228,1,1,-1,-1,0.250932931900024
5,3,4,34,3,3,1,0.367185115814209,-1,-1,1,1,0.25051474571228
5,3,4,35,-81,81,0,0.417598962783813,1,1,-1,-1,0.117185115814209
5,3,4,36,9,9,1,0.400948762893677,-1,-1,1,1,0.167598962783813
5,3,4,37,-81,81,0,0.250909090042114,1,1,-1,-1,0.150948762893677
5,3,4,38,0,0,1,0.700459718704224,-1,-1,1,1,0.000909090042114258
5,3,4,39,9,9,1,0.317186117172241,1,1,-1,-1,0.450459718704224
5,3,4,40,0,0,1,0.43379807472229,1,1,1,1,0.0671861171722412
5,3,4,41,-3,3,1,0.633836984634399,1,1,1,1,0.18379807472229
5,3,4,42,-3,3,1,0.467146158218384,-1,1,1,1,0.383836984634399
5,3,4,43,-81,81,0,0.317150115966797,-1,1,1,-1,0.217146158218384
5,3,4,44,9,9,1,0.350478887557983,-1,-1,1,-1,0.0671501159667969
5,3,4,45,-9,9,1,0.500496864318848,1,1,-1,-1,0.100478887557983
5,3,4,46,-27,27,0,0.567615509033203,-1,1,1,1,0.250496864318848
5,3,4,47,9,9,1,0.367147445678711,-1,-1,1,-1,0.317615509033203
5,3,4,48,-0,0,0,0.300940990447998,1,1,-1,-1,0.117147445678711
5,3,4,49,3,3,1,0.50091290473938,-1,-1,1,1,0.050940990447998
5,3,4,50,-27,27,0,0.350932836532593,1,1,-1,-1,0.25091290473938
5,3,4,51,27,27,1,0.284256219863892,-1,-1,1,1,0.100932836532593
5,3,4,52,3,3,1,0.483789682388306,1,1,-1,-1,0.0342562198638916
5,3,4,53,-3,3,1,0.384232997894287,1,1,1,1,0.233789682388306
5,3,4,54,9,9,1,0.300930976867676,-1,1,1,1,0.134232997894287
5,3,4,55,27,27,1,0.333817958831787,1,1,1,-1,0.0509309768676758
5,3,4,56,-27,27,0,0.284313201904297,1,1,1,1,0.0838179588317871
5,3,4,57,81,81,1,0.383801937103271,-1,-1,1,1,0.0343132019042969
5,3,4,58,-81,81,0,0.500924110412598,1,1,-1,-1,0.133801937103271
5,3,4,59,27,27,1,0.46712589263916,-1,-1,1,1,0.250924110412598
5,3,4,60,-81,81,0,0.317158222198486,1,1,-1,-1,0.21712589263916
5,3,4,61,-9,9,0,0.617156028747559,-1,-1,1,1,0.0671582221984863
5,3,4,62,81,81,1,0.483820915222168,-1,-1,-1,-1,0.367156028747559
5,3,4,63,-3,3,0,0.650474548339844,1,1,-1,-1,0.233820915222168
5,3,4,64,-81,81,0,0.484259128570557,-1,-1,1,1,0.400474548339844
5,3,4,65,-3,3,1,0.400553226470947,-1,-1,-1,-1,0.234259128570557
5,3,4,66,-81,81,0,0.533831119537354,-1,1,-1,-1,0.150553226470947
5,3,4,67,0,0,1,0.784239292144775,-1,-1,1,-1,0.283831119537354
5,3,4,68,-3,3,0,0.45092511177063,1,1,-1,-1,0.534239292144775
5,3,4,72,81,81,1,0.417141914367676,1,1,-1,-1,0.184296369552612
5,3,4,73,-9,9,0,0.600468158721924,1,1,1,1,0.167141914367676
5,3,4,74,27,27,1,0.334240913391113,-1,-1,1,1,0.350468158721924
5,3,4,75,3,3,1,0.483822822570801,1,1,-1,-1,0.0842409133911133
5,3,4,76,3,3,1,0.317156314849854,1,1,1,1,0.233822822570801
5,3,4,77,-81,81,0,0.50090479850769,1,1,1,1,0.0671563148498535
5,3,4,78,-0,0,1,0.450979232788086,-1,-1,1,1,0.25090479850769
5,3,4,79,3,3,1,0.350481986999512,-1,1,-1,-1,0.200979232788086
5,3,4,80,-27,27,0,0.433838367462158,1,1,1,-1,0.100481986999512
5,3,4,81,-9,9,1,0.517620801925659,-1,-1,1,1,0.183838367462158
5,3,4,82,81,81,1,0.433813095092773,-1,1,-1,-1,0.267620801925659
5,3,4,83,-0,0,0,0.600484371185303,1,1,1,-1,0.183813095092773
5,3,4,84,-3,3,0,0.467193126678467,-1,-1,1,1,0.350484371185303
5,3,4,85,3,3,0,0.500931978225708,-1,-1,-1,-1,0.217193126678467
5,3,4,86,-9,9,0,0.483828067779541,1,-1,-1,-1,0.250931978225708
5,3,4,87,3,3,1,0.300464153289795,-1,-1,-1,1,0.233828067779541
5,3,4,88,-27,27,0,0.850463628768921,1,1,-1,-1,0.0504641532897949
5,3,4,89,27,27,1,0.484219312667847,-1,-1,1,1,0.600463628768921
5,3,4,90,27,27,1,0.36721396446228,1,1,-1,-1,0.234219312667847
5,3,4,91,-9,9,1,0.350950002670288,1,1,1,1,0.11721396446228
5,3,4,92,3,3,1,0.400476932525635,-1,1,1,1,0.100950002670288
5,3,4,93,-27,27,0,0.400938034057617,1,1,1,-1,0.150476932525635
5,3,4,94,81,81,1,0.367143869400024,-1,-1,1,1,0.150938034057617
5,3,4,95,-27,27,0,0.817110538482666,1,1,-1,-1,0.117143869400024
5,3,4,96,81,81,1,0.467232942581177,-1,-1,1,1,0.567110538482666
5,3,4,97,-27,27,0,0.417575120925903,1,1,-1,-1,0.217232942581177
5,3,4,98,3,3,1,0.583802223205566,-1,-1,1,1,0.167575120925903
5,3,4,99,27,27,1,0.75091028213501,1,1,-1,-1,0.333802223205566
5,3,5,2,27,27,1,0.317590951919556,-1,1,-1,-1,0.500725507736206
5,3,5,7,-27,27,0,0.450931072235107,-1,-1,1,1,0.317134141921997
5,3,5,8,9,9,1,0.483807802200317,-1,-1,-1,-1,0.200931072235107
5,3,5,12,27,27,1,0.517147064208984,-1,-1,1,1,0.833779096603394
5,3,5,13,-3,3,0,0.717560052871704,1,1,-1,-1,0.267147064208984
5,3,5,14,27,27,1,0.66758394241333,-1,-1,1,1,0.467560052871704
5,3,5,15,-27,27,0,0.467126846313477,1,1,-1,-1,0.41758394241333
5,3,5,16,27,27,1,0.550468921661377,-1,-1,1,1,0.217126846313477
5,3,5,17,27,27,1,0.567119121551514,1,1,-1,-1,0.300468921661377
5,3,5,18,-3,3,1,0.650928020477295,1,1,1,1,0.317119121551514
5,3,5,19,3,3,0,0.517139196395874,-1,1,1,1,0.400928020477295
5,3,5,20,27,27,1,0.484228134155273,1,-1,1,-1,0.267139196395874
5,3,5,21,-27,27,0,0.300500154495239,1,1,-1,1,0.234228134155273
5,3,5,22,3,3,1,0.467134952545166,-1,-1,1,1,0.0505001544952393
5,3,5,23,-0,0,1,0.567134141921997,1,1,-1,-1,0.217134952545166
5,3,5,24,9,9,1,0.567131996154785,-1,1,1,1,0.317134141921997
5,3,5,25,3,3,1,0.517121076583862,1,1,1,-1,0.317131996154785
5,3,5,26,-9,9,0,0.317131042480469,1,1,1,1,0.267121076583862
5,3,5,27,3,3,1,0.517593145370483,-1,-1,1,1,0.0671310424804688
5,3,5,31,-81,81,0,0.483793973922729,-1,-1,1,1,0.317162752151489
5,3,5,32,9,9,1,0.734252214431763,-1,-1,-1,-1,0.233793973922729
5,3,5,33,-81,81,0,0.400479078292847,1,1,-1,-1,0.484252214431763
5,3,5,34,0,0,1,0.683789968490601,-1,-1,1,1,0.150479078292847
5,3,5,35,-81,81,0,0.350933074951172,1,1,-1,-1,0.433789968490601
5,3,5,36,81,81,1,0.48425817489624,-1,-1,1,1,0.100933074951172
5,3,5,37,-0,0,1,0.50047492980957,1,1,-1,-1,0.23425817489624
5,3,5,38,9,9,1,0.56718111038208,-1,1,1,1,0.25047492980957
5,3,5,39,-3,3,1,0.48428201675415,1,1,1,-1,0.31718111038208
5,3,5,40,81,81,1,0.467588186264038,-1,1,1,1,0.23428201675415
5,3,5,41,-9,9,1,1.08438277244568,1,1,1,-1,0.217588186264038
5,3,5,42,-27,27,0,0.400472164154053,-1,1,1,1,0.834382772445679
5,3,5,43,81,81,1,0.417144060134888,-1,-1,1,-1,0.150472164154053
5,3,5,44,-27,27,0,0.467589855194092,1,1,-1,-1,0.167144060134888
5,3,5,45,0,0,1,0.517590999603271,-1,-1,1,1,0.217589855194092
5,3,5,46,-3,3,0,0.584229946136475,1,1,-1,-1,0.267590999603271
5,3,5,47,27,27,1,0.83440113067627,-1,-1,1,1,0.334229946136475
5,3,5,48,3,3,0,0.300516128540039,1,1,-1,-1,0.58440113067627
5,3,5,52,0,0,1,0.817630052566528,-1,-1,1,1,0.150487899780273
5,3,5,53,-0,0,1,0.417150974273682,1,1,-1,-1,0.567630052566528
5,3,5,54,3,3,1,0.484253883361816,-1,1,1,1,0.167150974273682
5,3,5,55,-27,27,0,0.450928211212158,1,1,1,-1,0.234253883361816
5,3,5,56,27,27,1,0.517139196395874,-1,-1,1,1,0.200928211212158
5,3,5,57,-27,27,0,0.51714015007019,1,1,-1,-1,0.267139196395874
5,3,5,58,27,27,1,0.433813095092773,-1,-1,1,1,0.26714015007019
5,3,5,59,-9,9,1,0.483818054199219,1,1,-1,-1,0.183813095092773
5,3,5,60,81,81,1,0.601526975631714,-1,1,1,1,0.233818054199219
5,3,5,61,-9,9,1,0.71713399887085,1,1,1,-1,0.351526975631714
5,3,5,62,9,9,1,0.550925016403198,-1,1,1,1,0.46713399887085
5,3,5,63,-3,3,1,0.750910997390747,1,1,1,-1,0.300925016403198
5,3,5,64,0,0,1,0.600933313369751,-1,1,1,1,0.500910997390747
5,3,5,65,-9,9,0,0.500924110412598,1,1,1,-1,0.350933313369751
5,3,5,66,9,9,1,0.517125129699707,-1,-1,1,1,0.250924110412598
5,3,5,67,-3,3,0,0.650466918945312,1,1,-1,-1,0.267125129699707
5,3,5,68,81,81,1,0.600493192672729,-1,-1,1,1,0.400466918945312
5,3,5,69,-3,3,0,0.601217031478882,1,1,-1,-1,0.350493192672729
5,3,5,70,81,81,1,0.434260129928589,-1,-1,1,1,0.351217031478882
5,3,5,71,-9,9,0,0.450507164001465,1,1,-1,-1,0.184260129928589
5,3,5,72,81,81,1,0.483797788619995,-1,-1,1,1,0.200507164001465
5,3,5,73,9,9,0,0.50092625617981,1,1,-1,-1,0.233797788619995
5,3,5,74,-9,9,0,0.483803510665894,1,-1,1,1,0.25092625617981
5,3,5,75,3,3,0,0.467621803283691,-1,-1,-1,1,0.233803510665894
5,3,5,76,-27,27,0,0.450923204421997,1,-1,-1,-1,0.217621803283691
5,3,5,77,3,3,1,0.300493001937866,-1,-1,-1,1,0.200923204421997
5,3,5,78,-27,27,0,0.500466108322144,1,1,-1,-1,0.0504930019378662
5,3,5,79,0,0,0,0.800503253936768,-1,-1,1,1,0.250466108322144
5,3,5,80,81,81,1,0.550482034683228,1,-1,-1,-1,0.550503253936768
5,3,5,81,27,27,1,0.533782243728638,1,1,-1,1,0.300482034683228
5,3,5,82,-9,9,0,0.517149209976196,1,1,1,1,0.283782243728638
5,3,5,83,9,9,1,0.717137098312378,-1,-1,1,1,0.267149209976196
5,3,5,84,-3,3,1,0.500921010971069,1,1,-1,-1,0.467137098312378
5,3,5,85,81,81,1,0.583800077438354,-1,1,1,1,0.250921010971069
5,3,5,86,-81,81,0,0.40046501159668,1,1,1,-1,0.333800077438354
5,3,5,87,-81,81,0,0.484253168106079,-1,-1,1,1,0.15046501159668
5,3,5,88,-0,0,1,0.567133188247681,-1,-1,-1,-1,0.234253168106079
5,3,5,89,27,27,1,0.533803939819336,-1,1,-1,-1,0.317133188247681
5,3,5,90,0,0,1,0.61759090423584,1,1,1,-1,0.283803939819336
5,3,5,91,3,3,1,0.467587232589722,1,1,1,1,0.36759090423584
5,3,5,92,-3,3,1,0.600463151931763,1,1,1,1,0.217587232589722
5,3,5,93,27,27,1,0.500463247299194,-1,1,1,1,0.350463151931763
5,3,5,94,-3,3,1,0.800456762313843,1,1,1,-1,0.250463247299194
5,3,5,95,3,3,1,0.467145204544067,-1,1,1,1,0.550456762313843
5,3,5,96,3,3,1,0.550464868545532,1,1,1,-1,0.217145204544067
5,3,5,97,-81,81,0,0.433829069137573,1,1,1,1,0.300464868545532
5,3,5,98,27,27,1,0.567121982574463,-1,-1,1,1,0.183829069137573
5,3,5,99,-9,9,0,0.517992973327637,1,1,-1,-1,0.317121982574463
5,3,6,3,9,9,1,0.550482034683228,1,1,1,1,0.117178916931152
5,3,6,4,-81,81,0,0.283828020095825,1,1,1,1,0.300482034683228
5,3,6,5,-27,27,0,0.283830165863037,-1,-1,1,1,0.0338280200958252
5,3,6,6,-3,3,1,0.534398078918457,-1,-1,-1,-1,0.0338301658630371
5,3,6,7,-27,27,0,0.250934839248657,-1,1,-1,-1,0.284398078918457
5,3,6,8,81,81,1,0.517131090164185,-1,-1,1,-1,0.000934839248657227
5,3,6,9,-9,9,1,0.617125034332275,1,1,-1,-1,0.267131090164185
5,3,6,10,-3,3,1,0.58379602432251,-1,1,1,1,0.367125034332275
5,3,6,11,-3,3,0,0.483803033828735,-1,1,1,-1,0.33379602432251
5,3,6,12,-81,81,0,0.30115795135498,-1,-1,1,-1,0.233803033828735
5,3,6,13,-3,3,1,0.567121028900146,-1,-1,-1,-1,0.0511579513549805
5,3,6,14,-0,0,1,0.550467967987061,-1,1,-1,-1,0.317121028900146
5,3,6,15,-9,9,0,0.417593002319336,-1,1,1,-1,0.300467967987061
5,3,6,16,9,9,0,0.484260559082031,-1,-1,1,-1,0.167593002319336
5,3,6,17,9,9,1,0.534255981445312,1,-1,-1,-1,0.234260559082031
5,3,6,18,-27,27,0,0.283831834793091,1,1,-1,1,0.284255981445312
5,3,6,19,-3,3,1,0.850458145141602,-1,-1,1,1,0.0338318347930908
5,3,6,20,-9,9,1,0.700472116470337,-1,1,-1,-1,0.600458145141602
5,3,6,21,-3,3,1,0.484257936477661,-1,1,1,-1,0.450472116470337
5,3,6,25,-81,81,0,0.534495115280151,-1,1,-1,-1,0.700472116470337
5,3,6,26,-81,81,0,0.450937986373901,-1,-1,1,-1,0.284495115280151
5,3,6,27,-9,9,0,0.750468015670776,-1,-1,-1,-1,0.200937986373901
5,3,6,28,-3,3,1,0.634228944778442,-1,-1,-1,-1,0.500468015670776
5,3,6,29,-0,0,0,0.467144012451172,-1,1,-1,-1,0.384228944778442
5,3,6,30,-0,0,1,0.467588186264038,-1,-1,1,-1,0.217144012451172
5,3,6,31,-3,3,0,0.600459814071655,-1,1,-1,-1,0.217588186264038
5,3,6,32,-81,81,0,0.450475931167603,-1,-1,1,-1,0.350459814071655
5,3,6,33,9,9,0,0.567134857177734,-1,-1,-1,-1,0.200475931167603
5,3,6,34,-27,27,0,0.434273958206177,1,-1,-1,-1,0.317134857177734
5,3,6,35,-3,3,0,0.800919055938721,-1,-1,-1,1,0.184273958206177
5,3,6,36,-0,0,1,0.500469446182251,-1,-1,-1,-1,0.550919055938721
5,3,6,37,-27,27,0,0.450483083724976,-1,1,-1,-1,0.250469446182251
5,3,6,38,27,27,1,0.450468301773071,-1,-1,1,-1,0.200483083724976
5,3,6,39,27,27,1,0.417598009109497,1,1,-1,-1,0.200468301773071
5,3,6,40,81,81,1,0.551340818405151,1,1,1,1,0.167598009109497
5,3,6,41,0,0,0,0.450483798980713,1,1,1,1,0.301340818405151
5,3,6,42,-0,0,1,0.517565011978149,1,-1,1,1,0.200483798980713
5,3,6,43,-3,3,1,0.567154169082642,-1,1,-1,1,0.267565011978149
5,3,6,44,9,9,1,0.583801031112671,-1,1,1,-1,0.317154169082642
5,3,6,45,27,27,1,0.517611265182495,1,1,1,-1,0.333801031112671
5,3,6,46,3,3,1,0.617169141769409,1,1,1,1,0.267611265182495
5,3,6,47,-27,27,0,0.51712703704834,1,1,1,1,0.367169141769409
5,3,6,48,-9,9,1,0.533801794052124,-1,-1,1,1,0.26712703704834
5,3,6,49,-81,81,0,0.300469398498535,-1,1,-1,-1,0.283801794052124
5,3,6,50,81,81,1,0.483794212341309,-1,-1,1,-1,0.0504693984985352
5,3,6,51,81,81,1,0.733800172805786,1,1,-1,-1,0.233794212341309
5,3,6,52,9,9,1,0.583812952041626,1,1,1,1,0.483800172805786
5,3,6,53,81,81,1,0.584407806396484,1,1,1,1,0.333812952041626
5,3,6,54,3,3,0,0.700489044189453,1,1,1,1,0.334407806396484
5,3,6,55,27,27,1,0.533812999725342,1,-1,1,1,0.450489044189453
5,3,6,56,27,27,1,0.584252119064331,1,1,-1,1,0.283812999725342
5,3,6,57,3,3,1,0.550455808639526,1,1,1,1,0.334252119064331
5,3,6,58,3,3,1,0.817150115966797,1,1,1,1,0.300455808639526
5,3,6,59,-9,9,1,0.550493001937866,1,1,1,1,0.567150115966797
5,3,6,60,81,81,1,0.483786106109619,-1,1,1,1,0.300493001937866
5,3,6,61,81,81,1,0.501067161560059,1,1,1,-1,0.233786106109619
5,3,6,62,27,27,1,0.550932168960571,1,1,1,1,0.251067161560059
5,3,6,63,3,3,1,0.533788204193115,1,1,1,1,0.300932168960571
5,3,6,64,0,0,0,0.400471925735474,1,1,1,1,0.283788204193115
5,3,6,65,-27,27,0,0.433819055557251,1,-1,1,1,0.150471925735474
5,3,6,66,-3,3,0,0.533799886703491,-1,-1,-1,1,0.183819055557251
5,3,6,67,-81,81,0,0.400923013687134,-1,-1,-1,-1,0.283799886703491
5,3,6,68,0,0,1,0.700490713119507,-1,-1,-1,-1,0.150923013687134
5,3,6,69,27,27,1,0.53426194190979,1,1,-1,-1,0.450490713119507
5,3,6,70,0,0,1,0.534588098526001,1,1,1,1,0.28426194190979
5,3,6,71,3,3,1,0.550915956497192,1,1,1,1,0.284588098526001
5,3,6,72,9,9,1,0.567613363265991,1,1,1,1,0.300915956497192
5,3,6,73,81,81,1,0.517591953277588,1,1,1,1,0.317613363265991
5,3,6,74,-9,9,0,0.383825302124023,1,1,1,1,0.267591953277588
5,3,6,75,-27,27,0,0.467159032821655,-1,-1,1,1,0.133825302124023
5,3,6,76,-3,3,1,0.600471258163452,-1,-1,-1,-1,0.217159032821655
5,3,6,77,-0,0,0,0.517597198486328,-1,1,-1,-1,0.350471258163452
5,3,6,78,-9,9,1,0.684234380722046,-1,-1,1,-1,0.267597198486328
5,3,6,79,-3,3,0,0.617156028747559,-1,1,-1,-1,0.434234380722046
5,3,6,80,-9,9,1,0.817156076431274,-1,-1,1,-1,0.367156028747559
5,3,6,81,-81,81,0,0.550474882125854,-1,1,-1,-1,0.567156076431274
5,3,6,82,-3,3,0,0.517141103744507,-1,-1,1,-1,0.300474882125854
5,3,6,83,-9,9,0,0.284275054931641,-1,-1,-1,-1,0.267141103744507
5,3,6,84,-27,27,0,0.384325981140137,-1,-1,-1,-1,0.0342750549316406
5,3,6,85,-81,81,0,0.433804988861084,-1,-1,-1,-1,0.134325981140137
5,3,6,86,-3,3,1,0.600923299789429,-1,-1,-1,-1,0.183804988861084
5,3,6,87,-9,9,0,0.350920915603638,-1,1,-1,-1,0.350923299789429
5,3,6,88,-81,81,0,0.384332895278931,-1,-1,1,-1,0.100920915603638
5,3,6,89,-0,0,1,0.550916433334351,-1,-1,-1,-1,0.134332895278931
5,3,6,90,27,27,1,0.484285593032837,-1,1,-1,-1,0.300916433334351
5,3,6,91,-81,81,0,0.400891780853271,1,1,1,-1,0.234285593032837
5,3,6,92,9,9,1,0.783819198608398,-1,-1,1,1,0.150891780853271
5,3,6,93,-27,27,0,0.434231996536255,1,1,-1,-1,0.533819198608398
5,3,6,94,-27,27,0,0.350479125976562,-1,-1,1,1,0.184231996536255
5,3,6,95,-27,27,0,0.417580127716064,-1,-1,-1,-1,0.100479125976562
5,3,6,96,-9,9,1,0.50046706199646,-1,-1,-1,-1,0.167580127716064
5,3,6,97,-9,9,0,0.450481176376343,-1,1,-1,-1,0.25046706199646
5,3,6,98,-81,81,0,0.367607831954956,-1,-1,1,-1,0.200481176376343
7,1,1,4,-81,81,0,0.767137765884399,1,1,-1,-1,0.66754412651062
7,1,1,5,0,0,1,0.617148876190186,-1,-1,1,1,0.517137765884399
7,1,1,6,9,9,0,0.650486469268799,1,1,-1,-1,0.367148876190186
7,1,1,7,-27,27,0,0.383792638778687,1,-1,1,1,0.400486469268799
7,1,1,8,81,81,1,0.533816814422607,-1,-1,-1,1,0.133792638778687
7,1,1,9,27,27,1,0.450480699539185,1,1,-1,-1,0.283816814422607
7,1,1,10,0,0,1,0.417820930480957,1,1,1,1,0.200480699539185
7,1,1,11,-3,3,1,0.550439834594727,1,1,1,1,0.167820930480957
7,1,1,12,81,81,1,0.683768749237061,-1,1,1,1,0.300439834594727
7,1,1,13,81,81,1,0.534625768661499,1,1,1,-1,0.433768749237061
7,1,1,14,81,81,1,0.533821582794189,1,1,1,1,0.284625768661499
7,1,1,15,-9,9,0,0.733784914016724,1,1,1,1,0.283821582794189
7,1,1,16,3,3,1,0.633891820907593,-1,-1,1,1,0.483784914016724
7,1,1,17,-81,81,0,0.317619562149048,1,1,-1,-1,0.383891820907593
7,1,1,18,3,3,0,0.917756080627441,-1,-1,1,1,0.0676195621490479
7,1,1,19,-0,0,1,0.75043249130249,1,-1,-1,-1,0.667756080627441
7,1,1,20,-0,0,1,0.967586755752563,-1,1,-1,1,0.50043249130249
7,1,1,21,-81,81,0,0.317568063735962,-1,1,1,-1,0.717586755752563
7,1,1,22,9,9,1,0.93386173248291,-1,-1,1,-1,0.0675680637359619
7,1,1,23,-9,9,0,0.48383641242981,1,1,-1,-1,0.68386173248291
7,1,1,24,27,27,1,0.533827543258667,-1,-1,1,1,0.23383641242981
7,1,1,25,-27,27,0,0.334295511245728,1,1,-1,-1,0.283827543258667
7,1,1,26,-9,9,1,0.534225702285767,-1,-1,1,1,0.0842955112457275
7,1,1,27,-9,9,0,0.784813642501831,-1,1,-1,-1,0.284225702285767
7,1,1,28,81,81,1,0.400497436523438,-1,-1,1,-1,0.534813642501831
7,1,1,29,81,81,1,0.600480794906616,1,1,-1,-1,0.150497436523438
7,1,1,30,-27,27,0,0.550460577011108,1,1,1,1,0.350480794906616
7,1,1,31,3,3,1,0.617159843444824,-1,-1,1,1,0.300460577011108
7,1,1,32,0,0,1,0.800492286682129,1,1,-1,-1,0.367159843444824
7,1,1,33,-9,9,1,0.650488376617432,1,1,1,1,0.550492286682129
7,1,1,34,-9,9,0,0.48383092880249,-1,1,1,1,0.400488376617432
7,1,1,35,-3,3,1,0.800954818725586,-1,-1,1,-1,0.23383092880249
7,1,1,36,-81,81,0,0.534220218658447,-1,1,-1,-1,0.550954818725586
7,1,1,37,-3,3,1,1.15091395378113,-1,-1,1,-1,0.284220218658447
7,1,1,38,-3,3,1,0.734381914138794,-1,1,-1,-1,0.900913953781128
7,1,1,39,27,27,1,0.517618417739868,-1,1,1,-1,0.484381914138794
7,1,1,40,3,3,1,0.717148780822754,1,1,1,-1,0.267618417739868
7,1,1,41,-27,27,0,0.41762113571167,1,1,1,1,0.467148780822754
7,1,1,42,-27,27,0,0.367115497589111,-1,-1,1,1,0.16762113571167
7,1,1,43,-9,9,1,0.617146015167236,-1,-1,-1,-1,0.117115497589111
7,1,1,44,-27,27,0,0.517117738723755,-1,1,-1,-1,0.367146015167236
7,1,1,45,0,0,1,0.834882736206055,-1,-1,1,-1,0.267117738723755
7,1,1,46,9,9,1,0.567121267318726,1,1,-1,-1,0.584882736206055
7,1,1,47,9,9,1,0.517158031463623,1,1,1,1,0.317121267318726
7,1,1,48,9,9,1,0.483776092529297,1,1,1,1,0.267158031463623
7,1,1,49,9,9,1,0.750941038131714,1,1,1,1,0.233776092529297
7,1,1,50,-9,9,0,0.500504732131958,1,1,1,1,0.500941038131714
7,1,1,51,3,3,0,0.467185974121094,-1,-1,1,1,0.250504732131958
7,1,1,52,-0,0,0,0.717602014541626,1,-1,-1,-1,0.217185974121094
7,1,1,53,-9,9,0,0.550450086593628,-1,-1,-1,1,0.467602014541626
7,1,1,54,27,27,0,0.917100667953491,-1,-1,-1,-1,0.300450086593628
7,1,1,55,-81,81,0,0.333848714828491,1,-1,-1,-1,0.667100667953491
7,1,1,56,3,3,0,0.517618656158447,-1,-1,-1,1,0.0838487148284912
7,1,1,57,0,0,0,0.500993251800537,1,-1,-1,-1,0.267618656158447
7,1,1,58,81,81,1,0.400450468063354,1,-1,-1,1,0.250993251800537
7,1,1,59,27,27,1,0.46712851524353,1,1,-1,1,0.150450468063354
7,1,1,60,81,81,1,0.500447034835815,1,1,1,1,0.21712851524353
7,1,1,61,3,3,1,0.550484895706177,1,1,1,1,0.250447034835815
7,1,1,62,3,3,1,0.517607927322388,1,1,1,1,0.300484895706177
7,1,1,63,-81,81,0,0.418132543563843,1,1,1,1,0.267607927322388
7,1,1,64,-3,3,0,0.467146873474121,-1,-1,1,1,0.168132543563843
7,1,1,65,3,3,1,0.550935983657837,-1,-1,-1,-1,0.217146873474121
7,1,1,66,-27,27,1,0.567543506622314,1,1,-1,-1,0.300935983657837
7,1,1,67,-9,9,0,0.250910997390747,-1,1,1,1,0.317543506622314
7,1,1,68,3,3,0,0.700476169586182,-1,-1,1,-1,0.00091099739074707
7,1,1,69,81,81,1,0.333836555480957,1,-1,-1,-1,0.450476169586182
7,1,1,70,-9,9,1,0.550952911376953,1,1,-1,1,0.083836555480957
7,1,1,71,3,3,1,0.450949668884277,-1,1,1,1,0.300952911376953
7,1,1,72,-0,0,1,0.717143535614014,1,1,1,-1,0.200949668884277
7,1,1,73,-0,0,0,0.667146921157837,-1,1,1,1,0.467143535614014
7,1,1,74,9,9,0,0.500444650650024,-1,-1,1,-1,0.417146921157837
7,1,1,75,27,27,1,0.600488185882568,1,-1,-1,-1,0.250444650650024
7,1,1,76,27,27,1,0.350566625595093,1,1,-1,1,0.350488185882568
7,1,1,77,-81,81,0,0.500488758087158,1,1,1,1,0.100566625595093
7,1,1,78,3,3,1,0.500459909439087,-1,-1,1,1,0.250488758087158
7,1,1,79,9,9,1,0.383821725845337,1,1,-1,-1,0.250459909439087
7,1,1,80,-27,27,1,0.617591142654419,1,1,1,1,0.133821725845337
7,1,1,81,-27,27,0,0.317134857177734,-1,1,1,1,0.367591142654419
7,1,1,82,81,81,1,0.550882816314697,-1,-1,1,-1,0.0671348571777344
7,1,1,83,-3,3,1,1.15086269378662,1,1,-1,-1,0.300882816314697
7,1,1,84,-27,27,0,0.467120170593262,-1,1,1,1,0.900862693786621
7,1,1,85,27,27,1,0.40089750289917,-1,-1,1,-1,0.217120170593262
7,1,1,86,-3,3,1,0.76837682723999,1,1,-1,-1,0.15089750289917
7,1,1,87,-81,81,0,0.400476694107056,-1,1,1,1,0.51837682723999
7,1,1,88,-9,9,0,0.700439929962158,-1,-1,1,-1,0.150476694107056
7,1,1,89,-81,81,0,0.434221744537354,-1,-1,-1,-1,0.450439929962158
7,1,1,90,-27,27,0,0.533867597579956,-1,-1,-1,-1,0.184221744537354
7,1,1,91,-27,27,0,0.967167377471924,-1,-1,-1,-1,0.283867597579956
7,1,1,92,-81,81,0,0.384223699569702,-1,-1,-1,-1,0.717167377471924
7,1,1,93,-0,0,1,0.600493669509888,-1,-1,-1,-1,0.134223699569702
7,1,1,94,-9,9,1,0.650504589080811,-1,1,-1,-1,0.350493669509888
7,1,1,95,-27,27,0,0.600872993469238,-1,1,1,-1,0.400504589080811
7,1,1,96,3,3,0,0.583817720413208,-1,-1,1,-1,0.350872993469238
7,1,1,97,-81,81,0,0.317612648010254,1,-1,-1,-1,0.333817720413208
7,1,1,98,3,3,0,0.634262800216675,-1,-1,-1,1,0.0676126480102539
7,1,1,99,-3,3,1,0.700946569442749,1,-1,-1,-1,0.384262800216675
7,1,1,2,9,9,1,0.583812236785889,-1,-1,1,1,0.450680017471313
7,1,1,3,-9,9,1,0.467131614685059,1,1,-1,-1,0.333812236785889
7,1,1,4,-3,3,0,0.367631673812866,-1,1,1,1,0.217131614685059
7,1,1,5,-81,81,0,0.550892114639282,-1,-1,1,-1,0.117631673812866
7,1,1,6,-9,9,0,0.450482606887817,-1,-1,-1,-1,0.300892114639282
7,1,1,7,-3,3,0,0.400946855545044,-1,-1,-1,-1,0.200482606887817
7,1,1,8,-81,81,0,0.367190361022949,-1,-1,-1,-1,0.150946855545044
7,1,1,9,3,3,0,0.4176185131073,-1,-1,-1,-1,0.117190361022949
7,1,1,10,-9,9,0,0.600894689559937,1,-1,-1,-1,0.1676185131073
7,1,1,11,-9,9,0,0.533852577209473,-1,-1,-1,1,0.350894689559937
7,1,1,16,9,9,1,0.467122077941895,1,-1,-1,-1,0.283828735351562
7,1,1,17,-27,27,0,0.450480937957764,1,1,-1,1,0.217122077941895
7,1,1,18,-27,27,0,0.334231376647949,-1,-1,1,1,0.200480937957764
7,1,1,19,-27,27,0,0.267134428024292,-1,-1,-1,-1,0.0842313766479492
7,1,1,20,-3,3,1,0.66710352897644,-1,-1,-1,-1,0.017134428024292
7,1,1,21,3,3,1,0.4671471118927,-1,1,-1,-1,0.41710352897644
7,1,1,26,-9,9,0,0.533823490142822,1,-1,-1,-1,0.250953674316406
7,1,1,27,-27,27,0,0.417150735855103,-1,-1,-1,1,0.283823490142822
7,1,1,28,0,0,0,0.300461053848267,-1,-1,-1,-1,0.167150735855103
7,1,1,29,3,3,1,0.350499391555786,1,-1,-1,-1,0.0504610538482666
7,1,1,30,81,81,1,0.367561340332031,1,1,-1,1,0.100499391555786
7,1,1,31,-3,3,1,0.484407424926758,1,1,1,1,0.117561340332031
7,1,1,32,81,81,1,0.334279775619507,-1,1,1,1,0.234407424926758
7,1,1,33,81,81,1,0.317191600799561,1,1,1,-1,0.0842797756195068
7,1,1,34,27,27,1,0.300493001937866,1,1,1,1,0.0671916007995605
7,1,1,35,-9,9,1,0.517120361328125,1,1,1,1,0.0504930019378662
7,1,1,36,81,81,1,0.434298753738403,-1,1,1,1,0.267120361328125
7,1,1,37,-81,81,0,0.567160606384277,1,1,1,-1,0.184298753738403
7,1,1,38,9,9,1,0.433797836303711,-1,-1,1,1,0.317160606384277
7,1,1,39,-81,81,1,0.467602491378784,1,1,-1,-1,0.183797836303711
7,1,1,40,27,27,1,0.433822631835938,-1,1,1,1,0.217602491378784
7,1,1,41,81,81,1,0.250967741012573,1,1,1,-1,0.183822631835938
7,1,1,42,-9,9,0,0.433782577514648,1,1,1,1,0.000967741012573242
7,1,1,43,-81,81,0,0.567601919174194,-1,-1,1,1,0.183782577514648
7,1,1,44,3,3,1,0.433805704116821,-1,-1,-1,-1,0.317601919174194
7,1,1,45,81,81,1,0.483822345733643,1,1,-1,-1,0.183805704116821
7,1,1,46,27,27,1,0.467180728912354,1,1,1,1,0.233822345733643
7,1,1,47,81,81,1,0.40052056312561,1,1,1,1,0.217180728912354
7,1,1,48,-3,3,1,0.567583560943604,1,1,1,1,0.15052056312561
7,1,1,49,0,0,1,0.617153644561768,-1,1,1,1,0.317583560943604
7,1,1,50,0,0,1,0.31716775894165,1,1,1,-1,0.367153644561768
7,1,1,51,-0,0,0,0.450446605682373,1,1,1,1,0.0671677589416504
7,1,1,52,81,81,1,0.400492906570435,-1,-1,1,1,0.200446605682373
7,1,1,53,27,27,1,0.534208536148071,1,1,-1,-1,0.150492906570435
7,1,1,54,-3,3,0,0.417628526687622,1,1,1,1,0.284208536148071
7,1,1,55,-9,9,1,0.383832454681396,-1,-1,1,1,0.167628526687622
7,1,1,56,27,27,0,0.767611742019653,-1,1,-1,-1,0.133832454681396
7,1,1,57,27,27,1,0.400487661361694,1,-1,1,-1,0.517611742019653
7,1,1,58,3,3,1,0.634383678436279,1,1,-1,1,0.150487661361694
7,1,1,59,3,3,1,0.300506591796875,1,1,1,1,0.384383678436279
7,1,1,60,3,3,1,0.500481843948364,1,1,1,1,0.050506591796875
7,1,1,61,9,9,0,0.583787441253662,1,1,1,1,0.250481843948364
7,1,1,62,-27,27,0,0.350946664810181,1,-1,1,1,0.333787441253662
7,1,1,63,-3,3,1,0.63377857208252,-1,-1,-1,1,0.100946664810181
7,1,1,64,81,81,1,0.534298896789551,-1,1,-1,-1,0.38377857208252
7,1,1,65,27,27,1,0.450940847396851,1,1,1,-1,0.284298896789551
7,1,1,66,-81,81,0,0.350509881973267,1,1,1,1,0.200940847396851
7,1,1,67,-9,9,0,0.500943899154663,-1,-1,1,1,0.100509881973267
7,1,1,68,-3,3,1,0.500889539718628,-1,-1,-1,-1,0.250943899154663
7,1,1,69,81,81,1,0.450939655303955,-1,1,-1,-1,0.250889539718628
7,1,1,70,-27,27,0,0.300522565841675,1,1,1,-1,0.200939655303955
7,1,1,71,-81,81,0,0.267161846160889,-1,-1,1,1,0.0505225658416748
7,1,1,72,27,27,1,0.36760687828064,-1,-1,-1,-1,0.0171618461608887
7,1,1,73,-27,27,0,0.633773326873779,1,1,-1,-1,0.11760687828064
7,1,1,74,3,3,0,0.517915010452271,-1,-1,1,1,0.383773326873779
7,1,1,75,-27,27,0,0.467174768447876,1,-1,-1,-1,0.267915010452271
7,1,1,76,9,9,1,0.400450468063354,-1,-1,-1,1,0.217174768447876
7,1,1,77,-27,27,0,0.367194890975952,1,1,-1,-1,0.150450468063354
7,1,1,78,27,27,1,0.433834552764893,-1,-1,1,1,0.117194890975952
7,1,1,82,27,27,1,0.550458908081055,-1,-1,-1,-1,0.350494623184204
7,1,1,83,-9,9,0,0.683905124664307,1,1,-1,-1,0.300458908081055
7,1,1,84,0,0,1,0.550503730773926,-1,-1,1,1,0.433905124664307
7,1,1,85,-81,81,0,0.450502395629883,1,1,-1,-1,0.300503730773926
7,1,1,86,3,3,0,0.500445604324341,-1,-1,1,1,0.200502395629883
7,1,1,87,3,3,0,0.517153739929199,1,-1,-1,-1,0.250445604324341
7,1,1,88,0,0,0,0.550489902496338,1,-1,-1,1,0.267153739929199
7,1,1,89,27,27,1,0.417162895202637,1,-1,-1,1,0.300489902496338
7,1,1,90,-9,9,1,0.383824825286865,1,1,-1,1,0.167162895202637
7,1,1,91,0,0,0,0.500946760177612,-1,1,1,1,0.133824825286865
7,1,1,95,9,9,0,0.333829879760742,-1,-1,-1,-1,0.117169618606567
7,1,1,96,3,3,1,0.900866508483887,1,-1,-1,-1,0.0838298797607422
7,1,1,97,27,27,1,0.483788728713989,1,1,-1,1,0.650866508483887
7,1,2,2,-9,9,1,0.55093240737915,1,1,-1,-1,0.834486484527588
7,1,2,3,-9,9,0,0.501442193984985,-1,1,1,1,0.30093240737915
7,1,2,4,-3,3,0,0.583787202835083,-1,-1,1,-1,0.251442193984985
7,1,2,5,9,9,1,0.583813905715942,-1,-1,-1,-1,0.333787202835083
7,1,2,6,9,9,1,0.734266757965088,1,1,-1,-1,0.333813905715942
7,1,2,7,9,9,1,0.900478601455688,1,1,1,1,0.484266757965088
7,1,2,8,9,9,0,0.568170070648193,1,1,1,1,0.650478601455688
7,1,2,9,-81,81,0,0.600877285003662,1,-1,1,1,0.318170070648193
7,1,2,10,-9,9,0,0.633828639984131,-1,-1,-1,1,0.350877285003662
7,1,2,11,-81,81,0,0.600964546203613,-1,-1,-1,-1,0.383828639984131
7,1,2,12,-27,27,0,0.533804178237915,-1,-1,-1,-1,0.350964546203613
7,1,2,13,-27,27,0,0.433794260025024,-1,-1,-1,-1,0.283804178237915
7,1,2,14,9,9,0,0.9171142578125,-1,-1,-1,-1,0.183794260025024
7,1,2,15,81,81,1,0.400506496429443,1,-1,-1,-1,0.6671142578125
7,1,2,16,27,27,0,1.40084433555603,1,1,-1,1,0.150506496429443
7,1,2,17,0,0,0,0.850506544113159,1,-1,1,1,1.15084433555603
7,1,2,18,0,0,1,0.567162036895752,1,-1,-1,1,0.600506544113159
7,1,2,19,-3,3,1,0.567106485366821,1,1,-1,1,0.317162036895752
7,1,2,20,-0,0,0,0.367551326751709,-1,1,1,1,0.317106485366821
7,1,2,21,-9,9,0,0.633826494216919,-1,-1,1,-1,0.117551326751709
7,1,2,22,-81,81,0,0.467614650726318,-1,-1,-1,-1,0.383826494216919
7,1,2,23,-3,3,0,0.65052056312561,-1,-1,-1,-1,0.217614650726318
7,1,2,24,-27,27,0,0.250912189483643,-1,-1,-1,-1,0.40052056312561
7,1,2,25,-27,27,0,0.333831310272217,-1,-1,-1,-1,0.000912189483642578
7,1,2,26,-81,81,0,0.267563104629517,-1,-1,-1,-1,0.0838313102722168
7,1,2,27,-3,3,1,0.450503349304199,-1,-1,-1,-1,0.0175631046295166
7,1,2,28,-0,0,1,0.483792304992676,-1,1,-1,-1,0.200503349304199
7,1,2,29,-0,0,1,0.534213304519653,-1,1,1,-1,0.233792304992676
7,1,2,30,-3,3,1,0.334232330322266,-1,1,1,-1,0.284213304519653
7,1,2,31,-27,27,0,0.283788442611694,-1,1,1,-1,0.0842323303222656
7,1,2,32,81,81,1,0.284284591674805,-1,-1,1,-1,0.0337884426116943
7,1,2,33,81,81,1,0.367561340332031,1,1,-1,-1,0.0342845916748047
7,1,2,34,-3,3,1,0.600493431091309,1,1,1,1,0.117561340332031
7,1,2,35,27,27,1,0.267169713973999,-1,1,1,1,0.350493431091309
7,1,2,36,3,3,1,0.434221506118774,1,1,1,-1,0.017169713973999
7,1,2,37,9,9,1,0.367618799209595,1,1,1,1,0.184221506118774
7,1,2,38,0,0,1,0.434274673461914,1,1,1,1,0.117618799209595
7,1,2,39,27,27,1,0.333822965621948,1,1,1,1,0.184274673461914
7,1,2,40,9,9,1,0.483779430389404,1,1,1,1,0.0838229656219482
7,1,2,41,27,27,1,0.433802604675293,1,1,1,1,0.233779430389404
7,1,2,46,0,0,0,0.317631959915161,1,1,1,1,0.0338237285614014
7,1,2,47,9,9,1,0.50048565864563,1,-1,1,1,0.0676319599151611
7,1,2,48,27,27,1,0.317617893218994,1,1,-1,1,0.25048565864563
7,1,2,49,-9,9,1,0.533832788467407,1,1,1,1,0.0676178932189941
7,1,2,66,-3,3,1,0.467158794403076,-1,-1,1,-1,0.100960731506348
7,1,2,67,-3,3,0,0.267177581787109,-1,1,-1,-1,0.217158794403076
7,1,2,80,-3,3,0,0.25102972984314,-1,-1,-1,-1,0.217119455337524
7,1,2,85,-9,9,0,0.417846918106079,1,1,1,1,0.300492763519287
7,1,2,86,-81,81,0,0.317558526992798,-1,-1,1,1,0.167846918106079
7,1,2,87,-27,27,0,0.300890207290649,-1,-1,-1,-1,0.0675585269927979
7,1,2,88,-81,81,0,0.28378438949585,-1,-1,-1,-1,0.0508902072906494
7,1,2,89,-27,27,0,0.317168712615967,-1,-1,-1,-1,0.0337843894958496
7,1,2,90,-3,3,1,0.367164850234985,-1,-1,-1,-1,0.0671687126159668
7,1,2,91,-81,81,0,0.300985336303711,-1,1,-1,-1,0.117164850234985
7,1,2,92,-27,27,0,0.250937938690186,-1,-1,1,-1,0.0509853363037109
7,1,2,93,81,81,1,0.267122507095337,-1,-1,-1,-1,0.000937938690185547
7,1,2,94,3,3,1,0.301022529602051,1,1,-1,-1,0.0171225070953369
7,1,2,95,-0,0,0,0.467119455337524,1,1,1,1,0.0510225296020508
7,1,2,96,-81,81,0,0.567155838012695,-1,-1,1,1,0.217119455337524
7,1,2,97,-27,27,0,0.450449466705322,-1,-1,-1,-1,0.317155838012695
7,1,2,98,-9,9,0,0.500882625579834,-1,-1,-1,-1,0.200449466705322
7,1,2,99,-27,27,0,0.333798408508301,-1,-1,-1,-1,0.250882625579834
7,1,2,2,27,27,1,0.45048189163208,1,-1,-1,-1,0.500730514526367
7,1,2,3,9,9,1,0.500497579574585,1,1,-1,1,0.20048189163208
7,1,2,4,81,81,1,0.33426570892334,1,1,1,1,0.250497579574585
7,1,2,5,3,3,1,0.400892972946167,1,1,1,1,0.0842657089233398
7,1,2,6,9,9,1,0.318236112594604,1,1,1,1,0.150892972946167
7,1,2,10,-27,27,0,0.350922822952271,-1,1,1,1,0.184226989746094
7,1,2,11,81,81,0,0.40088415145874,-1,-1,1,-1,0.100922822952271
7,1,2,12,27,27,1,0.368077039718628,1,-1,-1,-1,0.15088415145874
7,1,2,13,81,81,1,0.284281015396118,1,1,-1,1,0.118077039718628
7,1,2,14,3,3,1,0.283846855163574,1,1,1,1,0.0342810153961182
7,1,2,18,-9,9,0,0.833815813064575,1,1,1,1,0.334221124649048
7,1,2,19,-27,27,0,0.701045751571655,-1,-1,1,1,0.583815813064575
7,1,2,20,3,3,0,0.500896215438843,-1,-1,-1,-1,0.451045751571655
7,1,2,21,27,27,0,0.834252595901489,1,-1,-1,-1,0.250896215438843
7,1,2,22,3,3,1,0.617113351821899,1,-1,-1,1,0.584252595901489
7,1,2,23,-9,9,1,0.417593002319336,1,1,-1,1,0.367113351821899
7,1,2,24,-81,81,0,0.53379225730896,-1,1,1,1,0.167593002319336
7,1,2,25,3,3,1,0.533788204193115,-1,-1,1,-1,0.28379225730896
7,1,2,26,-3,3,1,0.350937843322754,1,1,-1,-1,0.283788204193115
7,1,2,27,-9,9,0,0.484224557876587,-1,1,1,1,0.100937843322754
7,1,2,28,9,9,1,0.483827114105225,-1,-1,1,-1,0.234224557876587
7,1,2,29,27,27,1,0.367568016052246,1,1,-1,-1,0.233827114105225
7,1,2,30,0,0,1,0.467615127563477,1,1,1,1,0.117568016052246
7,1,2,31,3,3,0,0.467116594314575,1,1,1,1,0.217615127563477
7,1,2,32,3,3,1,0.283801078796387,1,-1,1,1,0.217116594314575
7,1,2,33,-9,9,0,0.483843803405762,1,1,-1,1,0.0338010787963867
7,1,2,34,27,27,1,0.334557771682739,-1,-1,1,1,0.233843803405762
7,1,2,35,3,3,1,0.317178964614868,1,1,-1,-1,0.0845577716827393
7,1,2,36,9,9,1,0.30049991607666,1,1,1,1,0.0671789646148682
7,1,2,40,81,81,1,0.26758885383606,1,1,1,1,0.183826446533203
7,1,2,45,3,3,1,0.467642784118652,1,1,1,1,0.350890159606934
7,1,2,46,81,81,1,0.483795881271362,1,1,1,1,0.217642784118652
7,1,2,47,3,3,1,0.517595052719116,1,1,1,1,0.233795881271362
7,1,2,48,0,0,1,0.700457811355591,1,1,1,1,0.267595052719116
7,1,2,49,27,27,1,0.484258651733398,1,1,1,1,0.450457811355591
7,1,2,50,27,27,1,0.500465631484985,1,1,1,1,0.234258651733398
7,1,2,51,9,9,1,0.283852815628052,1,1,1,1,0.250465631484985
7,1,2,52,27,27,1,0.550489187240601,1,1,1,1,0.0338528156280518
7,1,2,53,-3,3,0,0.567583560943604,1,1,1,1,0.300489187240601
7,1,2,54,-3,3,0,0.633776426315308,-1,-1,1,1,0.317583560943604
7,1,2,55,3,3,1,0.567606925964355,-1,-1,-1,-1,0.383776426315308
7,1,2,56,-0,0,1,0.700467109680176,1,1,-1,-1,0.317606925964355
7,1,2,57,-9,9,0,0.600455284118652,-1,1,1,1,0.450467109680176
7,1,2,58,81,81,1,0.550476789474487,-1,-1,1,-1,0.350455284118652
7,1,2,59,27,27,1,0.567576885223389,1,1,-1,-1,0.300476789474487
7,1,2,60,-9,9,1,0.71758770942688,1,1,1,1,0.317576885223389
7,1,2,61,-81,81,0,0.583809852600098,-1,1,1,1,0.46758770942688
7,1,2,62,-81,81,0,0.417158842086792,-1,-1,1,-1,0.333809852600098
7,1,2,63,9,9,1,0.85088324546814,-1,-1,-1,-1,0.167158842086792
7,1,2,64,-9,9,0,0.400920867919922,1,1,-1,-1,0.60088324546814
7,1,2,65,-3,3,1,0.534243106842041,-1,-1,1,1,0.150920867919922
7,1,2,66,-9,9,0,0.450508832931519,-1,1,-1,-1,0.284243106842041
7,1,2,67,9,9,1,0.58427095413208,-1,-1,1,-1,0.200508832931519
7,1,2,68,-9,9,0,0.450494050979614,1,1,-1,-1,0.33427095413208
7,1,2,69,-81,81,0,0.517157077789307,-1,-1,1,1,0.200494050979614
7,1,2,70,81,81,1,0.367610692977905,-1,-1,-1,-1,0.267157077789307
7,1,2,71,9,9,1,0.600459337234497,1,1,-1,-1,0.117610692977905
7,1,2,72,81,81,1,0.31757378578186,1,1,1,1,0.350459337234497
7,1,2,76,-0,0,1,0.518251895904541,-1,-1,1,1,0.217164993286133
7,1,2,77,-0,0,0,0.500926494598389,-1,1,-1,-1,0.268251895904541
7,1,2,78,-3,3,0,0.817563056945801,-1,-1,1,-1,0.250926494598389
7,1,2,79,0,0,0,0.350985288619995,-1,-1,-1,-1,0.567563056945801
7,1,2,80,-81,81,0,0.53382682800293,1,-1,-1,-1,0.100985288619995
7,1,2,81,-9,9,0,0.684262990951538,-1,-1,-1,1,0.28382682800293
7,1,2,86,3,3,1,0.467190265655518,1,1,-1,1,0.267605543136597
7,1,2,87,27,27,1,0.417595863342285,1,1,1,1,0.217190265655518
7,1,2,91,0,0,1,0.551777601242065,1,1,1,1,0.300906658172607
7,1,2,92,0,0,1,0.534266471862793,1,1,1,1,0.301777601242065
7,1,2,93,9,9,1,0.552177429199219,1,1,1,1,0.284266471862793
7,1,2,94,27,27,1,0.451425790786743,1,1,1,1,0.302177429199219
7,1,2,95,3,3,1,0.501835107803345,1,1,1,1,0.201425790786743
7,1,2,96,-27,27,0,0.369005918502808,1,1,1,1,0.251835107803345
7,1,2,97,-81,81,0,0.484236240386963,-1,-1,1,1,0.119005918502808
7,1,2,98,-0,0,1,0.601405143737793,-1,-1,-1,-1,0.234236240386963
7,1,2,99,-81,81,0,0.484921932220459,-1,1,-1,-1,0.351405143737793
7,1,3,2,81,81,1,0.250969648361206,-1,-1,1,-1,0.400708198547363
7,1,3,3,9,9,1,0.383857488632202,1,1,-1,-1,0.000969648361206055
7,1,3,25,27,27,1,0.533826589584351,1,1,1,1,0.350933790206909
7,1,3,26,-81,81,0,0.584301710128784,1,1,1,1,0.283826589584351
7,1,3,27,9,9,1,0.500894069671631,-1,-1,1,1,0.334301710128784
7,1,3,28,27,27,1,0.517164468765259,1,1,-1,-1,0.250894069671631
7,1,3,29,0,0,1,0.61755108833313,1,1,1,1,0.267164468765259
7,1,3,30,-81,81,0,0.350495576858521,1,1,1,1,0.36755108833313
7,1,3,31,27,27,1,0.584261894226074,-1,-1,1,1,0.100495576858521
7,1,3,32,27,27,1,0.267140626907349,1,1,-1,-1,0.334261894226074
7,1,3,37,-0,0,1,0.500466823577881,-1,-1,-1,-1,0.367609262466431
7,1,3,38,81,81,1,0.484283685684204,-1,1,-1,-1,0.250466823577881
7,1,3,39,-3,3,1,0.433822870254517,1,1,1,-1,0.234283685684204
7,1,3,40,-3,3,0,0.350510358810425,-1,1,1,1,0.183822870254517
7,1,3,41,9,9,1,0.300952434539795,-1,-1,1,-1,0.100510358810425
7,1,3,42,81,81,1,0.467166423797607,1,1,-1,-1,0.0509524345397949
7,1,3,43,-81,81,0,0.367616653442383,1,1,1,1,0.217166423797607
7,1,3,44,27,27,1,0.350503444671631,-1,-1,1,1,0.117616653442383
7,1,3,45,-9,9,1,0.467155694961548,1,1,-1,-1,0.100503444671631
7,1,3,46,-3,3,0,0.383823871612549,-1,1,1,1,0.217155694961548
7,1,3,47,-27,27,1,0.25091814994812,-1,-1,1,-1,0.133823871612549
7,1,3,48,-3,3,0,0.567148447036743,-1,1,-1,-1,0.000918149948120117
7,1,3,49,3,3,1,0.717595815658569,-1,-1,1,-1,0.317148447036743
7,1,3,50,81,81,1,0.484269857406616,1,1,-1,-1,0.467595815658569
7,1,3,59,27,27,1,0.58381986618042,1,-1,1,1,0.217157125473022
7,1,3,60,27,27,1,0.517608642578125,1,1,-1,1,0.33381986618042
7,1,3,61,9,9,1,0.267168521881104,1,1,1,1,0.267608642578125
7,1,3,62,-27,27,0,0.333785533905029,1,1,1,1,0.0171685218811035
7,1,3,63,-27,27,0,0.300494909286499,-1,-1,1,1,0.0837855339050293
7,1,3,64,3,3,0,0.400937795639038,-1,-1,-1,-1,0.050494909286499
7,1,3,71,-81,81,0,0.501312494277954,1,1,1,-1,1.0675368309021
7,1,3,72,-81,81,0,0.467161655426025,-1,-1,1,1,0.251312494277954
7,1,3,77,3,3,1,0.333784341812134,-1,-1,-1,1,0.550881147384644
7,1,3,78,-3,3,1,0.484723567962646,1,1,-1,-1,0.0837843418121338
7,1,3,79,3,3,0,0.467114448547363,-1,1,1,1,0.234723567962646
7,1,3,80,9,9,1,0.56715989112854,1,-1,1,-1,0.217114448547363
7,1,3,81,-9,9,0,0.467116594314575,1,1,-1,1,0.31715989112854
7,1,3,82,81,81,1,0.55093789100647,-1,-1,1,1,0.217116594314575
7,1,3,83,0,0,1,0.534368515014648,1,1,-1,-1,0.30093789100647
7,1,3,84,81,81,1,0.550493478775024,1,1,1,1,0.284368515014648
7,1,3,85,-81,81,0,0.534287214279175,1,1,1,1,0.300493478775024
7,1,3,86,3,3,1,0.467613935470581,-1,-1,1,1,0.284287214279175
7,1,3,87,-0,0,1,0.500964403152466,1,1,-1,-1,0.217613935470581
7,1,3,88,-3,3,1,0.517606973648071,-1,1,1,1,0.250964403152466
7,1,3,89,-0,0,1,0.500449419021606,-1,1,1,-1,0.267606973648071
7,1,3,94,-81,81,0,0.533819913864136,-1,-1,1,-1,0.267148733139038
7,1,3,95,81,81,1,0.533791780471802,-1,-1,-1,-1,0.283819913864136
7,1,3,96,-81,81,0,0.534267902374268,1,1,-1,-1,0.283791780471802
7,1,3,97,-9,9,0,0.651042699813843,-1,-1,1,1,0.284267902374268
7,1,3,98,3,3,0,0.433790683746338,-1,-1,-1,-1,0.401042699813843
7,1,3,99,-0,0,1,0.550954580307007,1,-1,-1,-1,0.183790683746338
7,1,3,2,-27,27,0,0.484275579452515,-1,-1,-1,-1,0.400689601898193
7,1,3,3,-27,27,0,0.350957632064819,-1,-1,-1,-1,0.234275579452515
7,1,3,4,-9,9,0,0.250936031341553,-1,-1,-1,-1,0.100957632064819
7,1,3,9,-9,9,1,0.317182540893555,1,1,1,1,0.467583417892456
7,1,3,10,3,3,1,0.384258985519409,-1,1,1,1,0.0671825408935547
7,1,3,11,-9,9,0,0.750915050506592,1,1,1,-1,0.134258985519409
7,1,3,12,-27,27,0,0.284236192703247,-1,-1,1,1,0.500915050506592
7,1,3,16,-9,9,0,0.617177248001099,-1,-1,-1,-1,0.283790111541748
7,1,3,17,0,0,0,0.333837032318115,-1,-1,-1,-1,0.367177248001099
7,1,3,18,-9,9,0,0.500486850738525,1,-1,-1,-1,0.0838370323181152
7,1,3,19,-3,3,0,0.417163133621216,-1,-1,-1,1,0.250486850738525
7,1,3,20,81,81,1,0.284276008605957,-1,-1,-1,-1,0.167163133621216
7,1,3,21,81,81,1,0.350463151931763,1,1,-1,-1,0.034276008605957
7,1,3,22,3,3,1,0.917547225952148,1,1,1,1,0.100463151931763
7,1,3,23,-81,81,0,0.317568063735962,1,1,1,1,0.667547225952148
7,1,3,24,-3,3,1,0.300516128540039,-1,-1,1,1,0.0675680637359619
7,1,3,25,3,3,0,0.317599058151245,-1,1,-1,-1,0.0505161285400391
7,1,3,26,81,81,1,0.350476264953613,1,-1,1,-1,0.0675990581512451
7,1,3,27,9,9,1,0.5676109790802,1,1,-1,1,0.100476264953613
7,1,3,28,-0,0,1,0.334280252456665,1,1,1,1,0.3176109790802
7,1,3,29,-9,9,0,0.500485897064209,-1,1,1,1,0.084280252456665
7,1,3,30,9,9,1,0.333798170089722,-1,-1,1,-1,0.250485897064209
7,1,3,31,27,27,1,0.300527095794678,1,1,-1,-1,0.0837981700897217
7,1,3,35,-3,3,1,0.650478839874268,1,1,1,-1,0.0505056381225586
7,1,3,36,-3,3,0,0.650442600250244,-1,1,1,1,0.400478839874268
7,1,3,37,0,0,1,0.717108488082886,-1,-1,1,-1,0.400442600250244
7,1,3,38,27,27,1,0.383865833282471,1,1,-1,-1,0.467108488082886
7,1,3,39,81,81,1,0.317127227783203,1,1,1,1,0.133865833282471
7,1,3,40,-9,9,1,0.350521564483643,1,1,1,1,0.0671272277832031
7,1,3,41,3,3,1,0.350494146347046,-1,1,1,1,0.100521564483643
7,1,3,42,0,0,1,0.417151927947998,1,1,1,-1,0.100494146347046
7,1,3,43,-3,3,1,0.284262895584106,1,1,1,1,0.167151927947998
7,1,3,44,-3,3,1,0.317119598388672,-1,1,1,1,0.0342628955841064
7,1,3,45,27,27,1,0.550517797470093,-1,1,1,-1,0.0671195983886719
7,1,3,46,-27,27,0,0.533792495727539,1,1,1,-1,0.300517797470093
7,1,3,47,3,3,1,0.400926828384399,-1,-1,1,1,0.283792495727539
7,1,3,51,-9,9,0,0.550462007522583,1,1,-1,-1,0.250447511672974
7,1,3,52,81,81,1,0.434267282485962,-1,-1,1,1,0.300462007522583
7,1,3,56,9,9,1,0.350524187088013,1,1,1,1,0.317148923873901
7,1,3,57,-27,27,0,0.484251976013184,1,1,1,1,0.100524187088013
7,1,3,58,-0,0,0,0.350925922393799,-1,-1,1,1,0.234251976013184
7,1,3,59,9,9,1,0.450920820236206,-1,-1,-1,-1,0.100925922393799
7,1,3,60,81,81,1,0.300491809844971,1,1,-1,-1,0.200920820236206
7,1,3,61,3,3,0,0.600484848022461,1,1,1,1,0.0504918098449707
7,1,3,62,-27,27,0,0.333835363388062,1,-1,1,1,0.350484848022461
7,1,3,63,-0,0,1,0.317564725875854,-1,-1,-1,1,0.0838353633880615
7,1,3,64,27,27,1,0.300922632217407,-1,1,-1,-1,0.0675647258758545
7,1,3,68,-9,9,1,0.467164993286133,1,1,-1,-1,0.250964164733887
7,1,3,69,-9,9,0,0.467568397521973,-1,1,1,1,0.217164993286133
7,1,3,70,-81,81,0,0.467180013656616,-1,-1,1,-1,0.217568397521973
7,1,3,71,3,3,1,0.450488805770874,-1,-1,-1,-1,0.217180013656616
7,1,3,72,-81,81,0,0.384252786636353,1,1,-1,-1,0.200488805770874
7,1,3,73,27,27,1,0.350490808486938,-1,-1,1,1,0.134252786636353
7,1,3,74,-3,3,0,0.567156076431274,1,1,-1,-1,0.100490808486938
7,1,3,78,9,9,1,0.517159938812256,1,1,1,1,0.217157125473022
7,1,3,79,-3,3,1,0.417160034179688,1,1,1,1,0.267159938812256
7,1,3,80,-9,9,0,0.333844661712646,-1,1,1,1,0.167160034179688
7,1,3,81,-9,9,0,0.450493812561035,-1,-1,1,-1,0.0838446617126465
7,1,3,86,-27,27,0,0.317164897918701,1,1,1,-1,0.234239101409912
7,1,3,87,-9,9,1,0.300491571426392,-1,-1,1,1,0.0671648979187012
7,1,3,88,-81,81,0,0.483824968338013,-1,1,-1,-1,0.0504915714263916
7,1,3,89,-3,3,0,0.434272766113281,-1,-1,1,-1,0.233824968338013
7,1,3,90,81,81,1,0.433791875839233,-1,-1,-1,-1,0.184272766113281
7,1,3,91,9,9,1,0.28382682800293,1,1,-1,-1,0.183791875839233
7,1,3,92,0,0,1,0.433834791183472,1,1,1,1,0.0338268280029297
7,1,3,93,-3,3,1,0.5175940990448,1,1,1,1,0.183834791183472
7,1,3,94,-81,81,0,0.501277923583984,-1,1,1,1,0.2675940990448
7,1,3,95,27,27,1,0.567140817642212,-1,-1,1,-1,0.251277923583984
7,1,3,96,-0,0,1,0.400503635406494,1,1,-1,-1,0.317140817642212
7,1,3,97,-27,27,0,0.467604875564575,-1,1,1,1,0.150503635406494
7,1,3,98,-3,3,1,0.467160701751709,-1,-1,1,-1,0.217604875564575
7,1,3,99,-81,81,0,0.567600965499878,-1,1,-1,-1,0.217160701751709
7,1,4,2,-0,0,1,0.434230327606201,-1,-1,1,-1,0.401105165481567
7,1,4,3,9,9,1,0.583823919296265,-1,1,-1,-1,0.184230327606201
7,1,4,4,-27,27,0,0.450935840606689,1,1,1,-1,0.333823919296265
7,1,4,5,9,9,1,0.550505399703979,-1,-1,1,1,0.200935840606689
7,1,4,6,-81,81,1,0.450483560562134,1,1,-1,-1,0.300505399703979
7,1,4,7,3,3,1,0.533790111541748,-1,1,1,1,0.200483560562134
7,1,4,8,-9,9,0,0.417151689529419,1,1,1,-1,0.283790111541748
7,1,4,9,9,9,0,0.50045371055603,-1,-1,1,1,0.167151689529419
7,1,4,10,-0,0,1,0.667549133300781,1,-1,-1,-1,0.25045371055603
7,1,4,11,9,9,1,0.534440040588379,-1,1,-1,1,0.417549133300781
7,1,4,12,-27,27,0,0.433813810348511,1,1,1,-1,0.284440040588379
7,1,4,13,0,0,1,0.500891208648682,-1,-1,1,1,0.183813810348511
7,1,4,14,-9,9,0,0.434216260910034,1,1,-1,-1,0.250891208648682
7,1,4,15,81,81,1,0.517160892486572,-1,-1,1,1,0.184216260910034
7,1,4,16,-9,9,1,1.03377342224121,1,1,-1,-1,0.267160892486572
7,1,4,17,0,0,0,0.583775281906128,-1,1,1,1,0.783773422241211
7,1,4,18,-3,3,0,0.46714973449707,1,-1,1,-1,0.333775281906128
7,1,4,19,-3,3,0,0.500492572784424,-1,-1,-1,1,0.21714973449707
7,1,4,20,-81,81,0,0.500937938690186,-1,-1,-1,-1,0.250492572784424
7,1,4,21,81,81,1,0.400951147079468,-1,-1,-1,-1,0.250937938690186
7,1,4,22,-81,81,0,0.400940656661987,1,1,-1,-1,0.150951147079468
7,1,4,23,9,9,1,0.617108821868896,-1,-1,1,1,0.150940656661987
7,1,4,24,-0,0,1,0.617153644561768,1,1,-1,-1,0.367108821868896
7,1,4,25,3,3,1,0.61717677116394,-1,1,1,1,0.367153644561768
7,1,4,26,-27,27,0,0.450447797775269,1,1,1,-1,0.36717677116394
7,1,4,27,-81,81,0,0.550452470779419,-1,-1,1,1,0.200447797775269
7,1,4,28,81,81,1,0.567604541778564,-1,-1,-1,-1,0.300452470779419
7,1,4,29,9,9,1,0.567610502243042,1,1,-1,-1,0.317604541778564
7,1,4,30,9,9,0,0.750938415527344,1,1,1,1,0.317610502243042
7,1,4,31,-3,3,1,0.63381290435791,1,-1,1,1,0.500938415527344
7,1,4,32,81,81,1,0.634207487106323,-1,1,-1,1,0.38381290435791
7,1,4,33,-3,3,1,0.633810758590698,1,1,1,-1,0.384207487106323
7,1,4,34,27,27,1,0.667145967483521,-1,1,1,1,0.383810758590698
7,1,4,35,-27,27,0,0.517154693603516,1,1,1,-1,0.417145967483521
7,1,4,36,81,81,1,0.567138671875,-1,-1,1,1,0.267154693603516
7,1,4,37,27,27,1,0.634268045425415,1,1,-1,-1,0.317138671875
7,1,4,38,-9,9,1,0.867549657821655,1,1,1,1,0.384268045425415
7,1,4,39,-27,27,0,0.350954532623291,-1,1,1,1,0.617549657821655
7,1,4,40,27,27,1,0.517681360244751,-1,-1,1,-1,0.100954532623291
7,1,4,41,-9,9,1,0.967137575149536,1,1,-1,-1,0.267681360244751
7,1,4,42,-81,81,0,0.533773422241211,-1,1,1,1,0.717137575149536
7,1,4,43,27,27,1,0.500443458557129,-1,-1,1,-1,0.283773422241211
7,1,4,44,-0,0,1,0.667604446411133,1,1,-1,-1,0.250443458557129
7,1,4,45,0,0,1,0.484274625778198,-1,1,1,1,0.417604446411133
7,1,4,46,-81,81,0,0.467118740081787,1,1,1,-1,0.234274625778198
7,1,4,47,27,27,1,0.567148923873901,-1,-1,1,1,0.217118740081787
7,1,4,48,-27,27,0,0.583778381347656,1,1,-1,-1,0.317148923873901
7,1,4,49,9,9,1,0.517121076583862,-1,-1,1,1,0.333778381347656
7,1,4,50,-27,27,0,0.467146158218384,1,1,-1,-1,0.267121076583862
7,1,4,51,3,3,1,0.584263801574707,-1,-1,1,1,0.217146158218384
7,1,4,52,-3,3,0,0.550933837890625,1,1,-1,-1,0.334263801574707
7,1,4,53,-0,0,1,0.483776330947876,-1,-1,1,1,0.300933837890625
7,1,4,54,3,3,0,0.70133376121521,-1,1,-1,-1,0.233776330947876
7,1,4,55,-81,81,0,0.467609643936157,1,-1,1,-1,0.45133376121521
7,1,4,56,3,3,0,0.73426365852356,-1,-1,-1,1,0.217609643936157
7,1,4,57,-3,3,0,0.617894411087036,1,-1,-1,-1,0.48426365852356
7,1,4,58,9,9,1,0.484267711639404,-1,-1,-1,1,0.367894411087036
7,1,4,59,-9,9,0,0.550439596176147,1,1,-1,-1,0.234267711639404
7,1,4,60,9,9,1,0.517144441604614,-1,-1,1,1,0.300439596176147
7,1,4,61,3,3,0,0.534284830093384,1,1,-1,-1,0.267144441604614
7,1,4,62,-3,3,0,0.600451231002808,1,-1,1,1,0.284284830093384
7,1,4,63,81,81,1,0.517159461975098,-1,-1,-1,1,0.350451231002808
7,1,4,64,-9,9,0,0.534282922744751,1,1,-1,-1,0.267159461975098
7,1,4,65,0,0,1,0.650438547134399,-1,-1,1,1,0.284282922744751
7,1,4,66,-9,9,0,0.750482320785522,1,1,-1,-1,0.400438547134399
7,1,4,67,81,81,1,0.53382682800293,-1,-1,1,1,0.500482320785522
7,1,4,68,-3,3,1,0.651081562042236,1,1,-1,-1,0.28382682800293
7,1,4,69,-3,3,0,0.500485897064209,-1,1,1,1,0.401081562042236
7,1,4,70,0,0,1,0.667115926742554,-1,-1,1,-1,0.250485897064209
7,1,4,71,-27,27,0,0.51715874671936,1,1,-1,-1,0.417115926742554
7,1,4,72,9,9,0,0.633788347244263,-1,-1,1,1,0.26715874671936
7,1,4,73,-3,3,0,0.783809661865234,1,-1,-1,-1,0.383788347244263
7,1,4,74,81,81,1,0.400913715362549,-1,-1,-1,1,0.533809661865234
7,1,4,75,3,3,1,0.667153120040894,1,1,-1,-1,0.150913715362549
7,1,4,76,-81,81,0,0.400465965270996,1,1,1,1,0.417153120040894
7,1,4,77,-9,9,0,0.517110586166382,-1,-1,1,1,0.150465965270996
7,1,4,78,81,81,1,0.367158889770508,-1,-1,-1,-1,0.267110586166382
7,1,4,79,-3,3,1,0.584225177764893,1,1,-1,-1,0.117158889770508
7,1,4,80,-27,27,0,0.533821821212769,-1,1,1,1,0.334225177764893
7,1,4,81,-3,3,0,0.583820819854736,-1,-1,1,-1,0.283821821212769
7,1,4,82,0,0,1,0.517149686813354,-1,-1,-1,-1,0.333820819854736
7,1,4,83,81,81,1,0.450487852096558,1,1,-1,-1,0.267149686813354
7,1,4,84,-27,27,0,0.350469589233398,1,1,1,1,0.200487852096558
7,1,4,85,27,27,1,0.384280681610107,-1,-1,1,1,0.100469589233398
7,1,4,86,-3,3,1,0.417198657989502,1,1,-1,-1,0.134280681610107
7,1,4,87,-27,27,0,0.417157888412476,-1,1,1,1,0.167198657989502
7,1,4,88,27,27,1,0.450468778610229,-1,-1,1,-1,0.167157888412476
7,1,4,89,-27,27,0,0.433780193328857,1,1,-1,-1,0.200468778610229
7,1,4,90,-3,3,0,0.583777666091919,-1,-1,1,1,0.183780193328857
7,1,4,91,9,9,1,0.367124557495117,-1,-1,-1,-1,0.333777666091919
7,1,4,92,-81,81,0,0.333797216415405,1,1,-1,-1,0.117124557495117
7,1,4,93,81,81,1,0.250909328460693,-1,-1,1,1,0.0837972164154053
7,1,4,94,-27,27,0,0.350965738296509,1,1,-1,-1,0.000909328460693359
7,1,4,95,27,27,1,0.284286737442017,-1,-1,1,1,0.100965738296509
7,1,5,2,81,81,1,0.48422908782959,-1,-1,-1,-1,1.10148906707764
7,1,5,3,3,3,0,0.483848810195923,1,1,-1,-1,0.23422908782959
7,1,5,4,-0,0,0,0.60048508644104,1,-1,1,1,0.233848810195923
7,1,5,5,9,9,1,0.617154836654663,-1,-1,-1,1,0.35048508644104
7,1,5,6,-9,9,0,0.750911951065063,1,1,-1,-1,0.367154836654663
7,1,5,7,81,81,1,0.467159986495972,-1,-1,1,1,0.500911951065063
7,1,5,8,-0,0,1,0.600888013839722,1,1,-1,-1,0.217159986495972
7,1,5,9,-81,81,0,0.400901079177856,-1,1,1,1,0.350888013839722
7,1,5,10,-3,3,1,0.684235811233521,-1,-1,1,-1,0.150901079177856
7,1,5,11,3,3,0,0.517599105834961,-1,1,-1,-1,0.434235811233521
7,1,5,12,81,81,1,0.500487089157104,1,-1,1,-1,0.267599105834961
7,1,5,13,-27,27,0,0.45048189163208,1,1,-1,1,0.250487089157104
7,1,5,14,-0,0,0,0.600454330444336,-1,-1,1,1,0.20048189163208
7,1,5,15,-3,3,0,0.417157888412476,-1,-1,-1,-1,0.350454330444336
7,1,5,16,-0,0,0,0.284249067306519,-1,-1,-1,-1,0.167157888412476
7,1,5,17,9,9,1,0.517152070999146,-1,-1,-1,-1,0.0342490673065186
7,1,5,18,-81,81,0,0.500933170318604,1,1,-1,-1,0.267152070999146
7,1,5,19,3,3,0,0.434262275695801,-1,-1,1,1,0.250933170318604
7,1,5,20,-0,0,0,0.484279155731201,1,-1,-1,-1,0.184262275695801
7,1,5,21,9,9,1,0.533801078796387,-1,-1,-1,1,0.234279155731201
7,1,5,22,9,9,0,0.550484895706177,1,1,-1,-1,0.283801078796387
7,1,5,23,-3,3,0,0.468062162399292,1,-1,1,1,0.300484895706177
7,1,5,24,0,0,0,0.534263134002686,-1,-1,-1,1,0.218062162399292
7,1,5,25,-9,9,0,0.500488042831421,1,-1,-1,-1,0.284263134002686
7,1,5,26,9,9,0,0.650485038757324,-1,-1,-1,1,0.250488042831421
7,1,5,27,-9,9,0,0.434350967407227,1,-1,-1,-1,0.400485038757324
7,1,5,28,-9,9,0,0.483814716339111,-1,-1,-1,1,0.184350967407227
7,1,5,29,9,9,1,0.484254837036133,-1,-1,-1,-1,0.233814716339111
7,1,5,30,-3,3,0,0.267131090164185,1,1,-1,-1,0.234254837036133
7,1,5,31,81,81,1,0.300493001937866,-1,-1,1,1,0.0171310901641846
7,1,5,32,-9,9,0,0.283796310424805,1,1,-1,-1,0.0504930019378662
7,1,5,33,-81,81,0,0.433825969696045,-1,-1,1,1,0.0337963104248047
7,1,5,34,81,81,1,0.550479888916016,-1,-1,-1,-1,0.183825969696045
7,1,5,35,9,9,0,0.534248828887939,1,1,-1,-1,0.300479888916016
7,1,5,36,27,27,1,0.417562246322632,1,-1,1,1,0.284248828887939
7,1,5,37,-27,27,0,0.484216451644897,1,1,-1,1,0.167562246322632
7,1,5,38,27,27,1,0.417129039764404,-1,-1,1,1,0.234216451644897
7,1,5,39,-0,0,0,0.433817863464355,1,1,-1,-1,0.167129039764404
7,1,5,40,-81,81,0,0.400921821594238,-1,-1,1,1,0.183817863464355
7,1,5,41,9,9,1,0.833778858184814,-1,-1,-1,-1,0.150921821594238
7,1,5,46,-27,27,0,0.650912761688232,1,-1,1,-1,0.317159414291382
7,1,5,47,27,27,1,0.400451898574829,-1,-1,-1,1,0.400912761688232
7,1,5,48,81,81,1,0.517153024673462,1,1,-1,-1,0.150451898574829
7,1,5,49,-81,81,0,0.450889825820923,1,1,1,1,0.267153024673462
7,1,5,50,9,9,1,0.783781051635742,-1,-1,1,1,0.200889825820923
7,1,5,51,-3,3,0,0.700482845306396,1,1,-1,-1,0.533781051635742
7,1,5,52,-3,3,0,0.534255981445312,-1,-1,1,1,0.450482845306396
7,1,5,53,-9,9,0,0.600452899932861,-1,-1,-1,-1,0.284255981445312
7,1,5,54,0,0,0,0.634248971939087,-1,-1,-1,-1,0.350452899932861
7,1,5,55,-27,27,0,0.434265851974487,1,-1,-1,-1,0.384248971939087
7,1,5,56,9,9,0,0.550468683242798,-1,-1,-1,1,0.184265851974487
7,1,5,57,27,27,1,0.350471019744873,1,-1,-1,-1,0.300468683242798
7,1,5,58,3,3,0,0.683810710906982,1,1,-1,1,0.100471019744873
7,1,5,59,-3,3,0,0.683832883834839,1,-1,1,1,0.433810710906982
7,1,5,60,9,9,1,0.700473070144653,-1,-1,-1,1,0.433832883834839
7,1,5,61,-27,27,0,0.51716423034668,1,1,-1,-1,0.450473070144653
7,1,5,62,0,0,0,0.351094007492065,-1,-1,1,1,0.26716423034668
7,1,5,63,-81,81,0,0.300461769104004,1,-1,-1,-1,0.101094007492065
7,1,5,64,3,3,0,0.450520992279053,-1,-1,-1,1,0.0504617691040039
7,1,5,65,-27,27,0,0.484233379364014,1,-1,-1,-1,0.200520992279053
7,1,5,66,-81,81,0,0.433826923370361,-1,-1,-1,1,0.234233379364014
7,1,5,67,3,3,1,0.550921678543091,-1,-1,-1,-1,0.183826923370361
7,1,5,68,-3,3,0,0.633813858032227,1,1,-1,-1,0.300921678543091
7,1,5,69,0,0,1,0.567110538482666,-1,-1,1,1,0.383813858032227
7,1,5,70,-3,3,0,0.467154026031494,1,1,-1,-1,0.317110538482666
7,1,5,71,-3,3,0,0.600483894348145,-1,-1,1,1,0.217154026031494
7,1,5,72,81,81,1,0.317130327224731,-1,-1,-1,-1,0.350483894348145
7,1,5,73,27,27,1,0.400892972946167,1,1,-1,-1,0.0671303272247314
7,1,5,74,-0,0,1,0.51716685295105,1,1,1,1,0.150892972946167
7,1,5,75,27,27,1,0.333821773529053,-1,1,1,1,0.26716685295105
7,1,5,76,-3,3,1,0.850482225418091,1,1,1,-1,0.0838217735290527
7,1,5,77,3,3,1,0.40092134475708,-1,1,1,1,0.600482225418091
7,1,5,78,-27,27,0,0.417132616043091,1,1,1,-1,0.15092134475708
7,1,5,79,27,27,1,0.384231328964233,-1,-1,1,1,0.167132616043091
7,1,5,80,-81,81,0,0.334460735321045,1,1,-1,-1,0.134231328964233
7,1,5,81,27,27,1,0.418452978134155,-1,-1,1,1,0.0844607353210449
7,1,5,82,-9,9,0,0.41715145111084,1,1,-1,-1,0.168452978134155
7,1,5,83,3,3,0,0.433803796768188,-1,-1,1,1,0.16715145111084
7,1,5,84,27,27,1,0.351111173629761,1,-1,-1,-1,0.183803796768188
7,1,5,85,-81,81,0,0.467583894729614,1,1,-1,1,0.101111173629761
7,1,5,86,3,3,0,0.833828449249268,-1,-1,1,1,0.217583894729614
7,1,5,87,27,27,1,0.367583274841309,1,-1,-1,-1,0.583828449249268
7,1,5,88,-9,9,0,0.500896215438843,1,1,-1,1,0.117583274841309
7,1,5,89,81,81,1,0.450493574142456,-1,-1,1,1,0.250896215438843
7,1,5,90,-9,9,0,0.383821725845337,1,1,-1,-1,0.200493574142456
7,1,5,91,27,27,1,0.450503587722778,-1,-1,1,1,0.133821725845337
7,1,5,97,-81,81,0,0.467180967330933,1,1,1,1,0.417111873626709
7,1,5,98,81,81,1,0.384252786636353,-1,-1,1,1,0.217180967330933
7,1,5,99,-81,81,0,0.450447559356689,1,1,-1,-1,0.134252786636353
7,1,6,2,-9,9,0,0.433809041976929,-1,-1,-1,1,1.00155401229858
7,1,6,3,-9,9,0,0.334218502044678,-1,-1,-1,-1,0.183809041976929
7,1,6,4,-3,3,0,0.467130422592163,-1,-1,-1,-1,0.0842185020446777
7,1,6,5,-27,27,0,0.517598628997803,-1,-1,-1,-1,0.217130422592163
7,1,6,6,-9,9,0,0.400490999221802,-1,-1,-1,-1,0.267598628997803
7,1,6,7,0,0,1,0.583827495574951,-1,-1,-1,-1,0.150490999221802
7,1,6,8,-27,27,0,0.334228277206421,1,1,-1,-1,0.333827495574951
7,1,6,9,-27,27,0,0.334274768829346,-1,-1,1,1,0.0842282772064209
7,1,6,10,0,0,0,0.300461769104004,-1,-1,-1,-1,0.0842747688293457
7,1,6,11,81,81,1,0.484288692474365,1,-1,-1,-1,0.0504617691040039
7,1,6,12,-81,81,0,0.417852878570557,1,1,-1,1,0.234288692474365
7,1,6,13,-27,27,0,0.434280395507812,-1,-1,1,1,0.167852878570557
7,1,6,14,-27,27,0,0.350502014160156,-1,-1,-1,-1,0.184280395507812
7,1,6,15,27,27,1,0.617157459259033,-1,-1,-1,-1,0.100502014160156
7,1,6,16,-27,27,0,0.250963449478149,1,1,-1,-1,0.367157459259033
7,1,6,17,-81,81,0,0.367114305496216,-1,-1,1,1,0.000963449478149414
7,1,6,18,-0,0,1,0.41716194152832,-1,-1,-1,-1,0.117114305496216
7,1,6,19,-81,81,0,0.383827924728394,-1,1,-1,-1,0.16716194152832
7,1,6,20,-9,9,0,0.467601776123047,-1,-1,1,-1,0.133827924728394
7,1,6,21,3,3,1,0.433845520019531,-1,-1,-1,-1,0.217601776123047
7,1,6,26,-0,0,0,0.400457859039307,-1,-1,-1,-1,0.150926828384399
7,1,6,27,81,81,1,0.333823919296265,-1,-1,-1,-1,0.150457859039307
7,1,6,28,-9,9,1,0.333837509155273,1,1,-1,-1,0.0838239192962646
7,1,6,29,-3,3,1,0.517167568206787,-1,1,1,1,0.0838375091552734
7,1,6,30,-3,3,1,0.567610740661621,-1,1,1,-1,0.267167568206787
7,1,6,31,-9,9,0,0.351003885269165,-1,1,1,-1,0.317610740661621
7,1,6,32,-9,9,0,0.350451469421387,-1,-1,1,-1,0.101003885269165
7,1,6,33,-3,3,0,0.400886535644531,-1,-1,-1,-1,0.100451469421387
7,1,6,34,-3,3,0,0.517150640487671,-1,-1,-1,-1,0.150886535644531
7,1,6,35,27,27,1,0.417152643203735,-1,-1,-1,-1,0.267150640487671
7,1,6,36,-81,81,0,0.417823314666748,1,1,-1,-1,0.167152643203735
7,1,6,37,-27,27,0,0.267621755599976,-1,-1,1,1,0.167823314666748
7,1,6,38,-0,0,1,0.41716742515564,-1,-1,-1,-1,0.0176217555999756
7,1,6,39,-0,0,1,0.5005042552948,-1,1,-1,-1,0.16716742515564
7,1,6,40,-9,9,0,0.650937795639038,-1,1,1,-1,0.2505042552948
7,1,6,47,81,81,1,0.384849786758423,1,-1,-1,-1,0.30048680305481
7,1,6,48,3,3,1,0.367174625396729,1,1,-1,1,0.134849786758423
7,1,6,49,27,27,1,0.267157793045044,1,1,1,1,0.117174625396729
7,1,6,50,-81,81,0,0.400500774383545,1,1,1,1,0.0171577930450439
7,1,6,51,-3,3,1,0.483819007873535,-1,-1,1,1,0.150500774383545
7,1,6,52,-9,9,1,0.583811521530151,-1,1,-1,-1,0.233819007873535
7,1,6,53,-3,3,1,0.550877332687378,-1,1,1,-1,0.333811521530151
7,1,6,54,-3,3,0,0.367160081863403,-1,1,1,-1,0.300877332687378
7,1,6,55,-3,3,0,0.284806489944458,-1,-1,1,-1,0.117160081863403
7,1,6,56,-27,27,0,0.284216642379761,-1,-1,-1,-1,0.034806489944458
7,1,6,60,9,9,0,0.333786249160767,1,1,1,1,0.268056869506836
7,1,6,61,9,9,1,0.350491762161255,1,-1,1,1,0.0837862491607666
7,1,6,62,9,9,1,0.400506496429443,1,1,-1,1,0.100491762161255
7,1,6,63,3,3,1,0.333824872970581,1,1,1,1,0.150506496429443
7,1,6,64,9,9,0,0.383827924728394,1,1,1,1,0.0838248729705811
7,1,6,65,-9,9,1,0.650479078292847,1,-1,1,1,0.133827924728394
7,1,6,66,-81,81,0,0.300479173660278,-1,1,-1,1,0.400479078292847
7,1,6,70,0,0,1,0.617130756378174,1,1,-1,1,0.317131757736206
7,1,6,71,3,3,1,0.450929880142212,1,1,1,1,0.367130756378174
7,1,6,72,0,0,1,0.450918436050415,1,1,1,1,0.200929880142212
7,1,6,73,3,3,1,0.300955057144165,1,1,1,1,0.200918436050415
7,1,6,74,-3,3,0,0.467610836029053,1,1,1,1,0.050955057144165
7,1,6,75,-81,81,0,0.433820724487305,-1,-1,1,1,0.217610836029053
7,1,6,79,-3,3,0,0.317607879638672,-1,-1,-1,-1,0.0842857360839844
7,1,6,80,-9,9,0,0.333832025527954,-1,-1,-1,-1,0.0676078796386719
7,1,6,81,-9,9,0,0.434343338012695,-1,-1,-1,-1,0.0838320255279541
7,1,6,86,-27,27,0,0.367614984512329,-1,-1,-1,-1,0.300880670547485
7,1,6,91,81,81,1,0.450446605682373,-1,-1,-1,-1,0.367123126983643
7,1,6,92,3,3,1,0.600439548492432,1,1,-1,-1,0.200446605682373
7,1,6,93,27,27,1,0.367120504379272,1,1,1,1,0.350439548492432
7,1,6,94,81,81,1,0.384289503097534,1,1,1,1,0.117120504379272
7,1,6,95,9,9,1,0.533793926239014,1,1,1,1,0.134289503097534
7,1,6,96,3,3,1,0.467185497283936,1,1,1,1,0.283793926239014
7,1,6,97,-81,81,0,0.500493764877319,1,1,1,1,0.217185497283936
7,1,6,98,-81,81,0,0.517603874206543,-1,-1,1,1,0.250493764877319
7,1,6,99,9,9,0,0.350451469421387,-1,-1,-1,-1,0.267603874206543
7,2,1,2,-3,3,0,0.883811235427856,-1,-1,1,1,0.867868900299072
7,2,1,3,-3,3,0,0.733860015869141,-1,-1,-1,-1,0.633811235427856
7,2,1,4,-27,27,0,0.567933082580566,-1,-1,-1,-1,0.483860015869141
7,2,1,5,-81,81,0,0.66755485534668,-1,-1,-1,-1,0.317933082580566
7,2,1,6,-3,3,0,0.617138147354126,-1,-1,-1,-1,0.41755485534668
7,2,1,7,9,9,0,0.433799743652344,-1,-1,-1,-1,0.367138147354126
7,2,1,8,27,27,0,0.75147008895874,1,-1,-1,-1,0.183799743652344
7,2,1,9,3,3,1,1.10045313835144,1,-1,-1,1,0.50147008895874
7,2,1,10,9,9,0,0.600466012954712,1,1,-1,1,0.85045313835144
7,2,1,11,81,81,1,0.567582130432129,1,-1,1,1,0.350466012954712
7,2,1,12,9,9,1,0.717133283615112,1,1,-1,1,0.317582130432129
7,2,1,13,3,3,1,0.550884008407593,1,1,1,1,0.467133283615112
7,2,1,14,-3,3,1,0.567117929458618,1,1,1,1,0.300884008407593
7,2,1,15,-81,81,0,0.483807802200317,-1,1,1,1,0.317117929458618
7,2,1,16,-81,81,0,0.433823823928833,-1,-1,1,-1,0.233807802200317
7,2,1,17,-3,3,1,0.683799982070923,-1,-1,-1,-1,0.183823823928833
7,2,1,18,-9,9,0,0.884247064590454,-1,1,-1,-1,0.433799982070923
7,2,1,19,-9,9,0,0.650914907455444,-1,-1,1,-1,0.634247064590454
7,2,1,20,-27,27,0,0.467146635055542,-1,-1,-1,-1,0.400914907455444
7,2,1,21,-3,3,0,0.534253835678101,-1,-1,-1,-1,0.217146635055542
7,2,1,22,-81,81,0,0.417134046554565,-1,-1,-1,-1,0.284253835678101
7,2,1,23,-9,9,1,0.667582988739014,-1,-1,-1,-1,0.167134046554565
7,2,1,24,-9,9,0,0.584250211715698,-1,1,-1,-1,0.417582988739014
7,2,1,25,-0,0,0,0.567156076431274,-1,-1,1,-1,0.334250211715698
7,2,1,26,-27,27,0,0.484261035919189,-1,-1,-1,-1,0.317156076431274
7,2,1,27,-81,81,0,0.417139053344727,-1,-1,-1,-1,0.234261035919189
7,2,1,28,-9,9,0,0.517590045928955,-1,-1,-1,-1,0.167139053344727
7,2,1,29,-81,81,0,0.40092396736145,-1,-1,-1,-1,0.267590045928955
7,2,1,30,-3,3,0,0.500468015670776,-1,-1,-1,-1,0.15092396736145
7,2,1,31,-0,0,0,0.533799171447754,-1,-1,-1,-1,0.250468015670776
7,2,1,32,-3,3,1,0.718347072601318,-1,-1,-1,-1,0.283799171447754
7,2,1,33,-27,27,0,0.417155742645264,-1,1,-1,-1,0.468347072601318
7,2,1,34,-81,81,0,0.350480079650879,-1,-1,1,-1,0.167155742645264
7,2,1,35,-81,81,0,0.584271430969238,-1,-1,-1,-1,0.100480079650879
7,2,1,36,27,27,1,0.6004798412323,-1,-1,-1,-1,0.334271430969238
7,2,1,37,81,81,1,0.467148303985596,1,1,-1,-1,0.3504798412323
7,2,1,38,-9,9,0,0.583830833435059,1,1,1,1,0.217148303985596
7,2,1,39,-3,3,0,0.601567268371582,-1,-1,1,1,0.333830833435059
7,2,1,40,-0,0,1,0.483808994293213,-1,-1,-1,-1,0.351567268371582
7,2,1,41,-0,0,1,0.633797407150269,-1,1,-1,-1,0.233808994293213
7,2,1,42,-27,27,0,0.468003034591675,-1,1,1,-1,0.383797407150269
7,2,1,43,-81,81,0,0.283807277679443,-1,-1,1,-1,0.218003034591675
7,2,1,44,-81,81,0,0.4338059425354,-1,-1,-1,-1,0.0338072776794434
7,2,1,45,-0,0,0,0.584225654602051,-1,-1,-1,-1,0.1838059425354
7,2,1,46,-27,27,0,0.433834075927734,-1,-1,-1,-1,0.334225654602051
7,2,1,47,81,81,1,0.484248161315918,-1,-1,-1,-1,0.183834075927734
7,2,1,48,27,27,1,0.550923109054565,1,1,-1,-1,0.234248161315918
7,2,1,49,27,27,1,0.334242582321167,1,1,1,1,0.300923109054565
7,2,1,50,9,9,1,0.317145109176636,1,1,1,1,0.084242582321167
7,2,1,51,27,27,1,0.483804941177368,1,1,1,1,0.0671451091766357
7,2,1,52,-0,0,1,0.617120265960693,1,1,1,1,0.233804941177368
7,2,1,53,3,3,1,0.500476121902466,-1,1,1,1,0.367120265960693
7,2,1,54,3,3,1,0.484214544296265,1,1,1,-1,0.250476121902466
7,2,1,55,81,81,1,0.383807182312012,1,1,1,1,0.234214544296265
7,2,1,56,-27,27,0,0.700454473495483,1,1,1,1,0.133807182312012
7,2,1,57,-81,81,0,0.500460147857666,-1,-1,1,1,0.450454473495483
7,2,1,58,-0,0,1,0.550462484359741,-1,-1,-1,-1,0.250460147857666
7,2,1,59,-27,27,0,0.450931310653687,-1,1,-1,-1,0.300462484359741
7,2,1,60,3,3,0,0.667583465576172,-1,-1,1,-1,0.200931310653687
7,2,1,61,27,27,1,0.334256649017334,1,-1,-1,-1,0.417583465576172
7,2,1,62,3,3,0,0.317606210708618,1,1,-1,1,0.084256649017334
7,2,1,63,81,81,1,0.500958919525146,1,-1,1,1,0.0676062107086182
7,2,1,64,9,9,1,0.817116975784302,1,1,-1,1,0.250958919525146
7,2,1,65,9,9,1,0.500495910644531,1,1,1,1,0.567116975784302
7,2,1,66,-3,3,0,0.350900173187256,1,1,1,1,0.250495910644531
7,2,1,67,-81,81,0,0.417149066925049,-1,-1,1,1,0.100900173187256
7,2,1,68,-9,9,0,0.867576837539673,-1,-1,-1,-1,0.167149066925049
7,2,1,69,-0,0,0,0.550899505615234,-1,-1,-1,-1,0.617576837539673
7,2,1,70,-0,0,0,0.517605066299438,-1,-1,-1,-1,0.300899505615234
7,2,1,71,-9,9,0,0.433839321136475,-1,-1,-1,-1,0.267605066299438
7,2,1,72,-9,9,0,0.400505065917969,-1,-1,-1,-1,0.183839321136475
7,2,1,73,9,9,0,0.384246110916138,-1,-1,-1,-1,0.150505065917969
7,2,1,74,27,27,1,0.550486087799072,1,-1,-1,-1,0.134246110916138
7,2,1,75,81,81,1,0.500913381576538,1,1,-1,1,0.300486087799072
7,2,1,76,3,3,1,0.583887338638306,1,1,1,1,0.250913381576538
7,2,1,77,81,81,1,0.350929975509644,1,1,1,1,0.333887338638306
7,2,1,78,9,9,1,0.934248447418213,1,1,1,1,0.100929975509644
7,2,1,79,27,27,1,0.500545263290405,1,1,1,1,0.684248447418213
7,2,1,80,-27,27,0,0.350535154342651,1,1,1,1,0.250545263290405
7,2,1,81,3,3,1,0.483777284622192,-1,-1,1,1,0.100535154342651
7,2,1,82,-27,27,0,0.417607069015503,1,1,-1,-1,0.233777284622192
7,2,1,83,9,9,0,0.600537538528442,-1,-1,1,1,0.167607069015503
7,2,1,84,-3,3,0,0.650457859039307,1,-1,-1,-1,0.350537538528442
7,2,1,85,-0,0,0,0.500489234924316,-1,-1,-1,1,0.400457859039307
7,2,1,86,27,27,1,0.367684125900269,-1,-1,-1,-1,0.250489234924316
7,2,1,87,9,9,1,0.417123794555664,1,1,-1,-1,0.117684125900269
7,2,1,88,-3,3,1,0.650456666946411,1,1,1,1,0.167123794555664
7,2,1,89,-81,81,0,0.467654943466187,-1,1,1,1,0.400456666946411
7,2,1,90,-81,81,0,0.450496196746826,-1,-1,1,-1,0.217654943466187
7,2,1,91,-27,27,0,0.417139530181885,-1,-1,-1,-1,0.200496196746826
7,2,1,92,-3,3,1,0.550481796264648,-1,-1,-1,-1,0.167139530181885
7,2,1,93,-9,9,1,0.567551374435425,-1,1,-1,-1,0.300481796264648
7,2,1,94,-3,3,0,0.567564249038696,-1,1,1,-1,0.317551374435425
7,2,1,95,27,27,1,0.467591047286987,-1,-1,1,-1,0.317564249038696
7,2,1,96,9,9,1,0.533815860748291,1,1,-1,-1,0.217591047286987
7,2,1,97,9,9,1,0.500458955764771,1,1,1,1,0.283815860748291
7,2,2,2,-3,3,0,0.533783435821533,1,-1,-1,-1,0.667372465133667
7,2,2,3,27,27,1,0.450470447540283,-1,-1,-1,1,0.283783435821533
7,2,2,4,-9,9,0,0.467551946640015,1,1,-1,-1,0.200470447540283
7,2,2,5,81,81,1,0.483807563781738,-1,-1,1,1,0.217551946640015
7,2,2,6,-81,81,0,0.517586469650269,1,1,-1,-1,0.233807563781738
7,2,2,7,-9,9,0,0.617618560791016,-1,-1,1,1,0.267586469650269
7,2,2,8,27,27,1,0.400489330291748,-1,-1,-1,-1,0.367618560791016
7,2,2,9,-81,81,0,0.500468492507935,1,1,-1,-1,0.150489330291748
7,2,2,10,9,9,1,0.63379168510437,-1,-1,1,1,0.250468492507935
7,2,2,11,-81,81,0,0.534240245819092,1,1,-1,-1,0.38379168510437
7,2,2,12,27,27,1,0.550490617752075,-1,-1,1,1,0.284240245819092
7,2,2,13,-81,81,0,0.517855405807495,1,1,-1,-1,0.300490617752075
7,2,2,14,-0,0,1,0.600469589233398,-1,-1,1,1,0.267855405807495
7,2,2,15,-9,9,0,0.617138385772705,-1,1,-1,-1,0.350469589233398
7,2,2,16,3,3,0,0.90047550201416,-1,-1,1,-1,0.367138385772705
7,2,2,17,9,9,1,0.500481605529785,1,-1,-1,-1,0.65047550201416
7,2,2,18,9,9,1,0.533832550048828,1,1,-1,1,0.250481605529785
7,2,2,19,-3,3,1,0.533816576004028,1,1,1,1,0.283832550048828
7,2,2,20,0,0,1,0.700512647628784,-1,1,1,1,0.283816576004028
7,2,2,21,-0,0,1,0.500465631484985,1,1,1,-1,0.450512647628784
7,2,2,22,-81,81,0,0.450470209121704,-1,1,1,1,0.250465631484985
7,2,2,23,9,9,1,0.584290504455566,-1,-1,1,-1,0.200470209121704
7,2,2,24,-3,3,1,0.284279584884644,1,1,-1,-1,0.334290504455566
7,2,2,25,-3,3,1,0.500466585159302,-1,1,1,1,0.0342795848846436
7,2,2,26,-81,81,0,0.518435001373291,-1,1,1,-1,0.250466585159302
7,2,2,27,-9,9,0,0.417148351669312,-1,-1,1,-1,0.268435001373291
7,2,2,28,27,27,1,0.334271669387817,-1,-1,-1,-1,0.167148351669312
7,2,2,29,-3,3,1,0.533801317214966,1,1,-1,-1,0.0842716693878174
7,2,2,30,81,81,0,0.667142629623413,-1,1,1,1,0.283801317214966
7,2,2,31,-3,3,1,0.617167234420776,1,-1,1,-1,0.417142629623413
7,2,2,32,9,9,0,0.717145442962646,-1,1,-1,1,0.367167234420776
7,2,2,33,-27,27,0,0.45047926902771,1,-1,1,-1,0.467145442962646
7,2,2,34,-3,3,1,0.700479030609131,-1,-1,-1,1,0.20047926902771
7,2,2,35,0,0,0,0.501388072967529,-1,1,-1,-1,0.450479030609131
7,2,2,36,-9,9,0,0.583809375762939,1,-1,1,-1,0.251388072967529
7,2,2,37,81,81,1,0.433832168579102,-1,-1,-1,1,0.333809375762939
7,2,2,38,-3,3,0,0.634259462356567,1,1,-1,-1,0.183832168579102
7,2,2,39,9,9,1,0.500457525253296,-1,-1,1,1,0.384259462356567
7,2,2,40,81,81,1,0.301355361938477,1,1,-1,-1,0.250457525253296
7,2,2,41,-27,27,0,0.434325218200684,1,1,1,1,0.0513553619384766
7,2,2,42,-3,3,0,0.450477361679077,-1,-1,1,1,0.184325218200684
7,2,2,43,0,0,1,0.60044264793396,-1,-1,-1,-1,0.200477361679077
7,2,2,44,-0,0,1,0.41714334487915,1,1,-1,-1,0.35044264793396
7,2,2,45,27,27,1,0.45155930519104,-1,1,1,1,0.16714334487915
7,2,2,46,-9,9,0,0.433816432952881,1,1,1,-1,0.20155930519104
7,2,2,47,-3,3,1,0.484275579452515,-1,-1,1,1,0.183816432952881
7,2,2,48,3,3,1,0.50093150138855,-1,1,-1,-1,0.234275579452515
7,2,2,49,-3,3,0,0.533796310424805,1,1,1,-1,0.25093150138855
7,2,2,50,81,81,1,0.400935411453247,-1,-1,1,1,0.283796310424805
7,2,2,51,-3,3,1,0.567135334014893,1,1,-1,-1,0.150935411453247
7,2,2,52,0,0,0,0.551376342773438,-1,1,1,1,0.317135334014893
7,2,2,53,-27,27,0,0.251289844512939,1,-1,1,-1,0.301376342773438
7,2,2,54,-81,81,0,0.317143440246582,-1,-1,-1,1,0.00128984451293945
7,2,2,55,27,27,1,0.300515174865723,-1,-1,-1,-1,0.067143440246582
7,2,2,56,-3,3,0,0.350468397140503,1,1,-1,-1,0.0505151748657227
7,2,2,57,81,81,1,0.284289360046387,-1,-1,1,1,0.100468397140503
7,2,2,58,-3,3,1,0.584247350692749,1,1,-1,-1,0.0342893600463867
7,2,2,59,81,81,1,0.33428430557251,-1,1,1,1,0.334247350692749
7,2,2,60,3,3,0,0.383857250213623,1,1,1,-1,0.0842843055725098
7,2,2,61,81,81,1,0.350472450256348,1,-1,1,1,0.133857250213623
7,2,2,62,-27,27,0,0.40092945098877,1,1,-1,1,0.100472450256348
7,2,2,63,27,27,1,0.500473260879517,-1,-1,1,1,0.15092945098877
7,2,2,64,0,0,0,0.367139339447021,1,1,-1,-1,0.250473260879517
7,2,2,65,-27,27,0,0.533828973770142,1,-1,1,1,0.117139339447021
7,2,2,66,3,3,0,0.31722617149353,-1,-1,-1,1,0.283828973770142
7,2,2,67,-9,9,0,0.517606258392334,1,-1,-1,-1,0.0672261714935303
7,2,2,68,9,9,1,0.267594337463379,-1,-1,-1,1,0.267606258392334
7,2,2,69,-27,27,0,0.400484323501587,1,1,-1,-1,0.0175943374633789
7,2,2,70,81,81,1,0.400927305221558,-1,-1,1,1,0.150484323501587
7,2,2,71,-0,0,0,0.383817195892334,1,1,-1,-1,0.150927305221558
7,2,2,72,81,81,1,0.45047926902771,-1,-1,1,1,0.133817195892334
7,2,2,73,-27,27,0,0.367619276046753,1,1,-1,-1,0.20047926902771
7,2,2,74,81,81,1,0.50178074836731,-1,-1,1,1,0.117619276046753
7,2,2,75,-81,81,0,0.334233283996582,1,1,-1,-1,0.25178074836731
7,2,2,76,27,27,1,0.334288597106934,-1,-1,1,1,0.084233283996582
7,2,2,77,-9,9,0,0.917127132415771,1,1,-1,-1,0.0842885971069336
7,2,2,78,81,81,1,0.633788108825684,-1,-1,1,1,0.667127132415771
7,2,2,79,-27,27,0,0.334271430969238,1,1,-1,-1,0.383788108825684
7,2,2,80,3,3,0,0.850447177886963,-1,-1,1,1,0.0842714309692383
7,2,2,81,3,3,1,0.600484132766724,1,-1,-1,-1,0.600447177886963
7,2,2,82,-9,9,0,0.333925247192383,1,1,-1,1,0.350484132766724
7,2,2,83,9,9,1,0.634217262268066,-1,-1,1,1,0.0839252471923828
7,2,2,84,-27,27,0,0.317151308059692,1,1,-1,-1,0.384217262268066
7,2,2,85,-9,9,1,0.550478458404541,-1,-1,1,1,0.0671513080596924
7,2,2,86,27,27,1,0.350478172302246,-1,1,-1,-1,0.300478458404541
7,2,2,87,-9,9,1,0.533831357955933,1,1,1,-1,0.100478172302246
7,2,2,88,9,9,1,0.567566871643066,-1,1,1,1,0.283831357955933
7,2,2,92,81,81,1,0.534253358840942,-1,-1,1,1,0.301720380783081
7,2,2,93,-27,27,0,0.583804130554199,1,1,-1,-1,0.284253358840942
7,2,2,94,9,9,1,0.500932693481445,-1,-1,1,1,0.333804130554199
7,2,2,95,-27,27,0,0.583788394927979,1,1,-1,-1,0.250932693481445
7,2,2,96,-27,27,0,0.367676258087158,-1,-1,1,1,0.333788394927979
7,2,2,97,0,0,1,0.56714129447937,-1,-1,-1,-1,0.117676258087158
7,2,2,98,-3,3,0,0.567118406295776,1,1,-1,-1,0.31714129447937
7,2,2,99,-3,3,0,0.40048623085022,-1,-1,1,1,0.317118406295776
7,2,3,4,-0,0,0,0.7171311378479,1,-1,1,1,0.250475168228149
7,2,3,5,-3,3,0,0.400896072387695,-1,-1,-1,1,0.4671311378479
7,2,3,6,-81,81,0,0.534258842468262,-1,-1,-1,-1,0.150896072387695
7,2,3,7,0,0,0,0.633792638778687,-1,-1,-1,-1,0.284258842468262
7,2,3,8,-9,9,0,0.434252977371216,1,-1,-1,-1,0.383792638778687
7,2,3,9,81,81,1,0.517143726348877,-1,-1,-1,1,0.184252977371216
7,2,3,10,-9,9,0,0.600881099700928,1,1,-1,-1,0.267143726348877
7,2,3,11,27,27,1,0.417143583297729,-1,-1,1,1,0.350881099700928
7,2,3,12,0,0,1,0.500925064086914,1,1,-1,-1,0.167143583297729
7,2,3,13,-0,0,1,0.567586183547974,1,1,1,1,0.250925064086914
7,2,3,14,-0,0,0,0.534324407577515,-1,1,1,1,0.317586183547974
7,2,3,15,-81,81,0,0.500494241714478,-1,-1,1,-1,0.284324407577515
7,2,3,16,-9,9,0,0.500563859939575,-1,-1,-1,-1,0.250494241714478
7,2,3,17,9,9,0,0.333840131759644,-1,-1,-1,-1,0.250563859939575
7,2,3,18,-27,27,0,0.334235191345215,1,-1,-1,-1,0.0838401317596436
7,2,3,19,3,3,0,0.43379020690918,-1,-1,-1,1,0.0842351913452148
7,2,3,20,81,81,1,0.534235954284668,1,-1,-1,-1,0.18379020690918
7,2,3,21,-81,81,0,0.617798089981079,1,1,-1,1,0.284235954284668
7,2,3,22,-9,9,0,0.400470018386841,-1,-1,1,1,0.367798089981079
7,2,3,23,-27,27,0,0.401383876800537,-1,-1,-1,-1,0.150470018386841
7,2,3,24,-27,27,0,0.567115068435669,-1,-1,-1,-1,0.151383876800537
7,2,3,25,-27,27,0,0.75046181678772,-1,-1,-1,-1,0.317115068435669
7,2,3,26,-81,81,0,0.517136096954346,-1,-1,-1,-1,0.50046181678772
7,2,3,27,-9,9,0,0.784226655960083,-1,-1,-1,-1,0.267136096954346
7,2,3,28,-27,27,0,0.318037986755371,-1,-1,-1,-1,0.534226655960083
7,2,3,29,9,9,0,0.384269952774048,-1,-1,-1,-1,0.0680379867553711
7,2,3,30,3,3,0,0.36714506149292,1,-1,-1,-1,0.134269952774048
7,2,3,31,-3,3,1,1.18377089500427,1,-1,-1,1,0.11714506149292
7,2,3,32,3,3,0,0.467647075653076,-1,1,-1,1,0.933770895004272
7,2,3,33,27,27,1,0.500487327575684,1,-1,1,-1,0.217647075653076
7,2,3,34,9,9,1,0.384269714355469,1,1,-1,1,0.250487327575684
7,2,3,35,0,0,1,0.317605257034302,1,1,1,1,0.134269714355469
7,2,3,36,9,9,0,0.417140960693359,1,1,1,1,0.0676052570343018
7,2,3,37,-81,81,0,0.50092625617981,1,-1,1,1,0.167140960693359
7,2,3,38,-27,27,0,0.450474977493286,-1,-1,-1,1,0.25092625617981
7,2,3,39,3,3,0,0.567135095596313,-1,-1,-1,-1,0.200474977493286
7,2,3,40,9,9,1,0.367595672607422,1,-1,-1,-1,0.317135095596313
7,2,3,41,27,27,1,0.550925016403198,1,1,-1,1,0.117595672607422
7,2,3,42,-9,9,0,0.450938940048218,1,1,1,1,0.300925016403198
7,2,3,43,-27,27,0,0.467156410217285,-1,-1,1,1,0.200938940048218
7,2,3,44,-81,81,0,0.534252882003784,-1,-1,-1,-1,0.217156410217285
7,2,3,45,-9,9,0,0.600913047790527,-1,-1,-1,-1,0.284252882003784
7,2,3,46,-27,27,0,0.40047287940979,-1,-1,-1,-1,0.350913047790527
7,2,3,47,0,0,1,0.833794355392456,-1,-1,-1,-1,0.15047287940979
7,2,3,48,0,0,0,0.36712908744812,1,1,-1,-1,0.583794355392456
7,2,3,49,3,3,0,0.317600250244141,1,-1,1,1,0.11712908744812
7,2,3,50,81,81,1,0.867576122283936,1,-1,-1,1,0.0676002502441406
7,2,3,51,9,9,1,0.651271343231201,1,1,-1,1,0.617576122283936
7,2,3,52,-27,27,0,0.38381290435791,1,1,1,1,0.401271343231201
7,2,3,53,-81,81,0,0.467162132263184,-1,-1,1,1,0.13381290435791
7,2,3,54,9,9,1,0.467554330825806,-1,-1,-1,-1,0.217162132263184
7,2,3,55,-3,3,0,0.3008873462677,1,1,-1,-1,0.217554330825806
7,2,3,56,27,27,1,0.383798122406006,-1,-1,1,1,0.0508873462677002
7,2,3,57,-0,0,1,0.467613458633423,1,1,-1,-1,0.133798122406006
7,2,3,58,-3,3,1,0.467652082443237,-1,1,1,1,0.217613458633423
7,2,3,59,27,27,1,0.551289081573486,-1,1,1,-1,0.217652082443237
7,2,3,60,-27,27,0,0.550458908081055,1,1,1,-1,0.301289081573486
7,2,3,61,3,3,1,0.517255067825317,-1,-1,1,1,0.300458908081055
7,2,3,62,9,9,1,0.350939035415649,1,1,-1,-1,0.267255067825317
7,2,3,63,3,3,0,0.65093207359314,1,1,1,1,0.100939035415649
7,2,3,64,3,3,0,0.367591142654419,1,-1,1,1,0.40093207359314
7,2,3,65,27,27,1,0.467664957046509,1,-1,-1,1,0.117591142654419
7,2,3,66,81,81,1,0.35172700881958,1,1,-1,1,0.217664957046509
7,2,3,67,-27,27,0,0.433808088302612,1,1,1,1,0.10172700881958
7,2,3,68,27,27,1,0.317171096801758,-1,-1,1,1,0.183808088302612
7,2,3,69,3,3,1,0.433796167373657,1,1,-1,-1,0.0671710968017578
7,2,3,70,-81,81,0,0.417135715484619,1,1,1,1,0.183796167373657
7,2,3,71,-27,27,0,0.350561857223511,-1,-1,1,1,0.167135715484619
7,2,3,72,-81,81,0,0.484253883361816,-1,-1,-1,-1,0.100561857223511
7,2,3,73,27,27,1,0.467151403427124,-1,-1,-1,-1,0.234253883361816
7,2,3,74,-3,3,1,0.633810043334961,1,1,-1,-1,0.217151403427124
7,2,3,75,-81,81,0,0.467585325241089,-1,1,1,1,0.383810043334961
7,2,3,76,3,3,1,0.950891256332397,-1,-1,1,-1,0.217585325241089
7,2,3,77,27,27,1,0.384369134902954,1,1,-1,-1,0.700891256332397
7,2,3,78,-81,81,1,0.734248876571655,1,1,1,1,0.134369134902954
7,2,3,79,-3,3,1,0.850462198257446,-1,1,1,1,0.484248876571655
7,2,3,80,9,9,0,0.833770513534546,-1,1,1,-1,0.600462198257446
7,2,3,81,-81,81,0,0.383831024169922,1,-1,1,-1,0.583770513534546
7,2,3,82,81,81,1,0.351629972457886,-1,-1,-1,1,0.133831024169922
7,2,3,83,-81,81,0,0.500468015670776,1,1,-1,-1,0.101629972457886
7,2,3,84,81,81,1,0.567591905593872,-1,-1,1,1,0.250468015670776
7,2,3,85,-9,9,0,1.00045704841614,1,1,-1,-1,0.317591905593872
7,2,3,86,9,9,1,0.450929880142212,-1,-1,1,1,0.750457048416138
7,2,3,87,0,0,1,0.350481271743774,1,1,-1,-1,0.200929880142212
7,2,3,88,-0,0,0,0.517141580581665,1,1,1,1,0.100481271743774
7,2,3,89,9,9,1,0.417598247528076,-1,-1,1,1,0.267141580581665
7,2,3,90,-9,9,0,0.517590999603271,1,1,-1,-1,0.167598247528076
7,2,3,91,3,3,0,0.317589044570923,-1,-1,1,1,0.267590999603271
7,2,3,92,9,9,1,0.73433518409729,1,-1,-1,-1,0.0675890445709229
7,2,3,93,9,9,0,0.901226043701172,1,1,-1,1,0.48433518409729
7,2,3,94,-81,81,0,0.567124843597412,1,-1,1,1,0.651226043701172
7,2,3,95,-3,3,0,0.567597150802612,-1,-1,-1,1,0.317124843597412
7,2,3,96,27,27,1,0.617149114608765,-1,-1,-1,-1,0.317597150802612
7,2,3,97,3,3,1,0.500472068786621,1,1,-1,-1,0.367149114608765
7,2,3,98,-81,81,0,0.567136287689209,1,1,1,1,0.250472068786621
7,2,3,99,81,81,1,0.617239952087402,-1,-1,1,1,0.317136287689209
7,2,4,2,-81,81,0,0.917575359344482,-1,-1,1,1,0.617366313934326
7,2,4,3,-0,0,1,0.68427562713623,-1,-1,-1,-1,0.667575359344482
7,2,4,4,-3,3,1,0.550504207611084,-1,1,-1,-1,0.43427562713623
7,2,4,5,27,27,1,0.317146062850952,-1,1,1,-1,0.300504207611084
7,2,4,6,81,81,1,0.485028266906738,1,1,1,-1,0.0671460628509521
7,2,4,7,-27,27,0,0.500461339950562,1,1,1,1,0.235028266906738
7,2,4,8,-3,3,1,0.383810520172119,-1,-1,1,1,0.250461339950562
7,2,4,9,-27,27,0,0.500903844833374,-1,1,-1,-1,0.133810520172119
7,2,4,10,-9,9,1,0.53422999382019,-1,-1,1,-1,0.250903844833374
7,2,4,11,-9,9,0,0.684250354766846,-1,1,-1,-1,0.28422999382019
7,2,4,12,-9,9,1,0.483798503875732,-1,-1,1,-1,0.434250354766846
7,2,4,13,27,27,1,0.450496912002563,-1,1,-1,-1,0.233798503875732
7,2,4,14,-27,27,0,0.467589616775513,1,1,1,-1,0.200496912002563
7,2,4,15,-81,81,0,0.467647790908813,-1,-1,1,1,0.217589616775513
7,2,4,16,9,9,0,0.467580318450928,-1,-1,-1,-1,0.217647790908813
7,2,4,17,9,9,1,0.517622947692871,1,-1,-1,-1,0.217580318450928
7,2,4,18,9,9,1,0.41715931892395,1,1,-1,1,0.267622947692871
7,2,4,19,9,9,1,0.450504302978516,1,1,1,1,0.16715931892395
7,2,4,20,81,81,1,0.600493431091309,1,1,1,1,0.200504302978516
7,2,4,21,9,9,1,0.600464582443237,1,1,1,1,0.350493431091309
7,2,4,22,-81,81,0,0.717607736587524,1,1,1,1,0.350464582443237
7,2,4,23,0,0,1,0.484232425689697,-1,-1,1,1,0.467607736587524
7,2,4,24,81,81,1,0.417127847671509,1,1,-1,-1,0.234232425689697
7,2,4,25,27,27,1,0.550459861755371,1,1,1,1,0.167127847671509
7,2,4,26,81,81,1,0.517168521881104,1,1,1,1,0.300459861755371
7,2,4,27,81,81,1,0.500511884689331,1,1,1,1,0.267168521881104
7,2,4,28,27,27,1,0.517741680145264,1,1,1,1,0.250511884689331
7,2,4,29,27,27,1,0.517582654953003,1,1,1,1,0.267741680145264
7,2,4,30,3,3,1,0.350542068481445,1,1,1,1,0.267582654953003
7,2,4,31,27,27,1,0.400475978851318,1,1,1,1,0.100542068481445
7,2,4,32,27,27,1,0.384263515472412,1,1,1,1,0.150475978851318
7,2,4,33,27,27,1,0.517570972442627,1,1,1,1,0.134263515472412
7,2,4,34,81,81,1,0.384262561798096,1,1,1,1,0.267570972442627
7,2,4,35,27,27,1,0.500447273254395,1,1,1,1,0.134262561798096
7,2,4,36,81,81,1,0.617607593536377,1,1,1,1,0.250447273254395
7,2,4,37,-81,81,0,0.400976896286011,1,1,1,1,0.367607593536377
7,2,4,38,-3,3,1,0.433793067932129,-1,-1,1,1,0.150976896286011
7,2,4,39,3,3,1,0.550916910171509,-1,1,-1,-1,0.183793067932129
7,2,4,40,-9,9,1,0.500923156738281,1,1,1,-1,0.300916910171509
7,2,4,41,9,9,0,0.451107501983643,-1,1,1,1,0.250923156738281
7,2,4,42,3,3,1,0.500465154647827,1,-1,1,-1,0.201107501983643
7,2,4,43,3,3,1,0.350930213928223,1,1,-1,1,0.250465154647827
7,2,4,44,81,81,1,0.48487401008606,1,1,1,1,0.100930213928223
7,2,4,45,9,9,1,0.367119312286377,1,1,1,1,0.23487401008606
7,2,4,46,27,27,1,0.384258270263672,1,1,1,1,0.117119312286377
7,2,4,47,81,81,1,0.450886011123657,1,1,1,1,0.134258270263672
7,2,4,48,81,81,1,0.383813858032227,1,1,1,1,0.200886011123657
7,2,4,49,-3,3,1,0.483827114105225,1,1,1,1,0.133813858032227
7,2,4,50,-9,9,1,0.433815479278564,-1,1,1,1,0.233827114105225
7,2,4,51,-9,9,0,0.333812475204468,-1,1,1,-1,0.183815479278564
7,2,4,52,-81,81,0,0.534244060516357,-1,-1,1,-1,0.0838124752044678
7,2,4,53,-81,81,0,0.367146015167236,-1,-1,-1,-1,0.284244060516357
7,2,4,54,-81,81,0,0.550466060638428,-1,-1,-1,-1,0.117146015167236
7,2,4,55,0,0,0,0.484256029129028,-1,-1,-1,-1,0.300466060638428
7,2,4,56,27,27,1,0.550469875335693,1,-1,-1,-1,0.234256029129028
7,2,4,57,81,81,1,0.517612457275391,1,1,-1,1,0.300469875335693
7,2,4,58,0,0,1,0.367566108703613,1,1,1,1,0.267612457275391
7,2,4,59,81,81,1,0.433804273605347,1,1,1,1,0.117566108703613
7,2,4,60,-27,27,0,0.367146253585815,1,1,1,1,0.183804273605347
7,2,4,61,-9,9,1,0.483793973922729,-1,-1,1,1,0.117146253585815
7,2,4,62,-9,9,0,0.567550897598267,-1,1,-1,-1,0.233793973922729
7,2,4,63,-81,81,1,0.418236494064331,-1,-1,1,-1,0.317550897598267
7,2,4,64,-27,27,0,0.433787107467651,-1,1,-1,-1,0.168236494064331
7,2,4,65,-9,9,1,0.550493955612183,-1,-1,1,-1,0.183787107467651
7,2,4,66,-3,3,0,0.467190980911255,-1,1,-1,-1,0.300493955612183
7,2,4,67,-27,27,0,0.418102741241455,-1,-1,1,-1,0.217190980911255
7,2,4,68,-9,9,0,0.600927114486694,-1,-1,-1,-1,0.168102741241455
7,2,4,69,-0,0,0,0.80087947845459,-1,-1,-1,-1,0.350927114486694
7,2,4,70,9,9,1,0.350468873977661,-1,-1,-1,-1,0.55087947845459
7,2,4,71,9,9,1,0.550447225570679,1,1,-1,-1,0.100468873977661
7,2,4,72,3,3,1,0.350520849227905,1,1,1,1,0.300447225570679
7,2,4,73,-3,3,1,0.467612028121948,1,1,1,1,0.100520849227905
7,2,4,74,9,9,1,0.433809757232666,-1,1,1,1,0.217612028121948
7,2,4,75,3,3,1,0.383827209472656,1,1,1,-1,0.183809757232666
7,2,4,76,-3,3,1,0.5004723072052,1,1,1,1,0.133827209472656
7,2,4,77,27,27,1,0.46715259552002,-1,1,1,1,0.2504723072052
7,2,4,78,27,27,1,0.567157983779907,1,1,1,-1,0.21715259552002
7,2,4,79,3,3,0,0.517122983932495,1,1,1,1,0.317157983779907
7,2,4,80,3,3,1,0.500458955764771,1,-1,1,1,0.267122983932495
7,2,4,81,0,0,1,0.550458431243896,1,1,-1,1,0.250458955764771
7,2,4,82,3,3,1,0.400554656982422,1,1,1,1,0.300458431243896
7,2,4,83,-3,3,1,0.550488233566284,1,1,1,1,0.150554656982422
7,2,4,84,-3,3,0,0.517185926437378,-1,1,1,1,0.300488233566284
7,2,4,85,3,3,1,0.817138195037842,-1,-1,1,-1,0.267185926437378
7,2,4,86,9,9,1,0.483808517456055,1,1,-1,-1,0.567138195037842
7,2,4,87,-81,81,0,0.467828750610352,1,1,1,1,0.233808517456055
7,2,4,88,-0,0,1,0.584243059158325,-1,-1,1,1,0.217828750610352
7,2,4,89,-9,9,0,0.417614936828613,-1,1,-1,-1,0.334243059158325
7,2,4,90,-0,0,1,0.500529527664185,-1,-1,1,-1,0.167614936828613
7,2,4,91,-27,27,0,0.384234189987183,-1,1,-1,-1,0.250529527664185
7,2,4,92,-27,27,0,0.450910091400146,-1,-1,1,-1,0.134234189987183
7,2,4,93,-81,81,0,0.484229803085327,-1,-1,-1,-1,0.200910091400146
7,2,4,94,-0,0,1,0.334230184555054,-1,-1,-1,-1,0.234229803085327
7,2,4,95,-0,0,1,0.51758599281311,-1,1,-1,-1,0.0842301845550537
7,2,4,96,3,3,1,0.384267091751099,-1,1,1,-1,0.26758599281311
7,2,4,97,0,0,1,0.483832120895386,1,1,1,-1,0.134267091751099
7,2,4,98,3,3,1,0.484425067901611,1,1,1,1,0.233832120895386
7,2,4,99,27,27,1,0.300462007522583,1,1,1,1,0.234425067901611
7,2,5,2,81,81,1,0.467128038406372,-1,-1,-1,-1,0.418702840805054
7,2,5,3,27,27,1,0.567141056060791,1,1,-1,-1,0.217128038406372
7,2,5,4,-81,81,0,0.450480937957764,1,1,1,1,0.317141056060791
7,2,5,5,81,81,1,0.467164278030396,-1,-1,1,1,0.200480937957764
7,2,5,6,9,9,0,0.484281778335571,1,1,-1,-1,0.217164278030396
7,2,5,7,-3,3,1,0.86711573600769,1,-1,1,1,0.234281778335571
7,2,5,8,3,3,1,0.600466251373291,-1,1,-1,1,0.61711573600769
7,2,5,9,-0,0,1,0.500466823577881,1,1,1,-1,0.350466251373291
7,2,5,10,27,27,1,0.484230279922485,-1,1,1,1,0.250466823577881
7,2,5,11,-27,27,0,0.550470113754272,1,1,1,-1,0.234230279922485
7,2,5,12,0,0,1,0.50049090385437,-1,-1,1,1,0.300470113754272
7,2,5,13,-3,3,1,0.650936603546143,1,1,-1,-1,0.25049090385437
7,2,5,14,0,0,1,0.383797168731689,-1,1,1,1,0.400936603546143
7,2,5,15,-9,9,0,0.567118167877197,1,1,1,-1,0.133797168731689
7,2,5,16,81,81,1,0.534252882003784,-1,-1,1,1,0.317118167877197
7,2,5,17,-81,81,0,0.634246826171875,1,1,-1,-1,0.284252882003784
7,2,5,18,27,27,1,0.634269714355469,-1,-1,1,1,0.384246826171875
7,2,5,19,-81,81,0,0.583789110183716,1,1,-1,-1,0.384269714355469
7,2,5,20,9,9,1,0.500474691390991,-1,-1,1,1,0.333789110183716
7,2,5,21,81,81,1,0.583791017532349,1,1,-1,-1,0.250474691390991
7,2,5,22,-27,27,0,0.450897216796875,1,1,1,1,0.333791017532349
7,2,5,23,-3,3,0,0.500908851623535,-1,-1,1,1,0.200897216796875
7,2,5,24,27,27,1,0.533794403076172,-1,-1,-1,-1,0.250908851623535
7,2,5,25,-81,81,0,0.450495958328247,1,1,-1,-1,0.283794403076172
7,2,5,26,81,81,1,0.583794832229614,-1,-1,1,1,0.200495958328247
7,2,5,27,3,3,0,0.667129755020142,1,1,-1,-1,0.333794832229614
7,2,5,28,3,3,1,0.500476837158203,1,-1,1,1,0.417129755020142
7,2,5,29,-3,3,1,0.367595672607422,1,1,-1,1,0.250476837158203
7,2,5,30,9,9,0,0.600463628768921,-1,1,1,1,0.117595672607422
7,2,5,31,-81,81,0,0.500445365905762,1,-1,1,-1,0.350463628768921
7,2,5,32,27,27,1,0.534214496612549,-1,-1,-1,1,0.250445365905762
7,2,5,33,-3,3,1,0.634251832962036,1,1,-1,-1,0.284214496612549
7,2,5,34,-9,9,0,0.450501680374146,-1,1,1,1,0.384251832962036
7,2,5,35,27,27,1,0.600500345230103,-1,-1,1,-1,0.200501680374146
7,2,5,36,-9,9,0,0.734272003173828,1,1,-1,-1,0.350500345230103
7,2,5,37,3,3,1,0.384260177612305,-1,-1,1,1,0.484272003173828
7,2,5,38,-0,0,0,0.417162895202637,1,1,-1,-1,0.134260177612305
7,2,5,39,27,27,1,0.350477457046509,-1,-1,1,1,0.167162895202637
7,2,5,40,-9,9,1,0.51713490486145,1,1,-1,-1,0.100477457046509
7,2,5,41,81,81,1,0.500915288925171,-1,1,1,1,0.26713490486145
7,2,5,42,-3,3,1,0.834248065948486,1,1,1,-1,0.250915288925171
7,2,5,43,3,3,1,0.500922918319702,-1,1,1,1,0.584248065948486
7,2,5,44,-81,81,0,0.683784246444702,1,1,1,-1,0.250922918319702
7,2,5,45,3,3,1,0.367156028747559,-1,-1,1,1,0.433784246444702
7,2,5,46,-3,3,0,0.63426399230957,1,1,-1,-1,0.117156028747559
7,2,5,47,-81,81,0,0.56755518913269,-1,-1,1,1,0.38426399230957
7,2,5,48,9,9,0,0.450914859771729,-1,-1,-1,-1,0.31755518913269
7,2,5,49,0,0,1,0.500485181808472,1,-1,-1,-1,0.200914859771729
7,2,5,50,-27,27,0,0.450950145721436,1,1,-1,1,0.250485181808472
7,2,5,51,27,27,1,0.483923673629761,-1,-1,1,1,0.200950145721436
7,2,5,52,-27,27,0,0.533800840377808,1,1,-1,-1,0.233923673629761
7,2,5,53,27,27,1,0.517605304718018,-1,-1,1,1,0.283800840377808
7,2,5,54,-3,3,1,0.467133283615112,1,1,-1,-1,0.267605304718018
7,2,5,55,27,27,1,0.433903217315674,-1,1,1,1,0.217133283615112
7,2,5,56,0,0,1,0.484251499176025,1,1,1,-1,0.183903217315674
7,2,5,57,-9,9,0,0.534271955490112,1,1,1,1,0.234251499176025
7,2,5,58,9,9,0,0.467615127563477,-1,-1,1,1,0.284271955490112
7,2,5,59,3,3,1,0.767127990722656,1,-1,-1,-1,0.217615127563477
7,2,5,60,9,9,1,0.583796501159668,1,1,-1,1,0.517127990722656
7,2,5,61,-27,27,0,0.600922822952271,1,1,1,1,0.333796501159668
7,2,5,62,81,81,1,0.601077795028687,-1,-1,1,1,0.350922822952271
7,2,5,63,-0,0,1,0.58428430557251,1,1,-1,-1,0.351077795028687
7,2,5,64,9,9,1,0.40045690536499,-1,1,1,1,0.33428430557251
7,2,5,65,-9,9,1,0.417133331298828,1,1,1,-1,0.15045690536499
7,2,5,66,27,27,1,0.550899505615234,-1,1,1,1,0.167133331298828
7,2,5,67,-3,3,1,0.550942897796631,1,1,1,-1,0.300899505615234
7,2,5,68,27,27,1,0.517139911651611,-1,1,1,1,0.300942897796631
7,2,5,69,-3,3,0,0.650471687316895,1,1,1,-1,0.267139911651611
7,2,5,70,0,0,1,0.634264945983887,-1,-1,1,1,0.400471687316895
7,2,5,71,-3,3,1,0.584247589111328,1,1,-1,-1,0.384264945983887
7,2,5,72,27,27,1,0.483808040618896,-1,1,1,1,0.334247589111328
7,2,5,73,-81,81,0,0.46760892868042,1,1,1,-1,0.233808040618896
7,2,5,74,-3,3,0,0.517138957977295,-1,-1,1,1,0.21760892868042
7,2,5,75,9,9,1,0.433810949325562,-1,-1,-1,-1,0.267138957977295
7,2,5,76,-27,27,0,0.35089373588562,1,1,-1,-1,0.183810949325562
7,2,5,77,9,9,1,0.400474309921265,-1,-1,1,1,0.10089373588562
7,2,5,78,-9,9,0,0.500461101531982,1,1,-1,-1,0.150474309921265
7,2,5,79,81,81,1,0.450484037399292,-1,-1,1,1,0.250461101531982
7,2,5,80,-3,3,1,0.667583703994751,1,1,-1,-1,0.200484037399292
7,2,5,81,9,9,1,0.550487041473389,-1,1,1,1,0.417583703994751
7,2,5,82,9,9,1,0.400907039642334,1,1,1,-1,0.300487041473389
7,2,5,83,81,81,1,0.45047402381897,1,1,1,1,0.150907039642334
7,2,5,84,-27,27,0,0.367608070373535,1,1,1,1,0.20047402381897
7,2,5,85,9,9,1,0.450486421585083,-1,-1,1,1,0.117608070373535
7,2,5,86,-27,27,0,0.450931072235107,1,1,-1,-1,0.200486421585083
7,2,5,87,3,3,1,0.533798217773438,-1,-1,1,1,0.200931072235107
7,2,5,88,-81,81,0,0.500456809997559,1,1,-1,-1,0.283798217773438
7,2,5,89,0,0,1,0.467148303985596,-1,-1,1,1,0.250456809997559
7,2,5,90,81,81,1,0.450472354888916,1,1,-1,-1,0.217148303985596
7,2,5,91,9,9,1,0.501165390014648,1,1,1,1,0.200472354888916
7,2,5,92,9,9,1,0.600466966629028,1,1,1,1,0.251165390014648
7,2,5,93,-81,81,0,0.484739065170288,1,1,1,1,0.350466966629028
7,2,5,94,-81,81,0,0.350951910018921,-1,-1,1,1,0.234739065170288
7,2,5,95,-0,0,1,0.383799076080322,-1,-1,-1,-1,0.100951910018921
7,2,5,96,-27,27,0,0.43426775932312,-1,1,-1,-1,0.133799076080322
7,2,5,97,-0,0,1,0.433852910995483,-1,-1,1,-1,0.18426775932312
7,2,5,98,9,9,1,0.434485673904419,-1,1,-1,-1,0.183852910995483
7,2,5,99,-3,3,0,0.434256076812744,1,1,1,-1,0.184485673904419
7,2,6,2,3,3,1,0.600442409515381,-1,-1,1,1,0.617337942123413
7,2,6,3,81,81,1,0.400929927825928,1,1,-1,-1,0.350442409515381
7,2,6,4,3,3,0,0.317597627639771,1,1,1,1,0.150929927825928
7,2,6,5,-9,9,1,0.483838081359863,1,-1,1,1,0.0675976276397705
7,2,6,6,-27,27,0,0.650455951690674,-1,1,-1,1,0.233838081359863
7,2,6,7,-81,81,0,0.450925827026367,-1,-1,1,-1,0.400455951690674
7,2,6,8,-3,3,0,0.367804050445557,-1,-1,-1,-1,0.200925827026367
7,2,6,9,9,9,1,0.367143154144287,-1,-1,-1,-1,0.117804050445557
7,2,6,10,-3,3,0,0.500890254974365,1,1,-1,-1,0.117143154144287
7,2,6,11,0,0,0,0.434232950210571,-1,-1,1,1,0.250890254974365
7,2,6,12,27,27,1,0.417138814926147,1,-1,-1,-1,0.184232950210571
7,2,6,13,81,81,1,0.450469970703125,1,1,-1,1,0.167138814926147
7,2,6,14,-27,27,0,0.284780979156494,1,1,1,1,0.200469970703125
7,2,6,15,9,9,1,0.367560148239136,-1,-1,1,1,0.0347809791564941
7,2,6,16,-27,27,0,0.283838033676147,1,1,-1,-1,0.117560148239136
7,2,6,17,-27,27,0,0.417586803436279,-1,-1,1,1,0.0338380336761475
7,2,6,18,-27,27,0,0.417598009109497,-1,-1,-1,-1,0.167586803436279
7,2,6,19,-9,9,0,0.434241056442261,-1,-1,-1,-1,0.167598009109497
7,2,6,20,-3,3,0,0.417140007019043,-1,-1,-1,-1,0.184241056442261
7,2,6,21,-27,27,0,0.400910139083862,-1,-1,-1,-1,0.167140007019043
7,2,6,22,3,3,0,0.367593050003052,-1,-1,-1,-1,0.150910139083862
7,2,6,23,-27,27,0,0.484364748001099,1,-1,-1,-1,0.117593050003052
7,2,6,24,27,27,0,0.43426775932312,-1,-1,-1,1,0.234364748001099
7,2,6,25,3,3,1,0.550503253936768,1,-1,-1,-1,0.18426775932312
7,2,6,26,-27,27,0,0.417170524597168,1,1,-1,1,0.300503253936768
7,2,6,27,27,27,1,0.283811092376709,-1,-1,1,1,0.167170524597168
7,2,6,32,-81,81,0,0.433815002441406,1,1,-1,1,0.267596960067749
7,2,6,33,9,9,1,0.317613840103149,-1,-1,1,1,0.183815002441406
7,2,6,34,81,81,1,0.500447511672974,1,1,-1,-1,0.0676138401031494
7,2,6,35,27,27,1,0.400489568710327,1,1,1,1,0.250447511672974
7,2,6,36,-9,9,1,0.350476980209351,1,1,1,1,0.150489568710327
7,2,6,37,27,27,1,0.500506162643433,-1,1,1,1,0.100476980209351
7,2,6,38,81,81,1,0.417138338088989,1,1,1,-1,0.250506162643433
7,2,6,39,-0,0,1,0.450935840606689,1,1,1,1,0.167138338088989
7,2,6,40,-0,0,0,0.733800172805786,-1,1,1,1,0.200935840606689
7,2,6,41,-9,9,0,0.450454711914062,-1,-1,1,-1,0.483800172805786
7,2,6,42,-27,27,0,0.417604207992554,-1,-1,-1,-1,0.200454711914062
7,2,6,43,-0,0,1,0.35093092918396,-1,-1,-1,-1,0.167604207992554
7,2,6,44,-0,0,1,0.600468158721924,-1,1,-1,-1,0.10093092918396
7,2,6,45,-81,81,0,0.517114639282227,-1,1,1,-1,0.350468158721924
7,2,6,46,0,0,0,0.483807802200317,-1,-1,1,-1,0.267114639282227
7,2,6,47,3,3,0,0.450475215911865,1,-1,-1,-1,0.233807802200317
7,2,6,48,-9,9,0,0.500466108322144,1,-1,-1,1,0.200475215911865
7,2,6,49,-27,27,0,0.350452423095703,-1,-1,-1,1,0.250466108322144
7,2,6,50,-9,9,1,0.400455474853516,-1,-1,-1,-1,0.100452423095703
7,2,6,51,-3,3,0,0.600454807281494,-1,1,-1,-1,0.150455474853516
7,2,6,52,-9,9,0,0.317155838012695,-1,-1,1,-1,0.350454807281494
7,2,6,56,9,9,1,0.333794355392456,1,1,-1,-1,0.184235095977783
7,2,6,57,81,81,1,0.517123699188232,1,1,1,1,0.0837943553924561
7,2,6,58,27,27,1,0.517146110534668,1,1,1,1,0.267123699188232
7,2,6,59,-3,3,1,0.500916242599487,1,1,1,1,0.267146110534668
7,2,6,60,-27,27,0,0.400471210479736,-1,1,1,1,0.250916242599487
7,2,6,61,9,9,1,0.467130899429321,-1,-1,1,-1,0.150471210479736
7,2,6,62,81,81,1,0.550894021987915,1,1,-1,-1,0.217130899429321
7,2,6,63,-9,9,1,0.467160940170288,1,1,1,1,0.300894021987915
7,2,6,64,9,9,1,0.433796167373657,-1,1,1,1,0.217160940170288
7,2,6,65,-9,9,0,0.417603015899658,1,1,1,-1,0.183796167373657
7,2,6,66,-0,0,1,0.450922250747681,-1,-1,1,1,0.167603015899658
7,2,6,67,81,81,1,0.434237003326416,-1,1,-1,-1,0.200922250747681
7,2,6,68,-0,0,0,0.467137813568115,1,1,1,-1,0.184237003326416
7,2,6,69,-81,81,0,0.450466156005859,-1,-1,1,1,0.217137813568115
7,2,6,70,9,9,1,0.450478315353394,-1,-1,-1,-1,0.200466156005859
7,2,6,71,81,81,1,0.334250450134277,1,1,-1,-1,0.200478315353394
7,2,6,75,81,81,1,0.400463104248047,1,1,1,1,0.283789396286011
7,2,6,76,81,81,1,0.384337663650513,1,1,1,1,0.150463104248047
7,2,6,80,-3,3,0,0.517126083374023,-1,-1,1,1,0.183812141418457
7,2,6,81,27,27,1,0.500945329666138,-1,-1,-1,-1,0.267126083374023
7,2,6,82,3,3,1,0.500475406646729,1,1,-1,-1,0.250945329666138
7,2,6,83,-3,3,1,0.434253931045532,1,1,1,1,0.250475406646729
7,2,6,84,-27,27,0,0.40092945098877,-1,1,1,1,0.184253931045532
7,2,6,85,81,81,1,0.483813762664795,-1,-1,1,-1,0.15092945098877
7,2,6,86,-3,3,0,0.617165327072144,1,1,-1,-1,0.233813762664795
7,2,6,87,-81,81,0,0.517126560211182,-1,-1,1,1,0.367165327072144
7,2,6,88,3,3,1,0.500500679016113,-1,-1,-1,-1,0.267126560211182
7,2,6,89,3,3,1,0.534232378005981,1,1,-1,-1,0.250500679016113
7,2,6,90,9,9,1,0.36759614944458,1,1,1,1,0.284232378005981
7,2,6,91,81,81,1,0.48382830619812,1,1,1,1,0.11759614944458
7,2,6,92,0,0,1,0.483793020248413,1,1,1,1,0.23382830619812
7,2,6,93,-9,9,0,0.450900316238403,1,1,1,1,0.233793020248413
7,2,6,94,3,3,1,0.383799076080322,-1,-1,1,1,0.200900316238403
7,2,6,95,3,3,1,0.317133188247681,1,1,-1,-1,0.133799076080322
7,2,6,96,-9,9,1,0.267593860626221,1,1,1,1,0.0671331882476807
7,2,6,97,9,9,1,0.400909900665283,-1,1,1,1,0.0175938606262207
7,2,6,98,81,81,1,0.517121315002441,1,1,1,-1,0.150909900665283
7,2,6,99,81,81,1,0.567135095596313,1,1,1,1,0.267121315002441
7,3,1,2,27,27,1,0.667135000228882,-1,-1,1,1,0.584112882614136
7,3,1,3,-9,9,1,0.501752853393555,1,1,-1,-1,0.417135000228882
7,3,1,4,9,9,1,0.58426308631897,-1,1,1,1,0.251752853393555
7,3,1,5,-27,27,0,0.484220266342163,1,1,1,-1,0.33426308631897
7,3,1,6,81,81,1,0.667135000228882,-1,-1,1,1,0.234220266342163
7,3,1,7,-81,81,0,0.683782577514648,1,1,-1,-1,0.417135000228882
7,3,1,8,0,0,1,0.417116165161133,-1,-1,1,1,0.433782577514648
7,3,1,9,9,9,1,0.384348154067993,1,1,-1,-1,0.167116165161133
7,3,1,10,-81,81,0,0.383805990219116,1,1,1,1,0.134348154067993
7,3,1,11,81,81,1,0.383829116821289,-1,-1,1,1,0.133805990219116
7,3,1,12,-9,9,0,0.73379111289978,1,1,-1,-1,0.133829116821289
7,3,1,13,-9,9,1,0.650464296340942,-1,-1,1,1,0.48379111289978
7,3,1,14,27,27,1,0.450891017913818,-1,1,-1,-1,0.400464296340942
7,3,1,15,-9,9,0,0.367983818054199,1,1,1,-1,0.200891017913818
7,3,1,16,0,0,1,0.517616033554077,-1,-1,1,1,0.117983818054199
7,3,1,17,-3,3,1,0.40092396736145,1,1,-1,-1,0.267616033554077
7,3,1,18,3,3,0,0.550478219985962,-1,1,1,1,0.15092396736145
7,3,1,19,-27,27,0,0.417596101760864,1,-1,1,-1,0.300478219985962
7,3,1,20,81,81,1,0.401009321212769,-1,-1,-1,1,0.167596101760864
7,3,1,21,-3,3,1,0.717151641845703,1,1,-1,-1,0.151009321212769
7,3,1,22,9,9,0,0.31759786605835,-1,1,1,1,0.467151641845703
7,3,1,23,-81,81,0,0.333814859390259,1,-1,1,-1,0.0675978660583496
7,3,1,24,81,81,1,0.334281921386719,-1,-1,-1,1,0.0838148593902588
7,3,1,25,27,27,1,0.384260892868042,1,1,-1,-1,0.0842819213867188
7,3,1,26,-0,0,1,0.367128133773804,1,1,1,1,0.134260892868042
7,3,1,27,81,81,1,0.500916004180908,-1,1,1,1,0.117128133773804
7,3,1,28,3,3,1,0.533831119537354,1,1,1,-1,0.250916004180908
7,3,1,29,-3,3,1,0.384235382080078,1,1,1,1,0.283831119537354
7,3,1,30,-9,9,1,0.584248781204224,-1,1,1,1,0.134235382080078
7,3,1,31,27,27,1,0.384257793426514,-1,1,1,-1,0.334248781204224
7,3,1,32,3,3,1,0.383788585662842,1,1,1,-1,0.134257793426514
7,3,1,33,-27,27,0,0.317144870758057,1,1,1,1,0.133788585662842
7,3,1,34,-0,0,1,0.750483274459839,-1,-1,1,1,0.0671448707580566
7,3,1,35,-81,81,0,0.367599964141846,-1,1,-1,-1,0.500483274459839
7,3,1,36,3,3,1,0.384260892868042,-1,-1,1,-1,0.117599964141846
7,3,1,37,-3,3,1,0.267134428024292,1,1,-1,-1,0.134260892868042
7,3,1,38,9,9,1,0.450507402420044,-1,1,1,1,0.017134428024292
7,3,1,39,-9,9,0,0.400461912155151,1,1,1,-1,0.200507402420044
7,3,1,40,-81,81,0,0.334254026412964,-1,-1,1,1,0.150461912155151
7,3,1,41,9,9,1,0.250487327575684,-1,-1,-1,-1,0.0842540264129639
7,3,1,42,-3,3,0,0.533816337585449,1,1,-1,-1,0.000487327575683594
7,3,1,43,81,81,1,0.467127323150635,-1,-1,1,1,0.283816337585449
7,3,1,44,-81,81,0,0.433860063552856,1,1,-1,-1,0.217127323150635
7,3,1,45,9,9,0,0.700913190841675,-1,-1,1,1,0.183860063552856
7,3,1,46,-27,27,0,0.367144346237183,1,-1,-1,-1,0.450913190841675
7,3,1,47,3,3,0,0.667568445205688,-1,-1,-1,1,0.117144346237183
7,3,1,48,-27,27,0,0.301798820495605,1,-1,-1,-1,0.417568445205688
7,3,1,49,9,9,0,0.417575120925903,-1,-1,-1,1,0.0517988204956055
7,3,1,50,-9,9,1,0.367136478424072,1,-1,-1,-1,0.167575120925903
7,3,1,51,3,3,0,0.40046501159668,-1,1,-1,1,0.117136478424072
7,3,1,52,-3,3,0,0.383796215057373,1,-1,1,-1,0.15046501159668
7,3,1,53,3,3,0,0.350468158721924,-1,-1,-1,1,0.133796215057373
7,3,1,54,-27,27,0,0.333823442459106,1,-1,-1,-1,0.100468158721924
7,3,1,55,27,27,1,0.533823490142822,-1,-1,-1,1,0.0838234424591064
7,3,1,56,-27,27,0,0.350497007369995,1,1,-1,-1,0.283823490142822
7,3,1,57,0,0,1,0.467129468917847,-1,-1,1,1,0.100497007369995
7,3,1,58,-27,27,0,0.333823680877686,1,1,-1,-1,0.217129468917847
7,3,1,59,81,81,1,0.417577028274536,-1,-1,1,1,0.0838236808776855
7,3,1,60,-0,0,1,0.583806276321411,1,1,-1,-1,0.167577028274536
7,3,1,61,3,3,1,0.367192983627319,-1,1,1,1,0.333806276321411
7,3,1,62,-9,9,1,0.550475597381592,1,1,1,-1,0.117192983627319
7,3,1,63,27,27,1,0.4837806224823,-1,1,1,1,0.300475597381592
7,3,1,64,-81,81,0,0.333800315856934,1,1,1,-1,0.2337806224823
7,3,1,65,-0,0,0,0.633782148361206,-1,-1,1,1,0.0838003158569336
7,3,1,66,0,0,1,0.467592000961304,-1,-1,-1,-1,0.383782148361206
7,3,1,67,-81,81,0,0.518538236618042,1,1,-1,-1,0.217592000961304
7,3,1,68,3,3,1,0.484759330749512,-1,-1,1,1,0.268538236618042
7,3,1,69,-81,81,0,0.417579174041748,1,1,-1,-1,0.234759330749512
7,3,1,70,81,81,1,0.450559854507446,-1,-1,1,1,0.167579174041748
7,3,1,71,-3,3,1,0.484256029129028,1,1,-1,-1,0.200559854507446
7,3,1,72,81,81,1,0.450917720794678,-1,1,1,1,0.234256029129028
7,3,1,73,3,3,0,0.367579221725464,1,1,1,-1,0.200917720794678
7,3,1,74,-3,3,0,0.567604064941406,1,-1,1,1,0.117579221725464
7,3,1,75,0,0,1,0.61757230758667,-1,-1,-1,1,0.317604064941406
7,3,1,76,-81,81,0,0.400972127914429,1,1,-1,-1,0.36757230758667
7,3,1,77,9,9,1,0.600887060165405,-1,-1,1,1,0.150972127914429
7,3,1,78,-81,81,0,0.435145616531372,1,1,-1,-1,0.350887060165405
7,3,1,79,27,27,1,0.484324216842651,-1,-1,1,1,0.185145616531372
7,3,1,80,-27,27,0,0.50092625617981,1,1,-1,-1,0.234324216842651
7,3,1,81,3,3,1,0.384254932403564,-1,-1,1,1,0.25092625617981
7,3,1,82,-0,0,1,0.367134571075439,1,1,-1,-1,0.134254932403564
7,3,1,87,9,9,1,0.434260129928589,-1,1,1,1,0.183782339096069
7,3,1,88,27,27,1,0.383823156356812,1,1,1,-1,0.184260129928589
7,3,1,89,-3,3,1,0.450930118560791,1,1,1,1,0.133823156356812
7,3,1,90,-27,27,0,0.284265995025635,-1,1,1,1,0.200930118560791
7,3,1,91,9,9,1,0.517590045928955,-1,-1,1,-1,0.0342659950256348
7,3,1,92,-27,27,0,0.450495958328247,1,1,-1,-1,0.267590045928955
7,3,1,93,27,27,1,0.367118358612061,-1,-1,1,1,0.200495958328247
7,3,1,94,-9,9,1,0.883780956268311,1,1,-1,-1,0.117118358612061
7,3,1,95,27,27,1,0.450487852096558,-1,1,1,1,0.633780956268311
7,3,1,96,-9,9,0,0.484254360198975,1,1,1,-1,0.200487852096558
7,3,1,97,0,0,0,0.383798122406006,-1,-1,1,1,0.234254360198975
7,3,1,98,-81,81,0,0.433800935745239,1,-1,-1,-1,0.133798122406006
7,3,1,99,27,27,1,0.468370914459229,-1,-1,-1,1,0.183800935745239
7,3,2,4,81,81,1,0.467196941375732,-1,1,-1,-1,0.2842116355896
7,3,2,5,-81,81,0,0.35093092918396,1,1,1,-1,0.217196941375732
7,3,2,6,-0,0,0,0.583839893341064,-1,-1,1,1,0.10093092918396
7,3,2,7,9,9,1,0.467622041702271,-1,-1,-1,-1,0.333839893341064
7,3,2,8,3,3,1,0.317146062850952,1,1,-1,-1,0.217622041702271
7,3,2,9,-27,27,0,0.367593050003052,1,1,1,1,0.0671460628509521
7,3,2,10,0,0,1,0.350474119186401,-1,-1,1,1,0.117593050003052
7,3,2,11,-27,27,1,0.56757378578186,1,1,-1,-1,0.100474119186401
7,3,2,12,-9,9,0,0.467149972915649,-1,1,1,1,0.31757378578186
7,3,2,13,81,81,1,0.517144203186035,-1,-1,1,-1,0.217149972915649
7,3,2,14,-81,81,0,0.534258365631104,1,1,-1,-1,0.267144203186035
7,3,2,15,-27,27,0,0.38426661491394,-1,-1,1,1,0.284258365631104
7,3,2,16,9,9,1,0.45046591758728,-1,-1,-1,-1,0.13426661491394
7,3,2,17,-27,27,0,0.317130327224731,1,1,-1,-1,0.20046591758728
7,3,2,18,81,81,1,0.433810949325562,-1,-1,1,1,0.0671303272247314
7,3,2,19,27,27,1,0.467200040817261,1,1,-1,-1,0.183810949325562
7,3,2,20,27,27,1,0.367140531539917,1,1,1,1,0.217200040817261
7,3,2,21,-3,3,1,0.417117118835449,1,1,1,1,0.117140531539917
7,3,2,22,27,27,1,0.584245920181274,-1,1,1,1,0.167117118835449
7,3,2,23,-3,3,1,0.367594957351685,1,1,1,-1,0.334245920181274
7,3,2,24,9,9,1,0.384223699569702,-1,1,1,1,0.117594957351685
7,3,2,25,0,0,1,0.550480842590332,1,1,1,-1,0.134223699569702
7,3,2,26,3,3,1,0.28385591506958,1,1,1,1,0.300480842590332
7,3,2,27,-9,9,1,0.517585039138794,1,1,1,1,0.0338559150695801
7,3,2,28,-9,9,1,0.618424415588379,-1,1,1,1,0.267585039138794
7,3,2,29,27,27,1,0.384255886077881,-1,1,1,-1,0.368424415588379
7,3,2,30,-0,0,0,0.667133092880249,1,1,1,-1,0.134255886077881
7,3,2,31,-0,0,0,0.450490713119507,-1,-1,1,1,0.417133092880249
7,3,2,32,-9,9,0,0.467162370681763,-1,-1,-1,-1,0.200490713119507
7,3,2,33,81,81,1,0.317229032516479,-1,-1,-1,-1,0.217162370681763
7,3,2,34,-0,0,1,0.46760630607605,1,1,-1,-1,0.0672290325164795
7,3,2,35,-27,27,0,0.300476551055908,-1,1,1,1,0.21760630607605
7,3,2,36,-81,81,0,0.350920438766479,-1,-1,1,-1,0.0504765510559082
7,3,2,37,-0,0,0,0.434225559234619,-1,-1,-1,-1,0.100920438766479
7,3,2,38,9,9,1,0.384288787841797,-1,-1,-1,-1,0.184225559234619
7,3,2,39,27,27,1,0.40047812461853,1,1,-1,-1,0.134288787841797
7,3,2,40,0,0,1,0.383863210678101,1,1,1,1,0.15047812461853
7,3,2,41,-9,9,1,0.500468015670776,1,1,1,1,0.133863210678101
7,3,2,42,0,0,1,0.700449466705322,-1,1,1,1,0.250468015670776
7,3,2,43,-3,3,0,0.400923728942871,1,1,1,-1,0.450449466705322
7,3,2,44,9,9,0,0.617139101028442,-1,-1,1,1,0.150923728942871
7,3,2,45,-9,9,0,0.583803176879883,1,-1,-1,-1,0.367139101028442
7,3,2,46,-3,3,1,0.534255266189575,-1,-1,-1,1,0.333803176879883
7,3,2,47,9,9,1,0.683782339096069,-1,1,-1,-1,0.284255266189575
7,3,2,48,81,81,1,0.417139053344727,1,1,1,-1,0.433782339096069
7,3,2,49,27,27,1,0.350952386856079,1,1,1,1,0.167139053344727
7,3,2,50,3,3,0,0.550461053848267,1,1,1,1,0.100952386856079
7,3,2,51,3,3,1,0.417585372924805,1,-1,1,1,0.300461053848267
7,3,2,52,81,81,1,0.267182350158691,1,1,-1,1,0.167585372924805
7,3,2,53,-3,3,1,0.601011991500854,1,1,1,1,0.0171823501586914
7,3,2,54,-3,3,0,0.467574834823608,-1,1,1,1,0.351011991500854
7,3,2,55,-27,27,0,0.350455284118652,-1,-1,1,-1,0.217574834823608
7,3,2,56,-9,9,0,0.517153263092041,-1,-1,-1,-1,0.100455284118652
7,3,2,57,-3,3,1,0.583791255950928,-1,-1,-1,-1,0.267153263092041
7,3,2,58,3,3,1,0.650464773178101,-1,1,-1,-1,0.333791255950928
7,3,2,59,-27,27,0,0.283792018890381,1,1,1,-1,0.400464773178101
7,3,2,60,81,81,1,0.434906005859375,-1,-1,1,1,0.0337920188903809
7,3,2,61,-81,81,0,0.268280029296875,1,1,-1,-1,0.184906005859375
7,3,2,62,9,9,1,0.300474643707275,-1,-1,1,1,0.018280029296875
7,3,2,63,3,3,1,0.467168092727661,1,1,-1,-1,0.0504746437072754
7,3,2,64,-9,9,1,0.417148351669312,1,1,1,1,0.217168092727661
7,3,2,65,3,3,1,0.500883340835571,-1,1,1,1,0.167148351669312
7,3,2,66,81,81,1,0.333814382553101,1,1,1,-1,0.250883340835571
7,3,2,67,3,3,1,0.534281730651855,1,1,1,1,0.0838143825531006
7,3,2,68,3,3,1,0.317607164382935,1,1,1,1,0.284281730651855
7,3,2,69,3,3,1,0.317607879638672,1,1,1,1,0.0676071643829346
7,3,2,70,-9,9,0,0.450922966003418,1,1,1,1,0.0676078796386719
7,3,2,71,-0,0,1,0.383811473846436,-1,-1,1,1,0.200922966003418
7,3,2,72,9,9,1,0.267147779464722,-1,1,-1,-1,0.133811473846436
7,3,2,73,-81,81,0,0.417133331298828,1,1,1,-1,0.0171477794647217
7,3,2,74,-27,27,0,0.383819818496704,-1,-1,1,1,0.167133331298828
7,3,2,75,9,9,1,0.584259033203125,-1,-1,-1,-1,0.133819818496704
7,3,2,76,9,9,1,0.334246397018433,1,1,-1,-1,0.334259033203125
7,3,2,77,3,3,1,0.284281253814697,1,1,1,1,0.0842463970184326
7,3,2,81,81,81,1,0.3504798412323,-1,1,-1,-1,0.333822965621948
7,3,2,82,-3,3,0,0.367580413818359,1,1,1,-1,0.1004798412323
7,3,2,83,27,27,1,0.25090217590332,-1,-1,1,1,0.117580413818359
7,3,2,84,27,27,1,0.417154788970947,1,1,-1,-1,0.000902175903320312
7,3,2,85,-81,81,0,0.350500822067261,1,1,1,1,0.167154788970947
7,3,2,89,-27,27,0,0.333967447280884,-1,-1,-1,1,0.3838210105896
7,3,2,90,-9,9,1,0.367615699768066,-1,-1,-1,-1,0.0839674472808838
7,3,2,91,81,81,1,0.417656898498535,-1,1,-1,-1,0.117615699768066
7,3,2,92,-27,27,0,0.283802032470703,1,1,1,-1,0.167656898498535
7,3,2,93,27,27,1,0.384250402450562,-1,-1,1,1,0.0338020324707031
7,3,2,94,27,27,1,0.284252166748047,1,1,-1,-1,0.134250402450562
7,3,2,95,9,9,1,0.333805322647095,1,1,1,1,0.0342521667480469
7,3,2,96,-0,0,1,0.517129898071289,1,1,1,1,0.0838053226470947
7,3,2,97,27,27,1,0.317123413085938,-1,1,1,1,0.267129898071289
7,3,2,98,81,81,1,0.317127227783203,1,1,1,-1,0.0671234130859375
7,3,2,99,81,81,1,0.333800315856934,1,1,1,1,0.0671272277832031
7,3,3,2,0,0,1,0.350500106811523,1,1,-1,-1,0.384001970291138
7,3,3,3,81,81,1,0.417594909667969,1,1,1,1,0.100500106811523
7,3,3,4,3,3,0,0.467592239379883,1,1,1,1,0.167594909667969
7,3,3,5,3,3,1,0.318218231201172,1,-1,1,1,0.217592239379883
7,3,3,6,81,81,1,0.383805751800537,1,1,-1,1,0.0682182312011719
7,3,3,7,-81,81,0,0.300466299057007,1,1,1,1,0.133805751800537
7,3,3,8,0,0,1,0.367130041122437,-1,-1,1,1,0.0504662990570068
7,3,3,12,-9,9,0,0.367578029632568,-1,-1,1,1,0.117585182189941
7,3,3,13,27,27,1,0.400920152664185,-1,-1,-1,-1,0.117578029632568
7,3,3,14,3,3,1,0.284233331680298,1,1,-1,-1,0.150920152664185
7,3,3,15,3,3,1,0.317191123962402,1,1,1,1,0.0342333316802979
7,3,3,19,-3,3,0,0.700882196426392,-1,-1,-1,-1,0.383789777755737
7,3,3,20,-81,81,0,0.633785009384155,-1,-1,-1,-1,0.450882196426392
7,3,3,21,-81,81,0,0.583822011947632,-1,-1,-1,-1,0.383785009384155
7,3,3,22,-3,3,1,0.533801078796387,-1,-1,-1,-1,0.333822011947632
7,3,3,23,27,27,1,0.350928068161011,-1,1,-1,-1,0.283801078796387
7,3,3,24,3,3,0,0.517591953277588,1,1,1,-1,0.100928068161011
7,3,3,25,0,0,1,0.367589950561523,1,-1,1,1,0.267591953277588
7,3,3,26,3,3,1,0.450472116470337,1,1,-1,1,0.117589950561523
7,3,3,27,27,27,1,0.517163753509521,1,1,1,1,0.200472116470337
7,3,3,28,9,9,1,0.450927972793579,1,1,1,1,0.267163753509521
7,3,3,29,3,3,1,0.500448942184448,1,1,1,1,0.200927972793579
7,3,3,30,-9,9,0,0.568091154098511,1,1,1,1,0.250448942184448
7,3,3,34,-9,9,0,0.617125034332275,-1,-1,1,-1,0.367549896240234
7,3,3,35,-9,9,0,0.417587995529175,-1,-1,-1,-1,0.367125034332275
7,3,3,36,-0,0,1,0.367579460144043,-1,-1,-1,-1,0.167587995529175
7,3,3,37,-9,9,0,0.667578935623169,-1,1,-1,-1,0.117579460144043
7,3,3,38,-0,0,0,0.351464986801147,-1,-1,1,-1,0.417578935623169
7,3,3,39,-27,27,0,0.384284973144531,-1,-1,-1,-1,0.101464986801147
7,3,3,40,-3,3,1,0.28380560874939,-1,-1,-1,-1,0.134284973144531
7,3,3,41,-9,9,0,0.383792877197266,-1,1,-1,-1,0.0338056087493896
7,3,3,42,-3,3,0,0.50050163269043,-1,-1,1,-1,0.133792877197266
7,3,3,43,-81,81,0,0.467131376266479,-1,-1,-1,-1,0.25050163269043
7,3,3,44,-27,27,0,0.500445365905762,-1,-1,-1,-1,0.217131376266479
7,3,3,45,-9,9,0,0.517577171325684,-1,-1,-1,-1,0.250445365905762
7,3,3,46,-9,9,0,0.450491666793823,-1,-1,-1,-1,0.267577171325684
7,3,3,47,9,9,1,0.418388366699219,-1,-1,-1,-1,0.200491666793823
7,3,3,48,-9,9,1,0.400491952896118,1,1,-1,-1,0.168388366699219
7,3,3,49,-27,27,0,0.417144536972046,-1,1,1,1,0.150491952896118
7,3,3,50,-0,0,1,0.417137384414673,-1,-1,1,-1,0.167144536972046
7,3,3,51,81,81,1,0.500459432601929,-1,1,-1,-1,0.167137384414673
7,3,3,52,27,27,1,0.383804082870483,1,1,1,-1,0.250459432601929
7,3,3,53,-81,81,0,0.500474214553833,1,1,1,1,0.133804082870483
7,3,3,54,-3,3,1,0.35047435760498,-1,-1,1,1,0.250474214553833
7,3,3,55,-3,3,0,0.550457000732422,-1,1,-1,-1,0.10047435760498
7,3,3,56,-81,81,0,0.350544214248657,-1,-1,1,-1,0.300457000732422
7,3,3,57,-9,9,0,0.700977087020874,-1,-1,-1,-1,0.100544214248657
7,3,3,58,-0,0,1,0.350471258163452,-1,-1,-1,-1,0.450977087020874
7,3,3,59,-3,3,1,0.317144155502319,-1,1,-1,-1,0.100471258163452
7,3,3,60,-81,81,0,0.417134284973145,-1,1,1,-1,0.0671441555023193
7,3,3,61,0,0,1,0.350463151931763,-1,-1,1,-1,0.167134284973145
7,3,3,62,3,3,1,0.500475406646729,1,1,-1,-1,0.100463151931763
7,3,3,63,27,27,1,0.467137098312378,1,1,1,1,0.250475406646729
7,3,3,64,81,81,1,0.417164087295532,1,1,1,1,0.217137098312378
7,3,3,65,81,81,1,0.350475072860718,1,1,1,1,0.167164087295532
7,3,3,69,-0,0,1,0.483800172805786,-1,-1,-1,-1,0.300506114959717
7,3,3,70,-81,81,0,0.567161321640015,-1,1,-1,-1,0.233800172805786
7,3,3,71,-9,9,0,0.617126226425171,-1,-1,1,-1,0.317161321640015
7,3,3,72,-9,9,1,0.634266376495361,-1,-1,-1,-1,0.367126226425171
7,3,3,73,-27,27,0,0.450450420379639,-1,1,-1,-1,0.384266376495361
7,3,3,74,-27,27,0,0.51716423034668,-1,-1,1,-1,0.200450420379639
7,3,3,75,-9,9,0,0.46756649017334,-1,-1,-1,-1,0.26716423034668
7,3,3,76,-3,3,0,0.650502920150757,-1,-1,-1,-1,0.21756649017334
7,3,3,77,-27,27,0,0.367157459259033,-1,-1,-1,-1,0.400502920150757
7,3,3,78,-81,81,0,0.367122173309326,-1,-1,-1,-1,0.117157459259033
7,3,3,79,-81,81,0,0.500907182693481,-1,-1,-1,-1,0.117122173309326
7,3,3,80,3,3,1,0.567130327224731,-1,-1,-1,-1,0.250907182693481
7,3,3,81,81,81,1,0.317593097686768,1,1,-1,-1,0.317130327224731
7,3,3,82,3,3,0,0.55045223236084,1,1,1,1,0.0675930976867676
7,3,3,83,9,9,0,0.550452470779419,1,-1,1,1,0.30045223236084
7,3,3,84,9,9,1,0.334259986877441,1,-1,-1,1,0.300452470779419
7,3,3,88,27,27,1,0.383783340454102,1,1,1,1,0.434283494949341
7,3,3,89,-81,81,0,0.43379545211792,1,1,1,1,0.133783340454102
7,3,3,90,-0,0,1,0.334261894226074,-1,-1,1,1,0.18379545211792
7,3,3,91,-0,0,1,0.567590475082397,-1,1,-1,-1,0.0842618942260742
7,3,3,92,3,3,1,0.283811092376709,-1,1,1,-1,0.317590475082397
7,3,3,93,3,3,1,0.30048656463623,1,1,1,-1,0.033811092376709
7,3,3,94,81,81,1,0.383821487426758,1,1,1,1,0.0504865646362305
7,3,3,95,-81,81,0,0.483798503875732,1,1,1,1,0.133821487426758
7,3,3,96,-81,81,0,0.417595148086548,-1,-1,1,1,0.233798503875732
7,3,3,97,-9,9,0,0.533841848373413,-1,-1,-1,-1,0.167595148086548
7,3,3,98,-27,27,0,0.317605972290039,-1,-1,-1,-1,0.283841848373413
7,3,3,99,-27,27,0,0.367144346237183,-1,-1,-1,-1,0.0676059722900391
7,3,4,2,-3,3,0,0.41716194152832,-1,-1,1,1,0.301151990890503
7,3,4,3,-27,27,0,0.367587089538574,-1,-1,-1,-1,0.16716194152832
7,3,4,4,9,9,1,0.300506830215454,-1,-1,-1,-1,0.117587089538574
7,3,4,5,-3,3,1,0.484245300292969,1,1,-1,-1,0.0505068302154541
7,3,4,6,-81,81,0,0.333805084228516,-1,1,1,1,0.234245300292969
7,3,4,7,-9,9,0,0.550924062728882,-1,-1,1,-1,0.0838050842285156
7,3,4,8,-3,3,0,0.583802938461304,-1,-1,-1,-1,0.300924062728882
7,3,4,9,-9,9,0,0.350488901138306,-1,-1,-1,-1,0.333802938461304
7,3,4,10,-9,9,0,0.434264898300171,-1,-1,-1,-1,0.100488901138306
7,3,4,11,-27,27,0,0.317578792572021,-1,-1,-1,-1,0.184264898300171
7,3,4,15,-9,9,0,0.467584133148193,-1,-1,1,1,0.300905227661133
7,3,4,16,-3,3,0,0.350467920303345,-1,-1,-1,-1,0.217584133148193
7,3,4,17,-0,0,0,0.384261846542358,-1,-1,-1,-1,0.100467920303345
7,3,4,18,81,81,1,0.500526428222656,-1,-1,-1,-1,0.134261846542358
7,3,4,19,9,9,1,0.317133903503418,1,1,-1,-1,0.250526428222656
7,3,4,20,81,81,1,0.45089316368103,1,1,1,1,0.067133903503418
7,3,4,21,81,81,1,0.467137098312378,1,1,1,1,0.20089316368103
7,3,4,22,3,3,0,0.484256982803345,1,1,1,1,0.217137098312378
7,3,4,23,27,27,1,0.534256935119629,1,-1,1,1,0.234256982803345
7,3,4,24,3,3,1,0.467590808868408,1,1,-1,1,0.284256935119629
7,3,4,25,-9,9,1,0.300474166870117,1,1,1,1,0.217590808868408
7,3,4,26,-27,27,0,0.434820890426636,-1,1,1,1,0.0504741668701172
7,3,4,27,-81,81,0,0.350462198257446,-1,-1,1,-1,0.184820890426636
7,3,4,28,-81,81,0,0.383797168731689,-1,-1,-1,-1,0.100462198257446
7,3,4,29,-3,3,0,0.517564058303833,-1,-1,-1,-1,0.133797168731689
7,3,4,30,-3,3,1,0.417171001434326,-1,-1,-1,-1,0.267564058303833
7,3,4,31,-3,3,1,0.550917863845825,-1,1,-1,-1,0.167171001434326
7,3,4,35,81,81,1,0.333829164505005,-1,-1,-1,-1,0.117162466049194
7,3,4,36,9,9,1,0.351251363754272,1,1,-1,-1,0.0838291645050049
7,3,4,37,81,81,1,0.350468397140503,1,1,1,1,0.101251363754272
7,3,4,38,3,3,1,0.367152214050293,1,1,1,1,0.100468397140503
7,3,4,39,27,27,1,0.350932121276855,1,1,1,1,0.117152214050293
7,3,4,40,3,3,1,0.333815097808838,1,1,1,1,0.100932121276855
7,3,4,41,-27,27,0,0.367146015167236,1,1,1,1,0.0838150978088379
7,3,4,42,-3,3,1,0.334255218505859,-1,-1,1,1,0.117146015167236
7,3,4,43,-9,9,1,0.400913238525391,-1,1,-1,-1,0.0842552185058594
7,3,4,44,-0,0,0,0.367157459259033,-1,1,1,-1,0.150913238525391
7,3,4,45,-9,9,0,0.250947952270508,-1,-1,1,-1,0.117157459259033
7,3,4,46,-3,3,1,0.350933074951172,-1,-1,-1,-1,0.000947952270507812
7,3,4,47,-0,0,1,0.450477123260498,-1,1,-1,-1,0.100933074951172
7,3,4,48,-27,27,0,0.333819150924683,-1,1,1,-1,0.200477123260498
7,3,4,55,3,3,1,0.483870267868042,1,1,-1,-1,0.400458335876465
7,3,4,56,3,3,1,0.550481081008911,1,1,1,1,0.233870267868042
7,3,4,57,81,81,1,0.700477361679077,1,1,1,1,0.300481081008911
7,3,4,58,9,9,1,0.433808088302612,1,1,1,1,0.450477361679077
7,3,4,59,27,27,1,0.56715202331543,1,1,1,1,0.183808088302612
7,3,4,60,81,81,1,0.467115640640259,1,1,1,1,0.31715202331543
7,3,4,61,9,9,1,0.733782291412354,1,1,1,1,0.217115640640259
7,3,4,62,27,27,1,0.334255218505859,1,1,1,1,0.483782291412354
7,3,4,63,3,3,1,0.400930643081665,1,1,1,1,0.0842552185058594
7,3,4,64,3,3,1,0.250942945480347,1,1,1,1,0.150930643081665
7,3,4,65,9,9,1,0.268099308013916,1,1,1,1,0.00094294548034668
7,3,4,66,27,27,1,0.283801078796387,1,1,1,1,0.018099308013916
7,3,4,67,-27,27,0,0.400470972061157,1,1,1,1,0.0338010787963867
7,3,4,68,-81,81,0,0.400505304336548,-1,-1,1,1,0.150470972061157
7,3,4,69,-9,9,0,0.367141008377075,-1,-1,-1,-1,0.150505304336548
7,3,4,70,-81,81,0,0.367585420608521,-1,-1,-1,-1,0.117141008377075
7,3,4,71,-81,81,0,0.417212963104248,-1,-1,-1,-1,0.117585420608521
7,3,4,75,-3,3,0,0.467163324356079,-1,-1,1,1,0.0337982177734375
7,3,4,76,-27,27,0,0.48386812210083,-1,-1,-1,-1,0.217163324356079
7,3,4,77,-9,9,0,0.367154359817505,-1,-1,-1,-1,0.23386812210083
7,3,4,78,-9,9,1,0.500478267669678,-1,-1,-1,-1,0.117154359817505
7,3,4,79,-0,0,0,0.450928211212158,-1,1,-1,-1,0.250478267669678
7,3,4,80,9,9,1,0.350493907928467,-1,-1,1,-1,0.200928211212158
7,3,4,84,-27,27,0,0.433813095092773,1,1,1,1,0.150920391082764
7,3,4,85,0,0,1,0.417132377624512,-1,-1,1,1,0.183813095092773
7,3,4,86,27,27,1,0.400501012802124,1,1,-1,-1,0.167132377624512
7,3,4,87,-9,9,1,0.41714334487915,1,1,1,1,0.150501012802124
7,3,4,88,-0,0,1,0.584256172180176,-1,1,1,1,0.16714334487915
7,3,4,89,-81,81,0,0.467556715011597,-1,1,1,-1,0.334256172180176
7,3,4,90,-81,81,0,0.350948095321655,-1,-1,1,-1,0.217556715011597
7,3,4,91,-9,9,0,0.31756329536438,-1,-1,-1,-1,0.100948095321655
7,3,4,92,-81,81,0,0.283803224563599,-1,-1,-1,-1,0.0675632953643799
7,3,4,93,0,0,1,0.467171192169189,-1,-1,-1,-1,0.0338032245635986
7,3,4,94,3,3,1,0.617130279541016,1,1,-1,-1,0.217171192169189
7,3,4,95,81,81,1,0.33380651473999,1,1,1,1,0.367130279541016
7,3,4,96,81,81,1,0.500462293624878,1,1,1,1,0.0838065147399902
7,3,4,97,3,3,1,0.350449562072754,1,1,1,1,0.250462293624878
7,3,4,98,0,0,1,0.367610931396484,1,1,1,1,0.100449562072754
7,3,4,99,9,9,1,0.334226131439209,1,1,1,1,0.117610931396484
7,3,5,2,3,3,0,1.06758999824524,1,-1,1,-1,0.834492921829224
7,3,5,3,-27,27,1,0.450467109680176,1,-1,-1,1,0.817589998245239
7,3,5,4,3,3,1,0.600478649139404,-1,1,-1,1,0.200467109680176
7,3,5,5,0,0,0,0.367143869400024,1,1,1,-1,0.350478649139404
7,3,5,6,-27,27,0,0.400532960891724,1,-1,1,1,0.117143869400024
7,3,5,7,27,27,1,0.367569446563721,-1,-1,-1,1,0.150532960891724
7,3,5,8,-0,0,0,0.500920295715332,1,1,-1,-1,0.117569446563721
7,3,5,9,9,9,1,0.550963878631592,-1,-1,1,1,0.250920295715332
7,3,5,10,-9,9,0,0.417132139205933,1,1,-1,-1,0.300963878631592
7,3,5,11,3,3,0,0.783819437026978,-1,-1,1,1,0.167132139205933
7,3,5,12,-3,3,0,0.617576837539673,1,-1,-1,-1,0.533819437026978
7,3,5,13,27,27,1,0.367588996887207,-1,-1,-1,1,0.367576837539673
7,3,5,14,9,9,1,0.367159843444824,1,1,-1,-1,0.117588996887207
7,3,5,15,9,9,1,0.417134284973145,1,1,1,1,0.117159843444824
7,3,5,16,-3,3,1,0.43426513671875,1,1,1,1,0.167134284973145
7,3,5,17,3,3,1,0.500492811203003,-1,1,1,1,0.18426513671875
7,3,5,18,-9,9,0,0.33381175994873,1,1,1,-1,0.250492811203003
7,3,5,19,27,27,1,0.350478172302246,-1,-1,1,1,0.0838117599487305
7,3,5,20,3,3,1,0.451559066772461,1,1,-1,-1,0.100478172302246
7,3,5,21,-9,9,1,0.550464153289795,1,1,1,1,0.201559066772461
7,3,5,22,27,27,1,0.433806180953979,-1,1,1,1,0.300464153289795
7,3,5,23,81,81,1,0.517153978347778,1,1,1,-1,0.183806180953979
7,3,5,24,-3,3,0,0.484265089035034,1,1,1,1,0.267153978347778
7,3,5,25,81,81,1,0.583798885345459,-1,-1,1,1,0.234265089035034
7,3,5,26,27,27,1,0.517590999603271,1,1,-1,-1,0.333798885345459
7,3,5,27,-27,27,0,0.467146158218384,1,1,1,1,0.267590999603271
7,3,5,28,81,81,1,0.417169332504272,-1,-1,1,1,0.217146158218384
7,3,5,29,-81,81,0,0.284265995025635,1,1,-1,-1,0.167169332504272
7,3,5,30,3,3,0,0.833810806274414,-1,-1,1,1,0.0342659950256348
7,3,5,31,-0,0,0,0.517111301422119,1,-1,-1,-1,0.583810806274414
7,3,5,32,0,0,0,0.450917720794678,-1,-1,-1,1,0.267111301422119
7,3,5,33,-81,81,1,0.467141151428223,1,-1,-1,-1,0.200917720794678
7,3,5,34,-27,27,0,0.267175197601318,-1,1,-1,1,0.217141151428223
7,3,5,35,81,81,1,0.700501441955566,-1,-1,1,-1,0.0171751976013184
7,3,5,36,-81,81,0,0.433808088302612,1,1,-1,-1,0.450501441955566
7,3,5,37,3,3,0,0.63425612449646,-1,-1,1,1,0.183808088302612
7,3,5,38,81,81,1,0.450915336608887,1,-1,-1,-1,0.38425612449646
7,3,5,39,-9,9,1,0.451486825942993,1,1,-1,1,0.200915336608887
7,3,5,40,81,81,1,0.484250545501709,-1,1,1,1,0.201486825942993
7,3,5,41,-81,81,0,0.284258842468262,1,1,1,-1,0.234250545501709
7,3,5,42,-3,3,1,0.584247827529907,-1,-1,1,1,0.0342588424682617
7,3,5,43,3,3,1,0.517134428024292,-1,1,-1,-1,0.334247827529907
7,3,5,44,-81,81,0,0.434269189834595,1,1,1,-1,0.267134428024292
7,3,5,45,81,81,1,0.467122316360474,-1,-1,1,1,0.184269189834595
7,3,5,46,-27,27,0,0.550492286682129,1,1,-1,-1,0.217122316360474
7,3,5,47,27,27,1,0.517582178115845,-1,-1,1,1,0.300492286682129
7,3,5,48,-0,0,0,0.617601871490479,1,1,-1,-1,0.267582178115845
7,3,5,49,81,81,1,0.484363555908203,-1,-1,1,1,0.367601871490479
7,3,5,50,81,81,1,0.300938129425049,1,1,-1,-1,0.234363555908203
7,3,5,51,-9,9,0,0.317564249038696,1,1,1,1,0.0509381294250488
7,3,5,52,81,81,1,0.367568254470825,-1,-1,1,1,0.0675642490386963
7,3,5,53,27,27,1,0.517597913742065,1,1,-1,-1,0.117568254470825
7,3,5,54,-81,81,0,0.300940036773682,1,1,1,1,0.267597913742065
7,3,5,55,0,0,0,0.467142105102539,-1,-1,1,1,0.0509400367736816
7,3,5,56,-3,3,0,0.535048961639404,1,-1,-1,-1,0.217142105102539
7,3,5,57,3,3,0,0.417595148086548,-1,-1,-1,1,0.285048961639404
7,3,5,58,-3,3,0,0.433860540390015,1,-1,-1,-1,0.167595148086548
7,3,5,59,9,9,0,0.533795356750488,-1,-1,-1,1,0.183860540390015
7,3,5,60,-9,9,0,0.483865261077881,1,-1,-1,-1,0.283795356750488
7,3,5,61,27,27,1,0.367148876190186,-1,-1,-1,1,0.233865261077881
7,3,5,62,-3,3,1,0.567142248153687,1,1,-1,-1,0.117148876190186
7,3,5,63,9,9,1,0.433797359466553,-1,1,1,1,0.317142248153687
7,3,5,64,-3,3,1,0.417142152786255,1,1,1,-1,0.183797359466553
7,3,5,65,27,27,1,0.583818435668945,-1,1,1,1,0.167142152786255
7,3,5,66,9,9,1,0.583785533905029,1,1,1,-1,0.333818435668945
7,3,5,67,-3,3,1,0.717130184173584,1,1,1,1,0.333785533905029
7,3,5,68,-0,0,1,0.867569446563721,-1,1,1,1,0.467130184173584
7,3,5,69,-9,9,0,0.384254217147827,-1,1,1,-1,0.617569446563721
7,3,5,70,-81,81,0,0.484470129013062,-1,-1,1,-1,0.134254217147827
7,3,5,71,27,27,1,0.567577123641968,-1,-1,-1,-1,0.234470129013062
7,3,5,72,-27,27,0,0.483817100524902,1,1,-1,-1,0.317577123641968
7,3,5,73,9,9,0,0.367589235305786,-1,-1,1,1,0.233817100524902
7,3,5,74,9,9,1,0.434258937835693,1,-1,-1,-1,0.117589235305786
7,3,5,75,27,27,1,0.450904369354248,1,1,-1,1,0.184258937835693
7,3,5,76,-9,9,0,0.367676258087158,1,1,1,1,0.200904369354248
7,3,5,77,81,81,1,0.533812046051025,-1,-1,1,1,0.117676258087158
7,3,5,78,-9,9,0,0.517601013183594,1,1,-1,-1,0.283812046051025
7,3,5,79,0,0,0,0.384225368499756,-1,-1,1,1,0.267601013183594
7,3,5,80,-9,9,0,0.317595243453979,1,-1,-1,-1,0.134225368499756
7,3,5,81,81,81,1,0.450883150100708,-1,-1,-1,1,0.0675952434539795
7,3,5,82,27,27,1,0.4342360496521,1,1,-1,-1,0.200883150100708
7,3,5,83,3,3,1,0.383795261383057,1,1,1,1,0.1842360496521
7,3,5,84,-3,3,0,0.434258222579956,1,1,1,1,0.133795261383057
7,3,5,85,-9,9,0,0.567147016525269,-1,-1,1,1,0.184258222579956
7,3,5,86,27,27,1,0.33380126953125,-1,-1,-1,-1,0.317147016525269
7,3,5,87,-9,9,1,0.468206882476807,1,1,-1,-1,0.08380126953125
7,3,5,88,9,9,0,0.417136907577515,-1,1,1,1,0.218206882476807
7,3,5,89,27,27,1,0.483790159225464,1,-1,1,-1,0.167136907577515
7,3,5,90,0,0,1,0.550495147705078,1,1,-1,1,0.233790159225464
7,3,5,91,-0,0,1,0.500478982925415,1,1,1,1,0.300495147705078
7,3,5,92,81,81,1,0.600447416305542,-1,1,1,1,0.250478982925415
7,3,5,93,-9,9,0,0.467664241790771,1,1,1,-1,0.350447416305542
7,3,5,94,3,3,0,0.484251737594604,-1,-1,1,1,0.217664241790771
7,3,5,95,-0,0,0,0.500480175018311,1,-1,-1,-1,0.234251737594604
7,3,5,96,81,81,1,0.567593097686768,-1,-1,-1,1,0.250480175018311
7,3,5,97,-27,27,0,0.283818960189819,1,1,-1,-1,0.317593097686768
7,3,5,98,27,27,1,0.550461769104004,-1,-1,1,1,0.0338189601898193
7,3,5,99,-3,3,1,0.350937128067017,1,1,-1,-1,0.300461769104004
7,3,6,2,81,81,1,0.500922918319702,-1,1,-1,-1,0.534470081329346
7,3,6,3,-9,9,0,0.31847882270813,1,1,1,-1,0.250922918319702
7,3,6,4,81,81,1,0.55087423324585,-1,-1,1,1,0.0684788227081299
7,3,6,5,81,81,1,0.533796787261963,1,1,-1,-1,0.30087423324585
7,3,6,6,0,0,1,0.56758189201355,1,1,1,1,0.283796787261963
7,3,6,7,9,9,1,0.617130041122437,1,1,1,1,0.31758189201355
7,3,6,8,9,9,1,0.600465774536133,1,1,1,1,0.367130041122437
7,3,6,9,-3,3,1,0.633793115615845,1,1,1,1,0.350465774536133
7,3,6,10,-3,3,1,0.484228849411011,-1,1,1,1,0.383793115615845
7,3,6,11,-9,9,0,0.533826589584351,-1,1,1,-1,0.234228849411011
7,3,6,12,-27,27,0,0.583797693252563,-1,-1,1,-1,0.283826589584351
7,3,6,13,-9,9,1,0.483793497085571,-1,-1,-1,-1,0.333797693252563
7,3,6,14,-9,9,0,0.517135381698608,-1,1,-1,-1,0.233793497085571
7,3,6,15,-27,27,0,0.600461959838867,-1,-1,1,-1,0.267135381698608
7,3,6,16,3,3,1,0.567585945129395,-1,-1,-1,-1,0.350461959838867
7,3,6,17,-9,9,0,0.450481176376343,1,1,-1,-1,0.317585945129395
7,3,6,18,-9,9,0,0.433792114257812,-1,-1,1,1,0.200481176376343
7,3,6,19,-3,3,0,0.433786392211914,-1,-1,-1,-1,0.183792114257812
7,3,6,20,-27,27,0,0.467596054077148,-1,-1,-1,-1,0.183786392211914
7,3,6,21,9,9,0,0.617130994796753,-1,-1,-1,-1,0.217596054077148
7,3,6,22,27,27,1,0.433834791183472,1,-1,-1,-1,0.367130994796753
7,3,6,23,-27,27,0,0.58424711227417,1,1,-1,1,0.183834791183472
7,3,6,24,0,0,1,0.600457668304443,-1,-1,1,1,0.33424711227417
7,3,6,25,9,9,0,0.533835887908936,1,1,-1,-1,0.350457668304443
7,3,6,26,0,0,1,0.717601299285889,1,-1,1,1,0.283835887908936
7,3,6,27,9,9,1,0.567168235778809,1,1,-1,1,0.467601299285889
7,3,6,28,3,3,1,0.400461912155151,1,1,1,1,0.317168235778809
7,3,6,29,27,27,1,0.517123937606812,1,1,1,1,0.150461912155151
7,3,6,30,-3,3,1,0.517157077789307,1,1,1,1,0.267123937606812
7,3,6,31,9,9,1,0.484249830245972,-1,1,1,1,0.267157077789307
7,3,6,32,81,81,1,0.600508689880371,1,1,1,-1,0.234249830245972
7,3,6,33,0,0,1,0.783780336380005,1,1,1,1,0.350508689880371
7,3,6,34,-81,81,0,0.600916862487793,1,1,1,1,0.533780336380005
7,3,6,35,27,27,1,0.500478029251099,-1,-1,1,1,0.350916862487793
7,3,6,36,-27,27,0,0.418470859527588,1,1,-1,-1,0.250478029251099
7,3,6,37,27,27,1,0.367574214935303,-1,-1,1,1,0.168470859527588
7,3,6,38,9,9,1,0.667123317718506,1,1,-1,-1,0.117574214935303
7,3,6,39,-0,0,0,0.783781290054321,1,1,1,1,0.417123317718506
7,3,6,40,81,81,1,0.600957870483398,-1,-1,1,1,0.533781290054321
7,3,6,41,-27,27,0,0.483810901641846,1,1,-1,-1,0.350957870483398
7,3,6,42,3,3,1,0.567597150802612,-1,-1,1,1,0.233810901641846
7,3,6,43,-3,3,1,0.5337975025177,1,1,-1,-1,0.317597150802612
7,3,6,44,-27,27,0,0.467191934585571,-1,1,1,1,0.2837975025177
7,3,6,45,81,81,1,0.50052547454834,-1,-1,1,-1,0.217191934585571
7,3,6,46,3,3,1,0.383796215057373,1,1,-1,-1,0.25052547454834
7,3,6,47,-81,81,0,0.684221982955933,1,1,1,1,0.133796215057373
7,3,6,48,-27,27,0,0.300486087799072,-1,-1,1,1,0.434221982955933
7,3,6,49,0,0,1,0.367133140563965,-1,-1,-1,-1,0.0504860877990723
7,3,6,50,-9,9,0,0.51715612411499,1,1,-1,-1,0.117133140563965
7,3,6,54,81,81,1,0.534247398376465,1,1,1,-1,0.651811838150024
7,3,6,55,-9,9,1,0.767741918563843,1,1,1,1,0.284247398376465
7,3,6,56,-0,0,1,0.917613983154297,-1,1,1,1,0.517741918563843
7,3,6,57,-81,81,0,0.583834171295166,-1,1,1,-1,0.667613983154297
7,3,6,58,81,81,1,0.617111444473267,-1,-1,1,-1,0.333834171295166
7,3,6,59,27,27,1,1.0670964717865,1,1,-1,-1,0.367111444473267
7,3,6,60,3,3,1,0.850906133651733,1,1,1,1,0.817096471786499
7,3,6,61,27,27,1,0.617134094238281,1,1,1,1,0.600906133651733
7,3,6,62,81,81,1,0.434264421463013,1,1,1,1,0.367134094238281
7,3,6,63,81,81,1,0.567134141921997,1,1,1,1,0.184264421463013
7,3,6,64,-9,9,0,0.500881671905518,1,1,1,1,0.317134141921997
7,3,6,65,81,81,1,0.317561149597168,-1,-1,1,1,0.250881671905518
7,3,6,66,-0,0,1,0.517584323883057,1,1,-1,-1,0.067561149597168
7,3,6,67,3,3,0,0.300935983657837,-1,1,1,1,0.267584323883057
7,3,6,68,-9,9,0,0.500883340835571,1,-1,1,-1,0.0509359836578369
7,3,6,69,27,27,1,0.350466251373291,-1,-1,-1,1,0.250883340835571
7,3,6,70,-27,27,0,0.350479125976562,1,1,-1,-1,0.100466251373291
7,3,6,71,-81,81,0,0.450462341308594,-1,-1,1,1,0.100479125976562
7,3,6,72,81,81,1,0.367148160934448,-1,-1,-1,-1,0.200462341308594
7,3,6,73,-9,9,0,0.817579746246338,1,1,-1,-1,0.117148160934448
7,3,6,74,-9,9,1,0.517590284347534,-1,-1,1,1,0.567579746246338
7,3,6,75,81,81,1,0.417875289916992,-1,1,-1,-1,0.267590284347534
7,3,6,76,3,3,1,0.533806085586548,1,1,1,-1,0.167875289916992
7,3,6,77,3,3,1,0.567131280899048,1,1,1,1,0.283806085586548
7,3,6,78,3,3,1,0.517589092254639,1,1,1,1,0.317131280899048
7,3,6,79,-0,0,1,0.483798503875732,1,1,1,1,0.267589092254639
7,3,6,80,-81,81,0,0.367599964141846,-1,1,1,1,0.233798503875732
7,3,6,81,27,27,1,0.283932209014893,-1,-1,1,-1,0.117599964141846
7,3,6,82,-81,81,0,0.267136096954346,1,1,-1,-1,0.0339322090148926
7,3,6,83,-3,3,0,0.467132329940796,-1,-1,1,1,0.0171360969543457
7,3,6,84,27,27,1,0.351131439208984,-1,-1,-1,-1,0.217132329940796
7,3,6,85,81,81,1,0.367145299911499,1,1,-1,-1,0.101131439208984
7,3,6,86,-3,3,1,0.483827114105225,1,1,1,1,0.117145299911499
7,3,6,87,3,3,0,0.600457191467285,-1,1,1,1,0.233827114105225
7,3,6,88,3,3,1,0.500479936599731,1,-1,1,-1,0.350457191467285
7,3,6,89,0,0,1,0.467173337936401,1,1,-1,1,0.250479936599731
7,3,6,90,-27,27,0,0.500909328460693,1,1,1,1,0.217173337936401
7,3,6,91,-27,27,0,0.48381519317627,-1,-1,1,1,0.250909328460693
7,3,6,92,-27,27,0,0.500472068786621,-1,-1,-1,-1,0.23381519317627
7,3,6,93,-3,3,0,0.41765570640564,-1,-1,-1,-1,0.250472068786621
7,3,6,94,81,81,1,0.433804988861084,-1,-1,-1,-1,0.16765570640564
7,3,6,95,3,3,1,0.750916004180908,1,1,-1,-1,0.183804988861084
7,3,6,96,3,3,1,0.567137002944946,1,1,1,1,0.500916004180908
7,3,6,97,-81,81,0,0.483830213546753,1,1,1,1,0.317137002944946
7,3,6,98,-27,27,0,0.350479125976562,-1,-1,1,1,0.233830213546753
7,3,6,99,-0,0,0,0.90045690536499,-1,-1,-1,-1,0.100479125976562
8,1,1,2,-81,81,0,0.500455379486084,1,-1,-1,1,0.717866182327271
8,1,1,3,81,81,1,0.70048713684082,-1,-1,-1,1,0.250455379486084
8,1,1,4,9,9,1,0.817556381225586,1,1,-1,-1,0.45048713684082
8,1,1,5,-9,9,1,0.93426251411438,1,1,1,1,0.567556381225586
8,1,1,6,-81,81,0,0.534300327301025,-1,1,1,1,0.68426251411438
8,1,1,7,-81,81,0,0.667164325714111,-1,-1,1,-1,0.284300327301025
8,1,1,8,27,27,1,0.950965881347656,-1,-1,-1,-1,0.417164325714111
8,1,1,9,-3,3,1,1.08420872688293,1,1,-1,-1,0.700965881347656
8,1,1,10,81,81,1,0.767606496810913,-1,1,1,1,0.834208726882935
8,1,1,11,27,27,1,0.884292602539062,1,1,1,-1,0.517606496810913
8,1,1,12,3,3,0,0.934257507324219,1,1,1,1,0.634292602539062
8,1,1,13,3,3,1,1.00102686882019,1,-1,1,1,0.684257507324219
8,1,1,14,27,27,1,0.750457048416138,1,1,-1,1,0.75102686882019
8,1,1,15,3,3,0,0.784262657165527,1,1,1,1,0.500457048416138
8,1,1,16,-9,9,0,1.16710257530212,1,-1,1,1,0.534262657165527
8,1,1,17,-9,9,1,1.03425765037537,-1,-1,-1,1,0.917102575302124
8,1,1,18,9,9,1,1.16766738891602,-1,1,-1,-1,0.784257650375366
8,1,1,19,3,3,1,0.867645025253296,1,1,1,-1,0.917667388916016
8,1,1,20,3,3,1,0.867166519165039,1,1,1,1,0.617645025253296
8,1,1,21,-9,9,1,1.00048232078552,1,1,1,1,0.617166519165039
8,1,1,22,-0,0,0,0.91711950302124,-1,1,1,1,0.750482320785522
8,1,1,23,27,27,1,0.817642688751221,-1,-1,1,-1,0.66711950302124
8,1,1,24,27,27,1,0.750480890274048,1,1,-1,-1,0.567642688751221
8,1,1,25,81,81,1,0.650933980941772,1,1,1,1,0.500480890274048
8,1,1,26,-27,27,1,0.917600154876709,1,1,1,1,0.400933980941772
8,1,1,27,-81,81,0,0.634263515472412,-1,1,1,1,0.667600154876709
8,1,1,28,-27,27,0,1.00087714195251,-1,-1,1,-1,0.384263515472412
8,1,1,29,-3,3,0,1.08425521850586,-1,-1,-1,-1,0.750877141952515
8,1,1,30,9,9,0,1.33375859260559,-1,-1,-1,-1,0.834255218505859
8,1,1,31,3,3,1,0.767175436019897,1,-1,-1,-1,1.08375859260559
8,1,1,32,27,27,1,0.833796739578247,1,1,-1,1,0.517175436019897
8,1,1,33,-0,0,1,0.833768367767334,1,1,1,1,0.583796739578247
8,1,1,34,-3,3,1,1.11719059944153,-1,1,1,1,0.583768367767334
8,1,1,35,81,81,1,0.700886487960815,-1,1,1,-1,0.867190599441528
8,1,1,36,-3,3,1,0.850430250167847,1,1,1,-1,0.450886487960815
8,1,1,37,3,3,0,0.717568397521973,-1,1,1,1,0.600430250167847
8,1,1,38,-27,27,0,1.03424835205078,1,-1,1,-1,0.467568397521973
8,1,1,39,-81,81,0,0.633817434310913,-1,-1,-1,1,0.784248352050781
8,1,1,40,-3,3,0,0.934269666671753,-1,-1,-1,-1,0.383817434310913
8,1,1,41,-3,3,0,0.56720757484436,-1,-1,-1,-1,0.684269666671753
8,1,1,42,81,81,1,0.633787393569946,-1,-1,-1,-1,0.31720757484436
8,1,1,43,27,27,1,0.800884246826172,1,1,-1,-1,0.383787393569946
8,1,1,44,-0,0,1,1.11753225326538,1,1,1,1,0.550884246826172
8,1,1,45,-81,81,0,0.650929927825928,-1,1,1,1,0.867532253265381
8,1,1,46,27,27,0,0.850486278533936,-1,-1,1,-1,0.400929927825928
8,1,1,47,-81,81,0,0.684278011322021,1,-1,-1,-1,0.600486278533936
8,1,1,48,81,81,1,0.633816719055176,-1,-1,-1,1,0.434278011322021
8,1,1,49,27,27,1,1.20047616958618,1,1,-1,-1,0.383816719055176
8,1,1,50,9,9,0,0.634225606918335,1,1,1,1,0.950476169586182
8,1,1,51,27,27,1,0.917594909667969,1,-1,1,1,0.384225606918335
8,1,1,52,3,3,1,0.967836141586304,1,1,-1,1,0.667594909667969
8,1,1,53,9,9,1,1.21713089942932,1,1,1,1,0.717836141586304
8,1,1,54,-81,81,0,0.650476455688477,1,1,1,1,0.967130899429321
8,1,1,55,-3,3,1,1.08379983901978,-1,-1,1,1,0.400476455688477
8,1,1,56,-81,81,0,0.267662525177002,-1,1,-1,-1,0.833799839019775
8,1,1,57,9,9,1,1.03456544876099,-1,-1,1,-1,0.017662525177002
8,1,1,58,-9,9,0,0.767616510391235,1,1,-1,-1,0.784565448760986
8,1,1,59,-3,3,1,0.467114686965942,-1,-1,1,1,0.517616510391235
8,1,1,60,-0,0,0,1.30043244361877,-1,1,-1,-1,0.217114686965942
8,1,1,61,-0,0,0,0.867199897766113,-1,-1,1,-1,1.05043244361877
8,1,1,62,-3,3,0,0.983878612518311,-1,-1,-1,-1,0.617199897766113
8,1,1,63,3,3,0,1.20042085647583,-1,-1,-1,-1,0.733878612518311
8,1,1,64,0,0,1,1.10046982765198,1,-1,-1,-1,0.95042085647583
8,1,1,65,-81,81,0,0.717156410217285,1,1,-1,1,0.850469827651978
8,1,1,66,-9,9,1,1.01757073402405,-1,-1,1,1,0.467156410217285
8,1,1,67,-27,27,0,0.634278535842896,-1,1,-1,-1,0.767570734024048
8,1,1,68,-81,81,0,0.700490951538086,-1,-1,1,-1,0.384278535842896
8,1,1,69,81,81,0,0.350892066955566,-1,-1,-1,-1,0.450490951538086
8,1,1,70,-81,81,0,0.600919485092163,1,-1,-1,-1,0.100892066955566
8,1,1,74,-9,9,1,0.700491666793823,1,1,-1,-1,0.517150640487671
8,1,1,75,9,9,1,0.833812952041626,-1,1,1,1,0.450491666793823
8,1,1,76,-0,0,0,1.26714444160461,1,1,1,-1,0.583812952041626
8,1,1,77,27,27,1,0.767148494720459,-1,-1,1,1,1.01714444160461
8,1,1,78,3,3,1,1.13376641273499,1,1,-1,-1,0.517148494720459
8,1,1,79,0,0,1,1.1179735660553,1,1,1,1,0.883766412734985
8,1,1,80,9,9,1,1.26709485054016,1,1,1,1,0.867973566055298
8,1,1,81,0,0,1,1.20086193084717,1,1,1,1,1.01709485054016
8,1,1,82,-9,9,1,1.30057048797607,1,1,1,1,0.950861930847168
8,1,1,86,-81,81,0,0.984275579452515,-1,1,1,1,0.66759729385376
8,1,1,87,9,9,1,0.883804321289062,-1,-1,1,-1,0.734275579452515
8,1,1,88,-3,3,1,1.16718792915344,1,1,-1,-1,0.633804321289062
8,1,1,89,-27,27,0,0.684263706207275,-1,1,1,1,0.917187929153442
8,1,1,90,-9,9,1,0.88383960723877,-1,-1,1,-1,0.434263706207275
8,1,1,91,27,27,1,1.28378963470459,-1,1,-1,-1,0.63383960723877
8,1,1,92,27,27,1,0.717613935470581,1,1,1,-1,1.03378963470459
8,1,1,93,0,0,1,0.934281587600708,1,1,1,1,0.467613935470581
8,1,1,94,9,9,1,0.983809471130371,1,1,1,1,0.684281587600708
8,1,1,95,3,3,0,1.28425216674805,1,1,1,1,0.733809471130371
8,1,1,96,81,81,1,0.751464605331421,1,-1,1,1,1.03425216674805
8,1,1,97,9,9,1,0.600482940673828,1,1,-1,1,0.501464605331421
8,1,1,98,-9,9,1,0.817157030105591,1,1,1,1,0.350482940673828
8,1,1,99,0,0,0,0.967843770980835,-1,1,1,1,0.567157030105591
8,1,2,2,-3,3,0,1.36753153800964,1,-1,-1,-1,0.951153993606567
8,1,2,3,-27,27,0,0.983763217926025,-1,-1,-1,1,1.11753153800964
8,1,2,7,-9,9,1,1.3009295463562,1,1,-1,-1,0.38382363319397
8,1,2,8,0,0,1,1.28376770019531,-1,1,1,1,1.0509295463562
8,1,2,9,3,3,1,1.05047845840454,1,1,1,-1,1.03376770019531
8,1,2,10,-81,81,0,0.634260892868042,1,1,1,1,0.800478458404541
8,1,2,11,9,9,1,1.1009304523468,-1,-1,1,1,0.384260892868042
8,1,2,12,-3,3,1,0.667155504226685,1,1,-1,-1,0.850930452346802
8,1,2,13,3,3,0,1.20091986656189,-1,1,1,1,0.417155504226685
8,1,2,14,-27,27,0,0.800956964492798,1,-1,1,-1,0.95091986656189
8,1,2,15,-81,81,0,0.700492858886719,-1,-1,-1,1,0.550956964492798
8,1,2,16,-3,3,0,0.833806991577148,-1,-1,-1,-1,0.450492858886719
8,1,2,17,81,81,1,0.634226083755493,-1,-1,-1,-1,0.583806991577148
8,1,2,18,-3,3,0,1.21710658073425,1,1,-1,-1,0.384226083755493
8,1,2,19,81,81,1,0.934230804443359,-1,-1,1,1,0.967106580734253
8,1,2,20,-9,9,1,0.733810663223267,1,1,-1,-1,0.684230804443359
8,1,2,21,81,81,1,0.684272050857544,-1,1,1,1,0.483810663223267
8,1,2,22,-81,81,0,0.534584760665894,1,1,1,-1,0.434272050857544
8,1,2,23,81,81,1,0.950483083724976,-1,-1,1,1,0.284584760665894
8,1,2,24,-0,0,0,0.750916719436646,1,1,-1,-1,0.700483083724976
8,1,2,31,-9,9,1,1.03425908088684,1,-1,1,-1,0.734429121017456
8,1,2,32,-81,81,0,0.717554330825806,-1,1,-1,1,0.784259080886841
8,1,2,33,0,0,0,0.900477170944214,-1,-1,1,-1,0.467554330825806
8,1,2,37,-27,27,0,0.417160034179688,1,1,1,1,0.933777332305908
8,1,2,38,27,27,0,1.48376703262329,-1,-1,1,1,0.167160034179688
8,1,2,42,3,3,1,0.817147970199585,-1,-1,1,1,0.48381495475769
8,1,2,43,-9,9,1,1.38379693031311,1,1,-1,-1,0.567147970199585
8,1,2,44,-3,3,0,0.850455522537231,-1,1,1,1,1.13379693031311
8,1,2,45,9,9,1,0.883780717849731,-1,-1,1,-1,0.600455522537231
8,1,2,46,81,81,1,0.517152786254883,1,1,-1,-1,0.633780717849731
8,1,2,47,9,9,0,1.43377661705017,1,1,1,1,0.267152786254883
8,1,2,48,-3,3,0,1.40089416503906,1,-1,1,1,1.18377661705017
8,1,2,49,9,9,1,1.41755509376526,-1,-1,-1,1,1.15089416503906
8,1,2,50,-3,3,1,0.883765935897827,1,1,-1,-1,1.16755509376526
8,1,2,51,-81,81,1,0.533807039260864,-1,1,1,1,0.633765935897827
8,1,2,52,-81,81,0,0.617605924606323,-1,1,1,-1,0.283807039260864
8,1,2,53,27,27,1,0.700945138931274,-1,-1,1,-1,0.367605924606323
8,1,2,60,-0,0,1,0.883803844451904,1,1,-1,-1,0.867101192474365
8,1,2,61,27,27,0,1.30092215538025,-1,1,1,1,0.633803844451904
8,1,2,62,-3,3,1,0.93424916267395,1,-1,1,-1,1.05092215538025
8,1,2,63,-0,0,0,0.883806943893433,-1,1,-1,1,0.68424916267395
8,1,2,64,-81,81,0,0.517664670944214,-1,-1,1,-1,0.633806943893433
8,1,2,65,3,3,1,0.584261894226074,-1,-1,-1,-1,0.267664670944214
8,1,2,70,27,27,1,1.21713614463806,-1,1,1,1,0.351406574249268
8,1,2,71,-27,27,0,0.750489950180054,1,1,1,-1,0.967136144638062
8,1,2,72,3,3,1,0.383802175521851,-1,-1,1,1,0.500489950180054
8,1,2,73,-0,0,1,0.717156648635864,1,1,-1,-1,0.133802175521851
8,1,2,74,9,9,0,0.483851432800293,-1,1,1,1,0.467156648635864
8,1,2,84,-3,3,1,0.717610597610474,1,1,1,1,0.400929689407349
8,1,2,90,-81,81,0,0.650486707687378,1,1,1,1,0.750476598739624
8,1,2,91,81,81,1,1.40043663978577,-1,-1,1,1,0.400486707687378
8,1,2,92,-81,81,0,0.817146778106689,1,1,-1,-1,1.15043663978577
8,1,2,96,81,81,1,0.650441408157349,-1,1,1,1,0.467151641845703
8,1,3,2,3,3,1,1.03379988670349,-1,-1,-1,1,1.13447546958923
8,1,3,3,27,27,1,0.783827543258667,1,1,-1,-1,0.783799886703491
8,1,3,4,9,9,1,0.933795213699341,1,1,1,1,0.533827543258667
8,1,3,5,-9,9,1,1.05048179626465,1,1,1,1,0.683795213699341
8,1,3,6,-9,9,1,1.26839566230774,-1,1,1,1,0.800481796264648
8,1,3,7,81,81,1,0.650906801223755,-1,1,1,-1,1.01839566230774
8,1,3,8,0,0,0,1.15050649642944,1,1,1,-1,0.400906801223755
8,1,3,9,-27,27,0,0.71760892868042,1,-1,1,1,0.900506496429443
8,1,3,10,27,27,1,0.584255933761597,-1,-1,-1,1,0.46760892868042
8,1,3,11,3,3,0,1.03379988670349,1,1,-1,-1,0.334255933761597
8,1,3,12,-27,27,1,1.06714081764221,1,-1,1,1,0.783799886703491
8,1,3,13,0,0,0,0.833818674087524,-1,1,-1,1,0.817140817642212
8,1,3,14,3,3,0,0.934236764907837,1,-1,1,-1,0.583818674087524
8,1,3,15,-3,3,1,0.917149305343628,1,-1,-1,1,0.684236764907837
8,1,3,16,-3,3,1,0.817614793777466,-1,1,-1,1,0.667149305343628
8,1,3,17,27,27,1,1.18376517295837,-1,1,1,-1,0.567614793777466
8,1,3,18,0,0,1,0.950905084609985,1,1,1,-1,0.933765172958374
8,1,3,19,3,3,0,0.667159080505371,1,1,1,1,0.700905084609985
8,1,3,20,9,9,0,1.30094337463379,1,-1,1,1,0.417159080505371
8,1,3,21,-27,27,0,0.884212017059326,1,-1,-1,1,1.05094337463379
8,1,3,22,0,0,0,0.867581844329834,-1,-1,-1,1,0.634212017059326
8,1,3,23,3,3,1,1.05091500282288,1,-1,-1,-1,0.617581844329834
8,1,3,24,-9,9,0,0.917572975158691,1,1,-1,1,0.800915002822876
8,1,3,25,-81,81,0,0.817579030990601,-1,-1,1,1,0.667572975158691
8,1,3,26,3,3,0,0.850882053375244,-1,-1,-1,-1,0.567579030990601
8,1,3,27,27,27,1,0.767128944396973,1,-1,-1,-1,0.600882053375244
8,1,3,28,-27,27,1,0.667584896087646,1,1,-1,1,0.517128944396973
8,1,3,29,27,27,0,1.15046501159668,-1,1,1,1,0.417584896087646
8,1,3,30,9,9,0,1.05047392845154,1,-1,1,-1,0.90046501159668
8,1,3,31,9,9,1,1.03380274772644,1,-1,-1,1,0.800473928451538
8,1,3,32,81,81,1,0.900448322296143,1,1,-1,1,0.78380274772644
8,1,3,33,3,3,1,1.28376078605652,1,1,1,1,0.650448322296143
8,1,3,34,-3,3,0,0.800477027893066,1,1,1,1,1.03376078605652
8,1,3,35,3,3,1,1.0504629611969,-1,-1,1,1,0.550477027893066
8,1,3,36,-27,27,1,0.933765411376953,1,1,-1,-1,0.800462961196899
8,1,3,37,-81,81,0,0.651165008544922,-1,1,1,1,0.683765411376953
8,1,3,38,-27,27,1,0.767150163650513,-1,-1,1,-1,0.401165008544922
8,1,3,39,3,3,1,1.20043396949768,-1,1,-1,-1,0.517150163650513
8,1,3,40,-3,3,0,0.934220314025879,1,1,1,-1,0.950433969497681
8,1,3,41,0,0,1,1.10043716430664,-1,-1,1,1,0.684220314025879
8,1,3,42,9,9,1,0.684247970581055,1,1,-1,-1,0.850437164306641
8,1,3,43,81,81,1,1.00048208236694,1,1,1,1,0.434247970581055
8,1,3,44,3,3,0,1.23376202583313,1,1,1,1,0.750482082366943
8,1,3,45,9,9,1,1.00046372413635,1,-1,1,1,0.98376202583313
8,1,3,46,0,0,0,1.25049114227295,1,1,-1,1,0.750463724136353
8,1,3,47,27,27,1,0.984262943267822,1,-1,1,1,1.00049114227295
8,1,3,48,-27,27,1,0.950932741165161,1,1,-1,1,0.734262943267822
8,1,3,49,-3,3,0,1.35089254379272,-1,1,1,1,0.700932741165161
8,1,3,50,3,3,1,0.917115449905396,-1,-1,1,-1,1.10089254379272
8,1,3,51,-3,3,1,0.717120885848999,1,1,-1,-1,0.667115449905396
8,1,3,52,-81,81,0,0.717555046081543,-1,1,1,1,0.467120885848999
8,1,3,53,-81,81,0,0.583821058273315,-1,-1,1,-1,0.467555046081543
8,1,3,54,27,27,1,0.700466156005859,-1,-1,-1,-1,0.333821058273315
8,1,3,55,27,27,1,0.600454092025757,1,1,-1,-1,0.450466156005859
8,1,3,56,-81,81,0,0.583819627761841,1,1,1,1,0.350454092025757
8,1,3,57,81,81,1,1.25042986869812,-1,-1,1,1,0.333819627761841
8,1,3,58,-3,3,0,0.717551231384277,1,1,-1,-1,1.00042986869812
8,1,3,59,-3,3,0,0.683793544769287,-1,-1,1,1,0.467551231384277
8,1,3,60,-9,9,1,0.950446128845215,-1,-1,-1,-1,0.433793544769287
8,1,3,61,-9,9,1,0.833825826644897,-1,1,-1,-1,0.700446128845215
8,1,3,62,-27,27,0,0.651205062866211,-1,1,1,-1,0.583825826644897
8,1,3,63,-81,81,0,0.717150926589966,-1,-1,1,-1,0.401205062866211
8,1,3,64,-3,3,1,0.883820056915283,-1,-1,-1,-1,0.467150926589966
8,1,3,65,9,9,0,0.684245824813843,-1,1,-1,-1,0.633820056915283
8,1,3,66,81,81,1,0.850518465042114,1,-1,1,-1,0.434245824813843
8,1,3,67,0,0,0,1.28425312042236,1,1,-1,1,0.600518465042114
8,1,3,68,-9,9,1,1.13380551338196,1,-1,1,1,1.03425312042236
8,1,3,69,81,81,1,1.06756472587585,-1,1,-1,1,0.883805513381958
8,1,3,70,9,9,0,0.650874376296997,1,1,1,-1,0.817564725875854
8,1,3,71,81,81,1,0.733821392059326,1,-1,1,1,0.400874376296997
8,1,3,72,3,3,1,0.650457143783569,1,1,-1,1,0.483821392059326
8,1,3,73,9,9,1,0.950439691543579,1,1,1,1,0.400457143783569
8,1,3,74,9,9,0,0.517167091369629,1,1,1,1,0.700439691543579
8,1,3,75,0,0,1,1.3008930683136,1,-1,1,1,0.267167091369629
8,1,3,76,-81,81,0,0.717154979705811,1,1,-1,1,1.0508930683136
8,1,3,77,27,27,1,0.417161703109741,-1,-1,1,1,0.467154979705811
8,1,3,78,-81,81,0,0.650887250900269,1,1,-1,-1,0.167161703109741
8,1,3,87,-27,27,0,0.617561101913452,1,1,-1,-1,0.350932836532593
8,1,3,88,-3,3,1,0.283849000930786,-1,-1,1,1,0.367561101913452
8,1,3,89,-81,81,0,0.717140913009644,-1,1,-1,-1,0.0338490009307861
8,1,3,90,27,27,1,1.23376083374023,-1,-1,1,-1,0.467140913009644
8,1,3,94,81,81,1,0.850473880767822,1,-1,-1,1,1.11712241172791
8,1,3,95,-27,27,0,1.10091996192932,1,1,-1,1,0.600473880767822
8,1,3,96,9,9,1,1.10043358802795,-1,-1,1,1,0.850919961929321
8,1,3,97,-9,9,0,1.01712918281555,1,1,-1,-1,0.850433588027954
8,1,3,98,27,27,1,0.667147159576416,-1,-1,1,1,0.767129182815552
8,1,3,99,9,9,0,1.23377156257629,1,1,-1,-1,0.417147159576416
8,1,4,2,-27,27,0,0.600455760955811,-1,-1,-1,-1,0.984028339385986
8,1,4,3,-3,3,0,1.00048041343689,-1,-1,-1,-1,0.350455760955811
8,1,4,4,-81,81,0,0.584533929824829,-1,-1,-1,-1,0.75048041343689
8,1,4,5,-9,9,1,1.08379817008972,-1,-1,-1,-1,0.334533929824829
8,1,4,6,81,81,1,0.634695768356323,-1,1,-1,-1,0.833798170089722
8,1,4,7,3,3,1,1.11714053153992,1,1,1,-1,0.384695768356323
8,1,4,8,27,27,1,0.633901357650757,1,1,1,1,0.867140531539917
8,1,4,9,0,0,0,1.03380370140076,1,1,1,1,0.383901357650757
8,1,4,10,9,9,1,1.06759643554688,1,-1,1,1,0.783803701400757
8,1,4,11,3,3,1,0.734272480010986,1,1,-1,1,0.817596435546875
8,1,4,12,3,3,0,1.41711664199829,1,1,1,1,0.484272480010986
8,1,4,13,27,27,1,0.700508594512939,1,-1,1,1,1.16711664199829
8,1,4,14,27,27,1,1.21758794784546,1,1,-1,1,0.450508594512939
8,1,4,15,27,27,1,0.900474071502686,1,1,1,1,0.967587947845459
8,1,4,16,-81,81,0,0.683821678161621,1,1,1,1,0.650474071502686
8,1,4,17,-27,27,0,0.650486946105957,-1,-1,1,1,0.433821678161621
8,1,4,18,-3,3,1,0.967163324356079,-1,-1,-1,-1,0.400486946105957
8,1,4,19,-81,81,0,0.450970649719238,-1,1,-1,-1,0.717163324356079
8,1,4,20,-3,3,0,0.950872898101807,-1,-1,1,-1,0.200970649719238
8,1,4,21,-9,9,1,0.733817577362061,-1,-1,-1,-1,0.700872898101807
8,1,4,22,-27,27,0,0.634254455566406,-1,1,-1,-1,0.483817577362061
8,1,4,23,-27,27,1,1.00092101097107,-1,-1,1,-1,0.384254455566406
8,1,4,24,-3,3,1,0.76758074760437,-1,1,-1,-1,0.750921010971069
8,1,4,25,-27,27,0,0.717612504959106,-1,1,1,-1,0.51758074760437
8,1,4,26,-27,27,0,0.600464105606079,-1,-1,1,-1,0.467612504959106
8,1,4,27,27,27,1,1.06759190559387,-1,-1,-1,-1,0.350464105606079
8,1,4,28,9,9,1,1.21712779998779,1,1,-1,-1,0.817591905593872
8,1,4,29,3,3,1,1.00043702125549,1,1,1,1,0.967127799987793
8,1,4,30,9,9,1,0.68382740020752,1,1,1,1,0.750437021255493
8,1,4,31,9,9,1,0.767646551132202,1,1,1,1,0.43382740020752
8,1,4,32,-9,9,0,0.917129755020142,1,1,1,1,0.517646551132202
8,1,4,33,-9,9,0,0.717192411422729,-1,-1,1,1,0.667129755020142
8,1,4,34,-0,0,1,0.834257364273071,-1,-1,-1,-1,0.467192411422729
8,1,4,35,-0,0,1,0.867135286331177,-1,1,-1,-1,0.584257364273071
8,1,4,36,-9,9,0,0.634245872497559,-1,1,1,-1,0.617135286331177
8,1,4,37,81,81,1,0.717584848403931,-1,-1,1,-1,0.384245872497559
8,1,4,38,81,81,1,0.683848857879639,1,1,-1,-1,0.467584848403931
8,1,4,39,0,0,0,0.650493621826172,1,1,1,1,0.433848857879639
8,1,4,40,27,27,1,0.667119979858398,1,-1,1,1,0.400493621826172
8,1,4,41,27,27,1,0.700466871261597,1,1,-1,1,0.417119979858398
8,1,4,42,9,9,1,0.567557096481323,1,1,1,1,0.450466871261597
8,1,4,43,-27,27,0,0.98380970954895,1,1,1,1,0.317557096481323
8,1,4,44,-81,81,0,0.617131233215332,-1,-1,1,1,0.73380970954895
8,1,4,45,-81,81,0,0.667587995529175,-1,-1,-1,-1,0.367131233215332
8,1,4,46,-3,3,1,0.733779668807983,-1,-1,-1,-1,0.417587995529175
8,1,4,47,-9,9,0,1.01758646965027,-1,1,-1,-1,0.483779668807983
8,1,4,48,-81,81,0,0.667116165161133,-1,-1,1,-1,0.767586469650269
8,1,4,49,-81,81,0,0.650452136993408,-1,-1,-1,-1,0.417116165161133
8,1,4,50,-27,27,0,0.901202917098999,-1,-1,-1,-1,0.400452136993408
8,1,4,51,-0,0,1,1.00047087669373,-1,-1,-1,-1,0.651202917098999
8,1,4,52,-81,81,0,0.683809757232666,-1,1,-1,-1,0.750470876693726
8,1,4,53,-0,0,1,0.817137718200684,-1,-1,1,-1,0.433809757232666
8,1,4,54,81,81,1,0.71716046333313,-1,1,-1,-1,0.567137718200684
8,1,4,55,-81,81,0,0.601194143295288,1,1,1,-1,0.46716046333313
8,1,4,56,-9,9,0,1.0171365737915,-1,-1,1,1,0.351194143295288
8,1,4,57,3,3,1,0.75090503692627,-1,-1,-1,-1,0.767136573791504
8,1,4,58,-0,0,1,0.650952100753784,1,1,-1,-1,0.50090503692627
8,1,4,59,-9,9,0,0.667577028274536,-1,1,1,1,0.400952100753784
8,1,4,60,-9,9,0,1.16713786125183,-1,-1,1,-1,0.417577028274536
8,1,4,61,-9,9,1,1.16710472106934,-1,-1,-1,-1,0.917137861251831
8,1,4,62,-9,9,0,0.683820486068726,-1,1,-1,-1,0.917104721069336
8,1,4,63,-3,3,1,0.900903701782227,-1,-1,1,-1,0.433820486068726
8,1,4,64,-9,9,1,1.3675639629364,-1,1,-1,-1,0.650903701782227
8,1,4,65,-0,0,0,0.83421802520752,-1,1,1,-1,1.1175639629364
8,1,4,66,3,3,0,0.917113304138184,-1,-1,1,-1,0.58421802520752
8,1,4,67,81,81,1,0.717155456542969,1,-1,-1,-1,0.667113304138184
8,1,4,68,0,0,1,0.833811044692993,1,1,-1,1,0.467155456542969
8,1,4,69,3,3,1,1.28379273414612,1,1,1,1,0.583811044692993
8,1,4,70,0,0,0,1.05047512054443,1,1,1,1,1.03379273414612
8,1,4,71,3,3,0,0.817608118057251,1,-1,1,1,0.800475120544434
8,1,4,72,81,81,1,0.65091347694397,1,-1,-1,1,0.567608118057251
8,1,4,73,3,3,1,0.833812475204468,1,1,-1,1,0.40091347694397
8,1,4,74,81,81,1,0.667147874832153,1,1,1,1,0.583812475204468
8,1,4,75,-27,27,0,0.817153930664062,1,1,1,1,0.417147874832153
8,1,4,76,-9,9,0,0.517560243606567,-1,-1,1,1,0.567153930664062
8,1,4,77,-3,3,1,1.10043692588806,-1,-1,-1,-1,0.267560243606567
8,1,4,78,-3,3,1,0.767128229141235,-1,1,-1,-1,0.850436925888062
8,1,4,79,-27,27,0,0.484273910522461,-1,1,1,-1,0.517128229141235
8,1,4,80,-27,27,0,0.933780908584595,-1,-1,1,-1,0.234273910522461
8,1,4,81,-27,27,0,0.867110252380371,-1,-1,-1,-1,0.683780908584595
8,1,4,82,-27,27,0,0.617584705352783,-1,-1,-1,-1,0.617110252380371
8,1,4,83,-81,81,0,0.550626277923584,-1,-1,-1,-1,0.367584705352783
8,1,4,84,-3,3,1,0.683824062347412,-1,-1,-1,-1,0.300626277923584
8,1,4,85,-81,81,0,0.68381404876709,-1,1,-1,-1,0.433824062347412
8,1,4,86,-81,81,0,0.567585706710815,-1,-1,1,-1,0.43381404876709
8,1,4,87,-81,81,0,0.634208679199219,-1,-1,-1,-1,0.317585706710815
8,1,4,88,-9,9,1,1.28379964828491,-1,-1,-1,-1,0.384208679199219
8,1,4,89,-3,3,1,1.06714296340942,-1,1,-1,-1,1.03379964828491
8,1,4,90,-0,0,0,1.13425517082214,-1,1,1,-1,0.817142963409424
8,1,4,91,-27,27,0,1.2504620552063,-1,-1,1,-1,0.884255170822144
8,1,4,92,-3,3,1,0.583820819854736,-1,-1,-1,-1,1.0004620552063
8,1,4,93,-81,81,0,0.983805894851685,-1,1,-1,-1,0.333820819854736
8,1,4,94,-3,3,0,0.867146968841553,-1,-1,1,-1,0.733805894851685
8,1,4,95,-81,81,0,0.683839797973633,-1,-1,-1,-1,0.617146968841553
8,1,4,96,3,3,1,1.25046372413635,-1,-1,-1,-1,0.433839797973633
8,1,5,3,81,81,1,0.717162609100342,1,1,-1,-1,0.417857646942139
8,1,5,4,9,9,1,0.767146825790405,1,1,1,1,0.467162609100342
8,1,5,5,-81,81,0,0.65044903755188,1,1,1,1,0.517146825790405
8,1,5,6,27,27,1,0.80047869682312,-1,-1,1,1,0.40044903755188
8,1,5,7,-27,27,0,0.633790016174316,1,1,-1,-1,0.55047869682312
8,1,5,8,27,27,1,0.717130422592163,-1,-1,1,1,0.383790016174316
8,1,5,9,-81,81,0,0.717188596725464,1,1,-1,-1,0.467130422592163
8,1,5,10,81,81,1,0.933809518814087,-1,-1,1,1,0.467188596725464
8,1,5,11,3,3,1,0.917166948318481,1,1,-1,-1,0.683809518814087
8,1,5,12,-27,27,0,0.767151117324829,1,1,1,1,0.667166948318481
8,1,5,13,-9,9,0,1.13379788398743,-1,-1,1,1,0.517151117324829
8,1,5,14,81,81,1,0.700451135635376,-1,-1,-1,-1,0.883797883987427
8,1,5,15,9,9,1,0.884209156036377,1,1,-1,-1,0.450451135635376
8,1,5,16,9,9,0,0.717957258224487,1,1,1,1,0.634209156036377
8,1,5,17,-81,81,0,0.717124938964844,1,-1,1,1,0.467957258224487
8,1,5,18,-27,27,0,0.650454044342041,-1,-1,-1,1,0.467124938964844
8,1,5,19,0,0,0,1.11771249771118,-1,-1,-1,-1,0.400454044342041
8,1,5,20,9,9,1,1.20046997070312,1,-1,-1,-1,0.867712497711182
8,1,5,21,27,27,1,0.650919914245605,1,1,-1,1,0.950469970703125
8,1,5,22,-9,9,1,1.13381910324097,1,1,1,1,0.400919914245605
8,1,5,23,0,0,1,0.967109203338623,-1,1,1,1,0.883819103240967
8,1,5,24,-27,27,0,0.617544651031494,1,1,1,-1,0.717109203338623
8,1,5,25,9,9,1,0.783792972564697,-1,-1,1,1,0.367544651031494
8,1,5,26,-0,0,0,0.933830976486206,1,1,-1,-1,0.533792972564697
8,1,5,27,27,27,1,0.733779907226562,-1,-1,1,1,0.683830976486206
8,1,5,28,0,0,0,0.917146682739258,1,1,-1,-1,0.483779907226562
8,1,5,29,3,3,0,1.45086598396301,1,-1,1,1,0.667146682739258
8,1,5,30,-81,81,0,0.633823871612549,1,-1,-1,1,1.20086598396301
8,1,5,31,3,3,1,0.800921678543091,-1,-1,-1,1,0.383823871612549
8,1,5,32,3,3,0,0.667151927947998,1,1,-1,-1,0.550921678543091
8,1,5,33,81,81,1,0.683813810348511,1,-1,1,1,0.417151927947998
8,1,5,34,-3,3,0,0.434256315231323,1,1,-1,1,0.433813810348511
8,1,5,35,9,9,1,1.00046229362488,-1,-1,1,1,0.184256315231323
8,1,5,39,-3,3,0,0.650487899780273,-1,1,-1,1,1.000896692276
8,1,5,40,3,3,1,0.733818769454956,-1,-1,1,-1,0.400487899780273
8,1,5,41,-27,27,0,0.800933122634888,1,1,-1,-1,0.483818769454956
8,1,5,42,81,81,1,0.78377890586853,-1,-1,1,1,0.550933122634888
8,1,5,46,81,81,1,0.650480985641479,-1,-1,1,1,0.750863552093506
8,1,5,47,-9,9,0,1.48417901992798,1,1,-1,-1,0.400480985641479
8,1,5,48,-9,9,1,0.717162609100342,-1,-1,1,1,1.23417901992798
8,1,5,49,0,0,0,0.75048303604126,-1,1,-1,-1,0.467162609100342
8,1,5,50,-3,3,1,0.684223413467407,1,-1,1,-1,0.50048303604126
8,1,5,51,27,27,1,0.584285497665405,-1,1,-1,1,0.434223413467407
8,1,5,52,-81,81,0,0.667192697525024,1,1,1,-1,0.334285497665405
8,1,5,53,27,27,0,0.80097770690918,-1,-1,1,1,0.417192697525024
8,1,5,54,3,3,1,0.6504807472229,1,-1,-1,-1,0.55097770690918
8,1,5,55,-27,27,0,0.800909996032715,1,1,-1,1,0.4004807472229
8,1,5,56,-3,3,0,0.717629432678223,-1,-1,1,1,0.550909996032715
8,1,5,57,3,3,0,1.01716542243958,-1,-1,-1,-1,0.467629432678223
8,1,5,58,-3,3,0,0.717150211334229,1,-1,-1,-1,0.767165422439575
8,1,5,59,-0,0,1,0.600506067276001,-1,-1,-1,1,0.467150211334229
8,1,5,60,3,3,0,1.26713490486145,-1,1,-1,-1,0.350506067276001
8,1,5,61,3,3,1,0.917625904083252,1,-1,1,-1,1.01713490486145
8,1,5,62,-0,0,0,1.05045342445374,1,1,-1,1,0.667625904083252
8,1,5,63,3,3,0,0.467125177383423,-1,-1,1,1,0.800453424453735
8,1,5,67,-0,0,0,0.867576122283936,1,1,1,-1,0.550953149795532
8,1,5,68,-9,9,0,1.18425416946411,-1,-1,1,1,0.617576122283936
8,1,5,72,27,27,1,0.684414148330688,-1,-1,-1,1,0.484601020812988
8,1,5,73,-81,81,0,0.667582511901855,1,1,-1,-1,0.434414148330688
8,1,5,74,-0,0,1,0.917579174041748,-1,-1,1,1,0.417582511901855
8,1,5,75,-81,81,0,0.734239816665649,-1,1,-1,-1,0.667579174041748
8,1,5,76,9,9,0,0.733785390853882,-1,-1,1,-1,0.484239816665649
8,1,5,77,-27,27,0,0.733808755874634,1,-1,-1,-1,0.483785390853882
8,1,5,78,9,9,0,0.6338210105896,-1,-1,-1,1,0.483808755874634
8,1,5,79,-3,3,1,1.16713356971741,1,-1,-1,-1,0.3838210105896
8,1,5,80,27,27,1,0.783807992935181,-1,1,-1,1,0.917133569717407
8,1,5,81,-3,3,1,0.851202011108398,1,1,1,-1,0.533807992935181
8,1,5,82,81,81,1,0.734247922897339,-1,1,1,1,0.601202011108398
8,1,5,83,-27,27,0,0.667149782180786,1,1,1,-1,0.484247922897339
8,1,5,84,-9,9,0,0.250936031341553,-1,-1,1,1,0.417149782180786
8,1,5,91,-27,27,0,0.601311922073364,1,1,-1,-1,0.384249925613403
8,1,5,92,-81,81,0,0.717152118682861,-1,-1,1,1,0.351311922073364
8,1,5,93,9,9,1,0.817709684371948,-1,-1,-1,-1,0.467152118682861
8,1,5,94,0,0,1,0.517163038253784,1,1,-1,-1,0.567709684371948
8,1,5,95,-27,27,0,0.900475740432739,1,1,1,1,0.267163038253784
8,1,5,96,81,81,1,0.734349966049194,-1,-1,1,1,0.650475740432739
8,1,5,97,-27,27,0,0.634251594543457,1,1,-1,-1,0.484349966049194
8,1,5,98,9,9,0,0.900479793548584,-1,-1,1,1,0.384251594543457
8,1,6,2,-9,9,1,0.900447607040405,-1,1,-1,-1,1.00065135955811
8,1,6,3,-9,9,0,1.11708879470825,-1,1,1,-1,0.650447607040405
8,1,6,4,-27,27,0,0.65087890625,-1,-1,1,-1,0.867088794708252
8,1,6,5,-0,0,1,1.01713061332703,-1,-1,-1,-1,0.40087890625
8,1,6,6,-9,9,0,0.850925922393799,-1,1,-1,-1,0.767130613327026
8,1,6,7,-27,27,0,0.767139434814453,-1,-1,1,-1,0.600925922393799
8,1,6,8,0,0,0,0.567110300064087,-1,-1,-1,-1,0.517139434814453
8,1,6,12,81,81,1,0.81760311126709,1,1,1,1,0.650484323501587
8,1,6,13,-81,81,0,0.650479793548584,1,1,1,1,0.56760311126709
8,1,6,17,0,0,0,1.36757063865662,-1,1,1,-1,0.86709189414978
8,1,6,18,81,81,1,1.28376936912537,1,-1,1,-1,1.11757063865662
8,1,6,19,-81,81,0,0.68427848815918,1,1,-1,1,1.03376936912537
8,1,6,20,9,9,1,0.850478887557983,-1,-1,1,1,0.43427848815918
8,1,6,21,81,81,1,0.81718111038208,1,1,-1,-1,0.600478887557983
8,1,6,22,27,27,1,0.800484657287598,1,1,1,1,0.56718111038208
8,1,6,23,81,81,1,0.817140579223633,1,1,1,1,0.550484657287598
8,1,6,27,-3,3,1,1.36710953712463,-1,-1,-1,1,0.800454378128052
8,1,6,28,-0,0,1,0.933825731277466,-1,1,-1,-1,1.11710953712463
8,1,6,29,-9,9,1,0.917125463485718,-1,1,1,-1,0.683825731277466
8,1,6,30,-81,81,0,1.15089583396912,-1,1,1,-1,0.667125463485718
8,1,6,31,3,3,1,0.800431728363037,-1,-1,1,-1,0.900895833969116
8,1,6,32,27,27,1,0.98432183265686,1,1,-1,-1,0.550431728363037
8,1,6,33,3,3,1,1.10092735290527,1,1,1,1,0.73432183265686
8,1,6,34,27,27,1,0.817593812942505,1,1,1,1,0.850927352905273
8,1,6,35,81,81,1,0.800477743148804,1,1,1,1,0.567593812942505
8,1,6,36,-81,81,0,1.36711764335632,1,1,1,1,0.550477743148804
8,1,6,37,-27,27,0,0.650491714477539,-1,-1,1,1,1.11711764335632
8,1,6,38,-3,3,1,1.01714158058167,-1,-1,-1,-1,0.400491714477539
8,1,6,39,-9,9,0,1.40045475959778,-1,1,-1,-1,0.767141580581665
8,1,6,40,-3,3,1,0.800935506820679,-1,-1,1,-1,1.15045475959778
8,1,6,41,-81,81,0,0.900940418243408,-1,1,-1,-1,0.550935506820679
8,1,6,42,-9,9,1,0.884208202362061,-1,-1,1,-1,0.650940418243408
8,1,6,43,-0,0,1,0.650450468063354,-1,1,-1,-1,0.634208202362061
8,1,6,44,-27,27,1,0.983819723129272,-1,1,1,-1,0.400450468063354
8,1,6,45,-3,3,0,1.01708936691284,-1,1,1,-1,0.733819723129272
8,1,6,49,-9,9,0,0.967527389526367,-1,-1,1,1,0.500990390777588
8,1,6,50,-81,81,0,0.717142820358276,-1,-1,-1,-1,0.717527389526367
8,1,6,51,-9,9,0,0.700506687164307,-1,-1,-1,-1,0.467142820358276
8,1,6,52,-81,81,0,0.867917537689209,-1,-1,-1,-1,0.450506687164307
8,1,6,53,-0,0,1,0.284439563751221,-1,-1,-1,-1,0.617917537689209
8,1,6,57,-0,0,0,1.00086188316345,-1,-1,-1,-1,0.633797645568848
8,1,6,58,-27,27,1,0.267174959182739,-1,-1,-1,-1,0.750861883163452
8,1,6,59,-81,81,0,0.717154741287231,-1,1,-1,-1,0.0171749591827393
8,1,6,64,27,27,1,0.734280586242676,-1,1,1,-1,0.667126417160034
8,1,6,65,9,9,0,0.867598533630371,1,1,1,-1,0.484280586242676
8,1,6,66,-81,81,0,0.250969648361206,1,-1,1,1,0.617598533630371
8,1,6,70,27,27,1,1.40047311782837,1,-1,1,1,1.0679337978363
8,1,6,74,81,81,1,0.633792877197266,1,1,1,1,0.500436782836914
8,1,6,81,9,9,0,1.16710186004639,1,-1,-1,1,0.583839893341064
8,1,6,82,27,27,1,0.767597436904907,1,-1,-1,1,0.917101860046387
8,1,6,83,3,3,1,0.783821582794189,1,1,-1,1,0.517597436904907
8,1,6,84,27,27,1,0.93381667137146,1,1,1,1,0.533821582794189
8,1,6,85,3,3,1,0.917152404785156,1,1,1,1,0.68381667137146
8,1,6,86,-27,27,0,0.667112827301025,1,1,1,1,0.667152404785156
8,1,6,87,-81,81,0,0.800925493240356,-1,-1,1,1,0.417112827301025
8,1,6,88,-81,81,0,0.917153835296631,-1,-1,-1,-1,0.550925493240356
8,1,6,89,-3,3,1,0.950482368469238,-1,-1,-1,-1,0.667153835296631
8,1,6,90,-3,3,0,1.2671365737915,-1,1,-1,-1,0.700482368469238
8,1,6,91,-81,81,0,0.717603921890259,-1,-1,1,-1,1.0171365737915
8,1,6,92,-9,9,1,0.78381085395813,-1,-1,-1,-1,0.467603921890259
8,1,6,93,-81,81,0,0.883776903152466,-1,1,-1,-1,0.53381085395813
8,1,6,94,81,81,1,0.667597770690918,-1,-1,1,-1,0.633776903152466
8,1,6,95,0,0,0,1.01755666732788,1,1,-1,-1,0.417597770690918
8,1,6,96,3,3,1,1.10043549537659,1,-1,1,1,0.767556667327881
8,1,6,97,27,27,0,1.05043506622314,1,1,-1,1,0.850435495376587
8,1,6,98,3,3,1,0.833796739578247,1,-1,1,1,0.800435066223145
8,1,6,99,-27,27,0,1.3842499256134,1,1,-1,1,0.583796739578247
8,2,1,4,-9,9,1,0.500458002090454,1,1,-1,-1,0.584645509719849
8,2,1,5,-27,27,0,0.601366996765137,-1,1,1,1,0.250458002090454
8,2,1,6,-3,3,1,0.750461101531982,-1,-1,1,-1,0.351366996765137
8,2,1,7,-27,27,1,1.01713013648987,-1,1,-1,-1,0.500461101531982
8,2,1,8,81,81,1,0.583817005157471,-1,1,1,-1,0.767130136489868
8,2,1,9,-81,81,0,0.317588090896606,1,1,1,-1,0.333817005157471
8,2,1,10,0,0,1,0.917165756225586,-1,-1,1,1,0.0675880908966064
8,2,1,11,-3,3,1,0.767580032348633,1,1,-1,-1,0.667165756225586
8,2,1,12,9,9,1,0.867609977722168,-1,1,1,1,0.517580032348633
8,2,1,13,3,3,0,0.800914525985718,1,1,1,-1,0.617609977722168
8,2,1,14,-27,27,0,0.900452375411987,1,-1,1,1,0.550914525985718
8,2,1,15,81,81,1,0.584571361541748,-1,-1,-1,1,0.650452375411987
8,2,1,16,-9,9,0,0.767117023468018,1,1,-1,-1,0.334571361541748
8,2,1,17,-27,27,0,0.668362140655518,-1,-1,1,1,0.517117023468018
8,2,1,18,3,3,1,0.650455951690674,-1,-1,-1,-1,0.418362140655518
8,2,1,19,27,27,1,0.650919198989868,1,1,-1,-1,0.400455951690674
8,2,1,20,-27,27,0,0.63379693031311,1,1,1,1,0.400919198989868
8,2,1,21,-81,81,0,0.633786916732788,-1,-1,1,1,0.38379693031311
8,2,1,22,9,9,1,0.683797836303711,-1,-1,-1,-1,0.383786916732788
8,2,1,23,9,9,1,0.817147016525269,1,1,-1,-1,0.433797836303711
8,2,1,24,-9,9,1,0.917718887329102,1,1,1,1,0.567147016525269
8,2,1,25,9,9,0,0.934548377990723,-1,1,1,1,0.667718887329102
8,2,1,26,-81,81,0,0.633800029754639,1,-1,1,-1,0.684548377990723
8,2,1,27,-27,27,0,1.00046277046204,-1,-1,-1,1,0.383800029754639
8,2,1,28,3,3,1,1.00086045265198,-1,-1,-1,-1,0.750462770462036
8,2,1,29,-27,27,0,0.61758017539978,1,1,-1,-1,0.750860452651978
8,2,1,30,3,3,1,0.700917959213257,-1,-1,1,1,0.36758017539978
8,2,1,31,9,9,1,0.734229803085327,1,1,-1,-1,0.450917959213257
8,2,1,32,-3,3,1,0.650465965270996,1,1,1,1,0.484229803085327
8,2,1,33,0,0,1,0.900468826293945,-1,1,1,1,0.400465965270996
8,2,1,34,-27,27,0,0.567132949829102,1,1,1,-1,0.650468826293945
8,2,1,35,-0,0,1,0.783797979354858,-1,-1,1,1,0.317132949829102
8,2,1,36,-81,81,0,0.550908803939819,-1,1,-1,-1,0.533797979354858
8,2,1,37,-81,81,0,0.650895118713379,-1,-1,1,-1,0.300908803939819
8,2,1,38,27,27,1,0.867563009262085,-1,-1,-1,-1,0.400895118713379
8,2,1,39,27,27,1,0.684246301651001,1,1,-1,-1,0.617563009262085
8,2,1,40,81,81,1,0.684252023696899,1,1,1,1,0.434246301651001
8,2,1,41,-81,81,0,0.667577266693115,1,1,1,1,0.434252023696899
8,2,1,42,0,0,1,0.783849239349365,-1,-1,1,1,0.417577266693115
8,2,1,43,81,81,1,0.650474309921265,1,1,-1,-1,0.533849239349365
8,2,1,44,-9,9,1,0.867573499679565,1,1,1,1,0.400474309921265
8,2,1,45,3,3,1,0.917119026184082,-1,1,1,1,0.617573499679565
8,2,1,46,-9,9,0,0.667596340179443,1,1,1,-1,0.667119026184082
8,2,1,47,0,0,1,0.984270095825195,-1,-1,1,1,0.417596340179443
8,2,1,48,-3,3,0,1.08425283432007,1,1,-1,-1,0.734270095825195
8,2,1,49,27,27,1,0.717578887939453,-1,-1,1,1,0.834252834320068
8,2,1,50,-9,9,1,0.651046752929688,1,1,-1,-1,0.467578887939453
8,2,1,51,27,27,1,0.617595911026001,-1,1,1,1,0.401046752929688
8,2,1,52,-3,3,0,0.984234094619751,1,1,1,-1,0.367595911026001
8,2,1,53,81,81,1,0.650442600250244,-1,-1,1,1,0.734234094619751
8,2,1,54,-9,9,1,0.750447273254395,1,1,-1,-1,0.400442600250244
8,2,1,55,-9,9,0,0.867602109909058,-1,1,1,1,0.500447273254395
8,2,1,56,-81,81,0,0.650468111038208,-1,-1,1,-1,0.617602109909058
8,2,1,57,3,3,1,0.834243059158325,-1,-1,-1,-1,0.400468111038208
8,2,1,58,-81,81,0,0.600931167602539,1,1,-1,-1,0.584243059158325
8,2,1,59,27,27,1,0.850455045700073,-1,-1,1,1,0.350931167602539
8,2,1,60,-9,9,0,1.01712203025818,1,1,-1,-1,0.600455045700073
8,2,1,61,9,9,1,1.08377170562744,-1,-1,1,1,0.767122030258179
8,2,1,62,-81,81,0,0.600470066070557,1,1,-1,-1,0.833771705627441
8,2,1,63,3,3,0,1.03481435775757,-1,-1,1,1,0.350470066070557
8,2,1,64,9,9,1,0.917131662368774,1,-1,-1,-1,0.784814357757568
8,2,1,65,81,81,1,0.66710638999939,1,1,-1,1,0.667131662368774
8,2,1,66,-0,0,1,0.800925970077515,1,1,1,1,0.41710638999939
8,2,1,67,27,27,1,1.06758999824524,-1,1,1,1,0.550925970077515
8,2,1,68,-27,27,0,0.700915813446045,1,1,1,-1,0.817589998245239
8,2,1,69,81,81,1,0.633805990219116,-1,-1,1,1,0.450915813446045
8,2,1,70,-81,81,0,0.66710638999939,1,1,-1,-1,0.383805990219116
8,2,1,71,-3,3,1,0.933788299560547,-1,-1,1,1,0.41710638999939
8,2,1,72,0,0,1,0.834266901016235,-1,1,-1,-1,0.683788299560547
8,2,1,73,3,3,0,0.733796834945679,1,1,1,-1,0.584266901016235
8,2,1,74,0,0,0,0.884209394454956,1,-1,1,1,0.483796834945679
8,2,1,78,-27,27,0,0.684518098831177,-1,-1,-1,1,0.700440645217896
8,2,1,79,3,3,1,0.683791875839233,-1,-1,-1,-1,0.434518098831177
8,2,1,80,81,81,1,0.684740781784058,1,1,-1,-1,0.433791875839233
8,2,1,81,-9,9,1,0.83424711227417,1,1,1,1,0.434740781784058
8,2,1,82,81,81,1,0.717124938964844,-1,1,1,1,0.58424711227417
8,2,1,83,81,81,1,0.667113780975342,1,1,1,-1,0.467124938964844
8,2,1,84,-0,0,1,0.983786106109619,1,1,1,1,0.417113780975342
8,2,1,85,3,3,1,1.0171480178833,-1,1,1,1,0.733786106109619
8,2,1,86,0,0,0,1.13422131538391,1,1,1,-1,0.767148017883301
8,2,1,87,3,3,1,1.11710977554321,1,-1,1,1,0.884221315383911
8,2,1,88,-27,27,1,0.767627954483032,1,1,-1,1,0.867109775543213
8,2,1,89,3,3,1,1.03425478935242,-1,1,1,1,0.517627954483032
8,2,1,90,9,9,1,1.01758050918579,1,1,1,-1,0.784254789352417
8,2,1,91,-9,9,0,1.36755728721619,1,1,1,1,0.767580509185791
8,2,1,92,27,27,1,1.11711430549622,-1,-1,1,1,1.11755728721619
8,2,1,93,-27,27,0,1.33376979827881,1,1,-1,-1,0.867114305496216
8,2,1,94,27,27,0,1.08380699157715,-1,-1,1,1,1.08376979827881
8,2,1,95,-9,9,0,0.983769655227661,1,-1,-1,-1,0.833806991577148
8,2,1,96,-27,27,0,1.08464789390564,-1,-1,-1,1,0.733769655227661
8,2,2,2,-27,27,0,0.733819961547852,-1,-1,-1,1,0.734028816223145
8,2,2,3,-9,9,0,0.934235095977783,-1,-1,-1,-1,0.483819961547852
8,2,2,4,9,9,1,0.867124557495117,-1,-1,-1,-1,0.684235095977783
8,2,2,5,-9,9,1,1.20045280456543,1,1,-1,-1,0.617124557495117
8,2,2,6,-9,9,0,0.717126607894897,-1,1,1,1,0.95045280456543
8,2,2,7,-9,9,0,0.750478982925415,-1,-1,1,-1,0.467126607894897
8,2,2,8,-27,27,0,1.03423476219177,-1,-1,-1,-1,0.500478982925415
8,2,2,9,3,3,1,0.867567300796509,-1,-1,-1,-1,0.784234762191772
8,2,2,10,3,3,0,0.967575073242188,1,1,-1,-1,0.617567300796509
8,2,2,11,-81,81,0,0.650913715362549,1,-1,1,1,0.717575073242188
8,2,2,12,3,3,0,1.1004490852356,-1,-1,-1,1,0.400913715362549
8,2,2,13,-0,0,0,0.967549800872803,1,-1,-1,-1,0.850449085235596
8,2,2,14,0,0,1,1.18376731872559,-1,-1,-1,1,0.717549800872803
8,2,2,15,9,9,1,0.900475740432739,1,1,-1,-1,0.933767318725586
8,2,2,16,27,27,1,0.68381404876709,1,1,1,1,0.650475740432739
8,2,2,17,-0,0,0,1.16710877418518,1,1,1,1,0.43381404876709
8,2,2,21,81,81,1,0.633802890777588,1,1,1,1,0.400460004806519
8,2,2,22,-27,27,0,0.934247970581055,1,1,1,1,0.383802890777588
8,2,2,23,-9,9,0,1.33421683311462,-1,-1,1,1,0.684247970581055
8,2,2,24,-3,3,0,1.10091614723206,-1,-1,-1,-1,1.08421683311462
8,2,2,25,3,3,1,0.783797025680542,-1,-1,-1,-1,0.850916147232056
8,2,2,26,-3,3,1,1.0514452457428,1,1,-1,-1,0.533797025680542
8,2,2,27,-9,9,0,1.03421807289124,-1,1,1,1,0.801445245742798
8,2,2,28,27,27,0,1.01759743690491,-1,-1,1,-1,0.784218072891235
8,2,2,29,0,0,1,1.11826586723328,1,-1,-1,-1,0.767597436904907
8,2,2,30,-27,27,0,0.650920152664185,1,1,-1,1,0.868265867233276
8,2,2,31,-81,81,0,0.833780765533447,-1,-1,1,1,0.400920152664185
8,2,2,32,-3,3,1,1.31755995750427,-1,-1,-1,-1,0.583780765533447
8,2,2,33,3,3,1,1.08380079269409,-1,1,-1,-1,1.06755995750427
8,2,2,34,27,27,1,1.46711421012878,1,1,1,-1,0.833800792694092
8,2,2,35,-9,9,0,0.367690801620483,1,1,1,1,1.21711421012878
8,2,2,36,3,3,0,0.784484148025513,-1,-1,1,1,0.117690801620483
8,2,2,37,-3,3,1,0.984775066375732,1,-1,-1,-1,0.534484148025513
8,2,2,38,-27,27,0,1.00045800209045,-1,1,-1,1,0.734775066375732
8,2,2,39,-0,0,0,1.01713180541992,-1,-1,1,-1,0.750458002090454
8,2,2,40,-81,81,0,0.600998163223267,-1,-1,-1,-1,0.767131805419922
8,2,2,41,27,27,1,0.600950002670288,-1,-1,-1,-1,0.350998163223267
8,2,2,42,3,3,0,1.36756420135498,1,1,-1,-1,0.350950002670288
8,2,2,43,81,81,1,0.583828210830688,1,-1,1,1,1.11756420135498
8,2,2,44,27,27,1,1.16708850860596,1,1,-1,1,0.333828210830688
8,2,2,45,-27,27,0,0.83424711227417,1,1,1,1,0.917088508605957
8,2,2,46,-0,0,1,0.600916385650635,-1,-1,1,1,0.58424711227417
8,2,2,47,81,81,1,0.583813667297363,-1,1,-1,-1,0.350916385650635
8,2,2,48,-81,81,0,0.934260129928589,1,1,1,-1,0.333813667297363
8,2,2,49,-27,27,0,1.46709394454956,-1,-1,1,1,0.684260129928589
8,2,2,50,-81,81,0,0.784236907958984,-1,-1,-1,-1,1.21709394454956
8,2,2,51,-3,3,1,0.90044379234314,-1,-1,-1,-1,0.534236907958984
8,2,2,52,9,9,0,1.45087146759033,-1,1,-1,-1,0.65044379234314
8,2,2,53,3,3,1,0.733892917633057,1,-1,1,-1,1.20087146759033
8,2,2,54,-81,81,0,0.650443553924561,1,1,-1,1,0.483892917633057
8,2,2,55,-27,27,0,0.600510835647583,-1,-1,1,1,0.400443553924561
8,2,2,56,-3,3,1,0.950907945632935,-1,-1,-1,-1,0.350510835647583
8,2,2,60,-9,9,1,1.20046997070312,1,-1,-1,-1,0.483795166015625
8,2,2,61,27,27,1,1.05051803588867,-1,1,-1,1,0.950469970703125
8,2,2,62,9,9,1,1.00088834762573,1,1,1,-1,0.800518035888672
8,2,2,63,3,3,0,0.834208011627197,1,1,1,1,0.750888347625732
8,2,2,64,81,81,1,1.23425507545471,1,-1,1,1,0.584208011627197
8,2,2,65,-27,27,0,0.667574644088745,1,1,-1,1,0.984255075454712
8,2,2,66,-0,0,1,0.950472831726074,-1,-1,1,1,0.417574644088745
8,2,2,67,-27,27,0,0.967575073242188,-1,1,-1,-1,0.700472831726074
8,2,2,68,-9,9,1,0.700465202331543,-1,-1,1,-1,0.717575073242188
8,2,2,69,-27,27,0,0.834239959716797,-1,1,-1,-1,0.450465202331543
8,2,2,70,27,27,1,0.78423547744751,-1,-1,1,-1,0.584239959716797
8,2,2,74,-0,0,1,1.2837655544281,-1,-1,1,1,0.417133331298828
8,2,2,75,27,27,0,0.984260082244873,-1,1,-1,-1,1.0337655544281
8,2,2,76,-81,81,0,0.701565980911255,1,-1,1,-1,0.734260082244873
8,2,2,77,81,81,1,0.767136812210083,-1,-1,-1,1,0.451565980911255
8,2,2,78,-9,9,0,0.600928068161011,1,1,-1,-1,0.517136812210083
8,2,2,79,-3,3,1,1.30088305473328,-1,-1,1,1,0.350928068161011
8,2,2,80,-3,3,0,0.950457096099854,-1,1,-1,-1,1.05088305473328
8,2,2,81,0,0,0,0.850452184677124,-1,-1,1,-1,0.700457096099854
8,2,2,82,-3,3,1,1.01711106300354,1,-1,-1,-1,0.600452184677124
8,2,2,83,-3,3,0,0.450894832611084,-1,1,-1,1,0.76711106300354
8,2,2,84,0,0,1,1.1509051322937,-1,-1,1,-1,0.200894832611084
8,2,2,88,81,81,1,0.650493383407593,1,-1,1,1,0.617133855819702
8,2,2,89,27,27,1,0.817564249038696,1,1,-1,1,0.400493383407593
8,2,2,90,-81,81,0,0.667125940322876,1,1,1,1,0.567564249038696
8,2,2,91,27,27,1,1.01718688011169,-1,-1,1,1,0.417125940322876
8,2,2,92,-81,81,0,1.36756610870361,1,1,-1,-1,0.767186880111694
8,2,2,93,-0,0,0,0.800462961196899,-1,-1,1,1,1.11756610870361
8,2,2,94,9,9,1,0.583801984786987,-1,-1,-1,-1,0.550462961196899
8,2,2,95,-9,9,0,0.684397459030151,1,1,-1,-1,0.333801984786987
8,2,2,96,-9,9,0,0.767580986022949,-1,-1,1,1,0.434397459030151
8,2,2,97,81,81,1,0.617605924606323,-1,-1,-1,-1,0.517580986022949
8,2,2,98,-3,3,0,0.933791160583496,1,1,-1,-1,0.367605924606323
8,2,2,99,9,9,0,0.600928068161011,-1,-1,1,1,0.683791160583496
8,2,3,2,-3,3,1,0.850905895233154,-1,-1,-1,-1,0.467344522476196
8,2,3,3,-27,27,0,0.602154970169067,-1,1,-1,-1,0.600905895233154
8,2,3,4,-9,9,1,0.834252595901489,-1,-1,1,-1,0.352154970169067
8,2,3,5,-9,9,1,1.01710295677185,-1,1,-1,-1,0.584252595901489
8,2,3,6,-81,81,0,0.633803844451904,-1,1,1,-1,0.767102956771851
8,2,3,7,-27,27,0,0.617584943771362,-1,-1,1,-1,0.383803844451904
8,2,3,8,-9,9,0,1.1004478931427,-1,-1,-1,-1,0.367584943771362
8,2,3,9,-27,27,0,0.767119407653809,-1,-1,-1,-1,0.8504478931427
8,2,3,10,9,9,0,0.767119884490967,-1,-1,-1,-1,0.517119407653809
8,2,3,11,81,81,1,0.634238958358765,1,-1,-1,-1,0.517119884490967
8,2,3,12,3,3,1,0.850912570953369,1,1,-1,1,0.384238958358765
8,2,3,13,9,9,1,0.984229803085327,1,1,1,1,0.600912570953369
8,2,3,14,3,3,1,0.733800888061523,1,1,1,1,0.734229803085327
8,2,3,15,-81,81,0,0.65107798576355,1,1,1,1,0.483800888061523
8,2,3,16,9,9,1,0.883835792541504,-1,-1,1,1,0.40107798576355
8,2,3,17,3,3,1,1.36756873130798,1,1,-1,-1,0.633835792541504
8,2,3,18,81,81,1,0.683816909790039,1,1,1,1,1.11756873130798
8,2,3,19,81,81,1,0.750470399856567,1,1,1,1,0.433816909790039
8,2,3,20,81,81,1,0.600472927093506,1,1,1,1,0.500470399856567
8,2,3,21,27,27,1,0.667153835296631,1,1,1,1,0.350472927093506
8,2,3,22,9,9,0,0.583792924880981,1,1,1,1,0.417153835296631
8,2,3,23,81,81,1,0.633806228637695,1,-1,1,1,0.333792924880981
8,2,3,24,3,3,1,1.43424606323242,1,1,-1,1,0.383806228637695
8,2,3,25,3,3,1,0.735046863555908,1,1,1,1,1.18424606323242
8,2,3,26,27,27,1,0.633802890777588,1,1,1,1,0.485046863555908
8,2,3,27,27,27,1,0.717576026916504,1,1,1,1,0.383802890777588
8,2,3,28,3,3,1,1.30044198036194,1,1,1,1,0.467576026916504
8,2,3,29,81,81,1,0.617163181304932,1,1,1,1,1.05044198036194
8,2,3,30,9,9,0,1.03382253646851,1,1,1,1,0.367163181304932
8,2,3,31,-0,0,1,1.10122084617615,1,-1,1,1,0.783822536468506
8,2,3,32,-3,3,1,0.817147016525269,-1,1,-1,1,0.851220846176147
8,2,3,33,81,81,1,0.633795261383057,-1,1,1,-1,0.567147016525269
8,2,3,34,81,81,1,0.367138624191284,1,1,1,-1,0.383795261383057
8,2,3,35,3,3,1,1.26756405830383,1,1,1,1,0.117138624191284
8,2,3,36,9,9,1,0.95046591758728,1,1,1,1,1.01756405830383
8,2,3,37,27,27,1,0.868087530136108,1,1,1,1,0.70046591758728
8,2,3,38,81,81,1,0.700464487075806,1,1,1,1,0.618087530136108
8,2,3,39,-81,81,0,0.718324899673462,1,1,1,1,0.450464487075806
8,2,3,40,-27,27,0,0.967576026916504,-1,-1,1,1,0.468324899673462
8,2,3,41,-9,9,0,1.03424286842346,-1,-1,-1,-1,0.717576026916504
8,2,3,42,-81,81,0,0.784246444702148,-1,-1,-1,-1,0.784242868423462
8,2,3,43,3,3,1,1.36752605438232,-1,-1,-1,-1,0.534246444702148
8,2,3,44,-27,27,0,0.733802080154419,1,1,-1,-1,1.11752605438232
8,2,3,45,-0,0,1,1.13420486450195,-1,-1,1,1,0.483802080154419
8,2,3,46,81,81,1,0.78380012512207,-1,1,-1,-1,0.884204864501953
8,2,3,47,9,9,1,0.817119121551514,1,1,1,-1,0.53380012512207
8,2,3,48,0,0,0,1.15044689178467,1,1,1,1,0.567119121551514
8,2,3,49,-3,3,1,0.66758394241333,1,-1,1,1,0.900446891784668
8,2,3,50,-9,9,0,0.83381175994873,-1,1,-1,1,0.41758394241333
8,2,3,51,-3,3,0,1.11760354042053,-1,-1,1,-1,0.58381175994873
8,2,3,52,3,3,0,0.800461053848267,-1,-1,-1,-1,0.867603540420532
8,2,3,53,9,9,1,0.88422966003418,1,-1,-1,-1,0.550461053848267
8,2,3,54,27,27,1,0.950904846191406,1,1,-1,1,0.63422966003418
8,2,3,55,0,0,0,0.833783149719238,1,1,1,1,0.700904846191406
8,2,3,56,3,3,1,0.833795070648193,1,-1,1,1,0.583783149719238
8,2,3,57,27,27,1,0.867128133773804,1,1,-1,1,0.583795070648193
8,2,3,58,9,9,1,0.717588186264038,1,1,1,1,0.617128133773804
8,2,3,59,27,27,1,0.93381404876709,1,1,1,1,0.467588186264038
8,2,3,60,3,3,1,0.683788061141968,1,1,1,1,0.68381404876709
8,2,3,61,27,27,1,0.784266948699951,1,1,1,1,0.433788061141968
8,2,3,62,-3,3,1,1.15090990066528,1,1,1,1,0.534266948699951
8,2,3,63,-0,0,0,1.13384222984314,-1,1,1,1,0.900909900665283
8,2,3,64,-3,3,0,1.20047283172607,-1,-1,1,-1,0.88384222984314
8,2,3,65,81,81,1,0.700911283493042,-1,-1,-1,-1,0.950472831726074
8,2,3,66,0,0,0,1.35085725784302,1,1,-1,-1,0.450911283493042
8,2,3,67,9,9,1,0.734251976013184,1,-1,1,1,1.10085725784302
8,2,3,68,27,27,1,0.783813953399658,1,1,-1,1,0.484251976013184
8,2,3,69,3,3,0,0.950448274612427,1,1,1,1,0.533813953399658
8,2,3,70,27,27,0,0.867121458053589,1,-1,1,1,0.700448274612427
8,2,3,71,9,9,1,0.683800935745239,1,-1,-1,1,0.617121458053589
8,2,3,72,-81,81,0,0.634249925613403,1,1,-1,1,0.433800935745239
8,2,3,73,81,81,1,0.634224891662598,-1,-1,1,1,0.384249925613403
8,2,3,74,27,27,1,0.801051139831543,1,1,-1,-1,0.384224891662598
8,2,3,75,3,3,0,0.500921726226807,1,1,1,1,0.551051139831543
8,2,3,76,-9,9,0,0.683795928955078,1,-1,1,1,0.250921726226807
8,2,3,77,-81,81,0,0.667568206787109,-1,-1,-1,1,0.433795928955078
8,2,3,78,-3,3,0,0.900898933410645,-1,-1,-1,-1,0.417568206787109
8,2,3,79,9,9,1,0.834243059158325,-1,-1,-1,-1,0.650898933410645
8,2,3,80,-0,0,0,1.18377876281738,1,1,-1,-1,0.584243059158325
8,2,3,81,3,3,0,0.96720290184021,-1,-1,1,1,0.933778762817383
8,2,3,82,-3,3,1,0.850478887557983,1,-1,-1,-1,0.71720290184021
8,2,3,83,-0,0,0,0.667171478271484,-1,1,-1,1,0.600478887557983
8,2,3,84,-0,0,0,0.78378438949585,-1,-1,1,-1,0.417171478271484
8,2,3,85,81,81,1,0.617587566375732,-1,-1,-1,-1,0.53378438949585
8,2,3,86,27,27,0,0.850934267044067,1,1,-1,-1,0.367587566375732
8,2,3,87,27,27,1,1.00091290473938,1,-1,1,1,0.600934267044067
8,2,3,88,27,27,0,1.1171190738678,1,1,-1,1,0.75091290473938
8,2,3,89,-27,27,0,0.934247016906738,1,-1,1,1,0.867119073867798
8,2,3,90,-27,27,0,1.0171172618866,-1,-1,-1,1,0.684247016906738
8,2,3,91,-9,9,0,0.650937557220459,-1,-1,-1,-1,0.767117261886597
8,2,3,92,0,0,0,1.3842339515686,-1,-1,-1,-1,0.400937557220459
8,2,3,93,9,9,1,0.667197465896606,1,-1,-1,-1,1.1342339515686
8,2,3,94,-9,9,0,0.667586803436279,1,1,-1,1,0.417197465896606
8,2,3,95,-0,0,1,0.883767366409302,-1,-1,1,1,0.417586803436279
8,2,3,96,-81,81,0,0.867573976516724,-1,1,-1,-1,0.633767366409302
8,2,3,97,-9,9,0,0.767573833465576,-1,-1,1,-1,0.617573976516724
8,2,3,98,-81,81,0,0.600455045700073,-1,-1,-1,-1,0.517573833465576
8,2,3,99,-27,27,0,0.784214735031128,-1,-1,-1,-1,0.350455045700073
8,2,4,2,9,9,0,1.16714596748352,-1,-1,-1,-1,0.567370891571045
8,2,4,3,-3,3,0,1.43422412872314,1,-1,-1,-1,0.917145967483521
8,2,4,4,27,27,1,0.600919008255005,-1,-1,-1,1,1.18422412872314
8,2,4,5,-81,81,0,0.683815956115723,1,1,-1,-1,0.350919008255005
8,2,4,6,9,9,0,0.850885629653931,-1,-1,1,1,0.433815956115723
8,2,4,7,-81,81,0,0.633799076080322,1,-1,-1,-1,0.600885629653931
8,2,4,8,-81,81,0,0.684235095977783,-1,-1,-1,1,0.383799076080322
8,2,4,9,27,27,1,0.767580032348633,-1,-1,-1,-1,0.434235095977783
8,2,4,10,-3,3,1,1.0004780292511,1,1,-1,-1,0.517580032348633
8,2,4,11,9,9,0,1.01711702346802,-1,1,1,1,0.750478029251099
8,2,4,12,-0,0,1,0.933827638626099,1,-1,1,-1,0.767117023468018
8,2,4,13,81,81,1,0.700448274612427,-1,1,-1,1,0.683827638626099
8,2,4,14,-27,27,0,0.800909757614136,1,1,1,-1,0.450448274612427
8,2,4,15,3,3,1,0.983793020248413,-1,-1,1,1,0.550909757614136
8,2,4,16,-3,3,0,0.900478601455688,1,1,-1,-1,0.733793020248413
8,2,4,17,3,3,0,1.06711888313293,-1,-1,1,1,0.650478601455688
8,2,4,18,9,9,1,0.867592811584473,1,-1,-1,-1,0.817118883132935
8,2,4,19,81,81,1,0.667577981948853,1,1,-1,1,0.617592811584473
8,2,4,20,-9,9,0,0.700485944747925,1,1,1,1,0.417577981948853
8,2,4,21,-81,81,0,0.700453042984009,-1,-1,1,1,0.450485944747925
8,2,4,22,81,81,1,0.634205341339111,-1,-1,-1,-1,0.450453042984009
8,2,4,23,-3,3,0,0.667151927947998,1,1,-1,-1,0.384205341339111
8,2,4,24,-3,3,1,0.634241819381714,-1,-1,1,1,0.417151927947998
8,2,4,25,-81,81,0,0.650881767272949,-1,1,-1,-1,0.384241819381714
8,2,4,26,9,9,1,0.883798599243164,-1,-1,1,-1,0.400881767272949
8,2,4,27,-0,0,0,1.0171058177948,1,1,-1,-1,0.633798599243164
8,2,4,28,9,9,0,0.700921058654785,-1,-1,1,1,0.7671058177948
8,2,4,29,-3,3,1,0.967581748962402,1,-1,-1,-1,0.450921058654785
8,2,4,30,81,81,1,0.683784008026123,-1,1,-1,1,0.717581748962402
8,2,4,31,3,3,0,0.584258794784546,1,1,1,-1,0.433784008026123
8,2,4,32,-9,9,0,0.883836984634399,1,-1,1,1,0.334258794784546
8,2,4,33,0,0,0,1.06709337234497,-1,-1,-1,1,0.633836984634399
8,2,4,34,-27,27,0,0.650467872619629,1,-1,-1,-1,0.817093372344971
8,2,4,35,81,81,1,0.667604684829712,-1,-1,-1,1,0.400467872619629
8,2,4,36,-3,3,1,0.984246015548706,1,1,-1,-1,0.417604684829712
8,2,4,37,9,9,1,0.650493144989014,-1,1,1,1,0.734246015548706
8,2,4,38,9,9,1,0.850479125976562,1,1,1,-1,0.400493144989014
8,2,4,39,-0,0,0,0.933793783187866,1,1,1,1,0.600479125976562
8,2,4,40,0,0,1,0.684254169464111,-1,-1,1,1,0.683793783187866
8,2,4,41,27,27,1,0.834235668182373,1,1,-1,-1,0.434254169464111
8,2,4,42,-27,27,0,0.667573213577271,1,1,1,1,0.584235668182373
8,2,4,43,27,27,1,0.667135953903198,-1,-1,1,1,0.417573213577271
8,2,4,44,-81,81,0,0.667126178741455,1,1,-1,-1,0.417135953903198
8,2,4,45,9,9,1,0.333837032318115,-1,-1,1,1,0.417126178741455
8,2,4,46,-9,9,0,0.667539596557617,1,1,-1,-1,0.0838370323181152
8,2,4,47,-3,3,0,0.750929117202759,-1,-1,1,1,0.417539596557617
8,2,4,48,-81,81,0,0.68379807472229,-1,-1,-1,-1,0.500929117202759
8,2,4,49,3,3,0,0.783787488937378,-1,-1,-1,-1,0.43379807472229
8,2,4,50,-81,81,0,0.483802795410156,1,-1,-1,-1,0.533787488937378
8,2,4,51,3,3,1,0.984224796295166,-1,-1,-1,1,0.233802795410156
8,2,4,52,-3,3,0,1.1509211063385,1,1,-1,-1,0.734224796295166
8,2,4,53,-81,81,0,0.733822107315063,-1,-1,1,1,0.900921106338501
8,2,4,54,27,27,1,0.700449466705322,-1,-1,-1,-1,0.483822107315063
8,2,4,55,27,27,1,0.700957059860229,1,1,-1,-1,0.450449466705322
8,2,4,56,9,9,1,0.900444984436035,1,1,1,1,0.450957059860229
8,2,4,57,27,27,1,0.750480175018311,1,1,1,1,0.650444984436035
8,2,4,58,-27,27,0,0.884207010269165,1,1,1,1,0.500480175018311
8,2,4,59,27,27,1,0.867208242416382,-1,-1,1,1,0.634207010269165
8,2,4,60,-0,0,0,0.900933980941772,1,1,-1,-1,0.617208242416382
8,2,4,61,-9,9,0,0.817124605178833,-1,-1,1,1,0.650933980941772
8,2,4,62,0,0,0,0.717123031616211,-1,-1,-1,-1,0.567124605178833
8,2,4,63,-3,3,0,0.900449752807617,1,-1,-1,-1,0.467123031616211
8,2,4,64,27,27,1,0.667212963104248,-1,-1,-1,1,0.650449752807617
8,2,4,65,-81,81,0,0.633793115615845,1,1,-1,-1,0.417212963104248
8,2,4,66,3,3,0,0.800464153289795,-1,-1,1,1,0.383793115615845
8,2,4,67,27,27,1,0.800490140914917,1,-1,-1,-1,0.550464153289795
8,2,4,68,-81,81,0,0.667131185531616,1,1,-1,1,0.550490140914917
8,2,4,69,9,9,1,1.11711430549622,-1,-1,1,1,0.417131185531616
8,2,4,70,-9,9,0,0.734243869781494,1,1,-1,-1,0.867114305496216
8,2,4,71,9,9,1,0.65055251121521,-1,-1,1,1,0.484243869781494
8,2,4,72,-27,27,0,0.600938081741333,1,1,-1,-1,0.40055251121521
8,2,4,73,81,81,1,0.733816862106323,-1,-1,1,1,0.350938081741333
8,2,4,74,27,27,1,0.717130899429321,1,1,-1,-1,0.483816862106323
8,2,4,75,-27,27,0,0.767117977142334,1,1,1,1,0.467130899429321
8,2,4,76,9,9,1,1.11710047721863,-1,-1,1,1,0.517117977142334
8,2,4,77,-0,0,0,0.967121839523315,1,1,-1,-1,0.867100477218628
8,2,4,78,0,0,1,0.767159938812256,-1,-1,1,1,0.717121839523315
8,2,4,79,-9,9,0,0.751658916473389,1,1,-1,-1,0.517159938812256
8,2,4,80,-3,3,0,1.23425364494324,-1,-1,1,1,0.501658916473389
8,2,4,81,3,3,0,1.10045313835144,-1,-1,-1,-1,0.984253644943237
8,2,4,82,-3,3,1,0.900463104248047,1,-1,-1,-1,0.85045313835144
8,2,4,83,-81,81,0,0.650460004806519,-1,1,-1,1,0.650463104248047
8,2,4,84,0,0,0,0.717599153518677,-1,-1,1,-1,0.400460004806519
8,2,4,85,81,81,1,0.867142200469971,1,-1,-1,-1,0.467599153518677
8,2,4,86,-9,9,0,0.58382511138916,1,1,-1,1,0.617142200469971
8,2,4,87,27,27,1,0.683789491653442,-1,-1,1,1,0.33382511138916
8,2,4,88,-27,27,0,0.317602157592773,1,1,-1,-1,0.433789491653442
8,2,4,89,3,3,0,0.683791399002075,-1,-1,1,1,0.0676021575927734
8,2,4,90,-81,81,0,0.617811918258667,1,-1,-1,-1,0.433791399002075
8,2,4,91,-81,81,0,0.667119264602661,-1,-1,-1,1,0.367811918258667
8,2,4,92,0,0,1,0.95054292678833,-1,-1,-1,-1,0.417119264602661
8,2,4,93,-9,9,0,0.750458478927612,1,1,-1,-1,0.70054292678833
8,2,4,94,-3,3,0,0.733795642852783,-1,-1,1,1,0.500458478927612
8,2,4,95,3,3,0,0.817161083221436,-1,-1,-1,-1,0.483795642852783
8,2,4,96,-9,9,0,0.684232473373413,1,-1,-1,-1,0.567161083221436
8,2,4,97,-27,27,0,0.683825254440308,-1,-1,-1,1,0.434232473373413
8,2,4,98,27,27,1,0.617128133773804,-1,-1,-1,-1,0.433825254440308
8,2,4,99,-81,81,0,0.617145538330078,1,1,-1,-1,0.367128133773804
8,2,5,2,0,0,0,0.867573976516724,-1,-1,-1,-1,0.867346286773682
8,2,5,3,81,81,1,0.567590951919556,1,-1,-1,-1,0.617573976516724
8,2,5,4,-3,3,0,1.18421912193298,1,1,-1,1,0.317590951919556
8,2,5,5,3,3,1,0.817166090011597,-1,-1,1,1,0.934219121932983
8,2,5,6,9,9,1,0.467669248580933,1,1,-1,-1,0.567166090011597
8,2,5,7,-3,3,1,1.03424882888794,1,1,1,1,0.217669248580933
8,2,5,8,-9,9,1,0.600481748580933,-1,1,1,1,0.784248828887939
8,2,5,9,-27,27,0,0.917119026184082,-1,1,1,-1,0.350481748580933
8,2,5,10,27,27,1,0.650463819503784,-1,-1,1,-1,0.667119026184082
8,2,5,11,-3,3,0,1.05047655105591,1,1,-1,-1,0.400463819503784
8,2,5,12,27,27,1,1.06710696220398,-1,-1,1,1,0.800476551055908
8,2,5,13,-3,3,1,0.967567205429077,1,1,-1,-1,0.817106962203979
8,2,5,14,81,81,1,0.717550039291382,-1,1,1,1,0.717567205429077
8,2,5,15,-27,27,0,0.317609071731567,1,1,1,-1,0.467550039291382
8,2,5,16,-0,0,0,1.20043087005615,-1,-1,1,1,0.0676090717315674
8,2,5,17,9,9,0,1.08423757553101,-1,-1,-1,-1,0.950430870056152
8,2,5,18,-0,0,1,0.984247207641602,1,-1,-1,-1,0.834237575531006
8,2,5,19,3,3,0,0.91756796836853,-1,1,-1,1,0.734247207641602
8,2,5,20,-27,27,0,0.567119836807251,1,-1,1,-1,0.66756796836853
8,2,5,21,-81,81,0,0.617119073867798,-1,-1,-1,1,0.317119836807251
8,2,5,22,9,9,1,0.617120742797852,-1,-1,-1,-1,0.367119073867798
8,2,5,23,-9,9,0,1.40088796615601,1,1,-1,-1,0.367120742797852
8,2,5,24,-9,9,0,1.05044984817505,-1,-1,1,1,1.15088796615601
8,2,5,25,-9,9,1,0.367140054702759,-1,-1,-1,-1,0.800449848175049
8,2,5,26,-3,3,0,0.733792066574097,-1,1,-1,-1,0.117140054702759
8,2,5,27,-27,27,0,0.700475215911865,-1,-1,1,-1,0.483792066574097
8,2,5,28,-9,9,1,0.85045599937439,-1,-1,-1,-1,0.450475215911865
8,2,5,29,-3,3,0,0.750477313995361,-1,1,-1,-1,0.60045599937439
8,2,5,30,-81,81,0,0.917129039764404,-1,-1,1,-1,0.500477313995361
8,2,5,31,9,9,1,0.618157863616943,-1,-1,-1,-1,0.667129039764404
8,2,5,32,27,27,1,0.567129611968994,1,1,-1,-1,0.368157863616943
8,2,5,33,27,27,1,0.484254598617554,1,1,1,1,0.317129611968994
8,2,5,34,81,81,1,1.31719708442688,1,1,1,1,0.234254598617554
8,2,5,35,-9,9,1,1.16777920722961,1,1,1,1,1.06719708442688
8,2,5,36,81,81,0,0.967590808868408,-1,1,1,1,0.917779207229614
8,2,5,37,3,3,0,0.933770656585693,1,-1,1,-1,0.717590808868408
8,2,5,38,-9,9,1,0.667111158370972,1,-1,-1,1,0.683770656585693
8,2,5,39,-81,81,0,0.717112302780151,-1,1,-1,1,0.417111158370972
8,2,5,40,-27,27,0,0.783782243728638,-1,-1,1,-1,0.467112302780151
8,2,5,41,3,3,1,0.550472259521484,-1,-1,-1,-1,0.533782243728638
8,2,5,42,81,81,1,0.617124319076538,1,1,-1,-1,0.300472259521484
8,2,5,43,3,3,0,0.65046501159668,1,1,1,1,0.367124319076538
8,2,5,44,-81,81,0,0.817600011825562,1,-1,1,1,0.40046501159668
8,2,5,45,-3,3,0,0.883794069290161,-1,-1,-1,1,0.567600011825562
8,2,5,46,3,3,1,0.767552375793457,-1,-1,-1,-1,0.633794069290161
8,2,5,47,81,81,1,0.634250164031982,1,1,-1,-1,0.517552375793457
8,2,5,48,-3,3,1,0.967564821243286,1,1,1,1,0.384250164031982
8,2,5,49,-81,81,0,1.21710801124573,-1,1,1,1,0.717564821243286
8,2,5,50,-3,3,1,1.45087838172913,-1,-1,1,-1,0.967108011245728
8,2,5,51,3,3,1,1.18422889709473,-1,1,-1,-1,1.20087838172913
8,2,5,52,-81,81,0,0.767577648162842,1,1,1,-1,0.934228897094727
8,2,5,53,-9,9,1,0.667580366134644,-1,-1,1,1,0.517577648162842
8,2,5,54,81,81,1,0.600528240203857,-1,1,-1,-1,0.417580366134644
8,2,5,55,-9,9,1,0.417588710784912,1,1,1,-1,0.350528240203857
8,2,5,56,27,27,0,0.300466060638428,-1,1,1,1,0.167588710784912
8,2,5,57,27,27,1,1.36754965782166,1,-1,1,-1,0.0504660606384277
8,2,5,58,-0,0,1,1.1004810333252,1,1,-1,1,1.11754965782166
8,2,5,59,27,27,1,0.7171311378479,-1,1,1,1,0.850481033325195
8,2,5,60,-9,9,1,1.06757378578186,1,1,1,-1,0.4671311378479
8,2,5,64,81,81,1,0.667584180831909,-1,-1,1,1,0.633813142776489
8,2,5,65,0,0,1,0.617566108703613,1,1,-1,-1,0.417584180831909
8,2,5,66,0,0,1,0.950429439544678,1,1,1,1,0.367566108703613
8,2,5,67,-9,9,0,1.05046415328979,1,1,1,1,0.700429439544678
8,2,5,68,9,9,1,1.31760406494141,-1,-1,1,1,0.800464153289795
8,2,5,69,-3,3,1,0.784245014190674,1,1,-1,-1,1.06760406494141
8,2,5,70,0,0,0,0.634240388870239,-1,1,1,1,0.534245014190674
8,2,5,71,-9,9,0,1.41709089279175,1,-1,1,-1,0.384240388870239
8,2,5,72,-81,81,0,0.633846044540405,-1,-1,-1,1,1.16709089279175
8,2,5,73,-81,81,0,0.633810043334961,-1,-1,-1,-1,0.383846044540405
8,2,5,78,81,81,1,0.733808279037476,-1,-1,1,1,0.300908327102661
8,2,5,83,27,27,1,0.86757493019104,-1,-1,-1,-1,0.700450420379639
8,2,5,84,27,27,0,0.833802223205566,1,1,-1,-1,0.61757493019104
8,2,5,85,-27,27,1,0.967551231384277,1,-1,1,1,0.583802223205566
8,2,5,86,-0,0,1,0.983798027038574,-1,1,-1,1,0.717551231384277
8,2,5,87,-27,27,0,1.06711435317993,-1,1,1,-1,0.733798027038574
8,2,5,88,-0,0,0,0.900510549545288,-1,-1,1,-1,0.817114353179932
8,2,5,92,27,27,0,1.01711392402649,-1,-1,1,-1,0.717594146728516
8,2,5,93,-0,0,1,0.917570114135742,1,-1,-1,-1,0.767113924026489
8,2,5,94,-81,81,1,0.383825302124023,-1,1,-1,1,0.667570114135742
8,2,5,95,-3,3,0,0.400536298751831,-1,1,1,-1,0.133825302124023
8,2,5,96,-3,3,1,0.983768701553345,-1,-1,1,-1,0.150536298751831
8,2,5,97,3,3,0,0.95120906829834,-1,1,-1,-1,0.733768701553345
8,2,5,98,-81,81,0,0.717851161956787,1,-1,1,-1,0.70120906829834
8,2,5,99,-27,27,0,0.768131732940674,-1,-1,-1,1,0.467851161956787
8,2,6,2,-0,0,0,0.684281826019287,-1,-1,1,1,0.584471940994263
8,2,6,3,3,3,0,0.717123985290527,-1,-1,-1,-1,0.434281826019287
8,2,6,4,-27,27,0,0.583793878555298,1,-1,-1,-1,0.467123985290527
8,2,6,5,0,0,1,0.867118120193481,-1,-1,-1,1,0.333793878555298
8,2,6,6,-27,27,0,0.583866834640503,1,1,-1,-1,0.617118120193481
8,2,6,7,27,27,1,0.51725435256958,-1,-1,1,1,0.333866834640503
8,2,6,8,27,27,1,0.583804845809937,1,1,-1,-1,0.26725435256958
8,2,6,9,0,0,0,0.850917816162109,1,1,1,1,0.333804845809937
8,2,6,10,-81,81,0,0.533801078796387,1,-1,1,1,0.600917816162109
8,2,6,11,-81,81,0,0.533797979354858,-1,-1,-1,1,0.283801078796387
8,2,6,12,81,81,1,0.583801031112671,-1,-1,-1,-1,0.283797979354858
8,2,6,13,81,81,1,0.600476026535034,1,1,-1,-1,0.333801031112671
8,2,6,14,-27,27,0,0.583785533905029,1,1,1,1,0.350476026535034
8,2,6,15,81,81,1,0.584280729293823,-1,-1,1,1,0.333785533905029
8,2,6,16,81,81,1,0.600458860397339,1,1,-1,-1,0.334280729293823
8,2,6,17,-81,81,0,0.600918769836426,1,1,1,1,0.350458860397339
8,2,6,18,9,9,0,1.00045299530029,-1,-1,1,1,0.350918769836426
8,2,6,19,-81,81,0,0.600472688674927,1,-1,-1,-1,0.750452995300293
8,2,6,20,-3,3,0,0.684247970581055,-1,-1,-1,1,0.350472688674927
8,2,6,21,3,3,1,0.667991876602173,-1,-1,-1,-1,0.434247970581055
8,2,6,22,-3,3,1,0.600889921188354,1,1,-1,-1,0.417991876602173
8,2,6,23,9,9,1,0.734247922897339,-1,1,1,1,0.350889921188354
8,2,6,24,-81,81,0,0.567568063735962,1,1,1,-1,0.484247922897339
8,2,6,25,27,27,1,0.600880146026611,-1,-1,1,1,0.317568063735962
8,2,6,26,-3,3,1,0.883782863616943,1,1,-1,-1,0.350880146026611
8,2,6,27,0,0,1,0.651434898376465,-1,1,1,1,0.633782863616943
8,2,6,28,81,81,1,0.684248924255371,1,1,1,-1,0.401434898376465
8,2,6,29,-81,81,0,0.650459766387939,1,1,1,1,0.434248924255371
8,2,6,30,27,27,1,0.750449895858765,-1,-1,1,1,0.400459766387939
8,2,6,31,-0,0,1,0.567614078521729,1,1,-1,-1,0.500449895858765
8,2,6,32,27,27,1,0.667132377624512,-1,1,1,1,0.317614078521729
8,2,6,33,-3,3,0,0.834262371063232,1,1,1,-1,0.417132377624512
8,2,6,34,27,27,1,0.667569875717163,-1,-1,1,1,0.584262371063232
8,2,6,35,-9,9,1,0.483808279037476,1,1,-1,-1,0.417569875717163
8,2,6,36,9,9,1,0.950436353683472,-1,1,1,1,0.233808279037476
8,2,6,37,-3,3,0,0.650463342666626,1,1,1,-1,0.700436353683472
8,2,6,38,9,9,0,0.83380651473999,-1,-1,1,1,0.400463342666626
8,2,6,39,-27,27,1,0.717151165008545,1,-1,-1,-1,0.58380651473999
8,2,6,40,3,3,0,1.01718997955322,-1,1,-1,1,0.467151165008545
8,2,6,41,9,9,1,0.567591190338135,1,-1,1,-1,0.767189979553223
8,2,6,42,-3,3,1,0.717130184173584,1,1,-1,1,0.317591190338135
8,2,6,43,0,0,0,0.667121648788452,-1,1,1,1,0.467130184173584
8,2,6,44,-9,9,0,0.733790397644043,1,-1,1,-1,0.417121648788452
8,2,6,45,-81,81,0,0.533775806427002,-1,-1,-1,1,0.483790397644043
8,2,6,46,3,3,0,0.850460290908813,-1,-1,-1,-1,0.283775806427002
8,2,6,47,81,81,1,0.517591238021851,1,-1,-1,-1,0.600460290908813
8,2,6,48,-81,81,0,0.534250974655151,1,1,-1,1,0.267591238021851
8,2,6,49,0,0,0,0.333805322647095,-1,-1,1,1,0.284250974655151
8,2,6,50,-3,3,1,0.917579174041748,1,-1,-1,-1,0.0838053226470947
8,2,6,51,27,27,1,0.534259796142578,-1,1,-1,1,0.667579174041748
8,2,6,52,-3,3,1,0.683797359466553,1,1,1,-1,0.284259796142578
8,2,6,53,9,9,0,0.583798170089722,-1,1,1,1,0.433797359466553
8,2,6,54,-81,81,0,0.567132472991943,1,-1,1,-1,0.333798170089722
8,2,6,55,-9,9,0,0.684237718582153,-1,-1,-1,1,0.317132472991943
8,2,6,56,-27,27,0,0.650898456573486,-1,-1,-1,-1,0.434237718582153
8,2,6,60,3,3,0,0.300472259521484,1,-1,-1,-1,0.43379545211792
8,2,6,61,9,9,1,0.767131328582764,1,-1,-1,1,0.0504722595214844
8,2,6,62,9,9,1,0.667132377624512,1,1,-1,1,0.517131328582764
8,2,6,63,-9,9,0,0.600459814071655,1,1,1,1,0.417132377624512
8,2,6,64,9,9,0,0.584546566009521,-1,-1,1,1,0.350459814071655
8,2,6,65,81,81,1,0.567632436752319,1,-1,-1,-1,0.334546566009521
8,2,6,66,-0,0,0,0.867120265960693,1,1,-1,1,0.317632436752319
8,2,6,67,27,27,1,0.63425087928772,-1,-1,1,1,0.617120265960693
8,2,6,68,0,0,1,0.700481414794922,1,1,-1,-1,0.38425087928772
8,2,6,69,-81,81,0,0.601268768310547,1,1,1,1,0.450481414794922
8,2,6,70,27,27,1,0.583869218826294,-1,-1,1,1,0.351268768310547
8,2,6,71,-3,3,0,0.750452518463135,1,1,-1,-1,0.333869218826294
8,2,6,72,3,3,0,0.550917387008667,-1,-1,1,1,0.500452518463135
8,2,6,73,-27,27,0,0.383805274963379,1,-1,-1,-1,0.300917387008667
8,2,6,74,3,3,1,0.984240531921387,-1,-1,-1,1,0.133805274963379
8,2,6,75,-9,9,0,0.484219551086426,1,1,-1,-1,0.734240531921387
8,2,6,76,27,27,1,0.600889205932617,-1,-1,1,1,0.234219551086426
8,2,6,77,-9,9,0,0.500938415527344,1,1,-1,-1,0.350889205932617
8,2,6,78,9,9,0,0.733808517456055,-1,-1,1,1,0.250938415527344
8,2,6,79,-0,0,1,0.684262037277222,1,-1,-1,-1,0.483808517456055
8,2,6,80,27,27,1,0.551348209381104,-1,1,-1,1,0.434262037277222
8,2,6,81,-27,27,0,0.800437688827515,1,1,1,-1,0.301348209381104
8,2,6,82,0,0,1,0.433778762817383,-1,-1,1,1,0.550437688827515
8,2,6,83,-3,3,1,0.617151498794556,1,1,-1,-1,0.183778762817383
8,2,6,84,9,9,0,0.633866310119629,-1,1,1,1,0.367151498794556
8,2,6,85,-81,81,0,0.567125558853149,1,-1,1,-1,0.383866310119629
8,2,6,86,9,9,0,0.633808374404907,-1,-1,-1,1,0.317125558853149
8,2,6,87,-81,81,0,0.55054783821106,1,-1,-1,-1,0.383808374404907
8,2,6,88,27,27,1,0.717583417892456,-1,-1,-1,1,0.30054783821106
8,2,6,89,-3,3,1,0.634252071380615,1,1,-1,-1,0.467583417892456
8,2,6,90,81,81,1,0.61714506149292,-1,1,1,1,0.384252071380615
8,2,6,91,-27,27,0,0.66714334487915,1,1,1,-1,0.36714506149292
8,2,6,92,27,27,1,0.600951433181763,-1,-1,1,1,0.41714334487915
8,2,6,93,-81,81,0,0.617124319076538,1,1,-1,-1,0.350951433181763
8,2,6,94,27,27,1,0.683890342712402,-1,-1,1,1,0.367124319076538
8,2,6,95,-3,3,1,0.634662389755249,1,1,-1,-1,0.433890342712402
8,2,6,96,81,81,1,1.16714072227478,-1,1,1,1,0.384662389755249
8,2,6,97,-9,9,1,0.717139482498169,1,1,1,-1,0.91714072227478
8,2,6,98,3,3,1,0.884290456771851,-1,1,1,1,0.467139482498169
8,2,6,99,3,3,1,0.600920677185059,1,1,1,-1,0.634290456771851
8,2,6,2,27,27,1,0.917576789855957,-1,-1,1,1,0.267798185348511
8,2,6,3,81,81,1,0.600454568862915,1,1,-1,-1,0.667576789855957
8,2,6,4,-27,27,0,0.56758713722229,1,1,1,1,0.350454568862915
8,2,6,5,-9,9,1,0.71760892868042,-1,-1,1,1,0.31758713722229
8,2,6,6,-27,27,0,0.750882148742676,-1,1,-1,-1,0.46760892868042
8,2,6,7,3,3,0,0.634263038635254,-1,-1,1,-1,0.500882148742676
8,2,6,8,27,27,1,0.550468921661377,1,-1,-1,-1,0.384263038635254
8,2,6,9,-27,27,0,0.568059921264648,1,1,-1,1,0.300468921661377
8,2,6,10,9,9,0,0.951194763183594,-1,-1,1,1,0.318059921264648
8,2,6,11,-3,3,0,0.650456428527832,1,-1,-1,-1,0.701194763183594
8,2,6,12,27,27,1,0.600459814071655,-1,-1,-1,1,0.400456428527832
8,2,6,13,-9,9,0,0.950484275817871,1,1,-1,-1,0.350459814071655
8,2,6,14,9,9,0,0.933779954910278,-1,-1,1,1,0.700484275817871
8,2,6,15,-27,27,0,0.55093789100647,1,-1,-1,-1,0.683779954910278
8,2,6,16,-27,27,0,0.567580938339233,-1,-1,-1,1,0.30093789100647
8,2,6,17,9,9,1,0.884344100952148,-1,-1,-1,-1,0.317580938339233
8,2,6,18,-81,81,0,0.567130088806152,1,1,-1,-1,0.634344100952148
8,2,6,19,27,27,1,0.650482892990112,-1,-1,1,1,0.317130088806152
8,2,6,20,-0,0,1,0.65091609954834,1,1,-1,-1,0.400482892990112
8,2,6,21,-81,81,0,0.584252119064331,-1,1,1,1,0.40091609954834
8,2,6,22,27,27,1,0.650468826293945,-1,-1,1,-1,0.334252119064331
8,2,6,23,-27,27,0,0.600912094116211,1,1,-1,-1,0.400468826293945
8,2,6,24,9,9,1,0.85091233253479,-1,-1,1,1,0.350912094116211
8,2,6,25,-3,3,0,0.750489473342896,1,1,-1,-1,0.60091233253479
8,2,6,26,9,9,1,0.733778238296509,-1,-1,1,1,0.500489473342896
8,2,6,27,-3,3,1,0.633786916732788,1,1,-1,-1,0.483778238296509
8,2,6,28,-9,9,0,0.534253358840942,-1,1,1,1,0.383786916732788
8,2,6,29,0,0,0,0.500927925109863,-1,-1,1,-1,0.284253358840942
8,2,6,30,81,81,1,0.633798837661743,1,-1,-1,-1,0.250927925109863
8,2,6,31,-27,27,0,0.534272909164429,1,1,-1,1,0.383798837661743
8,2,6,32,3,3,1,0.650482177734375,-1,-1,1,1,0.284272909164429
8,2,6,33,-3,3,0,0.600918054580688,1,1,-1,-1,0.400482177734375
8,2,6,34,-27,27,0,0.933783531188965,-1,-1,1,1,0.350918054580688
8,2,6,35,-81,81,0,0.517125129699707,-1,-1,-1,-1,0.683783531188965
8,2,6,36,-0,0,1,0.700915098190308,-1,-1,-1,-1,0.267125129699707
8,2,6,37,27,27,1,0.567162275314331,-1,1,-1,-1,0.450915098190308
8,2,6,38,-3,3,0,0.833800077438354,1,1,1,-1,0.317162275314331
8,2,6,39,3,3,0,0.600912809371948,-1,-1,1,1,0.583800077438354
8,2,6,40,-0,0,0,0.650464296340942,1,-1,-1,-1,0.350912809371948
8,2,6,41,27,27,0,0.817117214202881,-1,-1,-1,1,0.400464296340942
8,2,6,42,-81,81,0,0.567594289779663,1,-1,-1,-1,0.567117214202881
8,2,6,43,27,27,1,0.550917863845825,-1,-1,-1,1,0.317594289779663
8,2,6,44,-3,3,0,0.73379373550415,1,1,-1,-1,0.300917863845825
8,2,6,45,-27,27,0,0.550922155380249,-1,-1,1,1,0.48379373550415
8,2,6,46,-81,81,0,0.550925970077515,-1,-1,-1,-1,0.300922155380249
8,2,6,47,9,9,1,1.23377394676208,-1,-1,-1,-1,0.300925970077515
8,2,6,48,-81,81,0,0.600492238998413,1,1,-1,-1,0.983773946762085
8,2,6,49,9,9,1,0.283834934234619,-1,-1,1,1,0.350492238998413
8,2,6,50,-81,81,0,0.60045599937439,1,1,-1,-1,0.0338349342346191
8,2,6,51,81,81,1,0.550469160079956,-1,-1,1,1,0.35045599937439
8,2,6,52,-3,3,0,0.700467109680176,1,1,-1,-1,0.300469160079956
8,2,6,53,-81,81,0,0.884238958358765,-1,-1,1,1,0.450467109680176
8,2,6,54,9,9,1,0.650464057922363,-1,-1,-1,-1,0.634238958358765
8,2,6,55,81,81,1,0.583793878555298,1,1,-1,-1,0.400464057922363
8,2,6,56,-3,3,1,0.850458145141602,1,1,1,1,0.333793878555298
8,2,6,57,-3,3,0,0.61711573600769,-1,1,1,1,0.600458145141602
8,2,6,58,9,9,1,0.700949907302856,-1,-1,1,-1,0.36711573600769
8,2,6,59,-81,81,0,0.734788179397583,1,1,-1,-1,0.450949907302856
8,2,6,60,9,9,0,0.700923442840576,-1,-1,1,1,0.484788179397583
8,2,6,61,-9,9,1,0.86758017539978,1,-1,-1,-1,0.450923442840576
8,2,6,62,3,3,0,0.784212350845337,-1,1,-1,1,0.61758017539978
8,2,6,63,-0,0,1,0.367132425308228,1,-1,1,-1,0.534212350845337
8,2,6,64,3,3,1,0.583812236785889,-1,1,-1,1,0.117132425308228
8,2,6,65,81,81,1,0.484262228012085,1,1,1,-1,0.333812236785889
8,2,6,66,-9,9,1,0.667556285858154,1,1,1,1,0.234262228012085
8,2,6,67,-3,3,0,1.23377728462219,-1,1,1,1,0.417556285858154
8,2,6,68,-9,9,0,0.617131948471069,-1,-1,1,-1,0.983777284622192
8,2,6,69,-3,3,0,0.617126226425171,-1,-1,-1,-1,0.367131948471069
8,2,6,70,81,81,1,0.534263134002686,-1,-1,-1,-1,0.367126226425171
8,2,6,71,-0,0,0,0.700473070144653,1,1,-1,-1,0.284263134002686
8,2,6,72,-0,0,1,0.66758918762207,-1,-1,1,1,0.450473070144653
8,2,6,73,9,9,0,0.783779859542847,-1,1,-1,-1,0.41758918762207
8,2,6,74,-3,3,0,0.551236391067505,1,-1,1,-1,0.533779859542847
8,2,6,75,27,27,1,0.733794927597046,-1,-1,-1,1,0.301236391067505
8,2,6,76,3,3,1,1.05090665817261,1,1,-1,-1,0.483794927597046
8,2,6,77,27,27,1,0.750460863113403,1,1,1,1,0.800906658172607
8,2,6,78,-0,0,0,1.10044693946838,1,1,1,1,0.500460863113403
8,2,6,79,-9,9,0,0.634293079376221,-1,-1,1,1,0.850446939468384
8,2,6,80,0,0,0,0.984227180480957,-1,-1,-1,-1,0.384293079376221
8,2,6,81,-81,81,0,0.617583990097046,1,-1,-1,-1,0.734227180480957
8,2,6,82,9,9,1,0.650485038757324,-1,-1,-1,1,0.367583990097046
8,2,6,83,-3,3,0,0.633788108825684,1,1,-1,-1,0.400485038757324
8,2,6,84,3,3,0,0.734644889831543,-1,-1,1,1,0.383788108825684
8,2,6,85,-81,81,0,0.517138242721558,1,-1,-1,-1,0.484644889831543
8,2,6,86,81,81,1,0.533817052841187,-1,-1,-1,1,0.267138242721558
8,2,6,87,-3,3,0,0.717570781707764,1,1,-1,-1,0.283817052841187
8,2,6,88,3,3,1,0.78424334526062,-1,-1,1,1,0.467570781707764
8,2,6,89,81,81,1,0.550466060638428,1,1,-1,-1,0.53424334526062
8,2,6,90,-81,81,0,0.55046010017395,1,1,1,1,0.300466060638428
8,2,6,91,-27,27,0,0.900447368621826,-1,-1,1,1,0.30046010017395
8,2,6,92,9,9,0,1.01755738258362,-1,-1,-1,-1,0.650447368621826
8,2,6,93,-9,9,1,0.633822202682495,1,-1,-1,-1,0.767557382583618
8,2,6,94,27,27,1,0.633797168731689,-1,1,-1,1,0.383822202682495
8,2,6,95,-9,9,1,0.767153024673462,1,1,1,-1,0.383797168731689
8,2,6,96,-81,81,0,0.56713342666626,-1,1,1,1,0.517153024673462
8,2,6,97,-0,0,1,1.01758027076721,-1,-1,1,-1,0.31713342666626
8,2,6,98,-0,0,1,0.617561101913452,-1,1,-1,-1,0.767580270767212
8,2,6,99,27,27,1,0.583799123764038,-1,1,1,-1,0.367561101913452
8,3,1,2,-0,0,1,0.734220027923584,1,1,1,1,1.23399806022644
8,3,1,3,81,81,1,0.634244918823242,-1,1,1,1,0.484220027923584
8,3,1,4,81,81,1,0.617146968841553,1,1,1,-1,0.384244918823242
8,3,1,5,81,81,1,0.600523471832275,1,1,1,1,0.367146968841553
8,3,1,6,-81,81,0,0.617125272750854,1,1,1,1,0.350523471832275
8,3,1,7,0,0,1,0.850450992584229,-1,-1,1,1,0.367125272750854
8,3,1,8,27,27,1,0.617119073867798,1,1,-1,-1,0.600450992584229
8,3,1,9,9,9,1,0.750451803207397,1,1,1,1,0.367119073867798
8,3,1,10,3,3,1,0.967565059661865,1,1,1,1,0.500451803207397
8,3,1,11,-3,3,1,0.850915908813477,1,1,1,1,0.717565059661865
8,3,1,12,-0,0,0,0.833789110183716,-1,1,1,1,0.600915908813477
8,3,1,13,81,81,1,0.684289932250977,-1,-1,1,-1,0.583789110183716
8,3,1,14,9,9,0,0.800908088684082,1,1,-1,-1,0.434289932250977
8,3,1,15,3,3,0,0.900870800018311,1,-1,1,1,0.550908088684082
8,3,1,16,27,27,1,0.567126989364624,1,-1,-1,1,0.650870800018311
8,3,1,17,27,27,1,0.683797121047974,1,1,-1,1,0.317126989364624
8,3,1,18,-3,3,1,0.900466203689575,1,1,1,1,0.433797121047974
8,3,1,19,27,27,1,0.767553329467773,-1,1,1,1,0.650466203689575
8,3,1,20,0,0,0,1.13379693031311,1,1,1,-1,0.517553329467773
8,3,1,21,81,81,1,0.600461959838867,1,-1,1,1,0.88379693031311
8,3,1,22,9,9,1,0.784257173538208,1,1,-1,1,0.350461959838867
8,3,1,23,3,3,0,0.783791065216064,1,1,1,1,0.534257173538208
8,3,1,24,81,81,1,0.617129802703857,1,-1,1,1,0.533791065216064
8,3,1,25,-27,27,0,0.667135000228882,1,1,-1,1,0.367129802703857
8,3,1,26,81,81,1,0.783783912658691,-1,-1,1,1,0.417135000228882
8,3,1,27,27,27,1,1.21714615821838,1,1,-1,-1,0.533783912658691
8,3,1,28,9,9,1,0.90044903755188,1,1,1,1,0.967146158218384
8,3,1,29,0,0,1,0.984447956085205,1,1,1,1,0.65044903755188
8,3,1,30,9,9,1,0.850466251373291,1,1,1,1,0.734447956085205
8,3,1,31,9,9,1,1.08377909660339,1,1,1,1,0.600466251373291
8,3,1,32,9,9,0,0.917102098464966,1,1,1,1,0.833779096603394
8,3,1,33,-0,0,0,0.950453996658325,1,-1,1,1,0.667102098464966
8,3,1,34,-9,9,1,1.08379578590393,-1,-1,-1,1,0.700453996658325
8,3,1,35,-0,0,1,0.917139053344727,-1,1,-1,-1,0.833795785903931
8,3,1,36,-81,81,0,0.650457143783569,-1,1,1,-1,0.667139053344727
8,3,1,37,27,27,1,0.75090503692627,-1,-1,1,-1,0.400457143783569
8,3,1,38,0,0,1,0.750474214553833,1,1,-1,-1,0.50090503692627
8,3,1,39,81,81,1,0.667186260223389,1,1,1,1,0.500474214553833
8,3,1,40,-9,9,0,1.26710534095764,1,1,1,1,0.417186260223389
8,3,1,41,-9,9,1,1.25089836120605,-1,-1,1,1,1.01710534095764
8,3,1,42,9,9,1,0.800909996032715,-1,1,-1,-1,1.00089836120605
8,3,1,43,-3,3,0,0.867120981216431,1,1,1,-1,0.550909996032715
8,3,1,44,-3,3,0,0.850436925888062,-1,-1,1,1,0.617120981216431
8,3,1,45,-3,3,0,0.850931167602539,-1,-1,-1,-1,0.600436925888062
8,3,1,46,9,9,0,0.900875091552734,-1,-1,-1,-1,0.600931167602539
8,3,1,47,27,27,1,0.667132139205933,1,-1,-1,-1,0.650875091552734
8,3,1,48,3,3,1,0.833791017532349,1,1,-1,1,0.417132139205933
8,3,1,49,-81,81,0,0.65092921257019,1,1,1,1,0.583791017532349
8,3,1,50,-81,81,0,0.667726755142212,-1,-1,1,1,0.40092921257019
8,3,1,51,-81,81,0,0.583801984786987,-1,-1,-1,-1,0.417726755142212
8,3,1,52,27,27,1,0.618052959442139,-1,-1,-1,-1,0.333801984786987
8,3,1,56,-27,27,0,0.634242296218872,1,1,1,-1,0.567121028900146
8,3,1,57,-27,27,0,0.783786773681641,-1,-1,1,1,0.384242296218872
8,3,1,58,81,81,1,0.650471925735474,-1,-1,-1,-1,0.533786773681641
8,3,1,59,27,27,1,0.884625196456909,1,1,-1,-1,0.400471925735474
8,3,1,60,-3,3,0,0.733793020248413,1,1,1,1,0.634625196456909
8,3,1,61,27,27,1,0.618124008178711,-1,-1,1,1,0.483793020248413
8,3,1,62,-27,27,0,1.05044889450073,1,1,-1,-1,0.368124008178711
8,3,1,63,9,9,0,0.933778285980225,-1,-1,1,1,0.800448894500732
8,3,1,64,81,81,1,0.667550086975098,1,-1,-1,-1,0.683778285980225
8,3,1,65,3,3,0,1.03378415107727,1,1,-1,1,0.417550086975098
8,3,1,66,-9,9,0,0.917581081390381,1,-1,1,1,0.783784151077271
8,3,1,67,81,81,1,0.667128086090088,-1,-1,-1,1,0.667581081390381
8,3,1,68,-81,81,0,0.633801937103271,1,1,-1,-1,0.417128086090088
8,3,1,69,-3,3,1,0.817884922027588,-1,-1,1,1,0.383801937103271
8,3,1,70,-27,27,0,0.900454044342041,-1,1,-1,-1,0.567884922027588
8,3,1,71,-27,27,0,0.967120170593262,-1,-1,1,-1,0.650454044342041
8,3,1,72,9,9,1,1.03425359725952,-1,-1,-1,-1,0.717120170593262
8,3,1,73,-3,3,1,0.884246110916138,1,1,-1,-1,0.784253597259521
8,3,1,74,-3,3,0,0.817582130432129,-1,1,1,1,0.634246110916138
8,3,1,75,-81,81,0,0.650907278060913,-1,-1,1,-1,0.567582130432129
8,3,1,76,27,27,1,0.768110990524292,-1,-1,-1,-1,0.400907278060913
8,3,1,77,-27,27,0,0.88378119468689,1,1,-1,-1,0.518110990524292
8,3,1,78,-9,9,0,1.00047945976257,-1,-1,1,1,0.63378119468689
8,3,1,79,81,81,1,0.733834505081177,-1,-1,-1,-1,0.750479459762573
8,3,1,80,-9,9,0,1.00090837478638,1,1,-1,-1,0.483834505081177
8,3,1,81,27,27,1,0.867121934890747,-1,-1,1,1,0.750908374786377
8,3,1,82,-9,9,0,1.03377819061279,1,1,-1,-1,0.617121934890747
8,3,1,83,27,27,1,0.900444030761719,-1,-1,1,1,0.783778190612793
8,3,1,84,0,0,0,0.967142105102539,1,1,-1,-1,0.650444030761719
8,3,1,85,27,27,1,0.850941181182861,1,-1,1,1,0.717142105102539
8,3,1,86,-3,3,0,0.868108987808228,1,1,-1,1,0.600941181182861
8,3,1,87,-9,9,0,0.817600965499878,-1,-1,1,1,0.618108987808228
8,3,1,88,-3,3,0,0.86715292930603,-1,-1,-1,-1,0.567600965499878
8,3,1,89,0,0,0,0.950947284698486,-1,-1,-1,-1,0.61715292930603
8,3,1,90,81,81,1,0.683794260025024,1,-1,-1,-1,0.700947284698486
8,3,1,91,81,81,1,0.683825016021729,1,1,-1,1,0.433794260025024
8,3,1,92,27,27,1,0.750514268875122,1,1,1,1,0.433825016021729
8,3,1,93,3,3,0,0.784219026565552,1,1,1,1,0.500514268875122
8,3,1,94,-81,81,0,0.683855056762695,1,-1,1,1,0.534219026565552
8,3,1,95,3,3,1,1.13380098342896,-1,-1,-1,1,0.433855056762695
8,3,1,96,9,9,1,0.800456523895264,1,1,-1,-1,0.883800983428955
8,3,1,97,3,3,1,0.817582845687866,1,1,1,1,0.550456523895264
8,3,1,98,-9,9,1,0.717120170593262,1,1,1,1,0.567582845687866
8,3,1,99,3,3,1,0.983782052993774,-1,1,1,1,0.467120170593262
8,3,2,2,81,81,1,0.717571258544922,1,1,1,1,0.75066089630127
8,3,2,3,9,9,1,0.884228944778442,1,1,1,1,0.467571258544922
8,3,2,4,3,3,0,1.05091404914856,1,1,1,1,0.634228944778442
8,3,2,5,9,9,1,0.817992210388184,1,-1,1,1,0.80091404914856
8,3,2,6,81,81,1,0.617147207260132,1,1,-1,1,0.567992210388184
8,3,2,7,-81,81,0,0.55091381072998,1,1,1,1,0.367147207260132
8,3,2,8,-9,9,1,1.05043172836304,-1,-1,1,1,0.30091381072998
8,3,2,9,9,9,1,0.883783102035522,-1,1,-1,-1,0.800431728363037
8,3,2,10,9,9,1,0.933775186538696,1,1,1,-1,0.633783102035522
8,3,2,11,9,9,1,1.00045013427734,1,1,1,1,0.683775186538696
8,3,2,12,9,9,1,0.667124032974243,1,1,1,1,0.750450134277344
8,3,2,13,27,27,1,1.08375954627991,1,1,1,1,0.417124032974243
8,3,2,14,0,0,1,0.900454044342041,1,1,1,1,0.833759546279907
8,3,2,15,3,3,1,0.817547082901001,1,1,1,1,0.650454044342041
8,3,2,16,9,9,1,0.96714186668396,1,1,1,1,0.567547082901001
8,3,2,17,9,9,1,0.950899839401245,1,1,1,1,0.71714186668396
8,3,2,18,27,27,1,0.834245920181274,1,1,1,1,0.700899839401245
8,3,2,19,-27,27,0,0.567163944244385,1,1,1,1,0.584245920181274
8,3,2,20,-3,3,1,1.30091595649719,-1,-1,1,1,0.317163944244385
8,3,2,21,-81,81,0,0.634265661239624,-1,1,-1,-1,1.05091595649719
8,3,2,22,-9,9,0,0.834252595901489,-1,-1,1,-1,0.384265661239624
8,3,2,23,-3,3,0,1.1179096698761,-1,-1,-1,-1,0.584252595901489
8,3,2,24,-27,27,0,0.61721396446228,-1,-1,-1,-1,0.867909669876099
8,3,2,25,-0,0,1,0.951267004013062,-1,-1,-1,-1,0.36721396446228
8,3,2,26,-3,3,0,0.700454950332642,-1,1,-1,-1,0.701267004013062
8,3,2,27,-9,9,1,1.23378610610962,-1,-1,1,-1,0.450454950332642
8,3,2,28,-3,3,1,0.900501012802124,-1,1,-1,-1,0.983786106109619
8,3,2,29,-27,27,0,0.683794736862183,-1,1,1,-1,0.650501012802124
8,3,2,30,-27,27,0,0.784245014190674,-1,-1,1,-1,0.433794736862183
8,3,2,31,-81,81,0,0.583825826644897,-1,-1,-1,-1,0.534245014190674
8,3,2,32,-9,9,1,0.750450134277344,-1,-1,-1,-1,0.333825826644897
8,3,2,33,9,9,0,0.900871992111206,-1,1,-1,-1,0.500450134277344
8,3,2,34,0,0,1,0.783796072006226,1,-1,1,-1,0.650871992111206
8,3,2,35,9,9,1,0.617717027664185,1,1,-1,1,0.533796072006226
8,3,2,36,3,3,0,0.85046911239624,1,1,1,1,0.367717027664185
8,3,2,37,27,27,1,0.600542068481445,1,-1,1,1,0.60046911239624
8,3,2,38,27,27,1,0.733863115310669,1,1,-1,1,0.350542068481445
8,3,2,39,-9,9,0,0.984240770339966,1,1,1,1,0.483863115310669
8,3,2,40,-27,27,0,0.83424711227417,-1,-1,1,1,0.734240770339966
8,3,2,41,-81,81,0,0.583813667297363,-1,-1,-1,-1,0.58424711227417
8,3,2,42,-27,27,0,0.634218215942383,-1,-1,-1,-1,0.333813667297363
8,3,2,43,-0,0,0,0.750476598739624,-1,-1,-1,-1,0.384218215942383
8,3,2,44,-81,81,0,0.583858728408813,-1,-1,-1,-1,0.500476598739624
8,3,2,45,-3,3,1,0.751458168029785,-1,-1,-1,-1,0.333858728408813
8,3,2,46,-9,9,1,1.0337860584259,-1,1,-1,-1,0.501458168029785
8,3,2,47,-81,81,0,0.533777475357056,-1,1,1,-1,0.783786058425903
8,3,2,48,81,81,1,0.583805084228516,-1,-1,1,-1,0.283777475357056
8,3,2,49,0,0,1,0.617578506469727,1,1,-1,-1,0.333805084228516
8,3,2,50,27,27,0,0.733793973922729,1,1,1,1,0.367578506469727
8,3,2,51,0,0,1,0.917104959487915,1,-1,1,1,0.483793973922729
8,3,2,52,3,3,1,0.867117166519165,1,1,-1,1,0.667104959487915
8,3,2,53,-81,81,0,0.534250736236572,1,1,1,1,0.617117166519165
8,3,2,54,-81,81,0,0.583817958831787,-1,-1,1,1,0.284250736236572
8,3,2,55,-27,27,0,0.917600154876709,-1,-1,-1,-1,0.333817958831787
8,3,2,56,-81,81,0,0.683797121047974,-1,-1,-1,-1,0.667600154876709
8,3,2,57,-3,3,0,1.11713409423828,-1,-1,-1,-1,0.433797121047974
8,3,2,58,3,3,1,0.583802461624146,-1,-1,-1,-1,0.867134094238281
8,3,2,59,27,27,1,0.717130422592163,1,1,-1,-1,0.333802461624146
8,3,2,60,9,9,1,0.767106771469116,1,1,1,1,0.467130422592163
8,3,2,61,3,3,1,0.983760595321655,1,1,1,1,0.517106771469116
8,3,2,62,-9,9,0,1.05045199394226,1,1,1,1,0.733760595321655
8,3,2,63,-81,81,0,0.617594003677368,-1,-1,1,1,0.800451993942261
8,3,2,64,-0,0,1,0.517599105834961,-1,-1,-1,-1,0.367594003677368
8,3,2,65,-81,81,0,0.584240913391113,-1,1,-1,-1,0.267599105834961
8,3,2,66,-3,3,1,1.46756863594055,-1,-1,1,-1,0.334240913391113
8,3,2,67,3,3,0,1.30092120170593,-1,1,-1,-1,1.21756863594055
8,3,2,68,0,0,0,1.26710510253906,1,-1,1,-1,1.05092120170593
8,3,2,69,27,27,1,0.834249019622803,1,-1,-1,1,1.01710510253906
8,3,2,70,81,81,1,0.617115020751953,1,1,-1,1,0.584249019622803
8,3,2,74,27,27,1,0.584249973297119,1,1,1,1,0.400511026382446
8,3,2,75,3,3,1,1.10044193267822,1,1,1,1,0.334249973297119
8,3,2,76,3,3,1,0.851204872131348,1,1,1,1,0.850441932678223
8,3,2,77,9,9,0,0.784204483032227,1,1,1,1,0.601204872131348
8,3,2,78,81,81,1,0.58385181427002,1,-1,1,1,0.534204483032227
8,3,2,79,-81,81,0,1.0671398639679,1,1,-1,1,0.33385181427002
8,3,2,80,27,27,1,0.701434135437012,-1,-1,1,1,0.817139863967896
8,3,2,81,-27,27,0,1.13420391082764,1,1,-1,-1,0.451434135437012
8,3,2,82,-0,0,0,1.0842490196228,-1,-1,1,1,0.884203910827637
8,3,2,83,-0,0,0,0.667106866836548,-1,-1,-1,-1,0.834249019622803
8,3,2,84,-81,81,0,0.600448846817017,-1,-1,-1,-1,0.417106866836548
8,3,2,85,0,0,0,1.16716909408569,-1,-1,-1,-1,0.350448846817017
8,3,2,86,-3,3,1,1.08377289772034,1,-1,-1,-1,0.917169094085693
8,3,2,90,3,3,0,1.26713228225708,1,1,1,1,0.284260988235474
8,3,2,91,27,27,0,0.667580842971802,1,-1,1,1,1.01713228225708
8,3,2,92,-3,3,1,0.967112064361572,1,-1,-1,1,0.417580842971802
8,3,2,93,9,9,0,1.03385305404663,-1,1,-1,1,0.717112064361572
8,3,2,94,3,3,1,0.567131996154785,1,-1,1,-1,0.783853054046631
8,3,2,95,81,81,1,1.0342423915863,1,1,-1,1,0.317131996154785
8,3,2,96,27,27,0,1.35044622421265,1,1,1,1,0.784242391586304
8,3,2,97,81,81,1,0.5842125415802,1,-1,1,1,1.10044622421265
8,3,2,98,3,3,1,0.367183923721313,1,1,-1,1,0.3342125415802
8,3,2,99,3,3,1,1.08422613143921,1,1,1,1,0.117183923721313
8,3,3,2,3,3,1,1.00048065185547,1,1,1,1,1.11777305603027
8,3,3,3,9,9,1,0.967539072036743,1,1,1,1,0.750480651855469
8,3,3,4,3,3,1,0.983775854110718,1,1,1,1,0.717539072036743
8,3,3,5,3,3,1,0.917120933532715,1,1,1,1,0.733775854110718
8,3,3,6,3,3,1,0.867121934890747,1,1,1,1,0.667120933532715
8,3,3,7,81,81,1,1.06710481643677,1,1,1,1,0.617121934890747
8,3,3,8,3,3,1,0.750471830368042,1,1,1,1,0.817104816436768
8,3,3,9,3,3,1,0.883784055709839,1,1,1,1,0.500471830368042
8,3,3,10,81,81,1,0.617583036422729,1,1,1,1,0.633784055709839
8,3,3,11,81,81,1,0.633786678314209,1,1,1,1,0.367583036422729
8,3,3,12,27,27,1,0.984288930892944,1,1,1,1,0.383786678314209
8,3,3,13,-9,9,1,0.700473785400391,1,1,1,1,0.734288930892944
8,3,3,17,-81,81,0,0.817576169967651,-1,-1,-1,-1,0.734239101409912
8,3,3,18,-27,27,0,0.667122840881348,-1,-1,-1,-1,0.567576169967651
8,3,3,19,-81,81,0,0.950904846191406,-1,-1,-1,-1,0.417122840881348
8,3,3,20,-3,3,0,1.33375597000122,-1,-1,-1,-1,0.700904846191406
8,3,3,21,-81,81,0,0.700479030609131,-1,-1,-1,-1,1.08375597000122
8,3,3,22,9,9,0,1.01711297035217,-1,-1,-1,-1,0.450479030609131
8,3,3,23,3,3,0,0.884241104125977,1,-1,-1,-1,0.767112970352173
8,3,3,24,9,9,1,0.650459051132202,1,-1,-1,1,0.634241104125977
8,3,3,25,-0,0,0,0.783791780471802,1,1,-1,1,0.400459051132202
8,3,3,26,-0,0,0,0.817125082015991,-1,-1,1,1,0.533791780471802
8,3,3,27,-27,27,0,0.867560148239136,-1,-1,-1,-1,0.567125082015991
8,3,3,28,81,81,1,1.01711893081665,-1,-1,-1,-1,0.617560148239136
8,3,3,29,81,81,1,0.600890159606934,1,1,-1,-1,0.76711893081665
8,3,3,30,81,81,1,0.600911855697632,1,1,1,1,0.350890159606934
8,3,3,31,-0,0,1,1.10051226615906,1,1,1,1,0.350911855697632
8,3,3,32,0,0,1,0.533787250518799,-1,1,1,1,0.850512266159058
8,3,3,33,9,9,1,0.750456809997559,1,1,1,-1,0.283787250518799
8,3,3,34,-9,9,1,0.650925159454346,1,1,1,1,0.500456809997559
8,3,3,35,-9,9,0,0.817577123641968,-1,1,1,1,0.400925159454346
8,3,3,36,-81,81,0,1.05092310905457,-1,-1,1,-1,0.567577123641968
8,3,3,37,-0,0,1,0.750468015670776,-1,-1,-1,-1,0.800923109054565
8,3,3,38,-27,27,0,1.4504222869873,-1,1,-1,-1,0.500468015670776
8,3,3,39,-3,3,0,1.31756997108459,-1,-1,1,-1,1.2004222869873
8,3,3,40,-3,3,0,0.933770895004272,-1,-1,-1,-1,1.06756997108459
8,3,3,41,-81,81,0,0.55046534538269,-1,-1,-1,-1,0.683770895004272
8,3,3,42,9,9,1,0.750908374786377,-1,-1,-1,-1,0.30046534538269
8,3,3,43,81,81,1,0.917119264602661,1,1,-1,-1,0.500908374786377
8,3,3,44,-27,27,0,0.550964117050171,1,1,1,1,0.667119264602661
8,3,3,45,-81,81,0,1.28420042991638,-1,-1,1,1,0.300964117050171
8,3,3,46,-3,3,1,0.817573547363281,-1,-1,-1,-1,1.03420042991638
8,3,3,47,27,27,1,1.03456449508667,-1,1,-1,-1,0.567573547363281
8,3,3,48,27,27,1,0.483793973922729,1,1,1,-1,0.78456449508667
8,3,3,49,27,27,1,0.633796215057373,1,1,1,1,0.233793973922729
8,3,3,50,9,9,1,1.01711797714233,1,1,1,1,0.383796215057373
8,3,3,51,9,9,0,1.26710414886475,1,1,1,1,0.767117977142334
8,3,3,52,27,27,1,0.734247207641602,1,-1,1,1,1.01710414886475
8,3,3,53,27,27,1,0.800463199615479,1,1,-1,1,0.484247207641602
8,3,3,54,3,3,0,0.867124319076538,1,1,1,1,0.550463199615479
8,3,3,55,9,9,1,0.967117309570312,1,-1,1,1,0.617124319076538
8,3,3,56,81,81,1,1.16758704185486,1,1,-1,1,0.717117309570312
8,3,3,57,0,0,1,1.20124411582947,1,1,1,1,0.917587041854858
8,3,3,58,3,3,0,0.934244155883789,1,1,1,1,0.951244115829468
8,3,3,59,27,27,0,0.917695283889771,1,-1,1,1,0.684244155883789
8,3,3,63,9,9,1,0.634252071380615,-1,-1,-1,-1,0.484232425689697
8,3,3,64,27,27,1,0.784227132797241,1,1,-1,-1,0.384252071380615
8,3,3,65,9,9,1,0.717125177383423,1,1,1,1,0.534227132797241
8,3,3,66,81,81,0,0.400470018386841,1,1,1,1,0.467125177383423
8,3,3,67,-3,3,0,1.06757140159607,1,-1,1,1,0.150470018386841
8,3,3,68,81,81,1,0.817623138427734,-1,-1,-1,1,0.817571401596069
8,3,3,69,3,3,0,0.71789813041687,1,1,-1,-1,0.567623138427734
8,3,3,70,27,27,1,1.1175901889801,1,-1,1,1,0.46789813041687
8,3,3,71,-27,27,0,0.617136001586914,1,1,-1,1,0.867590188980103
8,3,3,72,-9,9,0,0.634217977523804,-1,-1,1,1,0.367136001586914
8,3,3,73,9,9,0,1.06712317466736,-1,-1,-1,-1,0.384217977523804
8,3,3,74,27,27,1,1.18384718894958,1,-1,-1,-1,0.817123174667358
8,3,3,75,81,81,1,0.667599201202393,1,1,-1,1,0.933847188949585
8,3,3,76,-27,27,0,0.517158031463623,1,1,1,1,0.417599201202393
8,3,3,77,0,0,0,1.01756453514099,-1,-1,1,1,0.267158031463623
8,3,3,78,3,3,1,1.33379292488098,1,-1,-1,-1,0.767564535140991
8,3,3,79,0,0,1,1.28377723693848,1,1,-1,1,1.08379292488098
8,3,3,80,27,27,0,1.28377151489258,1,1,1,1,1.03377723693848
8,3,3,81,9,9,0,0.734398126602173,1,-1,1,1,1.03377151489258
8,3,3,82,0,0,0,0.734487295150757,1,-1,-1,1,0.484398126602173
8,3,3,83,-3,3,1,1.13420486450195,1,-1,-1,1,0.484487295150757
8,3,3,84,27,27,0,0.534426927566528,-1,1,-1,1,0.884204864501953
8,3,3,85,9,9,1,1.18379807472229,1,-1,1,-1,0.284426927566528
8,3,3,89,3,3,0,0.751338005065918,-1,-1,1,1,0.350929260253906
8,3,3,90,9,9,1,0.550976276397705,1,-1,-1,-1,0.501338005065918
8,3,3,91,-27,27,0,0.93427848815918,1,1,-1,1,0.300976276397705
8,3,3,92,-27,27,0,0.717153072357178,-1,-1,1,1,0.68427848815918
8,3,3,93,-9,9,0,0.95093822479248,-1,-1,-1,-1,0.467153072357178
8,3,3,94,-81,81,1,1.03427982330322,-1,-1,-1,-1,0.70093822479248
8,3,3,95,-81,81,0,0.584258079528809,-1,1,-1,-1,0.784279823303223
8,3,3,96,-81,81,0,0.55045485496521,-1,-1,1,-1,0.334258079528809
8,3,3,97,81,81,1,1.18379783630371,-1,-1,-1,-1,0.30045485496521
8,3,3,98,81,81,1,1.10044622421265,1,1,-1,-1,0.933797836303711
8,3,3,99,3,3,1,0.684250116348267,1,1,1,1,0.850446224212646
8,3,4,2,-81,81,1,1.36755704879761,1,1,-1,-1,0.417386293411255
8,3,4,3,-81,81,0,0.533810615539551,-1,1,1,1,1.11755704879761
8,3,4,4,81,81,1,0.600460767745972,-1,-1,1,-1,0.283810615539551
8,3,4,5,-3,3,1,1.48380994796753,1,1,-1,-1,0.350460767745972
8,3,4,6,3,3,0,1.00090885162354,-1,1,1,1,1.23380994796753
8,3,4,7,-81,81,0,0.817576885223389,1,-1,1,-1,0.750908851623535
8,3,4,8,9,9,0,0.984287977218628,-1,-1,-1,1,0.567576885223389
8,3,4,9,-3,3,0,1.20087575912476,1,-1,-1,-1,0.734287977218628
8,3,4,10,0,0,0,1.25045800209045,-1,-1,-1,1,0.950875759124756
8,3,4,11,-0,0,1,0.967547178268433,1,-1,-1,-1,1.00045800209045
8,3,4,12,9,9,0,1.15043497085571,-1,1,-1,1,0.717547178268433
8,3,4,13,-27,27,0,0.567124843597412,1,-1,1,-1,0.900434970855713
8,3,4,14,81,81,1,0.550976037979126,-1,-1,-1,1,0.317124843597412
8,3,4,15,-0,0,1,1.00089979171753,1,1,-1,-1,0.300976037979126
8,3,4,16,27,27,1,0.683795213699341,-1,1,1,1,0.750899791717529
8,3,4,17,-9,9,1,0.850453853607178,1,1,1,-1,0.433795213699341
8,3,4,18,0,0,0,0.968382120132446,-1,1,1,1,0.600453853607178
8,3,4,19,-3,3,1,0.901436805725098,1,-1,1,-1,0.718382120132446
8,3,4,20,9,9,1,1.21712636947632,-1,1,-1,1,0.651436805725098
8,3,4,21,-9,9,0,1.06713199615479,1,1,1,-1,0.967126369476318
8,3,4,22,3,3,1,1.33378553390503,-1,-1,1,1,0.817131996154785
8,3,4,23,-27,27,0,0.600913047790527,1,1,-1,-1,1.08378553390503
8,3,4,24,-9,9,0,0.917107582092285,-1,-1,1,1,0.350913047790527
8,3,4,25,3,3,0,0.933779001235962,-1,-1,-1,-1,0.667107582092285
8,3,4,26,27,27,1,0.934203624725342,1,-1,-1,-1,0.683779001235962
8,3,4,27,81,81,1,1.1504271030426,1,1,-1,1,0.684203624725342
8,3,4,28,-27,27,0,0.750461339950562,1,1,1,1,0.900427103042603
8,3,4,29,27,27,1,0.867598056793213,-1,-1,1,1,0.500461339950562
8,3,4,30,9,9,1,0.750447034835815,1,1,-1,-1,0.617598056793213
8,3,4,31,-3,3,0,0.800501823425293,1,1,1,1,0.500447034835815
8,3,4,32,3,3,0,1.03423118591309,-1,-1,1,1,0.550501823425293
8,3,4,33,-27,27,1,1.01757168769836,1,-1,-1,-1,0.784231185913086
8,3,4,34,-0,0,0,0.883779048919678,-1,1,-1,1,0.767571687698364
8,3,4,35,3,3,0,1.00043630599976,-1,-1,1,-1,0.633779048919678
8,3,4,36,-9,9,1,1.11756181716919,1,-1,-1,-1,0.750436305999756
8,3,4,37,9,9,1,1.03424024581909,-1,1,-1,1,0.867561817169189
8,3,4,38,9,9,1,0.650939464569092,1,1,1,-1,0.784240245819092
8,3,4,39,-9,9,1,0.717118263244629,1,1,1,1,0.400939464569092
8,3,4,40,27,27,1,1.25046157836914,-1,1,1,1,0.467118263244629
8,3,4,41,-81,81,0,0.700890064239502,1,1,1,-1,1.00046157836914
8,3,4,42,81,81,1,0.633824110031128,-1,-1,1,1,0.450890064239502
8,3,4,43,-27,27,1,1.28423500061035,1,1,-1,-1,0.383824110031128
8,3,4,44,-81,81,0,0.617589712142944,-1,1,1,1,1.03423500061035
8,3,4,45,3,3,0,0.717752933502197,-1,-1,1,-1,0.367589712142944
8,3,4,46,3,3,1,0.800913095474243,1,-1,-1,-1,0.467752933502197
8,3,4,50,81,81,1,0.600921869277954,-1,-1,-1,1,0.583805322647095
8,3,4,51,-27,27,0,0.617133140563965,1,1,-1,-1,0.350921869277954
8,3,4,52,9,9,0,1.3508882522583,-1,-1,1,1,0.367133140563965
8,3,4,53,81,81,1,0.817575931549072,1,-1,-1,-1,1.1008882522583
8,3,4,54,-9,9,0,1.18422317504883,1,1,-1,1,0.567575931549072
8,3,4,59,0,0,0,1.05089688301086,-1,1,1,1,0.784368991851807
8,3,4,60,-81,81,0,0.767571449279785,1,-1,1,-1,0.800896883010864
8,3,4,61,3,3,1,0.784241199493408,-1,-1,-1,1,0.517571449279785
8,3,4,62,-81,81,0,0.617786169052124,1,1,-1,-1,0.534241199493408
8,3,4,63,9,9,1,0.984238624572754,-1,-1,1,1,0.367786169052124
8,3,4,64,-9,9,0,1.00088787078857,1,1,-1,-1,0.734238624572754
8,3,4,65,81,81,1,0.617911100387573,-1,-1,1,1,0.750887870788574
8,3,4,66,-81,81,0,0.900456190109253,1,1,-1,-1,0.367911100387573
8,3,4,67,-9,9,1,1.43378806114197,-1,-1,1,1,0.650456190109253
8,3,4,68,9,9,1,1.18427753448486,-1,1,-1,-1,1.18378806114197
8,3,4,69,-27,27,0,0.850452661514282,1,1,1,-1,0.934277534484863
8,3,4,70,81,81,1,0.684245586395264,-1,-1,1,1,0.600452661514282
8,3,4,71,0,0,1,0.88381814956665,1,1,-1,-1,0.434245586395264
8,3,4,72,-27,27,0,0.734259128570557,1,1,1,1,0.63381814956665
8,3,4,73,-27,27,1,0.684206962585449,-1,-1,1,1,0.484259128570557
8,3,4,74,-9,9,0,0.733804941177368,-1,1,-1,-1,0.434206962585449
8,3,4,75,27,27,1,0.884526491165161,-1,-1,1,-1,0.483804941177368
8,3,4,76,-27,27,1,1.41709303855896,1,1,-1,-1,0.634526491165161
8,3,4,77,3,3,1,0.900925874710083,-1,1,1,1,1.16709303855896
8,3,4,78,3,3,0,1.35042238235474,1,1,1,-1,0.650925874710083
8,3,4,79,-3,3,0,1.13426518440247,1,-1,1,1,1.10042238235474
8,3,4,80,3,3,0,0.767183303833008,-1,-1,-1,1,0.884265184402466
8,3,4,81,-9,9,1,0.500943183898926,1,-1,-1,-1,0.517183303833008
8,3,4,82,81,81,1,0.6009361743927,-1,1,-1,1,0.250943183898926
8,3,4,83,-3,3,1,1.2008810043335,1,1,1,-1,0.3509361743927
8,3,4,84,27,27,1,0.80046010017395,-1,1,1,1,0.950881004333496
8,3,4,85,-81,81,0,0.617128849029541,1,1,1,-1,0.55046010017395
8,3,4,86,-9,9,0,0.850439786911011,-1,-1,1,1,0.367128849029541
8,3,4,87,27,27,1,1.03377223014832,-1,-1,-1,-1,0.600439786911011
8,3,4,88,-27,27,0,0.784271478652954,1,1,-1,-1,0.783772230148315
8,3,4,89,81,81,1,0.817113161087036,-1,-1,1,1,0.534271478652954
8,3,4,90,81,81,0,1.08376741409302,1,1,-1,-1,0.567113161087036
8,3,4,91,-0,0,1,1.21714949607849,1,-1,1,1,0.833767414093018
8,3,4,92,3,3,1,0.767193078994751,-1,1,-1,1,0.967149496078491
8,3,4,93,3,3,1,1.00045394897461,1,1,1,-1,0.517193078994751
8,3,4,94,-27,27,0,0.584306716918945,1,1,1,1,0.750453948974609
8,3,4,95,27,27,1,1.4342257976532,-1,-1,1,1,0.334306716918945
8,3,4,96,-0,0,0,1.0671169757843,1,1,-1,-1,1.1842257976532
8,3,4,97,3,3,0,0.667589902877808,-1,-1,1,1,0.817116975784302
8,3,4,98,27,27,1,0.684271812438965,1,-1,-1,-1,0.417589902877808
8,3,4,99,-81,81,0,0.800469160079956,1,1,-1,1,0.434271812438965
8,3,5,2,9,9,0,0.950461149215698,1,1,1,-1,0.317800998687744
8,3,5,3,9,9,0,1.06756281852722,1,-1,1,1,0.700461149215698
8,3,5,4,-81,81,0,0.617579460144043,1,-1,-1,1,0.817562818527222
8,3,5,5,27,27,1,0.567585229873657,-1,-1,-1,1,0.367579460144043
8,3,5,6,-81,81,0,0.667584180831909,1,1,-1,-1,0.317585229873657
8,3,5,7,81,81,1,0.867136001586914,-1,-1,1,1,0.417584180831909
8,3,5,8,-27,27,0,0.650917530059814,1,1,-1,-1,0.617136001586914
8,3,5,9,-27,27,0,0.850897073745728,-1,-1,1,1,0.400917530059814
8,3,5,10,9,9,1,0.900454998016357,-1,-1,-1,-1,0.600897073745728
8,3,5,11,81,81,1,1.03378200531006,1,1,-1,-1,0.650454998016357
8,3,5,12,-81,81,0,0.517624855041504,1,1,1,1,0.783782005310059
8,3,5,13,27,27,0,1.13425612449646,-1,-1,1,1,0.267624855041504
8,3,5,14,-0,0,0,0.917129755020142,1,-1,-1,-1,0.88425612449646
8,3,5,15,-9,9,0,0.833819627761841,-1,-1,-1,1,0.667129755020142
8,3,5,16,9,9,1,0.967566013336182,-1,-1,-1,-1,0.583819627761841
8,3,5,17,81,81,1,0.983847856521606,1,1,-1,-1,0.717566013336182
8,3,5,18,-9,9,0,1.28424143791199,1,1,1,1,0.733847856521606
8,3,5,19,-3,3,0,0.617122650146484,-1,-1,1,1,1.03424143791199
8,3,5,20,27,27,1,0.750462770462036,-1,-1,-1,-1,0.367122650146484
8,3,5,21,-3,3,1,0.650915861129761,1,1,-1,-1,0.500462770462036
8,3,5,22,-0,0,1,0.81811785697937,-1,1,1,1,0.400915861129761
8,3,5,23,-3,3,1,0.867569923400879,-1,1,1,-1,0.56811785697937
8,3,5,24,-9,9,0,0.783805847167969,-1,1,1,-1,0.617569923400879
8,3,5,25,9,9,1,0.817111968994141,-1,-1,1,-1,0.533805847167969
8,3,5,26,-27,27,0,0.883785963058472,1,1,-1,-1,0.567111968994141
8,3,5,27,27,27,1,0.600927591323853,-1,-1,1,1,0.633785963058472
8,3,5,28,3,3,0,0.817144870758057,1,1,-1,-1,0.350927591323853
8,3,5,29,-9,9,0,1.05044317245483,1,-1,1,1,0.567144870758057
8,3,5,30,-81,81,0,0.550522565841675,-1,-1,-1,1,0.800443172454834
8,3,5,31,27,27,1,0.500893115997314,-1,-1,-1,-1,0.300522565841675
8,3,5,32,9,9,0,0.717141151428223,1,1,-1,-1,0.250893115997314
8,3,5,33,9,9,0,0.733810186386108,1,-1,1,1,0.467141151428223
8,3,5,34,27,27,1,0.634656190872192,1,-1,-1,1,0.483810186386108
8,3,5,35,-27,27,0,0.75096607208252,1,1,-1,1,0.384656190872192
8,3,5,36,-27,27,0,0.617147922515869,-1,-1,1,1,0.50096607208252
8,3,5,37,3,3,0,0.667119264602661,-1,-1,-1,-1,0.367147922515869
8,3,5,38,-81,81,0,0.634255409240723,1,-1,-1,-1,0.417119264602661
8,3,5,39,-81,81,0,0.551444292068481,-1,-1,-1,1,0.384255409240723
8,3,5,40,-0,0,0,0.933756351470947,-1,-1,-1,-1,0.301444292068481
8,3,5,41,3,3,1,0.73379921913147,-1,-1,-1,-1,0.683756351470947
8,3,5,42,9,9,1,0.667609930038452,1,1,-1,-1,0.48379921913147
8,3,5,43,9,9,1,0.717124938964844,1,1,1,1,0.417609930038452
8,3,5,44,3,3,0,1.00087428092957,1,1,1,1,0.467124938964844
8,3,5,45,-9,9,1,0.817126035690308,1,-1,1,1,0.750874280929565
8,3,5,46,-27,27,0,0.567157983779907,-1,1,-1,1,0.567126035690308
8,3,5,47,-81,81,0,0.600491046905518,-1,-1,1,-1,0.317157983779907
8,3,5,48,9,9,1,0.950445652008057,-1,-1,-1,-1,0.350491046905518
8,3,5,49,-3,3,1,0.733795166015625,1,1,-1,-1,0.700445652008057
8,3,5,50,0,0,0,0.600477695465088,-1,1,1,1,0.483795166015625
8,3,5,51,81,81,1,1.21711826324463,1,-1,1,-1,0.350477695465088
8,3,5,52,-27,27,0,0.734360218048096,1,1,-1,1,0.967118263244629
8,3,5,53,-81,81,0,1.31710529327393,-1,-1,1,1,0.484360218048096
8,3,5,54,-3,3,1,0.767573833465576,-1,-1,-1,-1,1.06710529327393
8,3,5,55,-0,0,0,0.800446033477783,-1,1,-1,-1,0.517573833465576
8,3,5,56,3,3,1,0.833804368972778,-1,-1,1,-1,0.550446033477783
8,3,5,57,3,3,1,0.684260129928589,1,1,-1,-1,0.583804368972778
8,3,5,58,0,0,1,0.633790016174316,1,1,1,1,0.434260129928589
8,3,5,59,-3,3,1,1.13431596755981,1,1,1,1,0.383790016174316
8,3,5,60,27,27,1,1.45043301582336,-1,1,1,1,0.884315967559814
8,3,5,61,3,3,0,0.467595100402832,1,1,1,-1,1.20043301582336
8,3,5,62,-27,27,1,0.533866167068481,1,-1,1,1,0.217595100402832
8,3,5,63,-3,3,0,0.751261472702026,-1,1,-1,1,0.283866167068481
8,3,5,64,-0,0,1,0.667588472366333,-1,-1,1,-1,0.501261472702026
8,3,5,65,81,81,1,0.600448131561279,-1,1,-1,-1,0.417588472366333
8,3,5,66,0,0,1,0.667543649673462,1,1,1,-1,0.350448131561279
8,3,5,67,-3,3,1,0.584233999252319,1,1,1,1,0.417543649673462
8,3,5,68,3,3,1,0.80107593536377,-1,1,1,1,0.334233999252319
8,3,5,69,27,27,1,0.650466203689575,1,1,1,-1,0.55107593536377
8,3,5,70,27,27,1,0.467589855194092,1,1,1,1,0.400466203689575
8,3,5,71,-81,81,0,0.534436941146851,1,1,1,1,0.217589855194092
8,3,5,72,3,3,1,0.617620944976807,-1,-1,1,1,0.284436941146851
8,3,5,73,-81,81,0,0.584246635437012,1,1,-1,-1,0.367620944976807
8,3,5,74,0,0,1,0.6004478931427,-1,-1,1,1,0.334246635437012
8,3,5,75,-27,27,1,0.667133092880249,1,1,-1,-1,0.3504478931427
8,3,5,76,-9,9,1,0.60048508644104,-1,1,1,1,0.417133092880249
8,3,5,77,9,9,1,0.950441837310791,-1,1,1,-1,0.35048508644104
8,3,5,78,-9,9,1,0.73378586769104,1,1,1,-1,0.700441837310791
8,3,5,79,-0,0,1,0.633845090866089,-1,1,1,1,0.48378586769104
8,3,5,80,27,27,1,0.633826017379761,-1,1,1,-1,0.383845090866089
8,3,5,81,-81,81,0,0.534248352050781,1,1,1,-1,0.383826017379761
8,3,5,82,-3,3,1,0.733788251876831,-1,-1,1,1,0.284248352050781
8,3,5,83,-27,27,0,0.45091986656189,-1,1,-1,-1,0.483788251876831
8,3,5,84,-81,81,0,0.617637872695923,-1,-1,1,-1,0.20091986656189
8,3,5,85,9,9,1,0.633826017379761,-1,-1,-1,-1,0.367637872695923
8,3,5,86,81,81,1,0.550469875335693,1,1,-1,-1,0.383826017379761
8,3,5,87,-81,81,0,0.600919961929321,1,1,1,1,0.300469875335693
8,3,5,88,-3,3,1,0.683838844299316,-1,-1,1,1,0.350919961929321
8,3,5,89,81,81,1,0.550907373428345,-1,1,-1,-1,0.433838844299316
8,3,5,90,-3,3,1,0.633785963058472,1,1,1,-1,0.300907373428345
8,3,5,91,-9,9,0,0.650497198104858,-1,1,1,1,0.383785963058472
8,3,5,92,3,3,0,0.633789300918579,-1,-1,1,-1,0.400497198104858
8,3,5,93,-27,27,0,0.65089225769043,1,-1,-1,-1,0.383789300918579
8,3,5,94,-9,9,0,0.634215831756592,-1,-1,-1,1,0.40089225769043
8,3,5,95,-3,3,0,0.700480937957764,-1,-1,-1,-1,0.384215831756592
8,3,5,96,-81,81,0,0.71715235710144,-1,-1,-1,-1,0.450480937957764
8,3,5,97,27,27,1,0.834245920181274,-1,-1,-1,-1,0.46715235710144
8,3,5,98,0,0,1,0.717573165893555,1,1,-1,-1,0.584245920181274
8,3,5,99,-9,9,1,0.65045690536499,1,1,1,1,0.467573165893555
8,3,6,2,81,81,1,0.567590475082397,1,1,-1,1,0.601145029067993
8,3,6,3,-9,9,1,0.917536020278931,1,1,1,1,0.317590475082397
8,3,6,4,81,81,1,0.56712794303894,-1,1,1,1,0.667536020278931
8,3,6,5,-3,3,1,0.667825937271118,1,1,1,-1,0.31712794303894
8,3,6,6,3,3,0,0.5842604637146,-1,1,1,1,0.417825937271118
8,3,6,7,-81,81,0,0.50045108795166,1,-1,1,-1,0.3342604637146
8,3,6,8,9,9,1,0.934257984161377,-1,-1,-1,1,0.25045108795166
8,3,6,9,-3,3,1,0.850478887557983,1,1,-1,-1,0.684257984161377
8,3,6,10,3,3,0,0.600935697555542,-1,1,1,1,0.600478887557983
8,3,6,11,-27,27,0,0.717149972915649,1,-1,1,-1,0.350935697555542
8,3,6,12,27,27,1,0.667118072509766,-1,-1,-1,1,0.467149972915649
8,3,6,13,-27,27,0,0.534278154373169,1,1,-1,-1,0.417118072509766
8,3,6,14,3,3,1,0.917114973068237,-1,-1,1,1,0.284278154373169
8,3,6,15,-27,27,0,0.6004638671875,1,1,-1,-1,0.667114973068237
8,3,6,16,27,27,1,0.883780241012573,-1,-1,1,1,0.3504638671875
8,3,6,17,9,9,1,0.55045485496521,1,1,-1,-1,0.633780241012573
8,3,6,18,-9,9,1,0.700889348983765,1,1,1,1,0.30045485496521
8,3,6,19,3,3,1,0.800448656082153,-1,1,1,1,0.450889348983765
8,3,6,20,-27,27,0,1.00044298171997,1,1,1,-1,0.550448656082153
8,3,6,21,81,81,1,0.517138481140137,-1,-1,1,1,0.750442981719971
8,3,6,22,-27,27,0,0.634260892868042,1,1,-1,-1,0.267138481140137
8,3,6,23,0,0,1,0.600452899932861,-1,-1,1,1,0.384260892868042
8,3,6,24,-9,9,1,0.667545557022095,1,1,-1,-1,0.350452899932861
8,3,6,25,9,9,1,0.750468969345093,-1,1,1,1,0.417545557022095
8,3,6,26,-27,27,0,0.583797931671143,1,1,1,-1,0.500468969345093
8,3,6,27,-3,3,1,0.617596864700317,-1,-1,1,1,0.333797931671143
8,3,6,28,81,81,1,0.533783912658691,-1,1,-1,-1,0.367596864700317
8,3,6,29,-0,0,0,0.934237957000732,1,1,1,-1,0.283783912658691
8,3,6,30,-81,81,0,0.567585945129395,-1,-1,1,1,0.684237957000732
8,3,6,31,27,27,1,0.584221601486206,-1,-1,-1,-1,0.317585945129395
8,3,6,32,-3,3,1,0.71713662147522,1,1,-1,-1,0.334221601486206
8,3,6,33,81,81,1,0.967568159103394,-1,1,1,1,0.46713662147522
8,3,6,34,-0,0,1,0.650892734527588,1,1,1,-1,0.717568159103394
8,3,6,35,-81,81,0,0.567190885543823,-1,1,1,1,0.400892734527588
8,3,6,36,81,81,1,0.583820104598999,-1,-1,1,-1,0.317190885543823
8,3,6,37,-27,27,0,0.700956106185913,1,1,-1,-1,0.333820104598999
8,3,6,38,-9,9,0,0.650445938110352,-1,-1,1,1,0.450956106185913
8,3,6,39,27,27,1,0.700455904006958,-1,-1,-1,-1,0.400445938110352
8,3,6,40,-0,0,0,0.650464057922363,1,1,-1,-1,0.450455904006958
8,3,6,41,3,3,1,0.983797073364258,-1,-1,1,1,0.400464057922363
8,3,6,42,-9,9,0,0.567177057266235,1,1,-1,-1,0.733797073364258
8,3,6,43,-81,81,0,0.584232091903687,-1,-1,1,1,0.317177057266235
8,3,6,44,-3,3,1,0.667145013809204,-1,-1,-1,-1,0.334232091903687
8,3,6,45,-9,9,0,0.517590284347534,-1,1,-1,-1,0.417145013809204
8,3,6,46,3,3,0,0.767578125,-1,-1,1,-1,0.267590284347534
8,3,6,47,-0,0,1,0.984233140945435,1,-1,-1,-1,0.517578125
8,3,6,48,0,0,1,0.717581987380981,-1,1,-1,1,0.734233140945435
8,3,6,49,-27,27,0,0.46711802482605,1,1,1,-1,0.467581987380981
8,3,6,50,9,9,1,0.667155027389526,-1,-1,1,1,0.21711802482605
8,3,6,51,-3,3,1,0.684251070022583,1,1,-1,-1,0.417155027389526
8,3,6,52,81,81,1,0.567126989364624,-1,1,1,1,0.434251070022583
8,3,6,53,-81,81,0,0.583794832229614,1,1,1,-1,0.317126989364624
8,3,6,54,9,9,1,0.650923252105713,-1,-1,1,1,0.333794832229614
8,3,6,55,-81,81,0,0.533812046051025,1,1,-1,-1,0.400923252105713
8,3,6,56,27,27,1,0.6342453956604,-1,-1,1,1,0.283812046051025
8,3,6,57,-27,27,0,0.634277105331421,1,1,-1,-1,0.3842453956604
8,3,6,58,-9,9,0,0.833781242370605,-1,-1,1,1,0.384277105331421
8,3,6,59,81,81,1,0.533803939819336,-1,-1,-1,-1,0.583781242370605
8,3,6,60,-3,3,0,0.783775806427002,1,1,-1,-1,0.283803939819336
8,3,6,61,-9,9,1,0.667158365249634,-1,-1,1,1,0.533775806427002
8,3,6,62,0,0,0,0.717579364776611,-1,1,-1,-1,0.417158365249634
8,3,6,63,-3,3,0,0.650917053222656,1,-1,1,-1,0.467579364776611
8,3,6,64,9,9,1,0.56713604927063,-1,-1,-1,1,0.400917053222656
8,3,6,65,-27,27,0,0.567584753036499,1,1,-1,-1,0.31713604927063
8,3,6,66,-3,3,0,0.717586040496826,-1,-1,1,1,0.317584753036499
8,3,6,67,9,9,1,0.58421802520752,-1,-1,-1,-1,0.467586040496826
8,3,6,68,-3,3,0,0.784228801727295,1,1,-1,-1,0.33421802520752
8,3,6,69,81,81,1,0.617585182189941,-1,-1,1,1,0.534228801727295
8,3,6,70,-27,27,0,0.584253072738647,1,1,-1,-1,0.367585182189941
8,3,6,71,3,3,0,0.61754322052002,-1,-1,1,1,0.334253072738647
8,3,6,72,-0,0,1,0.550486087799072,1,-1,-1,-1,0.36754322052002
8,3,6,73,27,27,1,0.583784103393555,-1,1,-1,1,0.300486087799072
8,3,6,74,-27,27,0,0.550924062728882,1,1,1,-1,0.333784103393555
8,3,6,75,81,81,1,0.550534009933472,-1,-1,1,1,0.300924062728882
8,3,6,76,-0,0,1,0.767590284347534,1,1,-1,-1,0.300534009933472
8,3,6,77,27,27,1,0.600455284118652,-1,1,1,1,0.517590284347534
8,3,6,78,0,0,1,0.600913524627686,1,1,1,-1,0.350455284118652
8,3,6,79,-9,9,0,0.667578935623169,1,1,1,1,0.350913524627686
8,3,6,80,0,0,1,0.800912141799927,-1,-1,1,1,0.417578935623169
8,3,6,81,-81,81,0,0.66764235496521,1,1,-1,-1,0.550912141799927
8,3,6,82,81,81,1,0.567583322525024,-1,-1,1,1,0.41764235496521
8,3,6,83,9,9,1,0.66712760925293,1,1,-1,-1,0.317583322525024
8,3,6,84,81,81,1,0.533805131912231,1,1,1,1,0.41712760925293
8,3,6,85,-9,9,1,0.634261608123779,1,1,1,1,0.283805131912231
8,3,6,86,27,27,1,0.634263038635254,-1,1,1,1,0.384261608123779
8,3,6,87,-81,81,0,0.600497007369995,1,1,1,-1,0.384263038635254
8,3,6,88,9,9,1,0.667650938034058,-1,-1,1,1,0.350497007369995
8,3,6,89,81,81,1,0.550899267196655,1,1,-1,-1,0.417650938034058
8,3,6,90,-3,3,1,0.717124938964844,1,1,1,1,0.300899267196655
8,3,6,91,81,81,1,0.534618377685547,-1,1,1,1,0.467124938964844
8,3,6,92,3,3,1,0.600478172302246,1,1,1,-1,0.284618377685547
8,3,6,93,-9,9,0,0.750894069671631,1,1,1,1,0.350478172302246
8,3,6,94,3,3,0,0.53378701210022,-1,-1,1,1,0.500894069671631
8,3,6,95,9,9,1,0.80046820640564,1,-1,-1,-1,0.28378701210022
8,3,6,96,-27,27,0,0.550915002822876,1,1,-1,1,0.55046820640564
8,3,6,97,9,9,0,0.850453853607178,-1,-1,1,1,0.300915002822876
8,3,6,98,-3,3,1,0.750901222229004,1,-1,-1,-1,0.600453853607178
8,3,6,99,3,3,0,0.550479173660278,-1,1,-1,1,0.500901222229004
9,1,1,2,9,9,0,1.01710200309753,1,-1,1,-1,0.601227998733521
9,1,1,3,-81,81,0,1.03425097465515,1,-1,-1,1,0.767102003097534
9,1,1,4,27,27,0,0.934550046920776,-1,-1,-1,1,0.784250974655151
9,1,1,5,-0,0,0,0.767625331878662,1,-1,-1,-1,0.684550046920776
9,1,1,6,3,3,0,0.450922012329102,-1,-1,-1,1,0.517625331878662
9,1,1,7,-27,27,0,0.500660181045532,1,-1,-1,-1,0.200922012329102
9,1,1,8,3,3,0,0.91712498664856,-1,-1,-1,1,0.250660181045532
9,1,1,9,-81,81,0,0.600901126861572,1,-1,-1,-1,0.66712498664856
9,1,1,10,9,9,0,1.31716918945312,-1,-1,-1,1,0.350901126861572
9,1,1,11,81,81,1,0.650923728942871,1,-1,-1,-1,1.06716918945312
9,1,1,12,-81,81,0,0.500956058502197,1,1,-1,1,0.400923728942871
9,1,1,13,-9,9,0,0.600926876068115,-1,-1,1,1,0.250956058502197
9,1,1,14,3,3,0,0.650512933731079,-1,-1,-1,-1,0.350926876068115
9,1,1,15,27,27,1,0.583822011947632,1,-1,-1,-1,0.400512933731079
9,1,1,16,81,81,1,0.617132902145386,1,1,-1,1,0.333822011947632
9,1,1,17,-9,9,0,0.467132329940796,1,1,1,1,0.367132902145386
9,1,1,18,27,27,1,0.367184162139893,-1,-1,1,1,0.217132329940796
9,1,1,19,-27,27,0,0.617591142654419,1,1,-1,-1,0.117184162139893
9,1,1,24,9,9,1,0.617578029632568,-1,-1,1,1,0.217155933380127
9,1,1,25,3,3,1,0.650907278060913,1,1,-1,-1,0.367578029632568
9,1,1,26,-3,3,0,0.784240484237671,1,1,1,1,0.400907278060913
9,1,1,27,27,27,1,0.484255075454712,-1,-1,1,1,0.534240484237671
9,1,1,28,27,27,1,0.383816242218018,1,1,-1,-1,0.234255075454712
9,1,1,29,-9,9,1,0.66716480255127,1,1,1,1,0.133816242218018
9,1,1,30,81,81,1,0.46759295463562,-1,1,1,1,0.41716480255127
9,1,1,31,-3,3,0,0.53382396697998,1,1,1,-1,0.21759295463562
9,1,1,32,9,9,1,0.3679039478302,-1,-1,1,1,0.28382396697998
9,1,1,33,-27,27,0,0.400928020477295,1,1,-1,-1,0.1179039478302
9,1,1,34,9,9,1,0.61757230758667,-1,-1,1,1,0.150928020477295
9,1,1,35,81,81,1,0.434255123138428,1,1,-1,-1,0.36757230758667
9,1,1,36,3,3,1,0.783783912658691,1,1,1,1,0.184255123138428
9,1,1,37,-81,81,0,0.400491952896118,1,1,1,1,0.533783912658691
9,1,1,38,81,81,1,0.317151069641113,-1,-1,1,1,0.150491952896118
9,1,1,39,-27,27,0,0.950881004333496,1,1,-1,-1,0.0671510696411133
9,1,1,40,27,27,1,0.367301940917969,-1,-1,1,1,0.700881004333496
9,1,1,41,-81,81,0,0.3009033203125,1,1,-1,-1,0.117301940917969
9,1,1,42,-81,81,0,0.450477123260498,-1,-1,1,1,0.0509033203125
9,1,1,43,3,3,1,0.584265947341919,-1,-1,-1,-1,0.200477123260498
9,1,1,44,-3,3,0,0.500928163528442,1,1,-1,-1,0.334265947341919
9,1,1,45,0,0,0,0.883780241012573,-1,-1,1,1,0.250928163528442
9,1,1,46,3,3,1,0.450470685958862,1,-1,-1,-1,0.633780241012573
9,1,1,47,-27,27,0,0.35049295425415,1,1,-1,1,0.200470685958862
9,1,1,48,-0,0,0,0.734249591827393,-1,-1,1,1,0.10049295425415
9,1,1,49,3,3,1,0.650471925735474,-1,-1,-1,-1,0.484249591827393
9,1,1,50,-9,9,0,0.601091861724854,1,1,-1,-1,0.400471925735474
9,1,1,51,27,27,1,0.283815860748291,-1,-1,1,1,0.351091861724854
9,1,1,52,-27,27,0,0.334795951843262,1,1,-1,-1,0.033815860748291
9,1,1,53,27,27,1,0.317157983779907,-1,-1,1,1,0.0847959518432617
9,1,1,54,81,81,1,0.467128038406372,1,1,-1,-1,0.0671579837799072
9,1,1,55,-9,9,0,0.667137145996094,1,1,1,1,0.217128038406372
9,1,1,56,9,9,1,0.651206970214844,-1,-1,1,1,0.417137145996094
9,1,1,57,-9,9,0,0.93425989151001,1,1,-1,-1,0.401206970214844
9,1,1,58,9,9,1,0.600477933883667,-1,-1,1,1,0.68425989151001
9,1,1,59,9,9,1,0.467597007751465,1,1,-1,-1,0.350477933883667
9,1,1,60,-9,9,1,0.467611789703369,1,1,1,1,0.217597007751465
9,1,1,61,27,27,1,0.350476026535034,-1,1,1,1,0.217611789703369
9,1,1,62,-3,3,0,0.367586851119995,1,1,1,-1,0.100476026535034
9,1,1,63,3,3,1,0.533857107162476,-1,-1,1,1,0.117586851119995
9,1,1,67,-81,81,0,0.33380913734436,1,1,-1,-1,0.300484180450439
9,1,1,68,9,9,1,0.383813142776489,-1,-1,1,1,0.0838091373443604
9,1,1,69,3,3,1,0.65063214302063,1,1,-1,-1,0.133813142776489
9,1,1,70,-27,27,0,0.417146444320679,1,1,1,1,0.40063214302063
9,1,1,71,81,81,1,0.433807849884033,-1,-1,1,1,0.167146444320679
9,1,1,72,-27,27,0,0.333802938461304,1,1,-1,-1,0.183807849884033
9,1,1,73,3,3,1,0.450469970703125,-1,-1,1,1,0.0838029384613037
9,1,1,74,-3,3,0,0.650908946990967,1,1,-1,-1,0.200469970703125
9,1,1,75,-0,0,1,0.700462102890015,-1,-1,1,1,0.400908946990967
9,1,1,76,81,81,1,0.43422794342041,-1,1,-1,-1,0.450462102890015
9,1,1,77,-0,0,1,0.6009202003479,1,1,1,-1,0.18422794342041
9,1,1,78,81,81,1,0.267169952392578,-1,1,1,1,0.3509202003479
9,1,1,79,-81,81,0,0.250937938690186,1,1,1,-1,0.0171699523925781
9,1,1,80,3,3,1,0.501260042190552,-1,-1,1,1,0.000937938690185547
9,1,1,81,0,0,1,0.617185831069946,1,1,-1,-1,0.251260042190552
9,1,1,85,-9,9,1,0.500479936599731,1,-1,-1,1,0.350478172302246
9,1,1,86,3,3,0,0.533817052841187,-1,1,-1,1,0.250479936599731
9,1,1,87,0,0,1,0.633815050125122,1,-1,1,-1,0.283817052841187
9,1,1,88,-3,3,0,0.61760401725769,1,1,-1,1,0.383815050125122
9,1,1,92,-3,3,0,0.367610931396484,1,1,1,-1,0.317605972290039
9,1,1,93,-9,9,0,0.650461912155151,-1,-1,1,1,0.117610931396484
9,1,1,97,-3,3,1,0.467653036117554,1,-1,1,-1,0.21759295463562
9,1,1,98,0,0,0,1.35088896751404,-1,1,-1,1,0.217653036117554
9,1,1,99,-9,9,1,1.15043306350708,1,-1,1,-1,1.10088896751404
9,1,2,2,-27,27,0,0.384254932403564,-1,-1,1,1,0.667349815368652
9,1,2,3,3,3,0,0.3838050365448,-1,-1,-1,-1,0.134254932403564
9,1,2,4,-3,3,0,0.250942945480347,1,-1,-1,-1,0.1338050365448
9,1,2,5,27,27,1,0.333825826644897,-1,-1,-1,1,0.00094294548034668
9,1,2,6,-3,3,0,0.267599821090698,1,1,-1,-1,0.0838258266448975
9,1,2,7,27,27,1,0.417563199996948,-1,-1,1,1,0.0175998210906982
9,1,2,8,-81,81,0,0.317172050476074,1,1,-1,-1,0.167563199996948
9,1,2,9,3,3,1,0.334228992462158,-1,-1,1,1,0.0671720504760742
9,1,2,10,9,9,0,0.517183065414429,1,1,-1,-1,0.0842289924621582
9,1,2,11,-27,27,0,0.400487899780273,1,-1,1,1,0.267183065414429
9,1,2,12,0,0,1,0.317599058151245,-1,-1,-1,1,0.150487899780273
9,1,2,13,-27,27,0,0.517153024673462,1,1,-1,-1,0.0675990581512451
9,1,2,14,9,9,1,0.333841800689697,-1,-1,1,1,0.267153024673462
9,1,2,18,-81,81,0,0.334278106689453,1,-1,-1,-1,0.133875131607056
9,1,2,19,9,9,1,0.351199150085449,-1,-1,-1,1,0.0842781066894531
9,1,2,20,-9,9,0,0.500470161437988,1,1,-1,-1,0.101199150085449
9,1,2,21,9,9,1,0.350473165512085,-1,-1,1,1,0.250470161437988
9,1,2,22,-27,27,0,0.417148351669312,1,1,-1,-1,0.100473165512085
9,1,2,23,9,9,1,0.283793926239014,-1,-1,1,1,0.167148351669312
9,1,2,24,-3,3,0,0.367604970932007,1,1,-1,-1,0.0337939262390137
9,1,2,25,0,0,0,0.534251928329468,-1,-1,1,1,0.117604970932007
9,1,2,26,-9,9,0,0.567183017730713,1,-1,-1,-1,0.284251928329468
9,1,2,27,-81,81,0,0.417592287063599,-1,-1,-1,1,0.317183017730713
9,1,2,28,9,9,1,0.450469970703125,-1,-1,-1,-1,0.167592287063599
9,1,2,36,-9,9,1,0.633837938308716,1,1,1,-1,0.100470066070557
9,1,2,37,27,27,1,0.417128086090088,-1,1,1,1,0.383837938308716
9,1,2,38,0,0,1,0.617125034332275,1,1,1,-1,0.167128086090088
9,1,2,39,-27,27,0,0.517575025558472,1,1,1,1,0.367125034332275
9,1,2,40,-9,9,1,0.817150115966797,-1,-1,1,1,0.267575025558472
9,1,2,41,-81,81,0,0.300929069519043,-1,1,-1,-1,0.567150115966797
9,1,2,42,0,0,1,0.467130899429321,-1,-1,1,-1,0.050929069519043
9,1,2,43,-9,9,0,0.584295034408569,1,1,-1,-1,0.217130899429321
9,1,2,44,0,0,0,0.867568016052246,-1,-1,1,1,0.334295034408569
9,1,2,45,-81,81,0,0.384249210357666,1,-1,-1,-1,0.617568016052246
9,1,2,46,9,9,1,0.584254264831543,-1,-1,-1,1,0.134249210357666
9,1,2,47,0,0,0,0.550920009613037,1,1,-1,-1,0.334254264831543
9,1,2,48,-9,9,0,0.483793973922729,1,-1,1,1,0.300920009613037
9,1,2,49,-27,27,0,0.333813905715942,-1,-1,-1,1,0.233793973922729
9,1,2,50,-9,9,0,0.684271097183228,-1,-1,-1,-1,0.0838139057159424
9,1,2,51,9,9,0,1.13378500938416,-1,-1,-1,-1,0.434271097183228
9,1,2,52,-9,9,1,0.833811044692993,1,-1,-1,-1,0.883785009384155
9,1,2,53,81,81,1,0.467138290405273,-1,1,-1,1,0.583811044692993
9,1,2,54,3,3,0,0.300932168960571,1,1,1,-1,0.217138290405273
9,1,2,55,-3,3,0,0.367172002792358,1,-1,1,1,0.0509321689605713
9,1,2,56,-27,27,0,0.383798599243164,-1,-1,-1,1,0.117172002792358
9,1,2,57,9,9,1,0.417145967483521,-1,-1,-1,-1,0.133798599243164
9,1,2,58,-27,27,0,0.333799123764038,1,1,-1,-1,0.167145967483521
9,1,2,59,-3,3,1,0.25091814994812,-1,-1,1,1,0.0837991237640381
9,1,2,60,81,81,1,0.383859872817993,-1,1,-1,-1,0.000918149948120117
9,1,2,61,-27,27,0,0.617588043212891,1,1,1,-1,0.133859872817993
9,1,2,62,27,27,1,0.317195177078247,-1,-1,1,1,0.367588043212891
9,1,2,63,-3,3,0,0.55091404914856,1,1,-1,-1,0.0671951770782471
9,1,2,64,9,9,1,0.450978517532349,-1,-1,1,1,0.30091404914856
9,1,2,65,-81,81,0,0.350476026535034,1,1,-1,-1,0.200978517532349
9,1,2,66,-27,27,0,0.450912952423096,-1,-1,1,1,0.100476026535034
9,1,2,67,3,3,1,0.367135047912598,-1,-1,-1,-1,0.200912952423096
9,1,2,68,-3,3,0,0.500924825668335,1,1,-1,-1,0.117135047912598
9,1,2,69,3,3,1,0.450518131256104,-1,-1,1,1,0.250924825668335
9,1,2,70,-0,0,0,0.900966167449951,1,1,-1,-1,0.200518131256104
9,1,2,71,3,3,0,1.18377733230591,-1,-1,1,1,0.650966167449951
9,1,2,78,81,81,1,0.284324169158936,-1,-1,1,1,0.133810043334961
9,1,2,79,-3,3,0,0.667587995529175,1,1,-1,-1,0.0343241691589355
9,1,2,80,81,81,1,0.267620086669922,-1,-1,1,1,0.417587995529175
9,1,2,81,-81,81,0,0.284241199493408,1,1,-1,-1,0.0176200866699219
9,1,2,82,3,3,1,0.334275960922241,-1,-1,1,1,0.0342411994934082
9,1,2,83,0,0,1,0.584226131439209,1,1,-1,-1,0.0842759609222412
9,1,2,84,-9,9,0,0.267596006393433,1,1,1,1,0.334226131439209
9,1,2,85,27,27,1,0.400923013687134,-1,-1,1,1,0.0175960063934326
9,1,2,86,-9,9,1,0.750524044036865,1,1,-1,-1,0.150923013687134
9,1,2,87,81,81,1,0.317196130752563,-1,1,1,1,0.500524044036865
9,1,2,88,-81,81,0,0.267604827880859,1,1,1,-1,0.0671961307525635
9,1,2,89,81,81,1,0.2509446144104,-1,-1,1,1,0.0176048278808594
9,1,2,90,-27,27,0,0.534248113632202,1,1,-1,-1,0.000944614410400391
9,1,2,94,-3,3,0,0.500472068786621,1,1,-1,-1,0.000940799713134766
9,1,2,95,27,27,1,0.300482988357544,-1,-1,1,1,0.250472068786621
9,1,2,96,-27,27,0,0.250978231430054,1,1,-1,-1,0.0504829883575439
9,1,2,97,9,9,1,0.25093412399292,-1,-1,1,1,0.000978231430053711
9,1,2,98,-3,3,1,0.400491952896118,1,1,-1,-1,0.000934123992919922
9,1,2,99,27,27,1,0.450477838516235,-1,1,1,1,0.150491952896118
9,1,3,3,-9,9,0,0.833788156509399,-1,-1,-1,-1,0.0338099002838135
9,1,3,4,-3,3,0,0.350493907928467,-1,-1,-1,-1,0.583788156509399
9,1,3,11,-27,27,0,0.317139863967896,-1,-1,-1,1,0.067589282989502
9,1,3,12,3,3,1,0.734246969223022,-1,-1,-1,-1,0.0671398639678955
9,1,3,13,-27,27,0,0.600922107696533,1,1,-1,-1,0.484246969223022
9,1,3,20,81,81,1,0.267603158950806,1,1,-1,-1,0.750871181488037
9,1,3,21,-9,9,1,0.633819103240967,1,1,1,1,0.0176031589508057
9,1,3,22,27,27,1,0.48381781578064,-1,1,1,1,0.383819103240967
9,1,3,23,0,0,1,0.350934982299805,1,1,1,-1,0.23381781578064
9,1,3,27,-9,9,0,0.400472164154053,-1,-1,1,1,0.400457859039307
9,1,3,28,-9,9,0,0.33383584022522,-1,-1,-1,-1,0.150472164154053
9,1,3,29,9,9,1,0.250910997390747,-1,-1,-1,-1,0.0838358402252197
9,1,3,30,-27,27,0,0.300931215286255,1,1,-1,-1,0.00091099739074707
9,1,3,31,-3,3,0,0.417141914367676,-1,-1,1,1,0.0509312152862549
9,1,3,32,-81,81,0,0.250989437103271,-1,-1,-1,-1,0.167141914367676
9,1,3,33,9,9,1,0.700463056564331,-1,-1,-1,-1,0.000989437103271484
9,1,3,34,9,9,1,0.750458002090454,1,1,-1,-1,0.450463056564331
9,1,3,35,-9,9,0,0.317172050476074,1,1,1,1,0.500458002090454
9,1,3,36,0,0,1,0.534257888793945,-1,-1,1,1,0.0671720504760742
9,1,3,37,3,3,0,0.384811162948608,1,1,-1,-1,0.284257888793945
9,1,3,44,0,0,0,0.550467967987061,-1,-1,1,1,0.000939846038818359
9,1,3,45,3,3,0,0.3504798412323,1,-1,-1,-1,0.300467967987061
9,1,3,46,-3,3,0,0.267132997512817,1,-1,-1,1,0.1004798412323
9,1,3,47,-81,81,0,0.283863544464111,-1,-1,-1,1,0.0171329975128174
9,1,3,48,9,9,1,0.417598962783813,-1,-1,-1,-1,0.0338635444641113
9,1,3,49,-3,3,1,0.567119121551514,1,1,-1,-1,0.167598962783813
9,1,3,50,81,81,1,0.283801078796387,-1,1,1,1,0.317119121551514
9,1,3,51,-3,3,0,0.41759204864502,1,1,1,-1,0.0338010787963867
9,1,3,52,0,0,1,0.517125129699707,-1,-1,1,1,0.16759204864502
9,1,3,53,9,9,1,0.484256982803345,1,1,-1,-1,0.267125129699707
9,1,3,57,3,3,1,0.517840147018433,-1,-1,-1,1,0.133811950683594
9,1,3,58,3,3,1,0.650452136993408,1,1,-1,-1,0.267840147018433
9,1,3,62,27,27,1,0.417874097824097,-1,-1,-1,-1,0.117599487304688
9,1,3,66,-3,3,0,0.250952959060669,1,1,1,1,0.0842640399932861
9,1,3,67,-0,0,1,0.417138814926147,-1,-1,1,1,0.000952959060668945
9,1,3,76,-9,9,1,0.250941753387451,-1,-1,1,1,0.233787059783936
9,1,3,77,-3,3,0,0.517162084579468,-1,1,-1,-1,0.000941753387451172
9,1,3,85,-9,9,0,0.667958974838257,1,-1,1,-1,0.500472068786621
9,1,3,96,81,81,1,0.300477743148804,-1,-1,-1,1,0.134262561798096
9,1,3,97,-9,9,1,0.483855962753296,1,1,-1,-1,0.0504777431488037
9,1,4,2,-3,3,0,0.251065731048584,-1,-1,-1,1,0.450691699981689
9,1,4,3,-81,81,0,0.25095009803772,-1,-1,-1,-1,0.00106573104858398
9,1,4,7,81,81,1,0.300477981567383,-1,-1,-1,-1,0.267153024673462
9,1,4,8,81,81,1,0.317599058151245,1,1,-1,-1,0.0504779815673828
9,1,4,9,0,0,0,0.550465106964111,1,1,1,1,0.0675990581512451
9,1,4,10,9,9,0,0.484282255172729,1,-1,1,1,0.300465106964111
9,1,4,11,81,81,1,0.300483703613281,1,-1,-1,1,0.234282255172729
9,1,4,12,81,81,1,0.700891971588135,1,1,-1,1,0.0504837036132812
9,1,4,13,27,27,1,0.417144298553467,1,1,1,1,0.450891971588135
9,1,4,17,-3,3,1,0.450932025909424,1,1,1,1,0.167598962783813
9,1,4,18,-81,81,0,0.400459051132202,-1,1,1,1,0.200932025909424
9,1,4,19,-27,27,0,0.500488758087158,-1,-1,1,-1,0.150459051132202
9,1,4,20,-81,81,0,0.367134094238281,-1,-1,-1,-1,0.250488758087158
9,1,4,21,-3,3,0,0.400928020477295,-1,-1,-1,-1,0.117134094238281
9,1,4,22,-27,27,0,0.33382511138916,-1,-1,-1,-1,0.150928020477295
9,1,4,23,-9,9,0,0.383825063705444,-1,-1,-1,-1,0.0838251113891602
9,1,4,24,-27,27,0,0.251068115234375,-1,-1,-1,-1,0.133825063705444
9,1,4,28,3,3,1,0.567129850387573,1,1,-1,-1,0.150919914245605
9,1,4,29,27,27,1,0.350474119186401,1,1,1,1,0.317129850387573
9,1,4,30,3,3,1,0.584249973297119,1,1,1,1,0.100474119186401
9,1,4,31,9,9,1,0.517166137695312,1,1,1,1,0.334249973297119
9,1,4,32,81,81,1,0.417590379714966,1,1,1,1,0.267166137695312
9,1,4,37,27,27,1,0.317147254943848,1,-1,1,1,0.31712794303894
9,1,4,42,3,3,1,0.400521039962769,1,1,1,1,0.0171551704406738
9,1,4,43,9,9,1,0.484260082244873,1,1,1,1,0.150521039962769
9,1,4,47,9,9,1,0.517590045928955,1,-1,1,1,0.283821105957031
9,1,4,48,-27,27,0,0.484009027481079,1,1,-1,1,0.267590045928955
9,1,4,49,-9,9,0,0.417168855667114,-1,-1,1,1,0.234009027481079
9,1,4,50,-9,9,0,0.484261751174927,-1,-1,-1,-1,0.167168855667114
9,1,4,51,-27,27,0,0.467167854309082,-1,-1,-1,-1,0.234261751174927
9,1,4,52,-27,27,0,0.40046501159668,-1,-1,-1,-1,0.217167854309082
9,1,4,53,-0,0,1,0.550497055053711,-1,-1,-1,-1,0.15046501159668
9,1,4,54,3,3,0,0.317589044570923,-1,1,-1,-1,0.300497055053711
9,1,4,55,0,0,0,0.434258937835693,1,-1,1,-1,0.0675890445709229
9,1,4,56,0,0,0,0.900628089904785,1,-1,-1,1,0.184258937835693
9,1,4,57,9,9,1,0.833792924880981,1,-1,-1,1,0.650628089904785
9,1,4,58,9,9,1,0.567568302154541,1,1,-1,1,0.583792924880981
9,1,4,62,9,9,1,0.633851051330566,1,1,1,1,0.150458812713623
9,1,4,63,81,81,1,0.3009033203125,1,1,1,1,0.383851051330566
9,1,4,64,81,81,1,0.267144918441772,1,1,1,1,0.0509033203125
9,1,4,65,3,3,1,0.250934839248657,1,1,1,1,0.0171449184417725
9,1,4,66,-9,9,0,0.734218120574951,1,1,1,1,0.000934839248657227
9,1,4,67,-27,27,0,0.817655801773071,-1,-1,1,1,0.484218120574951
9,1,4,68,-0,0,1,0.617193698883057,-1,-1,-1,-1,0.567655801773071
9,1,4,69,-3,3,1,0.483813047409058,-1,1,-1,-1,0.367193698883057
9,1,4,73,-9,9,0,0.500463247299194,-1,-1,-1,-1,0.200477123260498
9,1,4,74,-3,3,0,0.51712703704834,-1,-1,-1,-1,0.250463247299194
9,1,4,75,3,3,1,1.167560338974,-1,-1,-1,-1,0.26712703704834
9,1,4,76,81,81,1,0.534219026565552,1,1,-1,-1,0.917560338973999
9,1,4,77,0,0,0,0.417709112167358,1,1,1,1,0.284219026565552
9,1,4,78,-3,3,1,0.36713695526123,1,-1,1,1,0.167709112167358
9,1,4,79,-27,27,0,0.484250068664551,-1,1,-1,1,0.11713695526123
9,1,4,80,-81,81,0,0.417603969573975,-1,-1,1,-1,0.234250068664551
9,1,4,81,0,0,0,0.650450229644775,-1,-1,-1,-1,0.167603969573975
9,1,4,82,3,3,1,0.46717095375061,1,-1,-1,-1,0.400450229644775
9,1,4,91,-0,0,0,0.467151165008545,-1,-1,1,-1,0.0671300888061523
9,1,4,92,-81,81,0,0.550935029983521,-1,-1,-1,-1,0.217151165008545
9,1,4,93,-27,27,0,0.450459957122803,-1,-1,-1,-1,0.300935029983521
9,1,4,94,-3,3,0,0.734362125396729,-1,-1,-1,-1,0.200459957122803
9,1,4,95,27,27,1,0.367172002792358,-1,-1,-1,-1,0.484362125396729
9,1,4,96,0,0,0,0.567590951919556,1,1,-1,-1,0.117172002792358
9,1,4,97,9,9,1,0.250933170318604,1,-1,1,1,0.317590951919556
9,1,4,98,81,81,1,0.283828735351562,1,1,-1,1,0.000933170318603516
9,1,4,99,9,9,0,0.367833852767944,1,1,1,1,0.0338287353515625
9,1,5,2,-3,3,0,0.434284925460815,1,1,-1,-1,0.484021902084351
9,1,5,3,9,9,0,0.80047082901001,-1,-1,1,1,0.184284925460815
9,1,5,9,3,3,0,0.651203632354736,1,1,-1,-1,0.500456094741821
9,1,5,10,-3,3,0,0.484229326248169,1,-1,1,1,0.401203632354736
9,1,5,11,27,27,1,0.617116212844849,-1,-1,-1,1,0.234229326248169
9,1,5,12,9,9,0,0.267606019973755,1,1,-1,-1,0.367116212844849
9,1,5,13,0,0,0,0.567588090896606,1,-1,1,1,0.0176060199737549
9,1,5,14,81,81,1,0.367134809494019,1,-1,-1,1,0.317588090896606
9,1,5,15,-27,27,0,0.550925016403198,1,1,-1,1,0.117134809494019
9,1,5,16,81,81,1,0.433797359466553,-1,-1,1,1,0.300925016403198
9,1,5,17,-9,9,0,0.317600965499878,1,1,-1,-1,0.183797359466553
9,1,5,18,27,27,1,0.350480556488037,-1,-1,1,1,0.0676009654998779
9,1,5,19,-9,9,0,0.600467205047607,1,1,-1,-1,0.100480556488037
9,1,5,31,-3,3,1,0.53423023223877,-1,-1,-1,-1,0.0675981044769287
9,1,5,32,81,81,1,0.400911092758179,-1,1,-1,-1,0.28423023223877
9,1,5,36,9,9,0,0.367599010467529,-1,-1,1,1,0.000969409942626953
9,1,5,37,27,27,1,0.350926160812378,1,-1,-1,-1,0.117599010467529
9,1,5,38,-3,3,0,0.283812999725342,1,1,-1,1,0.100926160812378
9,1,5,39,-9,9,0,0.500470161437988,-1,-1,1,1,0.0338129997253418
9,1,5,40,81,81,0,0.600481271743774,-1,-1,-1,-1,0.250470161437988
9,1,5,41,9,9,1,0.500491857528687,1,-1,-1,-1,0.350481271743774
9,1,5,42,-3,3,0,0.333798170089722,1,1,-1,1,0.250491857528687
9,1,5,43,-3,3,1,0.617565155029297,-1,-1,1,1,0.0837981700897217
9,1,5,44,9,9,0,0.26760721206665,-1,1,-1,-1,0.367565155029297
9,1,5,45,-27,27,0,0.550467252731323,1,-1,1,-1,0.0176072120666504
9,1,5,46,-0,0,0,0.384268999099731,-1,-1,-1,1,0.300467252731323
9,1,5,51,3,3,0,1.06711292266846,-1,-1,1,1,0.133804082870483
9,1,5,52,-27,27,0,0.434244394302368,1,-1,-1,-1,0.817112922668457
9,1,5,57,3,3,1,0.683770418167114,1,-1,-1,-1,0.283823013305664
9,1,5,58,-3,3,1,0.500910997390747,1,1,-1,1,0.433770418167114
9,1,5,59,-9,9,0,0.967129468917847,-1,1,1,1,0.250910997390747
9,1,5,60,-81,81,0,0.317618846893311,-1,-1,1,-1,0.717129468917847
9,1,5,61,-81,81,0,0.35050368309021,-1,-1,-1,-1,0.0676188468933105
9,1,5,62,-3,3,1,0.60047173500061,-1,-1,-1,-1,0.10050368309021
9,1,5,63,-3,3,0,0.650518894195557,-1,1,-1,-1,0.35047173500061
9,1,5,67,27,27,1,0.317162036895752,1,1,1,1,0.167607069015503
9,1,5,68,0,0,1,0.70048999786377,1,1,1,1,0.067162036895752
9,1,5,69,-9,9,1,0.717588186264038,1,1,1,1,0.45048999786377
9,1,5,70,-3,3,0,0.317130088806152,-1,1,1,1,0.467588186264038
9,1,5,71,0,0,1,0.434247732162476,-1,-1,1,-1,0.0671300888061523
9,1,5,75,-0,0,0,0.534216165542603,1,-1,1,1,0.233807802200317
9,1,5,76,9,9,0,0.667584896087646,-1,-1,-1,1,0.284216165542603
9,1,5,77,-81,81,0,0.250908136367798,1,-1,-1,-1,0.417584896087646
9,1,5,78,3,3,1,0.417131900787354,-1,-1,-1,1,0.000908136367797852
9,1,5,79,3,3,1,0.384316444396973,1,1,-1,-1,0.167131900787354
9,1,5,80,-27,27,0,0.417149066925049,1,1,1,1,0.134316444396973
9,1,5,81,-81,81,0,0.28427267074585,-1,-1,1,1,0.167149066925049
9,1,5,91,0,0,1,0.483803749084473,-1,1,-1,1,0.417598009109497
9,1,5,92,-9,9,0,0.533815622329712,1,1,1,-1,0.233803749084473
9,1,5,93,27,27,1,0.284271240234375,-1,-1,1,1,0.283815622329712
9,1,5,94,3,3,1,0.650921106338501,1,1,-1,-1,0.034271240234375
9,1,5,95,81,81,1,0.317150115966797,1,1,1,1,0.400921106338501
9,1,5,96,-3,3,1,0.417165040969849,1,1,1,1,0.0671501159667969
9,1,5,97,3,3,1,0.350499153137207,-1,1,1,1,0.167165040969849
9,1,5,98,27,27,1,0.45094895362854,1,1,1,-1,0.100499153137207
9,1,5,99,-27,27,0,0.484246492385864,1,1,1,1,0.20094895362854
9,1,6,3,9,9,1,0.683803081512451,1,1,-1,1,0.250952482223511
9,1,6,4,81,81,1,0.350505352020264,1,1,1,1,0.433803081512451
9,1,6,16,9,9,0,0.350893020629883,1,-1,1,1,0.883776903152466
9,1,6,17,-3,3,0,0.350497007369995,1,-1,-1,1,0.100893020629883
9,1,6,18,-27,27,0,1.00044918060303,-1,-1,-1,1,0.100497007369995
9,1,6,19,-3,3,0,1.33377289772034,-1,-1,-1,-1,0.750449180603027
9,1,6,20,-81,81,0,0.750484943389893,-1,-1,-1,-1,1.08377289772034
9,1,6,21,-27,27,0,0.983803033828735,-1,-1,-1,-1,0.500484943389893
9,1,6,22,81,81,1,0.734308958053589,-1,-1,-1,-1,0.733803033828735
9,1,6,23,81,81,1,0.750451803207397,1,1,-1,-1,0.484308958053589
9,1,6,24,27,27,1,0.634217977523804,1,1,1,1,0.500451803207397
9,1,6,25,27,27,1,1.38422441482544,1,1,1,1,0.384217977523804
9,1,6,26,27,27,1,1.050448179245,1,1,1,1,1.13422441482544
9,1,6,27,-81,81,0,0.867202043533325,1,1,1,1,0.800448179244995
9,1,6,28,0,0,1,1.13423705101013,-1,-1,1,1,0.617202043533325
9,1,6,29,-9,9,0,0.884214162826538,1,1,-1,-1,0.884237051010132
9,1,6,30,3,3,1,1.11711502075195,-1,-1,1,1,0.634214162826538
9,1,6,31,81,81,1,1.0509250164032,1,1,-1,-1,0.867115020751953
9,1,6,32,9,9,1,1.11712002754211,1,1,1,1,0.800925016403198
9,1,6,33,3,3,1,1.05090999603271,1,1,1,1,0.867120027542114
9,1,6,34,0,0,0,0.833805084228516,1,1,1,1,0.800909996032715
9,1,6,35,9,9,1,1.01757097244263,1,-1,1,1,0.583805084228516
9,1,6,36,3,3,1,0.867596864700317,1,1,-1,1,0.767570972442627
9,1,6,37,0,0,1,0.650470733642578,1,1,1,1,0.617596864700317
9,1,6,38,3,3,1,0.800463438034058,1,1,1,1,0.400470733642578
9,1,6,39,81,81,1,0.800461053848267,1,1,1,1,0.550463438034058
9,1,6,40,81,81,1,0.517590045928955,1,1,1,1,0.550461053848267
9,1,6,41,9,9,1,1.05045294761658,1,1,1,1,0.267590045928955
9,1,6,42,27,27,1,1.08378624916077,1,1,1,1,0.800452947616577
9,1,6,43,81,81,1,0.800918102264404,1,1,1,1,0.833786249160767
9,1,6,44,81,81,1,0.734246730804443,1,1,1,1,0.550918102264404
9,1,6,45,0,0,1,0.933785915374756,1,1,1,1,0.484246730804443
9,1,6,46,3,3,1,1.15045428276062,1,1,1,1,0.683785915374756
9,1,6,47,81,81,1,0.583824872970581,1,1,1,1,0.90045428276062
9,1,6,48,3,3,1,0.934245109558105,1,1,1,1,0.333824872970581
9,1,6,49,9,9,1,0.717576742172241,1,1,1,1,0.684245109558105
9,1,6,50,-27,27,1,0.383799076080322,1,1,1,1,0.467576742172241
9,1,6,51,-27,27,0,0.267600059509277,-1,1,1,1,0.133799076080322
9,1,6,52,-3,3,0,0.451263189315796,-1,-1,1,-1,0.0176000595092773
9,1,6,53,-9,9,1,0.833808183670044,-1,-1,-1,-1,0.201263189315796
9,1,6,54,-81,81,0,0.383840799331665,-1,1,-1,-1,0.583808183670044
9,1,6,55,9,9,1,0.833799123764038,-1,-1,1,-1,0.133840799331665
9,1,6,56,-81,81,1,0.750915050506592,1,1,-1,-1,0.583799123764038
9,1,6,57,9,9,0,1.11711716651917,-1,1,1,1,0.500915050506592
9,1,6,58,-9,9,0,0.917133331298828,1,-1,1,-1,0.867117166519165
9,1,6,59,-81,81,0,0.717126131057739,-1,-1,-1,1,0.667133331298828
9,1,6,60,-27,27,0,0.767160177230835,-1,-1,-1,-1,0.467126131057739
9,1,6,61,-9,9,0,0.883804082870483,-1,-1,-1,-1,0.517160177230835
9,1,6,62,-3,3,0,0.484483003616333,-1,-1,-1,-1,0.633804082870483
9,1,6,63,81,81,1,0.584792375564575,-1,-1,-1,-1,0.234483003616333
9,1,6,64,27,27,1,0.683789730072021,1,1,-1,-1,0.334792375564575
9,1,6,65,3,3,1,1.08379340171814,1,1,1,1,0.433789730072021
9,1,6,66,-9,9,1,0.650495529174805,1,1,1,1,0.83379340171814
9,1,6,67,-9,9,0,1.30044913291931,-1,1,1,1,0.400495529174805
9,1,6,68,-81,81,0,0.833780288696289,-1,-1,1,-1,1.05044913291931
9,1,6,69,-81,81,0,0.817105293273926,-1,-1,-1,-1,0.583780288696289
9,1,6,70,-0,0,0,0.917564153671265,-1,-1,-1,-1,0.567105293273926
9,1,6,71,-3,3,1,0.934231042861938,-1,-1,-1,-1,0.667564153671265
9,1,6,72,-0,0,0,1.03380799293518,-1,1,-1,-1,0.684231042861938
9,1,6,73,-0,0,0,0.700922966003418,-1,-1,1,-1,0.783807992935181
9,1,6,74,-27,27,0,0.334290027618408,-1,-1,-1,-1,0.450922966003418
9,1,6,75,-27,27,0,1.03380346298218,-1,-1,-1,-1,0.0842900276184082
9,1,6,76,-9,9,1,1.36755800247192,-1,-1,-1,-1,0.783803462982178
9,1,6,77,-3,3,1,1.46755480766296,-1,1,-1,-1,1.11755800247192
9,1,6,78,-9,9,0,1.36754703521729,-1,1,1,-1,1.21755480766296
9,1,6,79,-0,0,1,1.30089402198792,-1,-1,1,-1,1.11754703521729
9,1,6,80,-9,9,0,1.25091409683228,-1,1,-1,-1,1.05089402198792
9,1,6,81,27,27,1,1.01710748672485,-1,-1,1,-1,1.00091409683228
9,1,6,82,-0,0,1,1.0337872505188,1,1,-1,-1,0.767107486724854
9,1,6,83,-27,27,0,1.11712646484375,-1,1,1,1,0.783787250518799
9,1,6,84,-3,3,1,0.750901937484741,-1,-1,1,-1,0.86712646484375
9,1,6,88,-9,9,1,1.03379511833191,-1,-1,1,1,0.517890930175781
9,1,6,89,-9,9,1,1.11711096763611,-1,1,-1,-1,0.783795118331909
9,1,6,90,-3,3,0,1.13376617431641,-1,1,1,-1,0.867110967636108
9,1,6,91,-27,27,0,1.20090317726135,-1,-1,1,-1,0.883766174316406
9,1,6,92,0,0,1,1.20086526870728,-1,-1,-1,-1,0.950903177261353
9,1,6,93,-3,3,0,0.317599058151245,1,1,-1,-1,0.950865268707275
9,1,6,94,-9,9,0,0.817111968994141,-1,-1,1,1,0.0675990581512451
9,1,6,95,-3,3,0,1.28377819061279,-1,-1,-1,-1,0.567111968994141
9,1,6,96,81,81,1,0.800470113754272,-1,-1,-1,-1,1.03377819061279
9,1,6,97,81,81,1,1.13378715515137,1,1,-1,-1,0.550470113754272
9,1,6,98,-27,27,0,0.700907945632935,1,1,1,1,0.883787155151367
9,2,1,4,-9,9,0,1.33429598808289,1,-1,1,-1,0.633810043334961
9,2,1,5,9,9,0,0.383827924728394,-1,-1,-1,1,1.08429598808289
9,2,1,6,-0,0,0,0.517121076583862,1,-1,-1,-1,0.133827924728394
9,2,1,7,-27,27,0,0.484255075454712,-1,-1,-1,1,0.267121076583862
9,2,1,8,81,81,1,0.717158079147339,-1,-1,-1,-1,0.234255075454712
9,2,1,9,-3,3,0,0.251029253005981,1,1,-1,-1,0.467158079147339
9,2,1,10,27,27,1,0.583778858184814,-1,-1,1,1,0.00102925300598145
9,2,1,11,-27,27,0,0.267189979553223,1,1,-1,-1,0.333778858184814
9,2,1,12,0,0,0,0.700477838516235,-1,-1,1,1,0.0171899795532227
9,2,1,13,-0,0,1,0.500460386276245,1,-1,-1,-1,0.450477838516235
9,2,1,14,81,81,1,0.634267091751099,-1,1,-1,1,0.250460386276245
9,2,1,15,-27,27,0,0.350551843643188,1,1,1,-1,0.384267091751099
9,2,1,16,3,3,1,0.734241247177124,-1,-1,1,1,0.100551843643188
9,2,1,17,-27,27,0,0.283820867538452,1,1,-1,-1,0.484241247177124
9,2,1,18,9,9,1,0.700901985168457,-1,-1,1,1,0.0338208675384521
9,2,1,19,-3,3,0,0.333804368972778,1,1,-1,-1,0.450901985168457
9,2,1,20,81,81,1,0.418260097503662,-1,-1,1,1,0.0838043689727783
9,2,1,21,-81,81,0,0.267137050628662,1,1,-1,-1,0.168260097503662
9,2,1,22,27,27,1,0.367713928222656,-1,-1,1,1,0.0171370506286621
9,2,1,23,-81,81,0,0.834248065948486,1,1,-1,-1,0.117713928222656
9,2,1,24,27,27,1,0.817111968994141,-1,-1,1,1,0.584248065948486
9,2,1,25,-81,81,0,0.700457096099854,1,1,-1,-1,0.567111968994141
9,2,1,26,3,3,1,1.48375797271729,-1,-1,1,1,0.450457096099854
9,2,1,27,-27,27,0,0.734260082244873,1,1,-1,-1,1.23375797271729
9,2,1,28,0,0,1,0.800440073013306,-1,-1,1,1,0.484260082244873
9,2,1,29,-81,81,0,0.567123174667358,1,1,-1,-1,0.550440073013306
9,2,1,30,27,27,1,0.567142009735107,-1,-1,1,1,0.317123174667358
9,2,1,31,-27,27,0,0.450469017028809,1,1,-1,-1,0.317142009735107
9,2,1,32,0,0,0,0.733783006668091,-1,-1,1,1,0.200469017028809
9,2,1,33,-3,3,0,0.867584943771362,1,-1,-1,-1,0.483783006668091
9,2,1,34,9,9,1,0.667129278182983,-1,-1,-1,1,0.617584943771362
9,2,1,35,-0,0,1,0.900439977645874,1,1,-1,-1,0.417129278182983
9,2,1,36,9,9,1,0.717132091522217,-1,1,1,1,0.650439977645874
9,2,1,37,-81,81,0,0.70096492767334,1,1,1,-1,0.467132091522217
9,2,1,38,-27,27,0,0.850470781326294,-1,-1,1,1,0.45096492767334
9,2,1,39,27,27,1,0.434332370758057,-1,-1,-1,-1,0.600470781326294
9,2,1,40,-9,9,0,0.800429821014404,1,1,-1,-1,0.184332370758057
9,2,1,41,0,0,1,1.01711225509644,-1,-1,1,1,0.550429821014404
9,2,1,42,9,9,1,1.03423500061035,1,1,-1,-1,0.767112255096436
9,2,1,43,-27,27,0,0.833789110183716,1,1,1,1,0.784235000610352
9,2,1,44,0,0,1,0.433794021606445,-1,-1,1,1,0.583789110183716
9,2,1,45,-27,27,0,0.750452280044556,1,1,-1,-1,0.183794021606445
9,2,1,46,-81,81,0,0.61716890335083,-1,-1,1,1,0.500452280044556
9,2,1,47,9,9,1,0.550474166870117,-1,-1,-1,-1,0.36716890335083
9,2,1,48,-81,81,0,0.700869798660278,1,1,-1,-1,0.300474166870117
9,2,1,49,3,3,0,0.934237957000732,-1,-1,1,1,0.450869798660278
9,2,1,50,-9,9,1,1.30088496208191,1,-1,-1,-1,0.684237957000732
9,2,1,51,9,9,0,0.983792066574097,-1,1,-1,1,1.05088496208191
9,2,1,52,-0,0,0,1.33441472053528,1,-1,1,-1,0.733792066574097
9,2,1,53,81,81,1,0.583794832229614,-1,-1,-1,1,1.08441472053528
9,2,1,54,-81,81,0,0.767536401748657,1,1,-1,-1,0.333794832229614
9,2,1,55,81,81,1,0.484279155731201,-1,-1,1,1,0.517536401748657
9,2,1,56,-3,3,0,0.850509881973267,1,1,-1,-1,0.234279155731201
9,2,1,57,27,27,1,0.533791542053223,-1,-1,1,1,0.600509881973267
9,2,1,58,-27,27,0,0.750444889068604,1,1,-1,-1,0.283791542053223
9,2,1,59,-81,81,0,0.767113924026489,-1,-1,1,1,0.500444889068604
9,2,1,60,9,9,1,0.417124271392822,-1,-1,-1,-1,0.517113924026489
9,2,1,61,-9,9,0,0.63379168510437,1,1,-1,-1,0.167124271392822
9,2,1,62,-9,9,0,0.950475692749023,-1,-1,1,1,0.38379168510437
9,2,1,63,3,3,1,1.06714653968811,-1,-1,-1,-1,0.700475692749023
9,2,1,64,-3,3,0,0.550923109054565,1,1,-1,-1,0.81714653968811
9,2,1,65,-81,81,0,0.717122077941895,-1,-1,1,1,0.300923109054565
9,2,1,66,81,81,1,0.650454044342041,-1,-1,-1,-1,0.467122077941895
9,2,1,67,-9,9,0,0.883785009384155,1,1,-1,-1,0.400454044342041
9,2,1,68,3,3,1,1.15043330192566,-1,-1,1,1,0.633785009384155
9,2,1,69,-81,81,0,0.617125511169434,1,1,-1,-1,0.900433301925659
9,2,1,70,81,81,1,0.633831977844238,-1,-1,1,1,0.367125511169434
9,2,1,71,-9,9,0,1.10090684890747,1,1,-1,-1,0.383831977844238
9,2,1,72,81,81,1,0.633828639984131,-1,-1,1,1,0.850906848907471
9,2,1,73,-27,27,0,0.35092306137085,1,1,-1,-1,0.383828639984131
9,2,1,74,27,27,1,0.333790063858032,-1,-1,1,1,0.10092306137085
9,2,1,75,-9,9,0,0.733787059783936,1,1,-1,-1,0.0837900638580322
9,2,1,76,27,27,1,0.383792877197266,-1,-1,1,1,0.483787059783936
9,2,1,77,-3,3,1,0.533818960189819,1,1,-1,-1,0.133792877197266
9,2,1,78,9,9,1,0.783782005310059,-1,1,1,1,0.283818960189819
9,2,1,79,-3,3,0,0.634238243103027,1,1,1,-1,0.533782005310059
9,2,1,80,3,3,1,0.767127990722656,-1,-1,1,1,0.384238243103027
9,2,1,81,-9,9,0,0.367117881774902,1,1,-1,-1,0.517127990722656
9,2,1,82,81,81,1,0.584290981292725,-1,-1,1,1,0.117117881774902
9,2,1,83,-9,9,0,0.683796882629395,1,1,-1,-1,0.334290981292725
9,2,1,87,9,9,1,0.984210968017578,-1,1,-1,-1,0.717113018035889
9,2,1,88,-81,81,0,0.784233331680298,1,1,1,-1,0.734210968017578
9,2,1,89,27,27,1,0.850456953048706,-1,-1,1,1,0.534233331680298
9,2,1,90,-27,27,0,0.967552900314331,1,1,-1,-1,0.600456953048706
9,2,1,91,3,3,1,0.767600774765015,-1,-1,1,1,0.717552900314331
9,2,1,92,-81,81,0,0.950927019119263,1,1,-1,-1,0.517600774765015
9,2,1,93,3,3,0,0.950920104980469,-1,-1,1,1,0.700927019119263
9,2,1,97,-3,3,1,1.46714854240417,1,-1,1,1,0.600454330444336
9,2,1,98,9,9,0,0.817115068435669,-1,1,-1,1,1.21714854240417
9,2,1,99,-3,3,1,0.9842848777771,1,-1,1,-1,0.567115068435669
9,2,2,2,-0,0,0,0.71757698059082,1,-1,1,1,0.433996915817261
9,2,2,3,-81,81,0,0.833807945251465,-1,-1,-1,1,0.46757698059082
9,2,2,4,3,3,0,0.583865404129028,-1,-1,-1,-1,0.583807945251465
9,2,2,5,-9,9,0,0.467625141143799,1,-1,-1,-1,0.333865404129028
9,2,2,6,81,81,1,1.20087790489197,-1,-1,-1,1,0.217625141143799
9,2,2,7,-9,9,0,0.467118978500366,1,1,-1,-1,0.950877904891968
9,2,2,8,3,3,1,1.23375225067139,-1,-1,1,1,0.217118978500366
9,2,2,9,-9,9,0,1.01709485054016,1,1,-1,-1,0.983752250671387
9,2,2,10,3,3,1,0.933785200119019,-1,-1,1,1,0.767094850540161
9,2,2,11,-81,81,0,0.783796310424805,1,1,-1,-1,0.683785200119019
9,2,2,12,0,0,0,1.35161805152893,-1,-1,1,1,0.533796310424805
9,2,2,13,-0,0,0,0.783788919448853,1,-1,-1,-1,1.10161805152893
9,2,2,14,0,0,0,0.700901031494141,-1,-1,-1,1,0.533788919448853
9,2,2,15,-27,27,0,1.06710290908813,1,-1,-1,-1,0.450901031494141
9,2,2,16,81,81,1,0.78377890586853,-1,-1,-1,1,0.817102909088135
9,2,2,17,-0,0,0,0.90090799331665,1,1,-1,-1,0.53377890586853
9,2,2,18,0,0,1,0.734236001968384,-1,-1,1,1,0.65090799331665
9,2,2,19,-3,3,0,0.883780002593994,1,1,-1,-1,0.484236001968384
9,2,2,20,-9,9,0,0.584250926971436,-1,-1,1,1,0.633780002593994
9,2,2,21,-81,81,0,0.80047607421875,-1,-1,-1,-1,0.334250926971436
9,2,2,22,81,81,1,1.31754112243652,-1,-1,-1,-1,0.55047607421875
9,2,2,23,-9,9,0,0.717570304870605,1,1,-1,-1,1.06754112243652
9,2,2,24,0,0,0,0.700460195541382,-1,-1,1,1,0.467570304870605
9,2,2,25,81,81,1,0.817117929458618,1,-1,-1,-1,0.450460195541382
9,2,2,26,81,81,1,0.967125177383423,1,1,-1,1,0.567117929458618
9,2,2,27,-9,9,0,0.683809041976929,1,1,1,1,0.717125177383423
9,2,2,28,-27,27,0,0.900475978851318,-1,-1,1,1,0.433809041976929
9,2,2,29,-27,27,0,0.88421893119812,-1,-1,-1,-1,0.650475978851318
9,2,2,30,-3,3,1,0.667689800262451,-1,-1,-1,-1,0.63421893119812
9,2,2,31,-27,27,0,0.633836269378662,-1,1,-1,-1,0.417689800262451
9,2,2,32,-27,27,1,0.283813953399658,-1,-1,1,-1,0.383836269378662
9,2,2,33,27,27,1,0.63427209854126,-1,1,-1,-1,0.0338139533996582
9,2,2,34,-27,27,0,0.550469160079956,1,1,1,-1,0.38427209854126
9,2,2,35,-9,9,0,0.834241151809692,-1,-1,1,1,0.300469160079956
9,2,2,36,9,9,1,0.517141580581665,-1,-1,-1,-1,0.584241151809692
9,2,2,37,-81,81,0,0.750447034835815,1,1,-1,-1,0.267141580581665
9,2,2,38,9,9,1,0.900466918945312,-1,-1,1,1,0.500447034835815
9,2,2,39,27,27,1,0.450490236282349,1,1,-1,-1,0.650466918945312
9,2,2,40,-81,81,0,0.750459909439087,1,1,1,1,0.200490236282349
9,2,2,41,27,27,1,0.534251928329468,-1,-1,1,1,0.500459909439087
9,2,2,42,-3,3,0,0.884242296218872,1,1,-1,-1,0.284251928329468
9,2,2,43,9,9,0,0.950456142425537,-1,-1,1,1,0.634242296218872
9,2,2,44,-3,3,0,1.01757645606995,1,-1,-1,-1,0.700456142425537
9,2,2,45,27,27,1,0.73383617401123,-1,-1,-1,1,0.767576456069946
9,2,2,46,-81,81,0,0.733781099319458,1,1,-1,-1,0.48383617401123
9,2,2,47,3,3,1,0.733798027038574,-1,-1,1,1,0.483781099319458
9,2,2,48,-0,0,1,0.90047287940979,1,1,-1,-1,0.483798027038574
9,2,2,49,3,3,0,0.800456762313843,-1,1,1,1,0.65047287940979
9,2,2,50,-81,81,0,0.700474262237549,1,-1,1,-1,0.550456762313843
9,2,2,51,-9,9,0,0.71712589263916,-1,-1,-1,1,0.450474262237549
9,2,2,52,27,27,1,0.717148065567017,-1,-1,-1,-1,0.46712589263916
9,2,2,53,-81,81,0,0.750452518463135,1,1,-1,-1,0.467148065567017
9,2,2,54,3,3,1,1.18424105644226,-1,-1,1,1,0.500452518463135
9,2,2,55,-81,81,0,0.700925827026367,1,1,-1,-1,0.934241056442261
9,2,2,56,9,9,1,0.73422908782959,-1,-1,1,1,0.450925827026367
9,2,2,57,-81,81,0,0.700875997543335,1,1,-1,-1,0.48422908782959
9,2,2,58,81,81,1,0.867562055587769,-1,-1,1,1,0.450875997543335
9,2,2,59,-27,27,0,1.05090022087097,1,1,-1,-1,0.617562055587769
9,2,2,60,9,9,1,1.38378214836121,-1,-1,1,1,0.800900220870972
9,2,2,61,27,27,1,1.33423280715942,1,1,-1,-1,1.13378214836121
9,2,2,62,-27,27,0,0.667581796646118,1,1,1,1,1.08423280715942
9,2,2,63,9,9,1,0.550469160079956,-1,-1,1,1,0.417581796646118
9,2,2,64,-27,27,0,0.750923156738281,1,1,-1,-1,0.300469160079956
9,2,2,65,9,9,1,0.450896978378296,-1,-1,1,1,0.500923156738281
9,2,2,66,-3,3,0,1.1842360496521,1,1,-1,-1,0.200896978378296
9,2,2,67,27,27,1,0.834903240203857,-1,-1,1,1,0.9342360496521
9,2,2,68,-27,27,0,0.784235000610352,1,1,-1,-1,0.584903240203857
9,2,2,72,81,81,1,0.933779239654541,-1,-1,1,1,0.61760950088501
9,2,2,73,-3,3,0,1.13422799110413,1,1,-1,-1,0.683779239654541
9,2,2,74,9,9,1,1.43376803398132,-1,-1,1,1,0.884227991104126
9,2,2,75,-27,27,0,0.767583847045898,1,1,-1,-1,1.18376803398132
9,2,2,81,81,81,1,1.16753101348877,1,-1,-1,-1,1.11756014823914
9,2,2,82,-27,27,0,1.00045299530029,1,1,-1,1,0.91753101348877
9,2,2,83,0,0,1,0.884241342544556,-1,-1,1,1,0.750452995300293
9,2,2,84,-81,81,0,0.867570161819458,1,1,-1,-1,0.634241342544556
9,2,2,85,3,3,1,0.417138814926147,-1,-1,1,1,0.617570161819458
9,2,2,86,-27,27,0,1.00090789794922,1,1,-1,-1,0.167138814926147
9,2,2,87,81,81,1,0.867563962936401,-1,-1,1,1,0.750907897949219
9,2,2,91,3,3,1,0.833793878555298,-1,-1,1,1,0.667581796646118
9,2,2,92,-3,3,1,1.10046315193176,1,1,-1,-1,0.583793878555298
9,2,2,93,81,81,1,0.867109060287476,-1,1,1,1,0.850463151931763
9,2,2,94,-81,81,0,0.784241914749146,1,1,1,-1,0.617109060287476
9,2,2,95,3,3,1,0.833777189254761,-1,-1,1,1,0.534241914749146
9,2,2,96,-3,3,0,0.950902938842773,1,1,-1,-1,0.583777189254761
9,2,2,97,3,3,1,0.350954055786133,-1,-1,1,1,0.700902938842773
9,2,2,98,-9,9,0,0.367147207260132,1,1,-1,-1,0.100954055786133
9,2,2,99,3,3,1,0.617587089538574,-1,-1,1,1,0.117147207260132
9,2,3,2,9,9,1,1.31710195541382,1,-1,1,-1,0.484004974365234
9,2,3,3,-9,9,0,1.01719951629639,1,1,-1,1,1.06710195541382
9,2,3,4,-27,27,0,0.617131471633911,-1,-1,1,1,0.767199516296387
9,2,3,5,-81,81,0,0.717146873474121,-1,-1,-1,-1,0.367131471633911
9,2,3,6,27,27,1,0.367556810379028,-1,-1,-1,-1,0.467146873474121
9,2,3,7,-3,3,1,1.03425788879395,1,1,-1,-1,0.117556810379028
9,2,3,8,27,27,1,0.550481796264648,-1,1,1,1,0.784257888793945
9,2,3,9,81,81,1,0.950454235076904,1,1,1,-1,0.300481796264648
9,2,3,10,81,81,1,0.734242916107178,1,1,1,1,0.700454235076904
9,2,3,11,-81,81,0,0.783773183822632,1,1,1,1,0.484242916107178
9,2,3,12,-0,0,1,0.683804988861084,-1,-1,1,1,0.533773183822632
9,2,3,13,-3,3,0,0.650485992431641,-1,1,-1,-1,0.433804988861084
9,2,3,14,3,3,1,0.483798265457153,-1,-1,1,-1,0.400485992431641
9,2,3,15,9,9,1,0.683810949325562,1,1,-1,-1,0.233798265457153
9,2,3,16,27,27,1,0.717575073242188,1,1,1,1,0.433810949325562
9,2,3,17,9,9,1,0.317140102386475,1,1,1,1,0.467575073242188
9,2,3,18,81,81,1,0.767120838165283,1,1,1,1,0.0671401023864746
9,2,3,19,-27,27,0,0.750442981719971,1,1,1,1,0.517120838165283
9,2,3,20,9,9,1,0.650488615036011,-1,-1,1,1,0.500442981719971
9,2,3,21,3,3,0,1.03377461433411,1,1,-1,-1,0.400488615036011
9,2,3,22,-3,3,1,1.01713705062866,1,-1,1,1,0.783774614334106
9,2,3,23,3,3,1,0.634230136871338,-1,1,-1,1,0.767137050628662
9,2,3,24,-81,81,0,0.750464916229248,1,1,1,-1,0.384230136871338
9,2,3,25,9,9,1,0.534250974655151,-1,-1,1,1,0.500464916229248
9,2,3,26,27,27,1,0.817114114761353,1,1,-1,-1,0.284250974655151
9,2,3,27,81,81,1,0.800942182540894,1,1,1,1,0.567114114761353
9,2,3,28,9,9,1,0.85045313835144,1,1,1,1,0.550942182540894
9,2,3,29,81,81,1,0.80090594291687,1,1,1,1,0.60045313835144
9,2,3,30,-3,3,0,0.850927114486694,1,1,1,1,0.55090594291687
9,2,3,31,3,3,1,0.534246921539307,-1,-1,1,1,0.600927114486694
9,2,3,32,0,0,0,0.984230041503906,1,1,-1,-1,0.284246921539307
9,2,3,33,81,81,1,0.967573165893555,1,-1,1,1,0.734230041503906
9,2,3,34,-9,9,0,0.417581558227539,1,1,-1,1,0.717573165893555
9,2,3,35,81,81,1,0.667562961578369,-1,-1,1,1,0.167581558227539
9,2,3,36,0,0,1,1.4837601184845,1,1,-1,-1,0.417562961578369
9,2,3,37,-27,27,0,0.867581844329834,1,1,1,1,1.2337601184845
9,2,3,38,27,27,1,0.800985097885132,-1,-1,1,1,0.617581844329834
9,2,3,39,-27,27,0,0.70046591758728,1,1,-1,-1,0.550985097885132
9,2,3,40,9,9,1,0.600919961929321,-1,-1,1,1,0.45046591758728
9,2,3,41,27,27,1,0.533796072006226,1,1,-1,-1,0.350919961929321
9,2,3,42,-27,27,0,0.750881910324097,1,1,1,1,0.283796072006226
9,2,3,43,27,27,1,0.60054087638855,-1,-1,1,1,0.500881910324097
9,2,3,44,-27,27,0,0.483790159225464,1,1,-1,-1,0.35054087638855
9,2,3,45,27,27,1,0.250963926315308,-1,-1,1,1,0.233790159225464
9,2,3,46,-9,9,0,0.400897979736328,1,1,-1,-1,0.000963926315307617
9,2,3,47,27,27,1,0.450957536697388,-1,-1,1,1,0.150897979736328
9,2,3,48,-0,0,0,0.5505211353302,1,1,-1,-1,0.200957536697388
9,2,3,49,9,9,1,0.500928640365601,-1,-1,1,1,0.3005211353302
9,2,3,50,-0,0,0,0.8171067237854,1,1,-1,-1,0.250928640365601
9,2,3,51,9,9,0,0.584243297576904,-1,-1,1,1,0.5671067237854
9,2,3,52,-3,3,1,0.784217357635498,1,-1,-1,-1,0.334243297576904
9,2,3,53,3,3,0,0.667593955993652,-1,1,-1,1,0.534217357635498
9,2,3,54,-9,9,0,0.550878286361694,1,-1,1,-1,0.417593955993652
9,2,3,55,81,81,1,0.75048303604126,-1,-1,-1,1,0.300878286361694
9,2,3,56,-81,81,0,0.734256982803345,1,1,-1,-1,0.50048303604126
9,2,3,57,-3,3,0,0.800448894500732,-1,-1,1,1,0.484256982803345
9,2,3,58,-9,9,1,0.701730012893677,-1,-1,-1,-1,0.550448894500732
9,2,3,59,3,3,1,0.733808755874634,-1,1,-1,-1,0.451730012893677
9,2,3,60,3,3,1,0.56714391708374,1,1,1,-1,0.483808755874634
9,2,3,61,27,27,1,0.433799982070923,1,1,1,1,0.31714391708374
9,2,3,62,-0,0,1,0.550488233566284,1,1,1,1,0.183799982070923
9,2,3,63,3,3,1,0.683789968490601,-1,1,1,1,0.300488233566284
9,2,3,64,-81,81,0,0.800447940826416,1,1,1,-1,0.433789968490601
9,2,3,65,27,27,1,0.500490665435791,-1,-1,1,1,0.550447940826416
9,2,3,66,0,0,0,0.833802938461304,1,1,-1,-1,0.250490665435791
9,2,3,67,9,9,1,0.90091347694397,1,-1,1,1,0.583802938461304
9,2,3,68,-27,27,0,0.367571592330933,1,1,-1,1,0.65091347694397
9,2,3,69,3,3,1,0.683795213699341,-1,-1,1,1,0.117571592330933
9,2,3,70,-9,9,0,0.833784818649292,1,1,-1,-1,0.433795213699341
9,2,3,71,81,81,1,0.684264898300171,-1,-1,1,1,0.583784818649292
9,2,3,72,27,27,1,0.517128944396973,1,1,-1,-1,0.434264898300171
9,2,3,73,27,27,1,0.667128801345825,1,1,1,1,0.267128944396973
9,2,3,74,3,3,1,0.817598104476929,1,1,1,1,0.417128801345825
9,2,3,75,3,3,1,0.95091700553894,1,1,1,1,0.567598104476929
9,2,3,76,-3,3,1,0.750505447387695,1,1,1,1,0.70091700553894
9,2,3,77,-0,0,0,0.484253883361816,-1,1,1,1,0.500505447387695
9,2,3,78,9,9,0,0.400457143783569,-1,-1,1,-1,0.234253883361816
9,2,3,79,-0,0,0,0.584254503250122,1,-1,-1,-1,0.150457143783569
9,2,3,80,-27,27,0,0.450470924377441,-1,-1,-1,1,0.334254503250122
9,2,3,81,81,81,1,0.533799171447754,-1,-1,-1,-1,0.200470924377441
9,2,3,82,-81,81,0,0.300485134124756,1,1,-1,-1,0.283799171447754
9,2,3,83,3,3,1,0.833778619766235,-1,-1,1,1,0.0504851341247559
9,2,3,84,3,3,1,0.700972080230713,1,1,-1,-1,0.583778619766235
9,2,3,85,81,81,1,0.567150115966797,1,1,1,1,0.450972080230713
9,2,3,86,-81,81,0,0.567589998245239,1,1,1,1,0.317150115966797
9,2,3,87,-9,9,1,0.383794069290161,-1,-1,1,1,0.317589998245239
9,2,3,88,27,27,1,0.484258890151978,-1,1,-1,-1,0.133794069290161
9,2,3,89,9,9,1,0.583784341812134,1,1,1,-1,0.234258890151978
9,2,3,90,9,9,0,1.16817831993103,1,1,1,1,0.333784341812134
9,2,3,91,-0,0,1,0.5509192943573,1,-1,1,1,0.91817831993103
9,2,3,92,9,9,1,0.617592811584473,-1,1,-1,1,0.3009192943573
9,2,3,93,9,9,1,0.433787107467651,1,1,1,-1,0.367592811584473
9,2,3,94,-3,3,1,0.53422212600708,1,1,1,1,0.183787107467651
9,2,3,95,81,81,1,0.650985956192017,-1,1,1,1,0.28422212600708
9,2,3,99,-0,0,1,0.567150115966797,1,1,1,1,0.183815002441406
9,2,4,2,-27,27,0,0.450477123260498,-1,-1,-1,-1,0.234031915664673
9,2,4,3,-3,3,0,0.41715407371521,-1,-1,-1,-1,0.200477123260498
9,2,4,7,81,81,1,0.684443950653076,1,1,-1,-1,0.717547178268433
9,2,4,8,3,3,0,0.683795928955078,1,1,1,1,0.434443950653076
9,2,4,9,9,9,1,0.434248208999634,1,-1,1,1,0.433795928955078
9,2,4,10,-81,81,0,0.483796834945679,1,1,-1,1,0.184248208999634
9,2,4,11,-81,81,0,0.583800077438354,-1,-1,1,1,0.233796834945679
9,2,4,12,81,81,1,0.567605972290039,-1,-1,-1,-1,0.333800077438354
9,2,4,13,3,3,1,0.634209156036377,1,1,-1,-1,0.317605972290039
9,2,4,14,-27,27,0,0.500470876693726,1,1,1,1,0.384209156036377
9,2,4,15,3,3,0,1.03380179405212,-1,-1,1,1,0.250470876693726
9,2,4,16,-27,27,0,0.400461196899414,1,-1,-1,-1,0.783801794052124
9,2,4,17,81,81,1,0.450509548187256,-1,-1,-1,1,0.150461196899414
9,2,4,18,9,9,0,0.533844947814941,1,1,-1,-1,0.200509548187256
9,2,4,19,9,9,1,0.550518274307251,1,-1,1,1,0.283844947814941
9,2,4,20,81,81,1,0.567122936248779,1,1,-1,1,0.300518274307251
9,2,4,21,81,81,1,0.884252071380615,1,1,1,1,0.317122936248779
9,2,4,22,81,81,1,0.367150068283081,1,1,1,1,0.634252071380615
9,2,4,23,81,81,1,0.733798980712891,1,1,1,1,0.117150068283081
9,2,4,24,3,3,0,0.350474119186401,1,1,1,1,0.483798980712891
9,2,4,25,3,3,1,0.550464153289795,1,-1,1,1,0.100474119186401
9,2,4,26,0,0,0,0.633785009384155,1,1,-1,1,0.300464153289795
9,2,4,27,81,81,1,0.48451828956604,1,-1,1,1,0.383785009384155
9,2,4,28,3,3,0,1.28422331809998,1,1,-1,1,0.23451828956604
9,2,4,29,9,9,1,0.58379602432251,1,-1,1,1,1.03422331809998
9,2,4,30,81,81,1,0.617151975631714,1,1,-1,1,0.33379602432251
9,2,4,31,9,9,1,0.750465869903564,1,1,1,1,0.367151975631714
9,2,4,32,0,0,0,0.650902986526489,1,1,1,1,0.500465869903564
9,2,4,33,81,81,1,0.367887258529663,1,-1,1,1,0.400902986526489
9,2,4,34,81,81,1,0.383804082870483,1,1,-1,1,0.117887258529663
9,2,4,35,-9,9,0,0.484251022338867,1,1,1,1,0.133804082870483
9,2,4,36,-3,3,1,0.884233951568604,-1,-1,1,1,0.234251022338867
9,2,4,37,-27,27,0,0.400476932525635,-1,1,-1,-1,0.634233951568604
9,2,4,38,-3,3,1,0.784242868423462,-1,-1,1,-1,0.150476932525635
9,2,4,39,-3,3,0,0.400478839874268,-1,1,-1,-1,0.534242868423462
9,2,4,40,-0,0,0,0.384256839752197,-1,-1,1,-1,0.150478839874268
9,2,4,41,9,9,1,0.350482940673828,-1,-1,-1,-1,0.134256839752197
9,2,4,42,27,27,1,0.834209442138672,1,1,-1,-1,0.100482940673828
9,2,4,43,9,9,1,0.550467014312744,1,1,1,1,0.584209442138672
9,2,4,44,-81,81,0,1.13421678543091,1,1,1,1,0.300467014312744
9,2,4,45,-9,9,0,0.80047082901001,-1,-1,1,1,0.884216785430908
9,2,4,46,-27,27,0,0.833783149719238,-1,-1,-1,-1,0.55047082901001
9,2,4,47,3,3,1,0.633774995803833,-1,-1,-1,-1,0.583783149719238
9,2,4,48,27,27,1,0.533791065216064,1,1,-1,-1,0.383774995803833
9,2,4,49,-81,81,0,0.684221029281616,1,1,1,1,0.283791065216064
9,2,4,50,-27,27,0,0.600471019744873,-1,-1,1,1,0.434221029281616
9,2,4,51,-9,9,0,0.733790874481201,-1,-1,-1,-1,0.350471019744873
9,2,4,52,0,0,0,0.600921154022217,-1,-1,-1,-1,0.483790874481201
9,2,4,53,27,27,1,0.517586231231689,1,-1,-1,-1,0.350921154022217
9,2,4,54,3,3,0,0.350934982299805,1,1,-1,1,0.267586231231689
9,2,4,55,9,9,1,0.333806276321411,1,-1,1,1,0.100934982299805
9,2,4,56,-81,81,0,0.600887060165405,1,1,-1,1,0.0838062763214111
9,2,4,57,-3,3,0,0.950879096984863,-1,-1,1,1,0.350887060165405
9,2,4,58,-27,27,0,0.767192840576172,-1,-1,-1,-1,0.700879096984863
9,2,4,59,27,27,1,0.367138147354126,-1,-1,-1,-1,0.517192840576172
9,2,4,60,-9,9,0,0.600934028625488,1,1,-1,-1,0.117138147354126
9,2,4,61,-3,3,1,0.867572069168091,-1,-1,1,1,0.350934028625488
9,2,4,62,-3,3,1,0.400473117828369,-1,1,-1,-1,0.617572069168091
9,2,4,63,-9,9,0,0.383811235427856,-1,1,1,-1,0.150473117828369
9,2,4,64,-9,9,0,0.784281253814697,-1,-1,1,-1,0.133811235427856
9,2,4,65,3,3,1,0.550466060638428,-1,-1,-1,-1,0.534281253814697
9,2,4,66,9,9,1,0.434251070022583,1,1,-1,-1,0.300466060638428
9,2,4,67,0,0,0,0.334226846694946,1,1,1,1,0.184251070022583
9,2,4,68,0,0,1,0.767110109329224,1,-1,1,1,0.0842268466949463
9,2,4,69,9,9,0,0.483793020248413,1,1,-1,1,0.517110109329224
9,2,4,70,81,81,1,1.33425211906433,1,-1,1,1,0.233793020248413
9,2,4,71,0,0,0,0.567115068435669,1,1,-1,1,1.08425211906433
9,2,4,72,0,0,1,0.334321022033691,1,-1,1,1,0.317115068435669
9,2,4,73,81,81,1,0.600918054580688,1,1,-1,1,0.0843210220336914
9,2,4,74,-27,27,0,0.567141771316528,1,1,1,1,0.350918054580688
9,2,4,75,-9,9,1,0.300469160079956,-1,-1,1,1,0.317141771316528
9,2,4,76,3,3,1,0.567586183547974,-1,1,-1,-1,0.0504691600799561
9,2,4,77,-27,27,0,0.500492334365845,1,1,1,-1,0.317586183547974
9,2,4,78,-81,81,0,0.7342689037323,-1,-1,1,1,0.250492334365845
9,2,4,79,-9,9,0,1.05045318603516,-1,-1,-1,-1,0.4842689037323
9,2,4,80,-27,27,0,0.584249973297119,-1,-1,-1,-1,0.800453186035156
9,2,4,81,27,27,1,0.434250831604004,-1,-1,-1,-1,0.334249973297119
9,2,4,82,27,27,1,0.983794689178467,1,1,-1,-1,0.184250831604004
9,2,4,83,3,3,0,0.667127132415771,1,1,1,1,0.733794689178467
9,2,4,84,81,81,1,0.617575168609619,1,-1,1,1,0.417127132415771
9,2,4,85,27,27,1,0.4338059425354,1,1,-1,1,0.367575168609619
9,2,4,86,9,9,0,0.484263181686401,1,1,1,1,0.1838059425354
9,2,4,87,-27,27,0,0.300915956497192,1,-1,1,1,0.234263181686401
9,2,4,88,-3,3,0,0.500467300415039,-1,-1,-1,1,0.0509159564971924
9,2,4,89,3,3,0,0.583795785903931,-1,-1,-1,-1,0.250467300415039
9,2,4,90,-0,0,1,0.450527191162109,1,-1,-1,-1,0.333795785903931
9,2,4,91,81,81,1,0.617127895355225,-1,1,-1,1,0.200527191162109
9,2,4,92,9,9,1,0.734249830245972,1,1,1,-1,0.367127895355225
9,2,4,93,3,3,1,1.05044794082642,1,1,1,1,0.484249830245972
9,2,4,94,81,81,1,0.400466918945312,1,1,1,1,0.800447940826416
9,2,4,95,9,9,1,0.517141103744507,1,1,1,1,0.150466918945312
9,2,4,96,0,0,0,0.734250068664551,1,1,1,1,0.267141103744507
9,2,4,97,-27,27,0,0.384305000305176,1,-1,1,1,0.484250068664551
9,2,4,98,0,0,0,0.733790397644043,-1,-1,-1,1,0.134305000305176
9,2,4,99,-27,27,0,0.483805179595947,1,-1,-1,-1,0.483790397644043
9,2,5,2,-27,27,0,0.400453329086304,-1,1,-1,-1,0.167352914810181
9,2,5,3,-3,3,1,0.517594575881958,-1,-1,1,-1,0.150453329086304
9,2,5,4,0,0,0,0.450944185256958,-1,1,-1,-1,0.267594575881958
9,2,5,5,-3,3,0,0.417152166366577,1,-1,1,-1,0.200944185256958
9,2,5,6,9,9,1,0.317142009735107,-1,-1,-1,1,0.167152166366577
9,2,5,7,-0,0,1,0.567842960357666,1,1,-1,-1,0.0671420097351074
9,2,5,8,-81,81,0,0.417582988739014,-1,1,1,1,0.317842960357666
9,2,5,9,-9,9,0,0.783807992935181,-1,-1,1,-1,0.167582988739014
9,2,5,10,3,3,1,0.384229183197021,-1,-1,-1,-1,0.533807992935181
9,2,5,11,-81,81,0,0.384258031845093,1,1,-1,-1,0.134229183197021
9,2,5,12,-9,9,0,0.834304332733154,-1,-1,1,1,0.134258031845093
9,2,5,13,27,27,1,0.700901031494141,-1,-1,-1,-1,0.584304332733154
9,2,5,14,3,3,0,0.700938701629639,1,1,-1,-1,0.450901031494141
9,2,5,15,-3,3,0,0.934228181838989,1,-1,1,1,0.450938701629639
9,2,5,16,27,27,1,0.683816909790039,-1,-1,-1,1,0.684228181838989
9,2,5,17,-9,9,0,0.533792972564697,1,1,-1,-1,0.433816909790039
9,2,5,18,81,81,0,0.850449800491333,-1,-1,1,1,0.283792972564697
9,2,5,19,27,27,1,0.267593145370483,1,-1,-1,-1,0.600449800491333
9,2,5,20,3,3,0,1.03423190116882,1,1,-1,1,0.0175931453704834
9,2,5,21,0,0,1,0.584242820739746,1,-1,1,1,0.784231901168823
9,2,5,22,81,81,1,0.650469064712524,1,1,-1,1,0.334242820739746
9,2,5,23,-81,81,0,0.367124080657959,1,1,1,1,0.400469064712524
9,2,5,24,0,0,1,0.600918769836426,-1,-1,1,1,0.117124080657959
9,2,5,25,81,81,1,0.734243631362915,1,1,-1,-1,0.350918769836426
9,2,5,26,0,0,0,0.71754789352417,1,1,1,1,0.484243631362915
9,2,5,27,3,3,0,0.950435161590576,1,-1,1,1,0.46754789352417
9,2,5,28,-27,27,0,0.567160129547119,1,-1,-1,1,0.700435161590576
9,2,5,29,81,81,1,0.633799076080322,-1,-1,-1,1,0.317160129547119
9,2,5,33,-81,81,0,0.417133092880249,-1,1,-1,-1,0.25091290473938
9,2,5,34,0,0,0,0.733787775039673,-1,-1,1,-1,0.167133092880249
9,2,5,35,-9,9,0,0.550924062728882,1,-1,-1,-1,0.483787775039673
9,2,5,36,-81,81,0,0.483819007873535,-1,-1,-1,1,0.300924062728882
9,2,5,37,-27,27,0,0.950527906417847,-1,-1,-1,-1,0.233819007873535
9,2,5,38,9,9,1,0.767122983932495,-1,-1,-1,-1,0.700527906417847
9,2,5,39,9,9,0,0.433794260025024,1,1,-1,-1,0.517122983932495
9,2,5,40,-3,3,0,0.367163419723511,1,-1,1,1,0.183794260025024
9,2,5,41,-3,3,1,0.317592144012451,-1,-1,-1,1,0.117163419723511
9,2,5,42,-9,9,0,0.384268045425415,-1,1,-1,-1,0.0675921440124512
9,2,5,43,-9,9,0,0.500918865203857,-1,-1,1,-1,0.134268045425415
9,2,5,44,81,81,1,0.817691087722778,-1,-1,-1,-1,0.250918865203857
9,2,5,45,27,27,1,0.68378210067749,1,1,-1,-1,0.567691087722778
9,2,5,46,9,9,0,0.584259510040283,1,1,1,1,0.43378210067749
9,2,5,47,-81,81,0,0.400474786758423,1,-1,1,1,0.334259510040283
9,2,5,48,-3,3,0,0.517607927322388,-1,-1,-1,1,0.150474786758423
9,2,5,49,-81,81,0,0.467133045196533,-1,-1,-1,-1,0.267607927322388
9,2,5,50,9,9,0,0.46757984161377,-1,-1,-1,-1,0.217133045196533
9,2,5,51,27,27,1,0.467159748077393,1,-1,-1,-1,0.21757984161377
9,2,5,52,-27,27,0,1.13423180580139,1,1,-1,1,0.217159748077393
9,2,5,53,3,3,0,0.483787775039673,-1,-1,1,1,0.884231805801392
9,2,5,54,9,9,1,0.383810043334961,1,-1,-1,-1,0.233787775039673
9,2,5,55,9,9,0,0.650461196899414,1,1,-1,1,0.133810043334961
9,2,5,56,-3,3,1,0.433802366256714,1,-1,1,1,0.400461196899414
9,2,5,57,9,9,1,0.917550802230835,-1,1,-1,1,0.183802366256714
9,2,5,58,27,27,1,0.583798885345459,1,1,1,-1,0.667550802230835
9,2,5,59,-81,81,0,0.583791971206665,1,1,1,1,0.333798885345459
9,2,5,60,9,9,1,0.65094518661499,-1,-1,1,1,0.333791971206665
9,2,5,61,3,3,0,0.767194271087646,1,1,-1,-1,0.40094518661499
9,2,5,62,-9,9,0,0.400928020477295,1,-1,1,1,0.517194271087646
9,2,5,63,-3,3,1,0.400490999221802,-1,-1,-1,1,0.150928020477295
9,2,5,64,0,0,0,0.267648458480835,-1,1,-1,-1,0.150490999221802
9,2,5,65,-81,81,0,0.650461912155151,1,-1,1,-1,0.017648458480835
9,2,5,66,-3,3,1,0.650482892990112,-1,-1,-1,1,0.400461912155151
9,2,5,67,27,27,1,0.567583084106445,-1,1,-1,-1,0.400482892990112
9,2,5,68,0,0,0,0.733803987503052,1,1,1,-1,0.317583084106445
9,2,5,69,-81,81,0,0.667132139205933,1,-1,1,1,0.483803987503052
9,2,5,70,-3,3,0,0.667117834091187,-1,-1,-1,1,0.417132139205933
9,2,5,71,81,81,1,0.834255218505859,-1,-1,-1,-1,0.417117834091187
9,2,5,72,-81,81,0,0.400496006011963,1,1,-1,-1,0.584255218505859
9,2,5,73,9,9,1,0.667566061019897,-1,-1,1,1,0.150496006011963
9,2,5,74,3,3,0,0.283811807632446,1,1,-1,-1,0.417566061019897
9,2,5,75,-81,81,0,0.4171302318573,1,-1,1,1,0.0338118076324463
9,2,5,76,27,27,1,0.517130136489868,-1,-1,-1,1,0.1671302318573
9,2,5,77,-0,0,0,0.350476026535034,1,1,-1,-1,0.267130136489868
9,2,5,78,0,0,1,0.417135715484619,-1,-1,1,1,0.100476026535034
9,2,5,79,9,9,0,0.785053014755249,1,1,-1,-1,0.167135715484619
9,2,5,80,-0,0,0,0.750907421112061,1,-1,1,1,0.535053014755249
9,2,5,81,27,27,1,0.450915813446045,-1,-1,-1,1,0.500907421112061
9,2,5,82,27,27,1,0.26760196685791,1,1,-1,-1,0.200915813446045
9,2,5,83,81,81,1,0.333838224411011,1,1,1,1,0.0176019668579102
9,2,5,84,-81,81,0,0.334319114685059,1,1,1,1,0.0838382244110107
9,2,5,85,-27,27,0,0.567137241363525,-1,-1,1,1,0.0843191146850586
9,2,5,86,27,27,1,0.417586326599121,-1,-1,-1,-1,0.317137241363525
9,2,5,87,3,3,0,0.450916528701782,1,1,-1,-1,0.167586326599121
9,2,5,88,3,3,1,0.317135095596313,1,-1,1,1,0.200916528701782
9,2,5,89,9,9,0,0.684238195419312,1,1,-1,1,0.0671350955963135
9,2,5,90,9,9,1,0.734889030456543,1,-1,1,1,0.434238195419312
9,2,5,91,3,3,1,0.567125082015991,1,1,-1,1,0.484889030456543
9,2,5,92,-9,9,0,0.400463104248047,1,1,1,1,0.317125082015991
9,2,5,93,3,3,1,0.700911998748779,-1,-1,1,1,0.150463104248047
9,2,5,94,-27,27,0,0.267591953277588,1,1,-1,-1,0.450911998748779
9,2,5,99,-27,27,0,1.05091190338135,1,1,-1,-1,1.11755800247192
9,2,6,2,-81,81,0,0.717584848403931,1,-1,1,1,0.834012031555176
9,2,6,3,-3,3,1,0.883805990219116,-1,-1,-1,1,0.467584848403931
9,2,6,4,-27,27,0,0.450468778610229,-1,1,-1,-1,0.633805990219116
9,2,6,5,81,81,1,0.433887958526611,-1,-1,1,-1,0.200468778610229
9,2,6,6,-0,0,1,0.533799886703491,1,1,-1,-1,0.183887958526611
9,2,6,7,-0,0,1,0.683881998062134,-1,1,1,1,0.283799886703491
9,2,6,8,-81,81,0,0.667137622833252,-1,1,1,-1,0.433881998062134
9,2,6,9,-9,9,1,0.467569589614868,-1,-1,1,-1,0.417137622833252
9,2,6,10,-81,81,0,0.70088529586792,-1,1,-1,-1,0.217569589614868
9,2,6,11,-9,9,0,1.25046372413635,-1,-1,1,-1,0.45088529586792
9,2,6,12,-81,81,0,0.80091667175293,-1,-1,-1,-1,1.00046372413635
9,2,6,13,-3,3,0,0.634249925613403,-1,-1,-1,-1,0.55091667175293
9,2,6,14,-81,81,0,0.717548131942749,-1,-1,-1,-1,0.384249925613403
9,2,6,15,-3,3,1,1.01756191253662,-1,-1,-1,-1,0.467548131942749
9,2,6,16,-0,0,0,0.668110132217407,-1,1,-1,-1,0.767561912536621
9,2,6,17,-0,0,1,0.650906085968018,-1,-1,1,-1,0.418110132217407
9,2,6,18,-0,0,0,0.534245252609253,-1,1,-1,-1,0.400906085968018
9,2,6,19,3,3,1,0.517589807510376,-1,-1,1,-1,0.284245252609253
9,2,6,20,27,27,1,0.617559671401978,1,1,-1,-1,0.267589807510376
9,2,6,21,9,9,1,0.417587995529175,1,1,1,1,0.367559671401978
9,2,6,22,3,3,1,0.367566108703613,1,1,1,1,0.167587995529175
9,2,6,23,81,81,1,0.734246969223022,1,1,1,1,0.117566108703613
9,2,6,24,81,81,1,0.81754994392395,1,1,1,1,0.484246969223022
9,2,6,25,27,27,1,0.267141103744507,1,1,1,1,0.56754994392395
9,2,6,26,27,27,1,0.634253978729248,1,1,1,1,0.0171411037445068
9,2,6,27,9,9,1,0.950893878936768,1,1,1,1,0.384253978729248
9,2,6,28,81,81,1,0.667564868927002,1,1,1,1,0.700893878936768
9,2,6,29,9,9,0,0.967563152313232,1,1,1,1,0.417564868927002
9,2,6,30,9,9,1,0.733793020248413,1,-1,1,1,0.717563152313232
9,2,6,31,3,3,0,0.450913906097412,1,1,-1,1,0.483793020248413
9,2,6,32,9,9,1,0.684303045272827,1,-1,1,1,0.200913906097412
9,2,6,33,81,81,1,0.71711802482605,1,1,-1,1,0.434303045272827
9,2,6,37,3,3,0,0.600521087646484,1,1,-1,-1,0.417586326599121
9,2,6,38,27,27,1,0.633786201477051,1,-1,1,1,0.350521087646484
9,2,6,39,27,27,1,0.717136144638062,1,1,-1,1,0.383786201477051
9,2,6,43,9,9,1,0.900488376617432,-1,-1,-1,-1,1.16712808609009
9,2,6,44,0,0,1,0.984239339828491,1,1,-1,-1,0.650488376617432
9,2,6,45,3,3,0,0.683794021606445,1,1,1,1,0.734239339828491
9,2,6,46,-9,9,0,0.700465202331543,1,-1,1,1,0.433794021606445
9,2,6,47,-3,3,1,0.867133140563965,-1,-1,-1,1,0.450465202331543
9,2,6,48,-27,27,0,0.451194047927856,-1,1,-1,-1,0.617133140563965
9,2,6,49,-81,81,0,0.600456237792969,-1,-1,1,-1,0.201194047927856
9,2,6,50,-81,81,0,0.700903177261353,-1,-1,-1,-1,0.350456237792969
9,2,6,51,-3,3,0,0.934245824813843,-1,-1,-1,-1,0.450903177261353
9,2,6,52,-81,81,0,0.500521183013916,-1,-1,-1,-1,0.684245824813843
9,2,6,53,-9,9,0,0.617582082748413,-1,-1,-1,-1,0.250521183013916
9,2,6,54,9,9,0,0.284255027770996,-1,-1,-1,-1,0.367582082748413
9,2,6,55,3,3,0,0.734244346618652,1,-1,-1,-1,0.0342550277709961
9,2,6,56,81,81,1,0.450476408004761,1,-1,-1,1,0.484244346618652
9,2,6,57,-27,27,0,0.317135334014893,1,1,-1,1,0.200476408004761
9,2,6,58,-3,3,1,0.983786106109619,-1,-1,1,1,0.0671353340148926
9,2,6,59,-27,27,0,0.317152261734009,-1,1,-1,-1,0.733786106109619
9,2,6,60,-9,9,1,1.38418793678284,-1,-1,1,-1,0.0671522617340088
9,2,6,61,-81,81,0,0.65047025680542,-1,1,-1,-1,1.13418793678284
9,2,6,62,-3,3,0,0.884212255477905,-1,-1,1,-1,0.40047025680542
9,2,6,63,-3,3,0,0.750468730926514,-1,-1,-1,-1,0.634212255477905
9,2,6,64,-9,9,0,0.633792638778687,-1,-1,-1,-1,0.500468730926514
9,2,6,65,-27,27,0,0.817554950714111,-1,-1,-1,-1,0.383792638778687
9,2,6,66,-3,3,0,1.11709904670715,-1,-1,-1,-1,0.567554950714111
9,2,6,67,3,3,1,1.417555809021,-1,-1,-1,-1,0.867099046707153
9,2,6,68,-9,9,1,0.483821868896484,1,1,-1,-1,1.167555809021
9,2,6,69,-81,81,0,0.350926637649536,-1,1,1,1,0.233821868896484
9,2,6,70,-9,9,0,1.3504421710968,-1,-1,1,-1,0.100926637649536
9,2,6,71,27,27,1,0.43381404876709,-1,-1,-1,-1,1.1004421710968
9,2,6,72,3,3,0,0.400944948196411,1,1,-1,-1,0.18381404876709
9,2,6,73,81,81,1,0.450484752655029,1,-1,1,1,0.150944948196411
9,2,6,74,-27,27,0,0.867124080657959,1,1,-1,1,0.200484752655029
9,2,6,75,-3,3,1,0.734261035919189,-1,-1,1,1,0.617124080657959
9,2,6,76,-27,27,0,0.300470113754272,-1,1,-1,-1,0.484261035919189
9,2,6,77,-3,3,0,0.817169189453125,-1,-1,1,-1,0.0504701137542725
9,2,6,78,-27,27,0,0.317569017410278,-1,-1,-1,-1,0.567169189453125
9,2,6,79,-9,9,0,0.417602062225342,-1,-1,-1,-1,0.0675690174102783
9,2,6,85,-9,9,0,0.700915098190308,1,1,-1,1,1.01713252067566
9,2,6,86,-27,27,0,0.800449132919312,-1,-1,1,1,0.450915098190308
9,2,6,87,81,81,1,0.900896310806274,-1,-1,-1,-1,0.550449132919312
9,2,6,88,9,9,1,1.06753826141357,1,1,-1,-1,0.650896310806274
9,2,6,89,0,0,1,0.834251403808594,1,1,1,1,0.817538261413574
9,2,6,90,3,3,0,0.550926923751831,1,1,1,1,0.584251403808594
9,2,6,91,81,81,1,0.733774423599243,1,-1,1,1,0.300926923751831
9,2,6,92,9,9,1,1.20044088363647,1,1,-1,1,0.483774423599243
9,2,6,93,27,27,1,0.383800029754639,1,1,1,1,0.950440883636475
9,2,6,99,81,81,1,0.650459051132202,1,1,1,1,0.400496959686279
9,3,1,2,3,3,1,1.15088295936584,1,-1,1,1,0.750744104385376
9,3,1,3,-81,81,0,1.10090708732605,1,1,-1,1,0.900882959365845
9,3,1,4,-0,0,1,1.00090980529785,-1,-1,1,1,0.85090708732605
9,3,1,5,3,3,0,1.13376712799072,-1,1,-1,-1,0.750909805297852
9,3,1,6,-81,81,0,1.30087113380432,1,-1,1,-1,0.883767127990723
9,3,1,7,27,27,1,1.06718397140503,-1,-1,-1,1,1.05087113380432
9,3,1,8,81,81,1,1.48388886451721,1,1,-1,-1,0.817183971405029
9,3,1,9,0,0,0,0.633810997009277,1,1,1,1,1.23388886451721
9,3,1,10,-3,3,0,0.60093092918396,1,-1,1,1,0.383810997009277
9,3,1,11,27,27,1,0.950896978378296,-1,-1,-1,1,0.35093092918396
9,3,1,12,-81,81,0,1.0004551410675,1,1,-1,-1,0.700896978378296
9,3,1,16,-9,9,1,0.750913143157959,-1,-1,1,1,0.550915718078613
9,3,1,17,81,81,1,0.884271860122681,-1,1,-1,-1,0.500913143157959
9,3,1,18,-81,81,0,1.00046110153198,1,1,1,-1,0.634271860122681
9,3,1,19,9,9,1,0.667137145996094,-1,-1,1,1,0.750461101531982
9,3,1,23,-81,81,0,0.983817100524902,-1,-1,1,1,0.350460290908813
9,3,1,24,0,0,1,0.500464916229248,-1,-1,-1,-1,0.733817100524902
9,3,1,25,-27,27,0,0.650925636291504,1,1,-1,-1,0.250464916229248
9,3,1,26,9,9,1,0.667640209197998,-1,-1,1,1,0.400925636291504
9,3,1,27,-81,81,0,0.850887060165405,1,1,-1,-1,0.417640209197998
9,3,1,28,-27,27,0,0.850460290908813,-1,-1,1,1,0.600887060165405
9,3,1,29,27,27,1,0.684218645095825,-1,-1,-1,-1,0.600460290908813
9,3,1,30,-3,3,0,0.734225988388062,1,1,-1,-1,0.434218645095825
9,3,1,31,81,81,1,0.734215021133423,-1,-1,1,1,0.484225988388062
9,3,1,32,27,27,1,0.600494861602783,1,1,-1,-1,0.484215021133423
9,3,1,39,81,81,1,0.700923919677734,-1,1,1,1,0.634257078170776
9,3,1,40,-27,27,0,0.883802652359009,1,1,1,-1,0.450923919677734
9,3,1,41,27,27,1,0.283828973770142,-1,-1,1,1,0.633802652359009
9,3,1,42,0,0,1,0.567126989364624,1,1,-1,-1,0.0338289737701416
9,3,1,43,-81,81,0,0.634258985519409,1,1,1,1,0.317126989364624
9,3,1,44,9,9,1,0.550458192825317,-1,-1,1,1,0.384258985519409
9,3,1,45,-27,27,0,1.10045003890991,1,1,-1,-1,0.300458192825317
9,3,1,46,9,9,1,0.684723854064941,-1,-1,1,1,0.850450038909912
9,3,1,47,-0,0,0,0.534255981445312,1,1,-1,-1,0.434723854064941
9,3,1,48,27,27,1,0.400474309921265,-1,-1,1,1,0.284255981445312
9,3,1,49,-3,3,0,0.717614889144897,1,1,-1,-1,0.150474309921265
9,3,1,50,9,9,1,0.534257888793945,-1,-1,1,1,0.467614889144897
9,3,1,51,-9,9,1,1.0171320438385,1,1,-1,-1,0.284257888793945
9,3,1,52,9,9,0,1.01712703704834,-1,1,1,1,0.767132043838501
9,3,1,53,-81,81,0,1.10087084770203,1,-1,1,-1,0.76712703704834
9,3,1,54,0,0,0,0.68424916267395,-1,-1,-1,1,0.850870847702026
9,3,1,55,-81,81,0,0.750461101531982,1,-1,-1,-1,0.43424916267395
9,3,1,56,27,27,1,0.767126083374023,-1,-1,-1,1,0.500461101531982
9,3,1,57,-3,3,0,0.550918817520142,1,1,-1,-1,0.517126083374023
9,3,1,58,0,0,1,0.650490999221802,-1,-1,1,1,0.300918817520142
9,3,1,59,-3,3,0,0.283812999725342,1,1,-1,-1,0.400490999221802
9,3,1,64,-81,81,0,0.800915002822876,1,-1,1,-1,0.467157125473022
9,3,1,65,81,81,1,0.784252166748047,-1,-1,-1,1,0.550915002822876
9,3,1,66,-9,9,0,0.600466012954712,1,1,-1,-1,0.534252166748047
9,3,1,67,0,0,1,0.800884962081909,-1,-1,1,1,0.350466012954712
9,3,1,68,-3,3,0,0.66761589050293,1,1,-1,-1,0.550884962081909
9,3,1,69,81,81,1,0.717601299285889,-1,-1,1,1,0.41761589050293
9,3,1,70,-9,9,0,0.700445890426636,1,1,-1,-1,0.467601299285889
9,3,1,71,9,9,1,0.600994825363159,-1,-1,1,1,0.450445890426636
9,3,1,72,-3,3,0,0.600483179092407,1,1,-1,-1,0.350994825363159
9,3,1,73,-9,9,0,0.50046706199646,-1,-1,1,1,0.350483179092407
9,3,1,74,27,27,1,0.81754994392395,-1,-1,-1,-1,0.25046706199646
9,3,1,75,9,9,1,0.834248065948486,1,1,-1,-1,0.56754994392395
9,3,1,76,-27,27,0,0.550480842590332,1,1,1,1,0.584248065948486
9,3,1,77,27,27,1,0.683816909790039,-1,-1,1,1,0.300480842590332
9,3,1,78,9,9,1,0.98424220085144,1,1,-1,-1,0.433816909790039
9,3,1,79,-81,81,0,1.13378095626831,1,1,1,1,0.73424220085144
9,3,1,80,-81,81,0,0.650503158569336,-1,-1,1,1,0.883780956268311
9,3,1,81,0,0,1,0.650882720947266,-1,-1,-1,-1,0.400503158569336
9,3,1,82,-3,3,0,0.684462070465088,1,1,-1,-1,0.400882720947266
9,3,1,83,9,9,1,0.434267997741699,-1,-1,1,1,0.434462070465088
9,3,1,84,-81,81,0,0.800892114639282,1,1,-1,-1,0.184267997741699
9,3,1,85,3,3,1,0.667586803436279,-1,-1,1,1,0.550892114639282
9,3,1,86,9,9,0,0.417601823806763,1,1,-1,-1,0.417586803436279
9,3,1,87,3,3,0,0.650926828384399,1,-1,1,1,0.167601823806763
9,3,1,88,-27,27,0,1.10091018676758,1,-1,-1,1,0.400926828384399
9,3,1,89,-27,27,0,0.967108011245728,-1,-1,-1,1,0.850910186767578
9,3,1,90,3,3,1,0.567139148712158,-1,-1,-1,-1,0.717108011245728
9,3,1,91,81,81,1,1.15090799331665,1,1,-1,-1,0.317139148712158
9,3,1,92,-9,9,0,0.550470113754272,1,1,1,1,0.90090799331665
9,3,1,93,3,3,1,0.550918817520142,-1,-1,1,1,0.300470113754272
9,3,1,94,-81,81,0,0.750457286834717,1,1,-1,-1,0.300918817520142
9,3,1,95,9,9,1,1.20043301582336,-1,-1,1,1,0.500457286834717
9,3,1,96,-0,0,0,0.667134046554565,1,1,-1,-1,0.950433015823364
9,3,1,97,3,3,1,0.717174053192139,-1,-1,1,1,0.417134046554565
9,3,1,98,-27,27,0,0.883857011795044,1,1,-1,-1,0.467174053192139
9,3,1,99,27,27,1,0.90052318572998,-1,-1,1,1,0.633857011795044
9,3,2,2,-3,3,0,0.701355218887329,1,1,1,1,0.567351579666138
9,3,2,3,-81,81,0,0.634271621704102,-1,-1,1,1,0.451355218887329
9,3,2,4,81,81,1,0.567589998245239,-1,-1,-1,-1,0.384271621704102
9,3,2,5,-81,81,0,0.617151975631714,1,1,-1,-1,0.317589998245239
9,3,2,6,-27,27,0,0.667601823806763,-1,-1,1,1,0.367151975631714
9,3,2,7,3,3,1,0.700469017028809,-1,-1,-1,-1,0.417601823806763
9,3,2,11,27,27,1,0.767111301422119,-1,1,-1,1,0.350474834442139
9,3,2,12,-0,0,1,1.05045604705811,1,1,1,-1,0.517111301422119
9,3,2,13,27,27,1,1.06757164001465,-1,1,1,1,0.800456047058105
9,3,2,14,3,3,1,0.584246158599854,1,1,1,-1,0.817571640014648
9,3,2,15,-9,9,0,0.434695482254028,1,1,1,1,0.334246158599854
9,3,2,16,-0,0,0,0.667137622833252,-1,-1,1,1,0.184695482254028
9,3,2,17,3,3,1,0.367166996002197,-1,-1,-1,-1,0.417137622833252
9,3,2,18,-81,81,0,1.06710410118103,1,1,-1,-1,0.117166996002197
9,3,2,19,-9,9,1,0.867125034332275,-1,-1,1,1,0.81710410118103
9,3,2,20,9,9,1,0.833813905715942,-1,1,-1,-1,0.617125034332275
9,3,2,21,-9,9,0,0.600969076156616,1,1,1,-1,0.583813905715942
9,3,2,22,27,27,1,0.684242248535156,-1,-1,1,1,0.350969076156616
9,3,2,23,-3,3,0,0.483834981918335,1,1,-1,-1,0.434242248535156
9,3,2,24,9,9,0,0.517142057418823,-1,-1,1,1,0.233834981918335
9,3,2,25,-27,27,0,0.917111873626709,1,-1,-1,-1,0.267142057418823
9,3,2,26,27,27,1,0.9842369556427,-1,-1,-1,1,0.667111873626709
9,3,2,27,-27,27,0,0.500518798828125,1,1,-1,-1,0.7342369556427
9,3,2,28,-9,9,1,0.584250926971436,-1,-1,1,1,0.250518798828125
9,3,2,29,81,81,1,0.817112922668457,-1,1,-1,-1,0.334250926971436
9,3,2,30,-3,3,0,0.70045804977417,1,1,1,-1,0.567112922668457
9,3,2,31,3,3,1,0.983794450759888,-1,-1,1,1,0.45045804977417
9,3,2,32,-81,81,0,0.802261829376221,1,1,-1,-1,0.733794450759888
9,3,2,33,9,9,1,0.867148876190186,-1,-1,1,1,0.552261829376221
9,3,2,34,-3,3,1,0.984236001968384,1,1,-1,-1,0.617148876190186
9,3,2,38,-27,27,0,0.734288930892944,1,1,1,1,0.817573547363281
9,3,2,39,3,3,1,0.867573261260986,-1,-1,1,1,0.484288930892944
9,3,2,40,-81,81,0,0.683816909790039,1,1,-1,-1,0.617573261260986
9,3,2,41,9,9,1,0.517168521881104,-1,-1,1,1,0.433816909790039
9,3,2,42,-81,81,0,0.717156171798706,1,1,-1,-1,0.267168521881104
9,3,2,43,3,3,1,0.617130994796753,-1,-1,1,1,0.467156171798706
9,3,2,44,-9,9,0,0.834241151809692,1,1,-1,-1,0.367130994796753
9,3,2,45,0,0,1,0.583802938461304,-1,-1,1,1,0.584241151809692
9,3,2,46,-81,81,0,0.817593097686768,1,1,-1,-1,0.333802938461304
9,3,2,47,3,3,0,1.45086908340454,-1,-1,1,1,0.567593097686768
9,3,2,48,9,9,1,0.650939226150513,1,-1,-1,-1,1.20086908340454
9,3,2,49,-0,0,0,0.733793973922729,1,1,-1,1,0.400939226150513
9,3,2,50,81,81,1,0.633809089660645,-1,-1,1,1,0.483793973922729
9,3,2,51,-27,27,0,0.767133951187134,1,1,-1,-1,0.383809089660645
9,3,2,52,27,27,1,0.800463199615479,-1,-1,1,1,0.517133951187134
9,3,2,53,-9,9,0,0.550487756729126,1,1,-1,-1,0.550463199615479
9,3,2,54,0,0,0,0.717581987380981,-1,-1,1,1,0.300487756729126
9,3,2,55,-27,27,0,0.783793926239014,1,-1,-1,-1,0.467581987380981
9,3,2,56,-27,27,0,0.50045919418335,-1,-1,-1,1,0.533793926239014
9,3,2,57,9,9,1,0.550469875335693,-1,-1,-1,-1,0.25045919418335
9,3,2,58,-3,3,0,0.350499629974365,1,1,-1,-1,0.300469875335693
9,3,2,59,81,81,1,1.21710205078125,-1,-1,1,1,0.100499629974365
9,3,2,60,-9,9,0,0.36756706237793,1,1,-1,-1,0.96710205078125
9,3,2,61,27,27,1,0.483792066574097,-1,-1,1,1,0.11756706237793
9,3,2,62,-0,0,0,0.417152881622314,1,1,-1,-1,0.233792066574097
9,3,2,63,27,27,1,0.450499773025513,-1,-1,1,1,0.167152881622314
9,3,2,64,-81,81,0,0.501261234283447,1,1,-1,-1,0.200499773025513
9,3,2,65,81,81,1,0.717161655426025,-1,-1,1,1,0.251261234283447
9,3,2,66,-0,0,1,1.23425674438477,1,1,-1,-1,0.467161655426025
9,3,2,67,9,9,1,0.650478363037109,-1,1,1,1,0.984256744384766
9,3,2,68,-3,3,0,0.617585182189941,1,1,1,-1,0.400478363037109
9,3,2,69,3,3,0,0.367214918136597,-1,-1,1,1,0.367585182189941
9,3,2,70,3,3,1,0.33427357673645,1,-1,-1,-1,0.117214918136597
9,3,2,71,-81,81,0,0.700463533401489,1,1,-1,1,0.0842735767364502
9,3,2,72,81,81,1,0.650495052337646,-1,-1,1,1,0.450463533401489
9,3,2,73,-27,27,0,0.467598915100098,1,1,-1,-1,0.400495052337646
9,3,2,74,81,81,1,0.617128372192383,-1,-1,1,1,0.217598915100098
9,3,2,75,-9,9,0,0.484268665313721,1,1,-1,-1,0.367128372192383
9,3,2,76,81,81,1,0.667133808135986,-1,-1,1,1,0.234268665313721
9,3,2,77,-27,27,0,0.683802127838135,1,1,-1,-1,0.417133808135986
9,3,2,81,27,27,1,0.633826732635498,-1,-1,-1,-1,0.550501823425293
9,3,2,82,27,27,1,0.434283971786499,1,1,-1,-1,0.383826732635498
9,3,2,83,-0,0,1,0.317136287689209,1,1,1,1,0.184283971786499
9,3,2,84,27,27,1,0.567621946334839,-1,1,1,1,0.067136287689209
9,3,2,85,27,27,1,0.617623805999756,1,1,1,-1,0.317621946334839
9,3,2,86,-3,3,1,0.517158031463623,1,1,1,1,0.367623805999756
9,3,2,87,9,9,1,0.734256982803345,-1,1,1,1,0.267158031463623
9,3,2,88,3,3,0,0.700458288192749,1,1,1,-1,0.484256982803345
9,3,2,89,3,3,1,0.584263801574707,1,-1,1,1,0.450458288192749
9,3,2,90,-3,3,0,0.700482845306396,1,1,-1,1,0.334263801574707
9,3,2,91,27,27,1,0.717118740081787,-1,-1,1,1,0.450482845306396
9,3,2,92,81,81,1,1.03436994552612,1,1,-1,-1,0.467118740081787
9,3,2,93,3,3,1,0.600472927093506,1,1,1,1,0.784369945526123
9,3,2,94,-9,9,0,0.417627811431885,1,1,1,1,0.350472927093506
9,3,2,95,27,27,1,0.667135953903198,-1,-1,1,1,0.167627811431885
9,3,2,96,-9,9,0,0.850868701934814,1,1,-1,-1,0.417135953903198
9,3,2,97,81,81,1,0.818464040756226,-1,-1,1,1,0.600868701934814
9,3,2,98,-0,0,0,0.717582702636719,1,1,-1,-1,0.568464040756226
9,3,2,99,3,3,1,0.717151165008545,-1,-1,1,1,0.467582702636719
9,3,3,2,3,3,0,0.550903081893921,1,-1,1,1,0.734449148178101
9,3,3,3,3,3,0,0.883788824081421,1,-1,-1,1,0.300903081893921
9,3,3,4,-3,3,0,0.450478076934814,1,-1,-1,1,0.633788824081421
9,3,3,5,27,27,1,0.584259033203125,-1,-1,-1,1,0.200478076934814
9,3,3,6,-81,81,0,0.883806943893433,1,1,-1,-1,0.334259033203125
9,3,3,7,-3,3,0,0.700913906097412,-1,-1,1,1,0.633806943893433
9,3,3,8,-81,81,0,0.834891796112061,-1,-1,-1,-1,0.450913906097412
9,3,3,9,-27,27,0,0.483865976333618,-1,-1,-1,-1,0.584891796112061
9,3,3,10,9,9,1,0.61713171005249,-1,-1,-1,-1,0.233865976333618
9,3,3,11,3,3,1,0.633862257003784,1,1,-1,-1,0.36713171005249
9,3,3,12,9,9,1,0.600464105606079,1,1,1,1,0.383862257003784
9,3,3,13,9,9,0,0.350498676300049,1,1,1,1,0.350464105606079
9,3,3,14,27,27,1,0.467148065567017,1,-1,1,1,0.100498676300049
9,3,3,15,0,0,0,0.551305055618286,1,1,-1,1,0.217148065567017
9,3,3,16,27,27,1,0.550480604171753,1,-1,1,1,0.301305055618286
9,3,3,17,-81,81,0,0.700454711914062,1,1,-1,1,0.300480604171753
9,3,3,18,81,81,1,0.61712384223938,-1,-1,1,1,0.450454711914062
9,3,3,19,-3,3,0,0.883782386779785,1,1,-1,-1,0.36712384223938
9,3,3,20,-3,3,1,0.667112827301025,-1,-1,1,1,0.633782386779785
9,3,3,21,-0,0,0,0.600486993789673,-1,1,-1,-1,0.417112827301025
9,3,3,22,-81,81,0,0.884263753890991,-1,-1,1,-1,0.350486993789673
9,3,3,23,-0,0,1,0.633841276168823,-1,-1,-1,-1,0.634263753890991
9,3,3,24,-81,81,0,0.650926113128662,-1,1,-1,-1,0.383841276168823
9,3,3,25,-27,27,0,0.583792209625244,-1,-1,1,-1,0.400926113128662
9,3,3,26,27,27,1,0.534312963485718,-1,-1,-1,-1,0.333792209625244
9,3,3,27,-27,27,0,0.550467967987061,1,1,-1,-1,0.284312963485718
9,3,3,28,81,81,1,0.500484466552734,-1,-1,1,1,0.300467967987061
9,3,3,29,3,3,0,0.517117977142334,1,1,-1,-1,0.250484466552734
9,3,3,30,27,27,1,0.383805990219116,1,-1,1,1,0.267117977142334
9,3,3,31,-27,27,0,0.984238147735596,1,1,-1,1,0.133805990219116
9,3,3,32,27,27,1,0.600922107696533,-1,-1,1,1,0.734238147735596
9,3,3,33,-9,9,0,0.433804988861084,1,1,-1,-1,0.350922107696533
9,3,3,34,-9,9,1,0.800977230072021,-1,-1,1,1,0.183804988861084
9,3,3,35,-0,0,0,1.11710000038147,-1,1,-1,-1,0.550977230072021
9,3,3,36,-9,9,0,0.784204244613647,-1,-1,1,-1,0.86710000038147
9,3,3,37,27,27,1,0.600492000579834,-1,-1,-1,-1,0.534204244613647
9,3,3,38,81,81,1,1.0842387676239,1,1,-1,-1,0.350492000579834
9,3,3,39,3,3,0,0.550924062728882,1,1,1,1,0.834238767623901
9,3,3,40,9,9,1,0.56713604927063,1,-1,1,1,0.300924062728882
9,3,3,41,9,9,1,0.867601871490479,1,1,-1,1,0.31713604927063
9,3,3,42,3,3,1,0.783870935440063,1,1,1,1,0.617601871490479
9,3,3,43,9,9,0,0.450472354888916,1,1,1,1,0.533870935440063
9,3,3,44,9,9,1,0.567203760147095,1,-1,1,1,0.200472354888916
9,3,3,45,27,27,1,0.434245109558105,1,1,-1,1,0.317203760147095
9,3,3,46,-9,9,0,0.584268569946289,1,1,1,1,0.184245109558105
9,3,3,47,-3,3,1,0.567138910293579,-1,-1,1,1,0.334268569946289
9,3,3,48,-9,9,0,0.3842453956604,-1,1,-1,-1,0.317138910293579
9,3,3,49,3,3,0,0.500450849533081,-1,-1,1,-1,0.1342453956604
9,3,3,50,9,9,1,0.28382420539856,1,-1,-1,-1,0.250450849533081
9,3,3,51,3,3,0,0.517126321792603,1,1,-1,1,0.0338242053985596
9,3,3,52,-3,3,0,0.867114305496216,1,-1,1,1,0.267126321792603
9,3,3,53,81,81,1,0.900975942611694,-1,-1,-1,1,0.617114305496216
9,3,3,54,27,27,1,0.483802080154419,1,1,-1,-1,0.650975942611694
9,3,3,55,-81,81,0,0.517131805419922,1,1,1,1,0.233802080154419
9,3,3,56,-81,81,0,0.467145919799805,-1,-1,1,1,0.267131805419922
9,3,3,57,3,3,1,0.434713840484619,-1,-1,-1,-1,0.217145919799805
9,3,3,58,81,81,1,0.633816003799438,1,1,-1,-1,0.184713840484619
9,3,3,59,-3,3,0,0.517593145370483,1,1,1,1,0.383816003799438
9,3,3,60,-27,27,0,0.517140865325928,-1,-1,1,1,0.267593145370483
9,3,3,61,-27,27,0,0.63424015045166,-1,-1,-1,-1,0.267140865325928
9,3,3,62,-81,81,0,1.01756811141968,-1,-1,-1,-1,0.38424015045166
9,3,3,63,9,9,0,1.05047821998596,-1,-1,-1,-1,0.767568111419678
9,3,3,64,27,27,1,0.951573133468628,1,-1,-1,-1,0.800478219985962
9,3,3,65,81,81,1,0.800555229187012,1,1,-1,1,0.701573133468628
9,3,3,66,-3,3,1,0.66757607460022,1,1,1,1,0.550555229187012
9,3,3,67,-3,3,0,0.467567205429077,-1,1,1,1,0.41757607460022
9,3,3,68,-0,0,1,0.400473117828369,-1,-1,1,-1,0.217567205429077
9,3,3,69,-0,0,1,0.451160192489624,-1,1,-1,-1,0.150473117828369
9,3,3,70,-81,81,0,0.617127895355225,-1,1,1,-1,0.201160192489624
9,3,3,71,-81,81,0,0.734247922897339,-1,-1,1,-1,0.367127895355225
9,3,3,72,-9,9,0,1.10089802742004,-1,-1,-1,-1,0.484247922897339
9,3,3,73,-27,27,0,0.884222745895386,-1,-1,-1,-1,0.850898027420044
9,3,3,74,-3,3,0,0.667140007019043,-1,-1,-1,-1,0.634222745895386
9,3,3,75,-81,81,0,0.83378791809082,-1,-1,-1,-1,0.417140007019043
9,3,3,76,-81,81,0,0.900913000106812,-1,-1,-1,-1,0.58378791809082
9,3,3,77,-27,27,0,0.834243774414062,-1,-1,-1,-1,0.650913000106812
9,3,3,78,-3,3,0,0.633811235427856,-1,-1,-1,-1,0.584243774414062
9,3,3,79,-27,27,0,0.550495862960815,-1,-1,-1,-1,0.383811235427856
9,3,3,80,-0,0,1,0.46714973449707,-1,-1,-1,-1,0.300495862960815
9,3,3,81,-9,9,0,0.517573118209839,-1,1,-1,-1,0.21714973449707
9,3,3,82,-0,0,1,0.533782243728638,-1,-1,1,-1,0.267573118209839
9,3,3,83,-81,81,0,0.70048189163208,-1,1,-1,-1,0.283782243728638
9,3,3,84,-27,27,0,0.967571020126343,-1,-1,1,-1,0.45048189163208
9,3,3,85,-3,3,1,0.767151117324829,-1,-1,-1,-1,0.717571020126343
9,3,3,86,9,9,1,0.400479793548584,-1,1,-1,-1,0.517151117324829
9,3,3,87,9,9,1,0.534260988235474,1,1,1,-1,0.150479793548584
9,3,3,88,81,81,1,0.884240865707397,1,1,1,1,0.284260988235474
9,3,3,89,0,0,0,0.450473785400391,1,1,1,1,0.634240865707397
9,3,3,90,9,9,1,0.434249401092529,1,-1,1,1,0.200473785400391
9,3,3,91,9,9,1,0.500505924224854,1,1,-1,1,0.184249401092529
9,3,3,92,9,9,1,0.683795928955078,1,1,1,1,0.250505924224854
9,3,3,93,27,27,0,1.28377676010132,1,1,1,1,0.433795928955078
9,3,3,94,-0,0,1,0.750911712646484,1,-1,1,1,1.03377676010132
9,3,3,95,-27,27,0,0.800465822219849,-1,1,-1,1,0.500911712646484
9,3,3,96,-0,0,0,1.35043096542358,-1,-1,1,-1,0.550465822219849
9,3,3,97,-9,9,1,0.267574071884155,-1,-1,-1,-1,1.10043096542358
9,3,3,98,-81,81,0,1.16712474822998,-1,1,-1,-1,0.0175740718841553
9,3,3,99,81,81,1,0.584236145019531,-1,-1,1,-1,0.91712474822998
9,3,4,2,3,3,1,0.700888156890869,-1,-1,1,1,0.400656938552856
9,3,4,3,-9,9,1,0.550471067428589,1,1,-1,-1,0.450888156890869
9,3,4,4,9,9,0,1.20089817047119,-1,1,1,1,0.300471067428589
9,3,4,5,-81,81,0,0.784224271774292,1,-1,1,-1,0.950898170471191
9,3,4,6,-3,3,1,0.667118310928345,-1,-1,-1,1,0.534224271774292
9,3,4,7,-81,81,0,0.817612171173096,-1,1,-1,-1,0.417118310928345
9,3,4,8,27,27,1,0.550488948822021,-1,-1,1,-1,0.567612171173096
9,3,4,9,3,3,1,0.817934036254883,1,1,-1,-1,0.300488948822021
9,3,4,10,-81,81,0,0.50049090385437,1,1,1,1,0.567934036254883
9,3,4,11,9,9,1,0.400471925735474,-1,-1,1,1,0.25049090385437
9,3,4,12,-3,3,0,0.717128038406372,1,1,-1,-1,0.150471925735474
9,3,4,13,3,3,1,0.467588186264038,-1,-1,1,1,0.467128038406372
9,3,4,14,9,9,0,0.884255170822144,1,1,-1,-1,0.217588186264038
9,3,4,15,-9,9,0,0.550472259521484,1,-1,1,1,0.634255170822144
9,3,4,16,3,3,1,1.00046801567078,-1,-1,-1,1,0.300472259521484
9,3,4,17,-9,9,1,0.867583036422729,1,1,-1,-1,0.750468015670776
9,3,4,18,-81,81,0,0.45045804977417,-1,1,1,1,0.617583036422729
9,3,4,19,81,81,1,0.900460958480835,-1,-1,1,-1,0.20045804977417
9,3,4,20,0,0,0,0.967143058776855,1,1,-1,-1,0.650460958480835
9,3,4,21,-27,27,0,0.50049901008606,1,-1,1,1,0.717143058776855
9,3,4,22,3,3,1,0.417128801345825,-1,-1,-1,1,0.25049901008606
9,3,4,23,-27,27,0,0.850915193557739,1,1,-1,-1,0.167128801345825
9,3,4,24,9,9,1,0.800448894500732,-1,-1,1,1,0.600915193557739
9,3,4,25,27,27,1,0.633799314498901,1,1,-1,-1,0.550448894500732
9,3,4,26,9,9,0,0.650461912155151,1,1,1,1,0.383799314498901
9,3,4,27,-27,27,0,0.400471925735474,1,-1,1,1,0.400461912155151
9,3,4,28,9,9,1,0.634588003158569,-1,-1,-1,1,0.150471925735474
9,3,4,29,-3,3,0,0.733787059783936,1,1,-1,-1,0.384588003158569
9,3,4,30,-3,3,0,0.483824014663696,-1,-1,1,1,0.483787059783936
9,3,4,34,9,9,1,0.534714937210083,-1,-1,-1,-1,0.667126893997192
9,3,4,35,3,3,0,0.567589044570923,1,1,-1,-1,0.284714937210083
9,3,4,36,3,3,1,0.467127084732056,1,-1,1,1,0.317589044570923
9,3,4,37,-0,0,0,0.684244871139526,1,1,-1,1,0.217127084732056
9,3,4,38,-0,0,1,0.317193269729614,-1,-1,1,1,0.434244871139526
9,3,4,39,81,81,1,0.700460910797119,-1,1,-1,-1,0.0671932697296143
9,3,4,40,3,3,0,0.534261226654053,1,1,1,-1,0.450460910797119
9,3,4,41,81,81,1,0.884237051010132,1,-1,1,1,0.284261226654053
9,3,4,42,-9,9,0,0.53380298614502,1,1,-1,1,0.634237051010132
9,3,4,43,27,27,1,0.483829021453857,-1,-1,1,1,0.28380298614502
9,3,4,44,-27,27,0,0.334235191345215,1,1,-1,-1,0.233829021453857
9,3,4,45,81,81,1,0.534239292144775,-1,-1,1,1,0.0842351913452148
9,3,4,46,-9,9,0,0.51713490486145,1,1,-1,-1,0.284239292144775
9,3,4,47,-0,0,1,0.850905179977417,-1,-1,1,1,0.26713490486145
9,3,4,48,-81,81,0,0.517579078674316,-1,1,-1,-1,0.600905179977417
9,3,4,49,-9,9,1,0.6338050365448,-1,-1,1,-1,0.267579078674316
9,3,4,50,-27,27,0,0.750453233718872,-1,1,-1,-1,0.3838050365448
9,3,4,51,-27,27,0,0.633819818496704,-1,-1,1,-1,0.500453233718872
9,3,4,52,-81,81,0,0.600939035415649,-1,-1,-1,-1,0.383819818496704
9,3,4,53,-81,81,0,0.600923776626587,-1,-1,-1,-1,0.350939035415649
9,3,4,54,81,81,1,0.56725811958313,-1,-1,-1,-1,0.350923776626587
9,3,4,55,-81,81,0,0.500494956970215,1,1,-1,-1,0.31725811958313
9,3,4,56,-81,81,0,0.517145872116089,-1,-1,1,1,0.250494956970215
9,3,4,57,-3,3,0,0.800997018814087,-1,-1,-1,-1,0.267145872116089
9,3,4,58,-81,81,0,0.467178106307983,-1,-1,-1,-1,0.550997018814087
9,3,4,59,-3,3,1,0.484250545501709,-1,-1,-1,-1,0.217178106307983
9,3,4,60,27,27,1,0.48424768447876,-1,1,-1,-1,0.234250545501709
9,3,4,61,3,3,0,0.91758131980896,1,1,1,-1,0.23424768447876
9,3,4,62,81,81,1,0.900465965270996,1,-1,1,1,0.66758131980896
9,3,4,63,-9,9,0,0.883795022964478,1,1,-1,1,0.650465965270996
9,3,4,64,-9,9,1,0.300507068634033,-1,-1,1,1,0.633795022964478
9,3,4,65,-9,9,0,0.41761302947998,-1,1,-1,-1,0.0505070686340332
9,3,4,66,-0,0,1,0.3509521484375,-1,-1,1,-1,0.16761302947998
9,3,4,67,27,27,1,0.533820152282715,-1,1,-1,-1,0.1009521484375
9,3,4,68,9,9,1,0.467595100402832,1,1,1,-1,0.283820152282715
9,3,4,69,-9,9,0,0.533826112747192,1,1,1,1,0.217595100402832
9,3,4,70,27,27,1,0.583793878555298,-1,-1,1,1,0.283826112747192
9,3,4,71,-27,27,0,0.450917482376099,1,1,-1,-1,0.333793878555298
9,3,4,72,-3,3,1,0.550467967987061,-1,-1,1,1,0.200917482376099
9,3,4,73,-9,9,1,0.534224987030029,-1,1,-1,-1,0.300467967987061
9,3,4,74,-0,0,0,1.26755309104919,-1,1,1,-1,0.284224987030029
9,3,4,75,-81,81,0,0.917123079299927,-1,-1,1,-1,1.01755309104919
9,3,4,76,-9,9,0,0.533827066421509,-1,-1,-1,-1,0.667123079299927
9,3,4,77,-27,27,0,0.634233951568604,-1,-1,-1,-1,0.283827066421509
9,3,4,78,-9,9,1,0.550891876220703,-1,-1,-1,-1,0.384233951568604
9,3,4,79,27,27,1,0.467560052871704,-1,1,-1,-1,0.300891876220703
9,3,4,80,-3,3,1,0.700468063354492,1,1,1,-1,0.217560052871704
9,3,4,81,27,27,1,0.434259176254272,-1,1,1,1,0.450468063354492
9,3,4,82,27,27,1,0.400490999221802,1,1,1,-1,0.184259176254272
9,3,4,83,-81,81,0,0.367599010467529,1,1,1,1,0.150490999221802
9,3,4,91,-81,81,0,0.467595815658569,1,-1,1,-1,1.06756186485291
9,3,4,92,81,81,1,0.417128324508667,-1,-1,-1,1,0.217595815658569
9,3,4,93,0,0,1,1.25044393539429,1,1,-1,-1,0.167128324508667
9,3,4,94,0,0,1,0.600452899932861,1,1,1,1,1.00044393539429
9,3,4,95,-27,27,0,0.550899028778076,1,1,1,1,0.350452899932861
9,3,4,96,-3,3,1,0.600926160812378,-1,-1,1,1,0.300899028778076
9,3,4,97,-3,3,1,0.250914335250854,-1,1,-1,-1,0.350926160812378
9,3,4,98,-81,81,0,0.550477981567383,-1,1,1,-1,0.000914335250854492
9,3,4,99,27,27,1,0.65048885345459,-1,-1,1,-1,0.300477981567383
9,3,5,2,9,9,1,0.667584896087646,-1,-1,-1,-1,0.0840489864349365
9,3,5,3,9,9,0,0.567138195037842,1,1,-1,-1,0.417584896087646
9,3,5,4,3,3,1,0.417147159576416,1,-1,1,1,0.317138195037842
9,3,5,5,-3,3,0,0.267632007598877,1,1,-1,1,0.167147159576416
9,3,5,6,-27,27,0,0.717127084732056,-1,-1,1,1,0.017632007598877
9,3,5,7,-81,81,0,0.550467967987061,-1,-1,-1,-1,0.467127084732056
9,3,5,8,-81,81,0,0.58380389213562,-1,-1,-1,-1,0.300467967987061
9,3,5,9,81,81,1,0.551406860351562,-1,-1,-1,-1,0.33380389213562
9,3,5,10,-27,27,0,0.63425087928772,1,1,-1,-1,0.301406860351562
9,3,5,11,27,27,1,0.600913047790527,-1,-1,1,1,0.38425087928772
9,3,5,12,81,81,1,0.600468158721924,1,1,-1,-1,0.350913047790527
9,3,5,13,0,0,1,0.500475883483887,1,1,1,1,0.350468158721924
9,3,5,14,0,0,0,1.01757192611694,1,1,1,1,0.250475883483887
9,3,5,15,9,9,1,0.467169761657715,1,-1,1,1,0.767571926116943
9,3,5,16,-9,9,0,0.650467157363892,1,1,-1,1,0.217169761657715
9,3,5,17,9,9,1,0.467134952545166,-1,-1,1,1,0.400467157363892
9,3,5,18,-3,3,0,0.550464868545532,1,1,-1,-1,0.217134952545166
9,3,5,19,81,81,1,0.517147064208984,-1,-1,1,1,0.300464868545532
9,3,5,20,9,9,1,0.667131900787354,1,1,-1,-1,0.267147064208984
9,3,5,21,81,81,1,0.400927782058716,1,1,1,1,0.417131900787354
9,3,5,22,9,9,1,0.467602968215942,1,1,1,1,0.150927782058716
9,3,5,23,-3,3,0,0.567214250564575,1,1,1,1,0.217602968215942
9,3,5,24,3,3,1,0.950458765029907,-1,-1,1,1,0.317214250564575
9,3,5,25,3,3,1,0.650468111038208,1,1,-1,-1,0.700458765029907
9,3,5,26,-27,27,0,0.617583990097046,1,1,1,1,0.400468111038208
9,3,5,27,3,3,0,0.867568016052246,-1,-1,1,1,0.367583990097046
9,3,5,28,27,27,1,0.434256076812744,1,-1,-1,-1,0.617568016052246
9,3,5,29,27,27,1,0.451075077056885,1,1,-1,1,0.184256076812744
9,3,5,30,9,9,1,0.567573308944702,1,1,1,1,0.201075077056885
9,3,5,31,-9,9,0,1.35048294067383,1,1,1,1,0.317573308944702
9,3,5,32,-3,3,1,0.800461769104004,-1,-1,1,1,1.10048294067383
9,3,5,33,0,0,0,1.1342339515686,-1,1,-1,-1,0.550461769104004
9,3,5,34,81,81,1,0.517768144607544,1,-1,1,-1,0.884233951568604
9,3,5,35,-9,9,0,0.50049901008606,1,1,-1,1,0.267768144607544
9,3,5,36,-3,3,1,0.517129421234131,-1,-1,1,1,0.25049901008606
9,3,5,37,-81,81,0,0.450478315353394,-1,1,-1,-1,0.267129421234131
9,3,5,38,-81,81,0,0.700901031494141,-1,-1,1,-1,0.200478315353394
9,3,5,39,-81,81,0,0.500461101531982,-1,-1,-1,-1,0.450901031494141
9,3,5,40,27,27,1,0.400477886199951,-1,-1,-1,-1,0.250461101531982
9,3,5,41,-81,81,0,0.417597055435181,1,1,-1,-1,0.150477886199951
9,3,5,42,-27,27,0,0.717183351516724,-1,-1,1,1,0.167597055435181
9,3,5,43,27,27,1,0.283802270889282,-1,-1,-1,-1,0.467183351516724
9,3,5,44,3,3,0,0.384230852127075,1,1,-1,-1,0.0338022708892822
9,3,5,45,-27,27,1,0.550468921661377,1,-1,1,1,0.134230852127075
9,3,5,46,9,9,1,1.41709804534912,-1,1,-1,1,0.300468921661377
9,3,5,47,-9,9,0,0.933809995651245,1,1,1,-1,1.16709804534912
9,3,5,48,-3,3,1,0.450464248657227,-1,-1,1,1,0.683809995651245
9,3,5,49,-27,27,1,0.917112350463867,-1,1,-1,-1,0.200464248657227
9,3,5,50,0,0,0,0.98510217666626,-1,1,1,-1,0.667112350463867
9,3,5,51,-81,81,0,0.833792209625244,1,-1,1,-1,0.73510217666626
9,3,5,52,27,27,1,0.633810043334961,-1,-1,-1,1,0.583792209625244
9,3,5,53,-3,3,0,0.33379602432251,1,1,-1,-1,0.383810043334961
9,3,5,58,-9,9,0,0.433829069137573,-1,1,-1,-1,0.350479125976562
9,3,5,59,-27,27,1,0.583798170089722,-1,-1,1,-1,0.183829069137573
9,3,5,60,-27,27,0,0.550909996032715,-1,1,-1,-1,0.333798170089722
9,3,5,61,9,9,1,0.4338698387146,-1,-1,1,-1,0.300909996032715
9,3,5,62,-9,9,1,0.600471973419189,1,1,-1,-1,0.1838698387146
9,3,5,63,81,81,1,0.800463199615479,-1,1,1,1,0.350471973419189
9,3,5,64,-81,81,0,0.533830165863037,1,1,1,-1,0.550463199615479
9,3,5,65,-27,27,0,0.550932884216309,-1,-1,1,1,0.283830165863037
9,3,5,66,3,3,1,0.617133140563965,-1,-1,-1,-1,0.300932884216309
9,3,5,67,0,0,1,0.584229946136475,1,1,-1,-1,0.367133140563965
9,3,5,68,0,0,0,0.483810424804688,1,1,1,1,0.334229946136475
9,3,5,72,3,3,1,0.583850860595703,-1,-1,-1,-1,0.517575740814209
9,3,5,73,-27,27,0,0.5004563331604,1,1,-1,-1,0.333850860595703
9,3,5,74,81,81,1,0.58379602432251,-1,-1,1,1,0.2504563331604
9,3,5,75,27,27,1,0.400475978851318,1,1,-1,-1,0.33379602432251
9,3,5,76,-3,3,0,0.783862352371216,1,1,1,1,0.150475978851318
9,3,5,77,-0,0,1,0.484260082244873,-1,-1,1,1,0.533862352371216
9,3,5,78,0,0,1,0.367188930511475,-1,1,-1,-1,0.234260082244873
9,3,5,79,3,3,1,0.467209100723267,1,1,1,-1,0.117188930511475
9,3,5,80,0,0,1,0.434232234954834,1,1,1,1,0.217209100723267
9,3,5,81,3,3,0,0.517130136489868,1,1,1,1,0.184232234954834
9,3,5,86,-81,81,0,0.76713490486145,-1,-1,1,-1,0.700456857681274
9,3,5,87,-81,81,0,0.634286165237427,-1,-1,-1,-1,0.51713490486145
9,3,5,88,3,3,1,0.517575025558472,-1,-1,-1,-1,0.384286165237427
9,3,5,89,81,81,1,0.817584037780762,1,1,-1,-1,0.267575025558472
9,3,5,90,-3,3,1,0.967576026916504,1,1,1,1,0.567584037780762
9,3,5,91,27,27,1,0.400922298431396,-1,1,1,1,0.717576026916504
9,3,5,92,-27,27,0,0.334258794784546,1,1,1,-1,0.150922298431396
9,3,5,93,9,9,1,0.86719012260437,-1,-1,1,1,0.0842587947845459
9,3,5,94,3,3,1,0.733798503875732,1,1,-1,-1,0.61719012260437
9,3,5,95,-27,27,1,0.617153167724609,1,1,1,1,0.483798503875732
9,3,5,96,9,9,0,0.800922870635986,-1,1,1,1,0.367153167724609
9,3,5,97,27,27,1,0.434525966644287,1,-1,1,-1,0.550922870635986
9,3,5,98,-81,81,0,0.433813333511353,1,1,-1,1,0.184525966644287
9,3,5,99,-81,81,0,0.567162036895752,-1,-1,1,1,0.183813333511353
9,3,6,5,-27,27,0,0.483827829360962,-1,1,-1,-1,0.067594051361084
9,3,6,6,-9,9,1,0.550469875335693,-1,-1,1,-1,0.233827829360962
9,3,6,7,-27,27,1,0.650886297225952,-1,1,-1,-1,0.300469875335693
9,3,6,8,-0,0,0,0.483788013458252,-1,1,1,-1,0.400886297225952
9,3,6,9,-81,81,0,0.500971555709839,-1,-1,1,-1,0.233788013458252
9,3,6,10,-9,9,1,1.21709799766541,-1,-1,-1,-1,0.250971555709839
9,3,6,11,-9,9,0,0.900461912155151,-1,1,-1,-1,0.967097997665405
9,3,6,12,-81,81,0,0.534253835678101,-1,-1,1,-1,0.650461912155151
9,3,6,13,-3,3,0,1.20045614242554,-1,-1,-1,-1,0.284253835678101
9,3,6,17,81,81,1,0.65093994140625,1,1,1,1,0.317156553268433
9,3,6,18,-3,3,1,0.950928926467896,1,1,1,1,0.40093994140625
9,3,6,19,27,27,1,0.450469970703125,-1,1,1,1,0.700928926467896
9,3,6,20,81,81,1,0.583800077438354,1,1,1,-1,0.200469970703125
9,3,6,21,3,3,1,0.417581081390381,1,1,1,1,0.333800077438354
9,3,6,22,-81,81,0,0.450518846511841,1,1,1,1,0.167581081390381
9,3,6,23,-9,9,0,0.550925970077515,-1,-1,1,1,0.200518846511841
9,3,6,24,-9,9,0,0.400921106338501,-1,-1,-1,-1,0.300925970077515
9,3,6,25,-27,27,0,0.300935983657837,-1,-1,-1,-1,0.150921106338501
9,3,6,26,-81,81,0,0.483796358108521,-1,-1,-1,-1,0.0509359836578369
9,3,6,27,-81,81,0,0.384220838546753,-1,-1,-1,-1,0.233796358108521
9,3,6,28,81,81,1,0.667589902877808,-1,-1,-1,-1,0.134220838546753
9,3,6,29,27,27,1,0.683822154998779,1,1,-1,-1,0.417589902877808
9,3,6,30,9,9,0,0.983834028244019,1,1,1,1,0.433822154998779
9,3,6,31,81,81,1,0.417623043060303,1,-1,1,1,0.733834028244019
9,3,6,32,-3,3,0,0.484255075454712,1,1,-1,1,0.167623043060303
9,3,6,33,27,27,1,0.567142724990845,-1,-1,1,1,0.234255075454712
9,3,6,34,81,81,1,0.450918912887573,1,1,-1,-1,0.317142724990845
9,3,6,35,0,0,1,1.00089716911316,1,1,1,1,0.200918912887573
9,3,6,36,0,0,1,0.36714243888855,1,1,1,1,0.750897169113159
9,3,6,37,81,81,1,0.350467205047607,1,1,1,1,0.11714243888855
9,3,6,38,81,81,1,0.66758918762207,1,1,1,1,0.100467205047607
9,3,6,39,9,9,1,0.367592811584473,1,1,1,1,0.41758918762207
9,3,6,43,-0,0,1,0.283816814422607,1,1,1,1,0.100505828857422
9,3,6,44,-3,3,1,0.483798980712891,-1,1,1,1,0.0338168144226074
9,3,6,45,27,27,1,0.450461864471436,-1,1,1,-1,0.233798980712891
9,3,6,46,27,27,1,0.751345157623291,1,1,1,-1,0.200461864471436
9,3,6,47,27,27,1,0.534298181533813,1,1,1,1,0.501345157623291
9,3,6,48,27,27,1,0.417580366134644,1,1,1,1,0.284298181533813
9,3,6,49,-3,3,1,1.18380117416382,1,1,1,1,0.167580366134644
9,3,6,50,-81,81,0,0.700466156005859,-1,1,1,1,0.933801174163818
9,3,6,55,-3,3,0,0.28382134437561,1,-1,-1,1,0.850435495376587
9,3,6,56,-9,9,0,0.467115640640259,-1,-1,-1,1,0.0338213443756104
9,3,6,57,3,3,0,0.500468969345093,-1,-1,-1,-1,0.217115640640259
9,3,6,58,81,81,1,0.834254026412964,1,-1,-1,-1,0.250468969345093
9,3,6,59,9,9,0,0.967096328735352,1,1,-1,1,0.584254026412964
9,3,6,60,-3,3,0,0.833786249160767,1,-1,1,1,0.717096328735352
9,3,6,61,-27,27,0,0.534260034561157,-1,-1,-1,1,0.583786249160767
9,3,6,62,-81,81,0,0.883779048919678,-1,-1,-1,-1,0.284260034561157
9,3,6,63,-3,3,1,0.350927829742432,-1,-1,-1,-1,0.633779048919678
9,3,6,64,-9,9,0,0.567589282989502,-1,1,-1,-1,0.100927829742432
9,3,6,65,27,27,1,0.650460958480835,-1,-1,1,-1,0.317589282989502
9,3,6,66,3,3,0,0.317133188247681,1,1,-1,-1,0.400460958480835
9,3,6,67,9,9,1,0.250937938690186,1,-1,1,1,0.0671331882476807
9,3,6,68,0,0,1,1.00090312957764,1,1,-1,1,0.000937938690185547
9,3,6,69,81,81,1,0.717128753662109,1,1,1,1,0.750903129577637
9,3,6,70,27,27,1,0.400915145874023,1,1,1,1,0.467128753662109
9,3,6,71,9,9,1,0.417565107345581,1,1,1,1,0.150915145874023
9,3,6,72,3,3,1,0.334256172180176,1,1,1,1,0.167565107345581
9,3,6,73,-9,9,0,0.700455188751221,1,1,1,1,0.0842561721801758
9,3,6,74,-81,81,0,0.584252834320068,-1,-1,1,1,0.450455188751221
9,3,6,79,0,0,0,0.667582988739014,1,1,-1,1,0.817563772201538
9,3,6,80,-9,9,1,1.08425712585449,1,-1,1,1,0.417582988739014
9,3,6,81,-3,3,0,0.417184114456177,-1,1,-1,1,0.834257125854492
9,3,6,85,-27,27,0,0.450499773025513,-1,-1,1,-1,0.550484895706177
9,3,6,86,-3,3,1,0.333811044692993,-1,-1,-1,-1,0.200499773025513
9,3,6,87,-27,27,0,0.750911951065063,-1,1,-1,-1,0.0838110446929932
9,3,6,88,-81,81,0,0.51758599281311,-1,-1,1,-1,0.500911951065063
9,3,6,89,27,27,1,1.05087828636169,-1,-1,-1,-1,0.26758599281311
9,3,6,90,27,27,1,0.500466108322144,1,1,-1,-1,0.800878286361694
9,3,6,91,0,0,0,0.383798599243164,1,1,1,1,0.250466108322144
9,3,6,92,-9,9,1,0.483813047409058,1,-1,1,1,0.133798599243164
9,3,6,93,-0,0,1,0.75092625617981,-1,1,-1,1,0.233813047409058
9,3,6,94,-81,81,0,0.50092601776123,-1,1,1,-1,0.50092625617981
9,3,6,95,0,0,1,0.783904314041138,-1,-1,1,-1,0.25092601776123
9,3,6,96,81,81,1,0.584254026412964,1,1,-1,-1,0.533904314041138
9,3,6,97,3,3,1,0.333801746368408,1,1,1,1,0.334254026412964
9,3,6,98,-3,3,1,0.317600965499878,1,1,1,1,0.0838017463684082
10,1,1,6,-27,27,0,1.0337917804718,1,-1,-1,1,0.284256219863892
10,1,1,7,-0,0,0,0.350474119186401,-1,-1,-1,1,0.783791780471802
10,1,1,8,9,9,0,0.700927734375,-1,-1,-1,-1,0.100474119186401
10,1,1,9,3,3,0,0.434266805648804,1,-1,-1,-1,0.450927734375
10,1,1,26,9,9,1,0.300923347473145,-1,1,1,1,0.367601871490479
10,1,1,27,-81,81,0,0.41715407371521,1,1,1,-1,0.0509233474731445
10,1,1,28,81,81,1,0.300456047058105,-1,-1,1,1,0.16715407371521
10,1,1,29,27,27,1,0.334295034408569,1,1,-1,-1,0.0504560470581055
10,1,1,30,3,3,1,0.684554815292358,1,1,1,1,0.0842950344085693
10,1,1,31,-27,27,0,0.567131996154785,1,1,1,1,0.434554815292358
10,1,1,32,0,0,0,0.350927829742432,-1,-1,1,1,0.317131996154785
10,1,1,33,-27,27,0,0.517548322677612,1,-1,-1,-1,0.100927829742432
10,1,1,34,3,3,1,0.317590951919556,-1,-1,-1,1,0.267548322677612
10,1,1,35,-27,27,1,0.383828163146973,1,1,-1,-1,0.0675909519195557
10,1,1,36,-3,3,1,0.517142057418823,-1,1,1,1,0.133828163146973
10,1,1,37,3,3,1,0.417135953903198,-1,1,1,-1,0.267142057418823
10,1,1,41,-27,27,0,0.783809185028076,1,1,1,1,0.200943470001221
10,1,1,42,-27,27,0,0.517589092254639,-1,-1,1,1,0.533809185028076
10,1,1,43,9,9,1,0.517586946487427,-1,-1,-1,-1,0.267589092254639
10,1,1,44,-27,27,1,0.284265995025635,1,1,-1,-1,0.267586946487427
10,1,1,45,81,81,0,0.78377628326416,-1,1,1,1,0.0342659950256348
10,1,1,46,-9,9,1,0.68379282951355,1,-1,1,-1,0.53377628326416
10,1,1,47,9,9,1,0.450963258743286,-1,1,-1,1,0.43379282951355
10,1,1,52,3,3,1,0.484261989593506,-1,1,1,1,0.284289836883545
10,1,1,53,27,27,1,0.984265327453613,1,1,1,-1,0.234261989593506
10,1,1,54,-81,81,1,0.384269952774048,1,1,1,1,0.734265327453613
10,1,1,55,81,81,0,0.367130279541016,-1,1,1,1,0.134269952774048
10,1,1,56,-27,27,0,0.667119264602661,1,-1,1,-1,0.117130279541016
10,1,1,57,27,27,0,1.2177734375,-1,-1,-1,1,0.417119264602661
10,1,1,58,81,81,0,0.368067741394043,1,-1,-1,-1,0.9677734375
10,1,1,59,-81,81,1,0.401273250579834,1,-1,-1,1,0.118067741394043
10,1,1,60,9,9,1,0.717603921890259,-1,1,-1,1,0.151273250579834
10,1,1,61,-9,9,1,0.76802396774292,1,1,1,-1,0.467603921890259
10,1,1,62,0,0,1,0.784375190734863,-1,1,1,1,0.51802396774292
10,1,1,63,27,27,1,0.451399564743042,1,1,1,-1,0.534375190734863
10,1,1,64,-0,0,1,0.650459051132202,1,1,1,1,0.201399564743042
10,1,1,65,3,3,1,0.384315490722656,-1,1,1,1,0.400459051132202
10,1,1,66,-81,81,1,0.384869337081909,1,1,1,-1,0.134315490722656
10,1,1,67,81,81,0,0.250940322875977,-1,1,1,1,0.134869337081909
10,1,1,68,-81,81,1,0.400479078292847,1,-1,1,-1,0.000940322875976562
10,1,1,72,27,27,0,1.16795516014099,-1,1,1,1,0.267555475234985
10,1,1,73,-9,9,0,0.900888204574585,1,-1,1,-1,0.917955160140991
10,1,1,74,3,3,1,0.467575311660767,-1,-1,-1,1,0.650888204574585
10,1,1,75,9,9,1,0.417697191238403,1,1,-1,-1,0.217575311660767
10,1,1,86,-9,9,0,1.21797323226929,1,-1,-1,-1,0.484519958496094
10,1,1,87,-9,9,1,1.41755795478821,-1,-1,-1,1,0.967973232269287
10,1,1,88,27,27,0,0.401786088943481,-1,1,-1,-1,1.16755795478821
10,1,1,89,-3,3,1,0.534383535385132,1,-1,1,-1,0.151786088943481
10,1,1,90,81,81,0,0.85096287727356,-1,1,-1,1,0.284383535385132
10,1,1,91,-81,81,1,0.735261201858521,1,-1,1,-1,0.60096287727356
10,1,1,92,27,27,0,0.767721652984619,-1,1,-1,1,0.485261201858521
10,1,1,93,-27,27,0,1.0682430267334,1,-1,1,-1,0.517721652984619
10,1,1,94,3,3,0,1.18378734588623,-1,-1,-1,1,0.818243026733398
10,1,1,95,-81,81,1,0.667111873626709,1,-1,-1,-1,0.93378734588623
10,1,1,96,9,9,1,1.01758527755737,-1,1,-1,1,0.417111873626709
10,1,1,97,-27,27,1,0.467135190963745,1,1,1,-1,0.767585277557373
10,1,1,98,9,9,1,0.584898948669434,-1,1,1,1,0.217135190963745
10,1,2,4,3,3,0,0.934256076812744,1,1,-1,1,0.633787870407104
10,1,2,5,0,0,0,0.533812046051025,1,-1,1,1,0.684256076812744
10,1,2,6,-3,3,0,0.81758189201355,1,-1,-1,1,0.283812046051025
10,1,2,7,-27,27,0,0.650461673736572,-1,-1,-1,1,0.56758189201355
10,1,2,8,81,81,1,1.21710062026978,-1,-1,-1,-1,0.400461673736572
10,1,2,9,27,27,0,0.567140817642212,1,1,-1,-1,0.967100620269775
10,1,2,10,-3,3,0,1.06716704368591,1,-1,1,1,0.317140817642212
10,1,2,11,-9,9,0,0.3504638671875,-1,-1,-1,1,0.817167043685913
10,1,2,12,9,9,0,0.483804941177368,-1,-1,-1,-1,0.1004638671875
10,1,2,13,-81,81,0,0.683804273605347,1,-1,-1,-1,0.233804941177368
10,1,2,14,-27,27,0,0.917120218276978,-1,-1,-1,1,0.433804273605347
10,1,2,15,81,81,1,0.733796119689941,-1,-1,-1,-1,0.667120218276978
10,1,2,16,9,9,0,0.583804130554199,1,1,-1,-1,0.483796119689941
10,1,2,17,-81,81,0,0.734264612197876,1,-1,1,1,0.333804130554199
10,1,2,18,-81,81,0,0.450509548187256,-1,-1,-1,1,0.484264612197876
10,1,2,19,81,81,1,0.700937032699585,-1,-1,-1,-1,0.200509548187256
10,1,2,20,3,3,0,0.933784961700439,1,1,-1,-1,0.450937032699585
10,1,2,21,0,0,0,0.550891876220703,1,-1,1,1,0.683784961700439
10,1,2,22,0,0,0,0.567124843597412,1,-1,-1,1,0.300891876220703
10,1,2,23,-9,9,0,0.917567729949951,1,-1,-1,1,0.317124843597412
10,1,2,24,-0,0,0,0.534575939178467,-1,-1,-1,1,0.667567729949951
10,1,2,25,-27,27,0,0.633786201477051,-1,-1,-1,-1,0.284575939178467
10,1,2,26,-9,9,0,0.900474071502686,-1,-1,-1,-1,0.383786201477051
10,1,2,27,0,0,0,0.550933837890625,-1,-1,-1,-1,0.650474071502686
10,1,2,28,-81,81,0,0.867150068283081,1,-1,-1,-1,0.300933837890625
10,1,2,29,-9,9,0,0.567121982574463,-1,-1,-1,1,0.617150068283081
10,1,2,30,-9,9,0,0.750922203063965,-1,-1,-1,-1,0.317121982574463
10,1,2,31,-81,81,0,0.28382420539856,-1,-1,-1,-1,0.500922203063965
10,1,2,32,27,27,0,0.467129945755005,-1,-1,-1,-1,0.0338242053985596
10,1,2,33,-9,9,0,0.60092306137085,1,-1,-1,-1,0.217129945755005
10,1,2,34,3,3,0,0.667686223983765,-1,-1,-1,1,0.35092306137085
10,1,2,35,-27,27,0,1.01770091056824,1,-1,-1,-1,0.417686223983765
10,1,2,42,-3,3,0,1.26709127426147,-1,-1,-1,1,0.783784627914429
10,1,2,43,-81,81,0,1.05046319961548,-1,-1,-1,-1,1.01709127426147
10,1,2,44,81,81,1,0.933837175369263,-1,-1,-1,-1,0.800463199615479
10,1,2,45,-0,0,1,0.650440216064453,1,1,-1,-1,0.683837175369263
10,1,2,46,27,27,1,0.784253120422363,-1,1,1,1,0.400440216064453
10,1,2,47,-3,3,0,0.500465869903564,1,1,1,-1,0.534253120422363
10,1,2,48,-9,9,0,0.517603397369385,-1,-1,1,1,0.250465869903564
10,1,2,49,-81,81,0,0.70112419128418,-1,-1,-1,-1,0.267603397369385
10,1,2,50,-81,81,0,0.850909948348999,-1,-1,-1,-1,0.45112419128418
10,1,2,51,0,0,0,0.833844184875488,-1,-1,-1,-1,0.600909948348999
10,1,2,52,-81,81,0,0.767599105834961,1,-1,-1,-1,0.583844184875488
10,1,2,53,3,3,0,0.517156362533569,-1,-1,-1,1,0.517599105834961
10,1,2,61,9,9,0,0.533789157867432,-1,1,1,1,0.717108964920044
10,1,2,62,-3,3,1,0.333831071853638,1,-1,1,-1,0.283789157867432
10,1,2,63,-27,27,0,0.58425498008728,-1,1,-1,1,0.0838310718536377
10,1,2,64,27,27,1,0.634243011474609,-1,-1,1,-1,0.33425498008728
10,1,2,68,9,9,1,0.350891351699829,-1,1,1,1,0.26758337020874
10,1,2,69,81,81,1,0.667129039764404,1,1,1,-1,0.100891351699829
10,1,2,70,-9,9,1,0.917131423950195,1,1,1,1,0.417129039764404
10,1,2,74,3,3,1,0.884797334671021,1,1,-1,-1,0.434245347976685
10,1,2,75,3,3,1,1.11713671684265,1,1,1,1,0.634797334671021
10,1,2,76,-27,27,1,0.618263006210327,1,1,1,1,0.867136716842651
10,1,2,77,-81,81,0,1.15166306495667,-1,1,1,1,0.368263006210327
10,1,2,78,-27,27,0,1.13471031188965,-1,-1,1,-1,0.901663064956665
10,1,2,82,81,81,1,0.850879430770874,1,-1,-1,1,0.134267091751099
10,1,2,83,9,9,1,0.401633024215698,1,1,-1,1,0.600879430770874
10,1,2,84,-9,9,1,0.817149877548218,1,1,1,1,0.151633024215698
10,1,2,85,-27,27,0,0.251954317092896,-1,1,1,1,0.567149877548218
10,1,2,86,81,81,1,0.434287071228027,-1,-1,1,-1,0.00195431709289551
10,1,2,87,-27,27,0,0.517972946166992,1,1,-1,-1,0.184287071228027
10,1,2,88,-27,27,1,0.650495052337646,-1,-1,1,1,0.267972946166992
10,1,2,89,-81,81,1,0.384605884552002,-1,1,-1,-1,0.400495052337646
10,1,2,93,-81,81,0,0.467607259750366,-1,1,1,-1,0.917110204696655
10,1,2,94,-3,3,0,0.968335866928101,-1,-1,1,-1,0.217607259750366
10,1,2,95,9,9,1,0.584674835205078,-1,-1,-1,-1,0.718335866928101
10,1,2,96,-27,27,0,0.400900840759277,1,1,-1,-1,0.334674835205078
10,1,2,97,0,0,0,0.71785306930542,-1,-1,1,1,0.150900840759277
10,1,3,2,-27,27,1,1.48376321792603,-1,1,-1,-1,0.734034061431885
10,1,3,3,-9,9,1,0.550462961196899,-1,1,1,-1,1.23376321792603
10,1,3,4,-9,9,1,0.783788919448853,-1,1,1,-1,0.300462961196899
10,1,3,5,-81,81,0,0.984234809875488,-1,1,1,-1,0.533788919448853
10,1,3,6,-9,9,1,1.13377499580383,-1,-1,1,-1,0.734234809875488
10,1,3,7,-3,3,1,0.88707160949707,-1,1,-1,-1,0.883774995803833
10,1,3,8,-3,3,1,0.667125940322876,-1,1,1,-1,0.63707160949707
10,1,3,12,-27,27,1,1.45089793205261,-1,1,1,-1,0.0513699054718018
10,1,3,13,-27,27,1,1.35088396072388,-1,1,1,-1,1.20089793205261
10,1,3,14,-0,0,1,0.784769058227539,-1,1,1,-1,1.10088396072388
10,1,3,15,-3,3,1,0.650920867919922,-1,1,1,-1,0.534769058227539
10,1,3,16,-9,9,1,0.700453996658325,-1,1,1,-1,0.400920867919922
10,1,3,24,27,27,1,0.783791065216064,1,1,1,1,0.367589950561523
10,1,3,25,-0,0,1,1.0004551410675,1,1,1,1,0.533791065216064
10,1,3,26,0,0,1,0.83379602432251,-1,1,1,1,0.750455141067505
10,1,3,27,27,27,1,0.267197132110596,1,1,1,-1,0.58379602432251
10,1,3,28,-81,81,0,1.36715507507324,1,1,1,1,0.0171971321105957
10,1,3,29,-81,81,0,1.4004340171814,-1,-1,1,1,1.11715507507324
10,1,3,30,27,27,1,1.31754994392395,-1,-1,-1,-1,1.1504340171814
10,1,3,31,3,3,1,0.268128871917725,1,1,-1,-1,1.06754994392395
10,1,3,32,81,81,0,0.350889444351196,1,1,1,1,0.0181288719177246
10,1,3,33,-3,3,1,1.15089988708496,1,-1,1,1,0.100889444351196
10,1,3,34,-27,27,0,0.834264516830444,-1,1,-1,1,0.900899887084961
10,1,3,35,9,9,1,1.31711316108704,-1,-1,1,-1,0.584264516830444
10,1,3,40,0,0,0,1.08423781394958,1,1,1,1,0.451097011566162
10,1,3,41,9,9,0,0.817114353179932,1,-1,1,1,0.834237813949585
10,1,3,42,-3,3,0,0.400925397872925,1,-1,-1,1,0.567114353179932
10,1,3,43,-9,9,0,0.650894165039062,-1,-1,-1,1,0.150925397872925
10,1,3,44,-3,3,0,0.70046591758728,-1,-1,-1,-1,0.400894165039062
10,1,3,45,-81,81,0,1.38376688957214,-1,-1,-1,-1,0.45046591758728
10,1,3,46,-81,81,0,1.11758041381836,-1,-1,-1,-1,1.13376688957214
10,1,3,54,-27,27,1,1.43376493453979,-1,1,-1,-1,0.93377423286438
10,1,3,58,81,81,0,0.783793210983276,1,1,-1,-1,0.933808326721191
10,1,3,59,0,0,1,1.26717400550842,1,-1,1,1,0.533793210983276
10,1,3,60,-27,27,1,1.41712117195129,1,1,-1,1,1.01717400550842
10,1,3,61,-3,3,1,0.833787441253662,-1,1,1,1,1.16712117195129
10,1,3,62,-9,9,1,0.250936031341553,-1,1,1,-1,0.583787441253662
10,1,3,63,81,81,0,1.10047626495361,-1,1,1,-1,0.000936031341552734
10,1,3,64,-81,81,1,0.767108678817749,1,-1,1,-1,0.850476264953613
10,1,3,65,-81,81,0,1.00090026855469,-1,1,-1,1,0.517108678817749
10,1,3,66,-27,27,0,1.36711311340332,-1,-1,1,-1,0.750900268554688
10,1,3,67,-3,3,1,0.684274196624756,-1,-1,-1,-1,1.11711311340332
10,1,3,68,-81,81,1,1.08423089981079,-1,1,-1,-1,0.434274196624756
10,1,3,69,-3,3,1,0.600913524627686,-1,1,1,-1,0.834230899810791
10,1,3,70,27,27,1,1.05049347877502,-1,1,1,-1,0.350913524627686
10,1,3,71,3,3,1,1.35049080848694,1,1,1,-1,0.800493478775024
10,1,3,72,3,3,1,1.40140891075134,1,1,1,1,1.10049080848694
10,1,3,73,9,9,1,0.617144346237183,1,1,1,1,1.15140891075134
10,1,3,74,81,81,1,0.88493800163269,1,1,1,1,0.367144346237183
10,1,3,78,81,81,0,0.700908184051514,1,1,1,1,0.334269046783447
10,1,3,82,9,9,1,0.400466918945312,1,-1,-1,1,0.833771944046021
10,1,3,86,-81,81,1,0.584880352020264,-1,1,1,-1,0.000983715057373047
10,1,3,87,-81,81,1,1.11841893196106,-1,1,1,-1,0.334880352020264
10,1,3,88,3,3,0,0.350478410720825,-1,1,1,-1,0.86841893196106
10,1,3,92,-27,27,1,0.500467300415039,1,1,1,1,0.417700052261353
10,1,3,93,-9,9,1,0.584626436233521,-1,1,1,1,0.250467300415039
10,1,3,94,27,27,1,0.435194969177246,-1,1,1,-1,0.334626436233521
10,1,3,98,-9,9,0,0.384268045425415,-1,-1,1,1,0.850468158721924
10,1,3,99,-9,9,0,0.933788061141968,-1,-1,-1,-1,0.134268045425415
10,1,4,2,-3,3,0,0.283799171447754,-1,-1,1,-1,0.867347955703735
10,1,4,3,-9,9,0,0.917114973068237,-1,-1,-1,-1,0.0337991714477539
10,1,4,4,-81,81,0,0.733798027038574,-1,-1,-1,-1,0.667114973068237
10,1,4,8,-0,0,0,0.883810997009277,-1,-1,-1,-1,0.817121028900146
10,1,4,9,-27,27,0,0.817124128341675,-1,-1,-1,-1,0.633810997009277
10,1,4,10,-27,27,0,0.400931835174561,-1,-1,-1,-1,0.567124128341675
10,1,4,11,-27,27,0,0.400474071502686,-1,-1,-1,-1,0.150931835174561
10,1,4,12,-9,9,0,0.867138862609863,-1,-1,-1,-1,0.150474071502686
10,1,4,16,-3,3,0,0.500461101531982,-1,-1,-1,-1,0.367125988006592
10,1,4,17,-9,9,0,1.01713705062866,-1,-1,-1,-1,0.250461101531982
10,1,4,18,-81,81,0,0.517578125,-1,-1,-1,-1,0.767137050628662
10,1,4,19,-3,3,0,0.617118120193481,-1,-1,-1,-1,0.267578125
10,1,4,20,-9,9,0,0.850470304489136,-1,-1,-1,-1,0.367118120193481
10,1,4,21,-9,9,0,1.06710982322693,-1,-1,-1,-1,0.600470304489136
10,1,4,22,-3,3,0,0.850440979003906,-1,-1,-1,-1,0.817109823226929
10,1,4,23,-9,9,0,0.567644834518433,-1,-1,-1,-1,0.600440979003906
10,1,4,24,-0,0,1,1.01759600639343,-1,-1,-1,-1,0.317644834518433
10,1,4,25,-3,3,0,0.450929164886475,-1,1,-1,-1,0.767596006393433
10,1,4,26,-81,81,0,0.633810758590698,-1,-1,1,-1,0.200929164886475
10,1,4,27,9,9,0,0.483834505081177,-1,-1,-1,-1,0.383810758590698
10,1,4,28,3,3,0,1.15090298652649,1,-1,-1,-1,0.233834505081177
10,1,4,29,81,81,1,1.18379282951355,1,-1,-1,1,0.900902986526489
10,1,4,30,-0,0,0,0.58378791809082,1,1,-1,1,0.93379282951355
10,1,4,31,9,9,0,0.550462007522583,-1,-1,1,1,0.33378791809082
10,1,4,32,81,81,1,0.63382363319397,1,-1,-1,-1,0.300462007522583
10,1,4,33,3,3,1,0.833794116973877,1,1,-1,1,0.38382363319397
10,1,4,34,81,81,1,0.81712007522583,1,1,1,1,0.583794116973877
10,1,4,35,0,0,1,0.900501012802124,1,1,1,1,0.56712007522583
10,1,4,43,3,3,1,0.80092978477478,1,1,1,1,0.234244346618652
10,1,4,44,9,9,1,0.300554752349854,1,1,1,1,0.55092978477478
10,1,4,45,81,81,1,1.13420510292053,1,1,1,1,0.0505547523498535
10,1,4,46,81,81,1,0.583806991577148,1,1,1,1,0.884205102920532
10,1,4,47,81,81,1,1.01756906509399,1,1,1,1,0.333806991577148
10,1,4,48,3,3,1,1.35046315193176,1,1,1,1,0.767569065093994
10,1,4,49,81,81,1,0.71713662147522,1,1,1,1,1.10046315193176
10,1,4,50,9,9,1,0.617123365402222,1,1,1,1,0.46713662147522
10,1,4,51,-9,9,0,0.934439420700073,1,1,1,1,0.367123365402222
10,1,4,52,-81,81,0,0.350499153137207,-1,-1,1,1,0.684439420700073
10,1,4,53,-9,9,0,0.950907945632935,-1,-1,-1,-1,0.100499153137207
10,1,4,54,-27,27,0,0.550917863845825,-1,-1,-1,-1,0.700907945632935
10,1,4,55,-3,3,0,0.817124605178833,-1,-1,-1,-1,0.300917863845825
10,1,4,56,-27,27,0,0.484252214431763,-1,-1,-1,-1,0.567124605178833
10,1,4,57,-27,27,0,0.450539827346802,-1,-1,-1,-1,0.234252214431763
10,1,4,62,9,9,1,0.567591190338135,1,1,-1,1,0.734236001968384
10,1,4,63,-81,81,0,0.967109441757202,1,1,1,1,0.317591190338135
10,1,4,64,-27,27,0,1.06712102890015,-1,-1,1,1,0.717109441757202
10,1,4,65,-9,9,0,0.967571020126343,-1,-1,-1,-1,0.817121028900146
10,1,4,66,-0,0,0,1.00044822692871,-1,-1,-1,-1,0.717571020126343
10,1,4,67,27,27,0,1.40128827095032,-1,-1,-1,-1,0.750448226928711
10,1,4,68,0,0,0,0.900928735733032,1,-1,-1,-1,1.15128827095032
10,1,4,73,-27,27,0,1.16761708259583,-1,-1,-1,-1,0.400923013687134
10,1,4,74,-27,27,0,0.767144918441772,-1,-1,-1,-1,0.917617082595825
10,1,4,75,-27,27,0,0.834246397018433,-1,-1,-1,-1,0.517144918441772
10,1,4,76,-3,3,0,1.08424401283264,-1,-1,-1,-1,0.584246397018433
10,1,4,83,-81,81,0,0.884247064590454,-1,-1,-1,-1,0.383798599243164
10,1,4,84,-27,27,0,0.850480079650879,-1,-1,-1,-1,0.634247064590454
10,1,4,85,3,3,0,0.950936079025269,-1,-1,-1,-1,0.600480079650879
10,1,4,90,-81,81,1,1.38425612449646,-1,-1,-1,-1,0.733784914016724
10,1,4,94,-81,81,1,1.21713805198669,-1,1,1,-1,0.217619895935059
10,1,4,95,-0,0,1,0.600457668304443,-1,1,1,-1,0.967138051986694
10,1,4,96,-3,3,1,0.550484418869019,-1,1,1,-1,0.350457668304443
10,1,5,2,-0,0,0,0.817584276199341,-1,-1,-1,-1,1.01734352111816
10,1,5,3,27,27,1,0.633824586868286,-1,-1,-1,-1,0.567584276199341
10,1,5,4,-81,81,1,1.01791596412659,1,1,-1,-1,0.383824586868286
10,1,5,5,-9,9,0,1.05044317245483,-1,1,1,1,0.767915964126587
10,1,5,6,3,3,1,1.25046396255493,-1,-1,1,-1,0.800443172454834
10,1,5,7,-27,27,1,0.450469017028809,1,1,-1,-1,1.00046396255493
10,1,5,8,-0,0,1,1.03379797935486,-1,1,1,1,0.200469017028809
10,1,5,9,-3,3,1,1.03377485275269,-1,1,1,-1,0.783797979354858
10,1,5,10,-3,3,1,1.33421993255615,-1,1,1,-1,0.783774852752686
10,1,5,11,27,27,0,1.16757559776306,-1,1,1,-1,1.08421993255615
10,1,5,12,81,81,0,0.984235048294067,1,-1,1,-1,0.917575597763062
10,1,5,13,-27,27,1,1.40125489234924,1,-1,-1,1,0.734235048294067
10,1,5,14,-9,9,1,1.15046787261963,-1,1,-1,1,1.15125489234924
10,1,5,15,-27,27,0,0.967113971710205,-1,1,1,-1,0.900467872619629
10,1,5,16,27,27,1,0.917569875717163,-1,-1,1,-1,0.717113971710205
10,1,5,17,27,27,1,0.567151784896851,1,1,-1,-1,0.667569875717163
10,1,5,18,0,0,1,1.03423285484314,1,1,1,1,0.317151784896851
10,1,5,19,-81,81,1,1.10044384002686,1,1,1,1,0.78423285484314
10,1,5,26,81,81,0,0.900480031967163,1,-1,1,1,0.433805465698242
10,1,5,27,3,3,1,1.43379616737366,1,-1,-1,1,0.650480031967163
10,1,5,32,-27,27,0,0.617133140563965,1,1,-1,1,0.467129230499268
10,1,5,33,-3,3,0,0.35092306137085,-1,-1,1,1,0.367133140563965
10,1,5,34,-81,81,1,1.2341947555542,-1,-1,-1,-1,0.10092306137085
10,1,5,35,-27,27,1,0.817137718200684,-1,1,-1,-1,0.984194755554199
10,1,5,36,81,81,0,0.683794736862183,-1,1,1,-1,0.567137718200684
10,1,5,40,-81,81,1,1.05086445808411,-1,1,1,-1,0.0842599868774414
10,1,5,41,-81,81,1,0.950438976287842,-1,1,1,-1,0.800864458084106
10,1,5,42,-81,81,1,0.767595052719116,-1,1,1,-1,0.700438976287842
10,1,5,43,-0,0,1,0.367566108703613,-1,1,1,-1,0.517595052719116
10,1,5,47,9,9,0,1.11711025238037,1,-1,-1,1,0.700915098190308
10,1,5,48,-27,27,1,0.734265089035034,1,-1,-1,1,0.867110252380371
10,1,5,49,81,81,0,1.23468208312988,-1,1,-1,1,0.484265089035034
10,1,5,50,-3,3,1,0.717123985290527,1,-1,1,-1,0.984682083129883
10,1,5,51,-27,27,1,0.950901746749878,-1,1,-1,1,0.467123985290527
10,1,5,52,-81,81,1,1.33422136306763,-1,1,1,-1,0.700901746749878
10,1,5,53,3,3,1,0.533797979354858,-1,1,1,-1,1.08422136306763
10,1,5,54,3,3,0,0.600456237792969,1,1,1,-1,0.283797979354858
10,1,5,59,-3,3,0,0.767201900482178,1,-1,-1,-1,0.767178773880005
10,1,5,60,81,81,1,1.21761631965637,-1,-1,-1,1,0.517201900482178
10,1,5,61,0,0,1,1.40091276168823,1,1,-1,-1,0.967616319656372
10,1,5,62,81,81,1,1.41714215278625,1,1,1,1,1.15091276168823
10,1,5,67,-0,0,0,1.18420243263245,-1,1,1,-1,0.933779954910278
10,1,5,68,-81,81,1,0.933785915374756,-1,-1,1,-1,0.934202432632446
10,1,5,69,81,81,0,0.950470924377441,-1,1,-1,-1,0.683785915374756
10,1,5,70,9,9,0,0.900913000106812,1,-1,1,-1,0.700470924377441
10,1,5,71,3,3,0,0.517587900161743,1,-1,-1,1,0.650913000106812
10,1,5,76,-81,81,1,0.967146873474121,1,-1,-1,1,0.300475120544434
10,1,5,77,81,81,0,1.16711282730103,-1,1,-1,1,0.717146873474121
10,1,5,81,-81,81,0,0.533820629119873,-1,1,1,1,0.683809995651245
10,1,5,82,-9,9,0,1.21710228919983,-1,-1,1,-1,0.283820629119873
10,1,5,86,3,3,1,0.934238910675049,1,-1,1,-1,1.23376488685608
10,1,5,87,0,0,0,0.751219272613525,1,1,-1,1,0.684238910675049
10,1,5,88,3,3,0,0.434247016906738,1,-1,1,1,0.501219272613525
10,1,5,89,-27,27,1,0.883779048919678,1,-1,-1,1,0.184247016906738
10,1,5,93,9,9,1,0.567584753036499,1,-1,1,-1,1.00045132637024
10,1,5,94,-27,27,0,0.283814668655396,1,1,-1,1,0.317584753036499
10,1,5,95,-9,9,0,0.534276962280273,-1,-1,1,1,0.0338146686553955
10,1,6,2,9,9,0,1.15043997764587,-1,-1,1,1,1.15069174766541
10,1,6,3,-81,81,0,1.16711211204529,1,-1,-1,-1,0.900439977645874
10,1,6,4,81,81,1,0.950916051864624,-1,-1,-1,1,0.917112112045288
10,1,6,5,-3,3,0,1.11712002754211,1,1,-1,-1,0.700916051864624
10,1,6,6,3,3,0,1.08420491218567,-1,-1,1,1,0.867120027542114
10,1,6,7,-3,3,0,1.48376798629761,1,-1,-1,-1,0.834204912185669
10,1,6,8,9,9,0,1.03378486633301,-1,-1,-1,1,1.23376798629761
10,1,6,9,-81,81,0,1.20086860656738,1,-1,-1,-1,0.783784866333008
10,1,6,10,0,0,0,0.400951385498047,-1,-1,-1,1,0.950868606567383
10,1,6,11,-0,0,0,0.883786916732788,1,-1,-1,-1,0.150951385498047
10,1,6,12,9,9,0,0.867585897445679,-1,-1,-1,1,0.633786916732788
10,1,6,13,-0,0,0,1.28423166275024,1,-1,-1,-1,0.617585897445679
10,1,6,14,81,81,1,1.08380317687988,-1,-1,-1,1,1.03423166275024
10,1,6,18,-9,9,0,1.01711201667786,1,-1,-1,-1,0.283798933029175
10,1,6,19,-9,9,0,0.967575073242188,-1,-1,-1,1,0.767112016677856
10,1,6,20,-9,9,0,1.30096507072449,-1,-1,-1,-1,0.717575073242188
10,1,6,21,27,27,1,1.15042471885681,-1,-1,-1,-1,1.05096507072449
10,1,6,22,-81,81,0,1.23377203941345,1,1,-1,-1,0.900424718856812
10,1,6,23,27,27,1,0.900913953781128,-1,-1,1,1,0.983772039413452
10,1,6,24,-27,27,0,1.15127325057983,1,1,-1,-1,0.650913953781128
10,1,6,25,9,9,0,0.983880281448364,-1,-1,1,1,0.901273250579834
10,1,6,26,-27,27,0,1.26710033416748,1,-1,-1,-1,0.733880281448364
10,1,6,27,27,27,1,1.01711106300354,-1,-1,-1,1,1.01710033416748
10,1,6,28,-81,81,0,0.933788299560547,1,1,-1,-1,0.76711106300354
10,1,6,29,3,3,0,0.750917673110962,-1,-1,1,1,0.683788299560547
10,1,6,30,-9,9,0,1.20046997070312,1,-1,-1,-1,0.500917673110962
10,1,6,31,81,81,1,0.967098474502563,-1,-1,-1,1,0.950469970703125
10,1,6,32,-27,27,0,0.700916051864624,1,1,-1,-1,0.717098474502563
10,1,6,33,3,3,0,1.15089893341064,-1,-1,1,1,0.450916051864624
10,1,6,34,-27,27,1,1.06711292266846,1,-1,-1,-1,0.900898933410645
10,1,6,35,27,27,1,1.13378000259399,-1,1,-1,1,0.817112922668457
10,1,6,36,-0,0,0,0.717580556869507,1,1,1,-1,0.883780002593994
10,1,6,37,81,81,1,0.783778429031372,-1,-1,1,1,0.467580556869507
10,1,6,38,-27,27,0,1.06709241867065,1,1,-1,-1,0.533778429031372
10,1,6,39,-9,9,1,0.834206819534302,-1,-1,1,1,0.817092418670654
10,1,6,40,-27,27,1,0.80045485496521,-1,1,-1,-1,0.584206819534302
10,1,6,41,9,9,0,1.45106768608093,-1,1,1,-1,0.55045485496521
10,1,6,42,-27,27,0,1.15046191215515,1,-1,1,-1,1.20106768608093
10,1,6,43,-3,3,0,1.3008987903595,-1,-1,-1,1,0.900461912155151
10,1,6,44,-0,0,1,1.05046653747559,-1,-1,-1,-1,1.0508987903595
10,1,6,45,27,27,1,0.967119932174683,-1,1,-1,-1,0.800466537475586
10,1,6,46,-81,81,1,0.833765506744385,1,1,1,-1,0.717119932174683
10,1,6,47,81,81,0,1.00043034553528,-1,1,1,1,0.583765506744385
10,1,6,51,-81,81,0,0.600471973419189,1,-1,-1,-1,0.300461769104004
10,1,6,52,-3,3,0,0.617129325866699,-1,-1,-1,1,0.350471973419189
10,1,6,53,-81,81,0,0.833816051483154,-1,-1,-1,-1,0.367129325866699
10,1,6,54,9,9,0,0.917539834976196,-1,-1,-1,-1,0.583816051483154
10,1,6,55,-9,9,0,0.817553043365479,1,-1,-1,-1,0.667539834976196
10,1,6,63,3,3,1,1.10088729858398,1,1,1,-1,1.11713695526123
10,1,6,64,-9,9,1,1.21712803840637,1,1,1,1,0.850887298583984
10,1,6,65,-0,0,0,1.28377890586853,-1,1,1,1,0.967128038406372
10,1,6,66,3,3,1,1.28422093391418,-1,-1,1,-1,1.03377890586853
10,1,6,67,-27,27,1,1.06709218025208,1,1,-1,-1,1.03422093391418
10,1,6,71,-27,27,0,0.950906991958618,1,-1,-1,-1,1.03378391265869
10,1,6,72,81,81,1,1.03378391265869,-1,-1,-1,1,0.700906991958618
10,1,6,73,-27,27,1,1.03422689437866,1,1,-1,-1,0.783783912658691
10,1,6,74,-81,81,1,1.33379292488098,-1,1,1,1,0.784226894378662
10,1,6,80,-3,3,0,0.983794212341309,1,-1,-1,-1,0.63377046585083
10,1,6,81,9,9,0,0.950863361358643,-1,-1,-1,1,0.733794212341309
10,1,6,82,-27,27,0,0.833770751953125,1,-1,-1,-1,0.700863361358643
10,1,6,83,27,27,1,0.76711106300354,-1,-1,-1,1,0.583770751953125
10,1,6,84,-27,27,0,1.01721620559692,1,1,-1,-1,0.51711106300354
10,1,6,85,9,9,0,1.13379907608032,-1,-1,1,1,0.767216205596924
10,1,6,89,-81,81,0,0.584268093109131,1,1,-1,-1,0.700909614562988
10,1,6,90,-0,0,1,0.61758017539978,-1,-1,1,1,0.334268093109131
10,1,6,91,3,3,0,0.900913953781128,-1,1,-1,-1,0.36758017539978
10,1,6,92,-0,0,1,0.750900268554688,1,-1,1,-1,0.650913953781128
10,1,6,93,81,81,0,0.667118310928345,-1,1,-1,1,0.500900268554688
10,1,6,94,-27,27,0,0.917119979858398,1,-1,1,-1,0.417118310928345
10,1,6,95,9,9,0,0.867932319641113,-1,-1,-1,1,0.667119979858398
10,1,6,96,0,0,1,1.15090322494507,1,-1,-1,-1,0.617932319641113
10,1,6,97,-9,9,1,1.03381609916687,1,1,-1,1,0.900903224945068
10,1,6,98,-3,3,1,0.850470066070557,-1,1,1,1,0.78381609916687
10,1,6,99,0,0,1,1.43378496170044,-1,1,1,-1,0.600470066070557
10,2,1,4,81,81,0,0.700463771820068,-1,1,1,1,0.617157936096191
10,2,1,5,9,9,1,0.850436925888062,1,-1,1,-1,0.450463771820068
10,2,1,6,-27,27,0,0.817116975784302,1,1,-1,1,0.600436925888062
10,2,1,7,-0,0,0,1.3337767124176,-1,-1,1,1,0.567116975784302
10,2,1,8,9,9,0,0.850524663925171,-1,-1,-1,-1,1.0837767124176
10,2,1,9,3,3,0,0.617117166519165,1,-1,-1,-1,0.600524663925171
10,2,1,10,81,81,1,0.617134094238281,1,-1,-1,1,0.367117166519165
10,2,1,11,-3,3,0,0.967288970947266,1,1,-1,1,0.367134094238281
10,2,1,12,3,3,0,0.700953483581543,-1,-1,1,1,0.717288970947266
10,2,1,13,-27,27,0,0.883805990219116,1,-1,-1,-1,0.450953483581543
10,2,1,14,9,9,0,1.21756100654602,-1,-1,-1,1,0.633805990219116
10,2,1,15,-0,0,0,1.35128116607666,1,-1,-1,-1,0.967561006546021
10,2,1,16,3,3,1,0.433812856674194,-1,-1,-1,1,1.10128116607666
10,2,1,17,-81,81,0,1.06711506843567,1,1,-1,-1,0.183812856674194
10,2,1,18,0,0,0,1.05047011375427,-1,-1,1,1,0.817115068435669
10,2,1,19,81,81,1,1.11711406707764,1,-1,-1,-1,0.800470113754272
10,2,1,20,-3,3,1,0.967120885848999,1,1,-1,1,0.867114067077637
10,2,1,21,27,27,1,0.783796072006226,-1,1,1,1,0.717120885848999
10,2,1,22,3,3,1,1.16756200790405,1,1,1,-1,0.533796072006226
10,2,1,23,-3,3,0,0.41756010055542,1,1,1,1,0.917562007904053
10,2,1,24,81,81,1,0.800478935241699,-1,-1,1,1,0.16756010055542
10,2,1,25,-27,27,0,0.767596006393433,1,1,-1,-1,0.550478935241699
10,2,1,26,9,9,0,0.950894832611084,-1,-1,1,1,0.517596006393433
10,2,1,27,-81,81,0,1.15043091773987,1,-1,-1,-1,0.700894832611084
10,2,1,28,81,81,0,0.800457954406738,-1,-1,-1,1,0.900430917739868
10,2,1,29,27,27,1,0.717600584030151,1,-1,-1,-1,0.550457954406738
10,2,1,30,3,3,1,0.734246015548706,1,1,-1,1,0.467600584030151
10,2,1,31,-27,27,0,0.833785772323608,1,1,1,1,0.484246015548706
10,2,1,32,0,0,0,0.833851099014282,-1,-1,1,1,0.583785772323608
10,2,1,33,-27,27,0,1.20089411735535,1,-1,-1,-1,0.583851099014282
10,2,1,34,3,3,0,0.750452995300293,-1,-1,-1,1,0.950894117355347
10,2,1,35,-27,27,0,0.883778810501099,1,-1,-1,-1,0.500452995300293
10,2,1,36,-3,3,0,1.03378295898438,-1,-1,-1,1,0.633778810501099
10,2,1,37,3,3,1,0.767140865325928,-1,-1,-1,-1,0.783782958984375
10,2,1,38,-81,81,0,1.30088710784912,1,1,-1,-1,0.517140865325928
10,2,1,39,3,3,1,1.18375611305237,-1,-1,1,1,1.05088710784912
10,2,1,40,3,3,0,1.18379211425781,1,1,-1,-1,0.933756113052368
10,2,1,41,-27,27,0,0.983819961547852,1,-1,1,1,0.933792114257812
10,2,1,42,-27,27,0,1.11712193489075,-1,-1,-1,1,0.733819961547852
10,2,1,46,-9,9,0,1.1504487991333,1,1,-1,-1,0.834232091903687
10,2,1,47,9,9,0,0.784230947494507,-1,-1,1,1,0.900448799133301
10,2,1,48,81,81,1,1.20043444633484,1,-1,-1,-1,0.534230947494507
10,2,1,52,3,3,0,0.901251077651978,-1,-1,1,1,0.483789682388306
10,2,1,53,27,27,1,1.00091600418091,1,-1,-1,-1,0.651251077651978
10,2,1,54,-81,81,0,1.2337760925293,1,1,-1,1,0.750916004180908
10,2,1,55,81,81,1,1.31714701652527,-1,-1,1,1,0.983776092529297
10,2,1,56,-27,27,0,1.03423190116882,1,1,-1,-1,1.06714701652527
10,2,1,57,27,27,1,1.01757287979126,-1,-1,1,1,0.784231901168823
10,2,1,58,81,81,1,0.734210968017578,1,1,-1,-1,0.76757287979126
10,2,1,59,-81,81,0,1.16753482818604,1,1,1,1,0.484210968017578
10,2,1,60,9,9,0,1.23377990722656,-1,-1,1,1,0.917534828186035
10,2,1,61,-9,9,0,0.917125225067139,1,-1,-1,-1,0.983779907226562
10,2,1,62,0,0,0,1.35044384002686,-1,-1,-1,1,0.667125225067139
10,2,1,63,27,27,0,0.867151975631714,1,-1,-1,-1,1.10044384002686
10,2,1,64,-0,0,0,0.934222936630249,1,-1,-1,1,0.617151975631714
10,2,1,65,3,3,0,0.950524091720581,-1,-1,-1,1,0.684222936630249
10,2,1,66,-81,81,1,1.10045003890991,1,-1,-1,-1,0.700524091720581
10,2,1,67,81,81,0,1.01712584495544,-1,1,-1,1,0.850450038909912
10,2,1,68,-81,81,1,0.884243011474609,1,-1,1,-1,0.767125844955444
10,2,1,69,-3,3,1,1.31709408760071,-1,1,-1,1,0.634243011474609
10,2,1,70,0,0,0,1.23419594764709,-1,1,1,-1,1.06709408760071
10,2,1,71,-27,27,1,0.917577505111694,1,-1,1,-1,0.984195947647095
10,2,1,72,27,27,1,0.833775281906128,-1,1,-1,1,0.667577505111694
10,2,1,73,-9,9,0,0.634248971939087,1,1,1,-1,0.583775281906128
10,2,1,74,3,3,1,0.867120981216431,-1,-1,1,1,0.384248971939087
10,2,1,75,9,9,1,0.967574119567871,1,1,-1,-1,0.617120981216431
10,2,1,76,-9,9,1,0.91716194152832,1,1,1,1,0.717574119567871
10,2,1,80,9,9,0,0.833791971206665,-1,-1,1,1,0.850895166397095
10,2,1,81,9,9,1,0.534276247024536,1,-1,-1,-1,0.583791971206665
10,2,1,82,-0,0,0,0.417553901672363,1,1,-1,1,0.284276247024536
10,2,1,83,9,9,0,1.41708898544312,-1,-1,1,1,0.167553901672363
10,2,1,84,-9,9,1,0.717584133148193,1,-1,-1,-1,1.16708898544312
10,2,1,85,27,27,1,1.03424310684204,-1,1,-1,1,0.467584133148193
10,2,1,86,-9,9,1,1.00092196464539,1,1,1,-1,0.784243106842041
10,2,1,87,-9,9,1,0.700910091400146,-1,1,1,1,0.750921964645386
10,2,1,88,27,27,0,0.750463008880615,-1,1,1,-1,0.450910091400146
10,2,1,89,-3,3,0,0.633825063705444,1,-1,1,-1,0.500463008880615
10,2,1,90,81,81,0,0.900438070297241,-1,-1,-1,1,0.383825063705444
10,2,1,91,-81,81,1,1.15090298652649,1,-1,-1,-1,0.650438070297241
10,2,1,92,27,27,0,1.2005136013031,-1,1,-1,1,0.900902986526489
10,2,1,93,-27,27,0,1.25089621543884,1,-1,1,-1,0.950513601303101
10,2,1,94,3,3,1,0.567145824432373,-1,-1,-1,1,1.00089621543884
10,2,1,95,-81,81,1,0.768237829208374,1,1,-1,-1,0.317145824432373
10,2,1,96,9,9,0,0.934225082397461,-1,1,1,1,0.518237829208374
10,2,1,97,-27,27,1,0.750916242599487,1,-1,1,-1,0.684225082397461
10,2,1,98,9,9,1,0.383824825286865,-1,1,-1,1,0.500916242599487
10,2,1,99,-9,9,0,1.16838192939758,1,1,1,-1,0.133824825286865
10,2,2,3,81,81,0,0.80177903175354,-1,-1,-1,-1,0.367583036422729
10,2,2,4,81,81,0,0.867597103118896,1,-1,-1,-1,0.55177903175354
10,2,2,5,81,81,0,0.833804130554199,1,-1,-1,1,0.617597103118896
10,2,2,6,9,9,0,0.850926876068115,1,-1,-1,1,0.583804130554199
10,2,2,7,3,3,1,0.750516891479492,1,-1,-1,1,0.600926876068115
10,2,2,8,27,27,0,0.833804845809937,1,1,-1,1,0.500516891479492
10,2,2,9,27,27,0,1.33419823646545,1,-1,1,1,0.583804845809937
10,2,2,10,-3,3,1,0.817115068435669,1,-1,-1,1,1.08419823646545
10,2,2,11,0,0,1,1.31711101531982,-1,1,-1,1,0.567115068435669
10,2,2,12,-9,9,1,0.817130088806152,1,1,1,-1,1.06711101531982
10,2,2,13,-27,27,1,1.13422799110413,-1,1,1,1,0.567130088806152
10,2,2,14,0,0,1,1.00090599060059,-1,1,1,-1,0.884227991104126
10,2,2,15,-81,81,1,0.767125368118286,1,1,1,-1,0.750905990600586
10,2,2,16,-3,3,1,1.10089993476868,-1,1,1,1,0.517125368118286
10,2,2,17,-3,3,1,1.08424854278564,-1,1,1,-1,0.850899934768677
10,2,2,18,-81,81,1,1.31758499145508,-1,1,1,-1,0.834248542785645
10,2,2,19,-9,9,1,1.38377714157104,-1,1,1,-1,1.06758499145508
10,2,2,20,81,81,0,1.28377604484558,-1,1,1,-1,1.13377714157104
10,2,2,21,27,27,1,1.13378405570984,1,-1,1,-1,1.03377604484558
10,2,2,22,3,3,1,1.21713471412659,1,1,-1,1,0.883784055709839
10,2,2,23,9,9,0,0.867106914520264,1,1,1,1,0.967134714126587
10,2,2,24,-81,81,1,1.08379292488098,1,-1,1,1,0.617106914520264
10,2,2,25,-3,3,0,1.15086960792542,-1,1,-1,1,0.833792924880981
10,2,2,26,0,0,0,1.11769700050354,-1,-1,1,-1,0.900869607925415
10,2,2,27,-9,9,0,1.03377962112427,1,-1,-1,-1,0.86769700050354
10,2,2,28,3,3,0,0.967574119567871,-1,-1,-1,1,0.783779621124268
10,2,2,29,81,81,0,1.11710906028748,1,-1,-1,-1,0.717574119567871
10,2,2,30,-27,27,0,1.06757307052612,1,-1,-1,1,0.867109060287476
10,2,2,31,81,81,0,0.984252452850342,-1,-1,-1,1,0.817573070526123
10,2,2,32,27,27,1,1.38379311561584,1,-1,-1,-1,0.734252452850342
10,2,2,33,-27,27,0,0.68426775932312,1,1,-1,1,1.13379311561584
10,2,2,34,-0,0,1,0.950867652893066,-1,-1,1,1,0.43426775932312
10,2,2,35,-27,27,1,1.11714100837708,-1,1,-1,-1,0.700867652893066
10,2,2,39,3,3,1,1.11756992340088,1,-1,1,-1,0.70044994354248
10,2,2,40,-3,3,0,1.00091886520386,1,1,-1,1,0.867569923400879
10,2,2,41,-81,81,1,0.667156934738159,-1,-1,1,1,0.750918865203857
10,2,2,42,9,9,0,1.06756925582886,-1,1,-1,-1,0.417156934738159
10,2,2,43,-27,27,0,0.534248113632202,1,-1,1,-1,0.817569255828857
10,2,2,44,81,81,0,0.967607259750366,-1,-1,-1,1,0.284248113632202
10,2,2,45,-3,3,0,0.417587995529175,1,-1,-1,-1,0.717607259750366
10,2,2,46,-81,81,1,1.41713547706604,-1,-1,-1,1,0.167587995529175
10,2,2,47,3,3,0,0.967105150222778,-1,1,-1,-1,1.16713547706604
10,2,2,48,-9,9,0,0.934244871139526,1,-1,1,-1,0.717105150222778
10,2,2,49,-0,0,0,1.16711091995239,-1,-1,-1,1,0.684244871139526
10,2,2,50,-81,81,1,1.43376898765564,-1,-1,-1,-1,0.917110919952393
10,2,2,51,-3,3,0,1.11756062507629,-1,1,-1,-1,1.18376898765564
10,2,2,52,-81,81,1,1.00047898292542,-1,-1,1,-1,0.867560625076294
10,2,2,56,-27,27,0,1.25089502334595,1,-1,1,-1,0.817530393600464
10,2,2,57,9,9,0,0.534115076065063,-1,-1,-1,1,1.00089502334595
10,2,2,58,-9,9,1,0.917578935623169,1,-1,-1,-1,0.284115076065063
10,2,2,59,-9,9,0,1.48378992080688,-1,1,-1,1,0.667578935623169
10,2,2,60,81,81,0,1.00045204162598,-1,-1,1,-1,1.23378992080688
10,2,2,61,9,9,0,1.20050740242004,1,-1,-1,-1,0.750452041625977
10,2,2,66,-81,81,0,1.20089983940125,-1,-1,-1,1,1.13421940803528
10,2,2,67,-9,9,1,0.650460004806519,-1,-1,-1,-1,0.950899839401245
10,2,2,68,27,27,1,1.40045285224915,-1,1,-1,-1,0.400460004806519
10,2,2,69,-81,81,1,0.983795881271362,1,1,1,-1,1.15045285224915
10,2,2,70,27,27,0,0.967113256454468,-1,1,1,1,0.733795881271362
10,2,2,71,-9,9,0,0.850989103317261,1,-1,1,-1,0.717113256454468
10,2,2,75,-81,81,1,1.01757311820984,-1,-1,1,-1,1.01710104942322
10,2,2,76,81,81,0,1.03378391265869,-1,1,-1,-1,0.767573118209839
10,2,2,82,9,9,1,0.96711802482605,1,1,1,-1,0.550532817840576
10,2,2,83,-0,0,1,0.817151069641113,1,1,1,1,0.71711802482605
10,2,2,84,0,0,1,0.883774042129517,-1,1,1,1,0.567151069641113
10,2,2,85,-9,9,1,0.650491714477539,1,1,1,-1,0.633774042129517
10,2,2,94,27,27,0,1.16763091087341,-1,-1,-1,1,0.700464010238647
10,2,2,95,9,9,0,1.33380007743835,1,-1,-1,-1,0.917630910873413
10,2,2,96,-3,3,0,0.68425178527832,1,-1,-1,1,1.08380007743835
10,2,2,97,-27,27,0,0.36759614944458,-1,-1,-1,1,0.43425178527832
10,2,2,98,-0,0,0,0.417640924453735,-1,-1,-1,-1,0.11759614944458
10,2,3,2,-3,3,1,1.2509069442749,-1,-1,-1,-1,1.20113396644592
10,2,3,3,-3,3,0,0.90131402015686,-1,1,-1,-1,1.0009069442749
10,2,3,4,-27,27,0,1.01758003234863,-1,-1,1,-1,0.65131402015686
10,2,3,5,9,9,0,0.400918006896973,-1,-1,-1,-1,0.767580032348633
10,2,3,6,9,9,0,0.617581844329834,1,-1,-1,-1,0.150918006896973
10,2,3,7,9,9,0,0.700909614562988,1,-1,-1,1,0.367581844329834
10,2,3,8,81,81,1,0.433786153793335,1,-1,-1,1,0.450909614562988
10,2,3,9,9,9,1,1.06759691238403,1,1,-1,1,0.183786153793335
10,2,3,10,3,3,1,0.934252023696899,1,1,1,1,0.817596912384033
10,2,3,11,27,27,1,0.600908994674683,1,1,1,1,0.684252023696899
10,2,3,12,0,0,1,0.700906753540039,1,1,1,1,0.350908994674683
10,2,3,13,-3,3,1,0.567137241363525,1,1,1,1,0.450906753540039
10,2,3,14,-81,81,0,1.13378095626831,-1,1,1,1,0.317137241363525
10,2,3,15,-27,27,0,0.933798313140869,-1,-1,1,-1,0.883780956268311
10,2,3,16,-3,3,0,0.85051417350769,-1,-1,-1,-1,0.683798313140869
10,2,3,20,81,81,1,0.834217548370361,-1,-1,-1,-1,0.884227991104126
10,2,3,21,3,3,1,0.983788013458252,1,1,-1,-1,0.584217548370361
10,2,3,22,-3,3,1,1.23426055908203,1,1,1,1,0.733788013458252
10,2,3,23,9,9,1,1.15049695968628,-1,1,1,1,0.984260559082031
10,2,3,24,81,81,1,0.96759033203125,1,1,1,-1,0.900496959686279
10,2,3,25,3,3,1,0.400908946990967,1,1,1,1,0.71759033203125
10,2,3,26,9,9,1,1.18375635147095,1,1,1,1,0.150908946990967
10,2,3,27,9,9,1,0.867575883865356,1,1,1,1,0.933756351470947
10,2,3,28,27,27,1,0.450499057769775,1,1,1,1,0.617575883865356
10,2,3,29,9,9,1,0.784226179122925,1,1,1,1,0.200499057769775
10,2,3,30,27,27,1,0.817151069641113,1,1,1,1,0.534226179122925
10,2,3,31,81,81,1,0.634250402450562,1,1,1,1,0.567151069641113
10,2,3,32,9,9,1,0.333783388137817,1,1,1,1,0.384250402450562
10,2,3,33,81,81,1,0.733817100524902,1,1,1,1,0.0837833881378174
10,2,3,34,9,9,1,1.33377075195312,1,1,1,1,0.483817100524902
10,2,3,35,0,0,1,1.06756329536438,1,1,1,1,1.08377075195312
10,2,3,36,3,3,1,0.767576932907104,1,1,1,1,0.81756329536438
10,2,3,37,9,9,1,0.300939798355103,1,1,1,1,0.517576932907104
10,2,3,38,9,9,1,0.867127895355225,1,1,1,1,0.0509397983551025
10,2,3,39,0,0,1,0.534237861633301,1,1,1,1,0.617127895355225
10,2,3,40,27,27,1,0.5676109790802,1,1,1,1,0.284237861633301
10,2,3,41,81,81,1,1.05087280273438,1,1,1,1,0.3176109790802
10,2,3,42,9,9,1,0.500463962554932,1,1,1,1,0.800872802734375
10,2,3,43,-3,3,1,0.400495290756226,1,1,1,1,0.250463962554932
10,2,3,44,-3,3,0,0.450495958328247,-1,1,1,1,0.150495290756226
10,2,3,45,-81,81,0,1.16710996627808,-1,-1,1,-1,0.200495958328247
10,2,3,46,-27,27,0,1.21709632873535,-1,-1,-1,-1,0.917109966278076
10,2,3,47,-81,81,0,0.900475978851318,-1,-1,-1,-1,0.967096328735352
10,2,3,48,-27,27,0,0.917158842086792,-1,-1,-1,-1,0.650475978851318
10,2,3,49,-0,0,0,0.883806943893433,-1,-1,-1,-1,0.667158842086792
10,2,3,50,-9,9,1,0.833817005157471,-1,-1,-1,-1,0.633806943893433
10,2,3,51,-0,0,0,1.20044565200806,-1,1,-1,-1,0.583817005157471
10,2,3,52,-81,81,0,1.16710114479065,-1,-1,1,-1,0.950445652008057
10,2,3,53,-81,81,0,1.21711397171021,-1,-1,-1,-1,0.917101144790649
10,2,3,54,3,3,0,0.500483512878418,-1,-1,-1,-1,0.967113971710205
10,2,3,55,81,81,1,1.18422508239746,1,-1,-1,-1,0.250483512878418
10,2,3,56,-27,27,0,0.684252977371216,1,1,-1,1,0.934225082397461
10,2,3,57,-0,0,0,1.18377995491028,-1,-1,1,1,0.434252977371216
10,2,3,58,-27,27,0,1.23422789573669,-1,-1,-1,-1,0.933779954910278
10,2,3,62,3,3,1,0.934198379516602,1,1,-1,1,1.10044813156128
10,2,3,63,0,0,1,1.18380165100098,1,1,1,1,0.684198379516602
10,2,3,64,-81,81,0,1.06712198257446,1,1,1,1,0.933801651000977
10,2,3,65,-3,3,0,0.68381404876709,-1,-1,1,1,0.817121982574463
10,2,3,66,3,3,1,0.717643260955811,-1,-1,-1,-1,0.43381404876709
10,2,3,67,27,27,1,0.867562770843506,1,1,-1,-1,0.467643260955811
10,2,3,68,27,27,1,0.667587041854858,1,1,1,1,0.617562770843506
10,2,3,69,27,27,1,1.0671329498291,1,1,1,1,0.417587041854858
10,2,3,70,0,0,1,1.25090026855469,1,1,1,1,0.817132949829102
10,2,3,71,81,81,1,1.15045809745789,1,1,1,1,1.00090026855469
10,2,3,72,81,81,1,0.650490045547485,1,1,1,1,0.900458097457886
10,2,3,73,81,81,1,0.667587041854858,1,1,1,1,0.400490045547485
10,2,3,74,81,81,1,0.884248018264771,1,1,1,1,0.417587041854858
10,2,3,75,9,9,1,1.46755790710449,1,1,1,1,0.634248018264771
10,2,3,76,-27,27,0,1.38536858558655,1,1,1,1,1.21755790710449
10,2,3,77,-81,81,0,1.10147094726562,-1,-1,1,1,1.13536858558655
10,2,3,78,81,81,0,0.251724720001221,-1,-1,-1,-1,0.851470947265625
10,2,3,79,0,0,0,0.867562055587769,1,-1,-1,-1,0.0017247200012207
10,2,3,80,27,27,1,1.26755285263062,1,-1,-1,1,0.617562055587769
10,2,3,81,-9,9,1,0.71760106086731,1,1,-1,1,1.01755285263062
10,2,3,82,-0,0,1,0.584265947341919,-1,1,1,1,0.46760106086731
10,2,3,83,-3,3,1,0.900476932525635,-1,1,1,-1,0.334265947341919
10,2,3,84,-27,27,0,1.36844682693481,-1,1,1,-1,0.650476932525635
10,2,3,85,-27,27,0,0.850915193557739,-1,-1,1,-1,1.11844682693481
10,2,3,86,-81,81,0,0.784285306930542,-1,-1,-1,-1,0.600915193557739
10,2,3,90,-27,27,0,0.950468063354492,-1,-1,-1,-1,0.50097393989563
10,2,3,91,-0,0,0,0.567573070526123,-1,-1,-1,-1,0.700468063354492
10,2,3,92,-81,81,0,0.867551326751709,-1,-1,-1,-1,0.317573070526123
10,2,3,93,-27,27,0,0.918204069137573,-1,-1,-1,-1,0.617551326751709
10,2,3,97,-9,9,0,1.01868319511414,-1,-1,-1,-1,0.933784008026123
10,2,3,98,-9,9,0,0.684226751327515,-1,-1,-1,-1,0.768683195114136
10,2,3,99,-3,3,0,0.633810043334961,-1,-1,-1,-1,0.434226751327515
10,2,4,2,9,9,0,1.03424096107483,1,-1,1,1,1.18401694297791
10,2,4,3,-9,9,0,0.917123079299927,1,-1,-1,1,0.784240961074829
10,2,4,4,-27,27,0,0.850447177886963,-1,-1,-1,1,0.667123079299927
10,2,4,5,-3,3,0,0.850460052490234,-1,-1,-1,-1,0.600447177886963
10,2,4,6,81,81,1,0.867134809494019,-1,-1,-1,-1,0.600460052490234
10,2,4,7,-3,3,0,1.43379497528076,1,1,-1,-1,0.617134809494019
10,2,4,11,-27,27,0,1.10042905807495,1,1,1,1,1.10093283653259
10,2,4,12,-27,27,0,0.701562166213989,-1,-1,1,1,0.850429058074951
10,2,4,13,-27,27,0,0.800879955291748,-1,-1,-1,-1,0.451562166213989
10,2,4,14,-81,81,0,0.834244012832642,-1,-1,-1,-1,0.550879955291748
10,2,4,15,-27,27,0,0.633786201477051,-1,-1,-1,-1,0.584244012832642
10,2,4,16,-3,3,0,1.11712694168091,-1,-1,-1,-1,0.383786201477051
10,2,4,17,3,3,0,0.950480937957764,-1,-1,-1,-1,0.867126941680908
10,2,4,18,27,27,1,0.800471067428589,1,-1,-1,-1,0.700480937957764
10,2,4,19,81,81,1,1.06715416908264,1,1,-1,1,0.550471067428589
10,2,4,20,-9,9,1,1.01756286621094,1,1,1,1,0.817154169082642
10,2,4,21,81,81,1,0.817132949829102,-1,1,1,1,0.767562866210938
10,2,4,22,9,9,1,0.733810901641846,1,1,1,-1,0.567132949829102
10,2,4,26,81,81,0,1.00092387199402,1,1,1,1,0.800460815429688
10,2,4,27,27,27,1,1.00089311599731,1,-1,1,1,0.750923871994019
10,2,4,28,9,9,1,1.26757526397705,1,1,-1,1,0.750893115997314
10,2,4,29,3,3,1,0.884245872497559,1,1,1,1,1.01757526397705
10,2,4,30,27,27,1,0.283863067626953,1,1,1,1,0.634245872497559
10,2,4,31,9,9,1,0.450473070144653,1,1,1,1,0.0338630676269531
10,2,4,32,3,3,1,0.850464344024658,1,1,1,1,0.200473070144653
10,2,4,33,9,9,1,0.667160272598267,1,1,1,1,0.600464344024658
10,2,4,34,0,0,1,0.517575025558472,1,1,1,1,0.417160272598267
10,2,4,40,81,81,0,1.08425545692444,1,-1,1,1,0.333826065063477
10,2,4,41,81,81,1,1.051509141922,1,-1,-1,1,0.834255456924438
10,2,4,42,3,3,1,1.08385014533997,1,1,-1,1,0.801509141921997
10,2,4,43,9,9,1,0.883784294128418,1,1,1,1,0.833850145339966
10,2,4,44,81,81,1,0.817566394805908,1,1,1,1,0.633784294128418
10,2,4,52,-3,3,0,0.867119312286377,-1,-1,1,1,0.867696285247803
10,2,4,53,-81,81,0,0.817583799362183,-1,-1,-1,-1,0.617119312286377
10,2,4,54,-9,9,0,0.85091233253479,-1,-1,-1,-1,0.567583799362183
10,2,4,55,-3,3,0,1.41756296157837,-1,-1,-1,-1,0.60091233253479
10,2,4,56,0,0,0,0.96757698059082,-1,-1,-1,-1,1.16756296157837
10,2,4,57,27,27,0,1.01755952835083,1,-1,-1,-1,0.71757698059082
10,2,4,58,27,27,1,1.0675790309906,1,-1,-1,1,0.76755952835083
10,2,4,59,-0,0,1,0.667587995529175,1,1,-1,1,0.817579030990601
10,2,4,60,-81,81,0,0.934807062149048,-1,1,1,1,0.417587995529175
10,2,4,64,-81,81,0,0.834419012069702,-1,1,-1,1,0.268035888671875
10,2,4,65,3,3,0,0.918324947357178,-1,-1,1,-1,0.584419012069702
10,2,4,66,-81,81,0,0.850450992584229,1,-1,-1,-1,0.668324947357178
10,2,4,67,-27,27,0,0.684265851974487,-1,-1,-1,1,0.600450992584229
10,2,4,68,-9,9,0,0.584910154342651,-1,-1,-1,-1,0.434265851974487
10,2,4,69,-9,9,0,0.367599964141846,-1,-1,-1,-1,0.334910154342651
10,2,4,73,-3,3,0,0.683794021606445,-1,-1,-1,-1,0.63447093963623
10,2,4,74,-9,9,0,0.617604970932007,-1,-1,-1,-1,0.433794021606445
10,2,4,75,-27,27,0,0.717602968215942,-1,-1,-1,-1,0.367604970932007
10,2,4,76,3,3,0,1.1508800983429,-1,-1,-1,-1,0.467602968215942
10,2,4,80,81,81,1,0.600975036621094,1,1,1,1,0.400477170944214
10,2,4,81,-3,3,1,0.600916862487793,1,1,1,1,0.350975036621094
10,2,4,88,0,0,0,0.984254837036133,1,-1,-1,1,0.334291934967041
10,2,4,89,9,9,0,0.500641822814941,1,-1,-1,1,0.734254837036133
10,2,4,90,3,3,0,0.333819389343262,1,-1,-1,1,0.250641822814941
10,2,4,91,81,81,1,0.467138051986694,1,-1,-1,1,0.0838193893432617
10,2,4,92,27,27,1,0.718519926071167,1,1,-1,1,0.217138051986694
10,2,4,93,27,27,1,0.584526777267456,1,1,1,1,0.468519926071167
10,2,4,94,3,3,1,0.950876951217651,1,1,1,1,0.334526777267456
10,2,4,95,27,27,1,0.651005506515503,1,1,1,1,0.700876951217651
10,2,4,96,27,27,1,0.400473833084106,1,1,1,1,0.401005506515503
10,2,4,97,81,81,1,0.567769765853882,1,1,1,1,0.150473833084106
10,2,4,98,-27,27,0,0.784253835678101,1,1,1,1,0.317769765853882
10,2,4,99,9,9,1,1.46803116798401,-1,-1,1,1,0.534253835678101
10,2,5,2,-3,3,1,0.684257745742798,1,1,-1,-1,1.05065608024597
10,2,5,3,-27,27,0,0.950445175170898,-1,1,1,1,0.434257745742798
10,2,5,4,3,3,0,1.13379859924316,-1,-1,1,-1,0.700445175170898
10,2,5,5,3,3,1,0.683784008026123,1,-1,-1,-1,0.883798599243164
10,2,5,6,81,81,1,0.750913858413696,1,1,-1,1,0.433784008026123
10,2,5,7,-81,81,0,1.06753873825073,1,1,1,1,0.500913858413696
10,2,5,8,-3,3,1,1.15133213996887,-1,-1,1,1,0.817538738250732
10,2,5,9,-27,27,0,0.967120885848999,-1,1,-1,-1,0.901332139968872
10,2,5,10,-9,9,0,0.717159986495972,-1,-1,1,-1,0.717120885848999
10,2,5,11,-27,27,0,0.700469017028809,-1,-1,-1,-1,0.467159986495972
10,2,5,12,0,0,0,1.28379917144775,-1,-1,-1,-1,0.450469017028809
10,2,5,13,-3,3,0,0.967547416687012,1,-1,-1,-1,1.03379917144775
10,2,5,14,-0,0,0,0.784275531768799,-1,-1,-1,1,0.717547416687012
10,2,5,15,-81,81,0,0.800894021987915,-1,-1,-1,-1,0.534275531768799
10,2,5,16,81,81,1,0.45047402381897,-1,-1,-1,-1,0.550894021987915
10,2,5,17,-0,0,0,0.600492000579834,1,1,-1,-1,0.20047402381897
10,2,5,18,0,0,0,0.550496816635132,-1,-1,1,1,0.350492000579834
10,2,5,19,9,9,1,0.501187801361084,1,-1,-1,-1,0.300496816635132
10,2,5,20,-81,81,0,0.817127227783203,1,1,-1,1,0.251187801361084
10,2,5,21,0,0,1,1.00045585632324,-1,-1,1,1,0.567127227783203
10,2,5,22,-27,27,0,0.700900316238403,1,1,-1,-1,0.750455856323242
10,2,5,23,81,81,1,0.784256935119629,-1,-1,1,1,0.450900316238403
10,2,5,27,-81,81,0,0.617546319961548,-1,-1,-1,-1,0.834264039993286
10,2,5,28,3,3,1,1.05092096328735,-1,-1,-1,-1,0.367546319961548
10,2,5,29,-9,9,0,0.568176984786987,1,1,-1,-1,0.800920963287354
10,2,5,30,9,9,0,0.600464820861816,-1,-1,1,1,0.318176984786987
10,2,5,31,-9,9,0,1.15091228485107,1,-1,-1,-1,0.350464820861816
10,2,5,32,-27,27,0,0.467136144638062,-1,-1,-1,1,0.900912284851074
10,2,5,33,-27,27,0,0.534249305725098,-1,-1,-1,-1,0.217136144638062
10,2,5,34,81,81,1,0.701156139373779,-1,-1,-1,-1,0.284249305725098
10,2,5,35,27,27,1,0.650918960571289,1,1,-1,-1,0.451156139373779
10,2,5,36,-0,0,1,0.500471830368042,1,1,1,1,0.400918960571289
10,2,5,37,27,27,1,0.633817195892334,-1,1,1,1,0.250471830368042
10,2,5,38,3,3,1,0.783816814422607,1,1,1,-1,0.383817195892334
10,2,5,39,-3,3,1,0.700484991073608,1,1,1,1,0.533816814422607
10,2,5,40,-27,27,0,0.833802938461304,-1,1,1,1,0.450484991073608
10,2,5,41,27,27,1,0.61713695526123,-1,-1,1,-1,0.583802938461304
10,2,5,42,-3,3,0,0.717591047286987,1,1,-1,-1,0.36713695526123
10,2,5,43,-9,9,1,1.00091028213501,-1,-1,1,1,0.467591047286987
10,2,5,44,-9,9,1,1.11710596084595,-1,1,-1,-1,0.75091028213501
10,2,5,45,-3,3,1,0.650922775268555,-1,1,1,-1,0.867105960845947
10,2,5,46,-27,27,0,0.333796977996826,-1,1,1,-1,0.400922775268555
10,2,5,47,27,27,1,0.650622129440308,-1,-1,1,-1,0.0837969779968262
10,2,5,48,81,81,1,1.11711025238037,1,1,-1,-1,0.400622129440308
10,2,5,49,9,9,1,0.434257984161377,1,1,1,1,0.867110252380371
10,2,5,50,-27,27,0,0.483838081359863,1,1,1,1,0.184257984161377
10,2,5,51,27,27,1,0.517582416534424,-1,-1,1,1,0.233838081359863
10,2,5,52,0,0,1,0.58447003364563,1,1,-1,-1,0.267582416534424
10,2,5,53,-3,3,1,0.867583036422729,1,1,1,1,0.33447003364563
10,2,5,54,-3,3,0,0.718350887298584,-1,1,1,1,0.617583036422729
10,2,5,58,9,9,1,1.20093083381653,1,-1,-1,-1,0.717577219009399
10,2,5,59,-0,0,0,0.952390432357788,1,1,-1,1,0.950930833816528
10,2,5,60,3,3,0,1.31758618354797,-1,-1,1,1,0.702390432357788
10,2,5,61,27,27,1,0.868039608001709,1,-1,-1,-1,1.06758618354797
10,2,5,62,9,9,1,0.567603826522827,1,1,-1,1,0.618039608001709
10,2,5,63,27,27,1,0.717112302780151,1,1,1,1,0.317603826522827
10,2,5,64,3,3,1,0.701308965682983,1,1,1,1,0.467112302780151
10,2,5,65,81,81,1,0.784780979156494,1,1,1,1,0.451308965682983
10,2,5,66,27,27,1,1.00147008895874,1,1,1,1,0.534780979156494
10,2,5,67,81,81,1,0.617644071578979,1,1,1,1,0.75147008895874
10,2,5,71,0,0,0,0.517597913742065,1,1,1,1,0.884215116500854
10,2,5,72,-27,27,0,1.25089883804321,1,-1,1,1,0.267597913742065
10,2,5,73,-3,3,0,0.567700386047363,-1,-1,-1,1,1.00089883804321
10,2,5,74,81,81,1,0.584249019622803,-1,-1,-1,-1,0.317700386047363
10,2,5,75,3,3,1,1.085373878479,1,1,-1,-1,0.334249019622803
10,2,5,76,-81,81,0,0.717751026153564,1,1,1,1,0.835373878479004
10,2,5,77,-3,3,0,0.867892980575562,-1,-1,1,1,0.467751026153564
10,2,5,78,-81,81,0,0.568066120147705,-1,-1,-1,-1,0.617892980575562
10,2,5,79,-27,27,0,0.451180934906006,-1,-1,-1,-1,0.318066120147705
10,2,5,80,9,9,0,0.617621898651123,-1,-1,-1,-1,0.201180934906006
10,2,5,81,9,9,0,0.968369007110596,1,-1,-1,-1,0.367621898651123
10,2,5,82,81,81,1,0.834270715713501,1,-1,-1,1,0.718369007110596
10,2,5,83,81,81,1,1.03489232063293,1,1,-1,1,0.584270715713501
10,2,5,84,0,0,1,0.551017045974731,1,1,1,1,0.784892320632935
10,2,5,85,-9,9,1,1.08436560630798,1,1,1,1,0.301017045974731
10,2,5,86,-81,81,0,0.767119884490967,-1,1,1,1,0.834365606307983
10,2,5,87,-81,81,0,0.684489011764526,-1,-1,1,-1,0.517119884490967
10,2,5,88,-3,3,0,0.81758451461792,-1,-1,-1,-1,0.434489011764526
10,2,5,89,81,81,1,0.884320974349976,-1,-1,-1,-1,0.56758451461792
10,2,5,90,9,9,1,1.06758522987366,1,1,-1,-1,0.634320974349976
10,2,5,91,27,27,1,0.900440216064453,1,1,1,1,0.817585229873657
10,2,5,92,-27,27,0,0.884248971939087,1,1,1,1,0.650440216064453
10,2,5,93,3,3,1,1.21765828132629,-1,-1,1,1,0.634248971939087
10,2,5,94,3,3,0,0.601876020431519,1,1,-1,-1,0.967658281326294
10,2,5,95,-9,9,1,1.26774883270264,1,-1,1,1,0.351876020431519
10,2,5,96,-81,81,0,0.667586088180542,-1,1,-1,1,1.01774883270264
10,2,5,97,-9,9,0,0.900893926620483,-1,-1,1,-1,0.417586088180542
10,2,5,98,-9,9,0,0.768378019332886,-1,-1,-1,-1,0.650893926620483
10,2,5,99,-9,9,0,0.867124080657959,-1,-1,-1,-1,0.518378019332886
10,2,6,2,9,9,1,0.867127895355225,-1,-1,1,1,0.950690984725952
10,2,6,3,-3,3,1,0.850882530212402,1,1,-1,-1,0.617127895355225
10,2,6,4,0,0,0,0.850943088531494,-1,1,1,1,0.600882530212402
10,2,6,5,3,3,0,0.284841299057007,1,-1,1,-1,0.600943088531494
10,2,6,6,-3,3,0,0.983805894851685,1,-1,-1,1,0.0348412990570068
10,2,6,7,27,27,1,0.550512075424194,-1,-1,-1,1,0.733805894851685
10,2,6,8,-3,3,0,0.817769050598145,1,1,-1,-1,0.300512075424194
10,2,6,9,3,3,1,0.801055908203125,-1,-1,1,1,0.567769050598145
10,2,6,10,-9,9,1,0.650896549224854,1,1,-1,-1,0.551055908203125
10,2,6,11,81,81,1,0.817885875701904,-1,1,1,1,0.400896549224854
10,2,6,12,-3,3,1,1.10089993476868,1,1,1,-1,0.567885875701904
10,2,6,13,27,27,1,0.817575931549072,-1,1,1,1,0.850899934768677
10,2,6,14,-81,81,0,0.917577028274536,1,1,1,-1,0.567575931549072
10,2,6,15,3,3,0,0.818755626678467,-1,-1,1,1,0.667577028274536
10,2,6,16,-81,81,0,0.834250926971436,1,-1,-1,-1,0.568755626678467
10,2,6,17,9,9,0,0.967571020126343,-1,-1,-1,1,0.584250926971436
10,2,6,18,-27,27,0,0.650926828384399,1,-1,-1,-1,0.717571020126343
10,2,6,19,27,27,1,0.884213447570801,-1,-1,-1,1,0.400926828384399
10,2,6,20,0,0,1,0.784221172332764,1,1,-1,-1,0.634213447570801
10,2,6,21,-9,9,1,0.933779954910278,1,1,1,1,0.534221172332764
10,2,6,22,27,27,1,0.733813762664795,-1,1,1,1,0.683779954910278
10,2,6,23,-3,3,1,0.850924015045166,1,1,1,-1,0.483813762664795
10,2,6,24,0,0,1,0.834238767623901,-1,1,1,1,0.600924015045166
10,2,6,25,-9,9,1,0.583804130554199,1,1,1,-1,0.584238767623901
10,2,6,26,9,9,1,1.21812701225281,-1,1,1,1,0.333804130554199
10,2,6,27,-9,9,1,0.750877857208252,1,1,1,-1,0.968127012252808
10,2,6,28,-27,27,0,1.00091505050659,-1,1,1,1,0.500877857208252
10,2,6,29,-9,9,0,1.25164723396301,-1,-1,1,-1,0.750915050506592
10,2,6,30,-81,81,0,0.617244958877563,-1,-1,-1,-1,1.00164723396301
10,2,6,31,9,9,1,0.73427414894104,-1,-1,-1,-1,0.367244958877563
10,2,6,32,-3,3,1,1.01781344413757,1,1,-1,-1,0.48427414894104
10,2,6,33,-3,3,1,1.20128107070923,-1,1,1,1,0.767813444137573
10,2,6,34,3,3,0,0.534326076507568,-1,1,1,-1,0.951281070709229
10,2,6,35,-3,3,1,0.501082897186279,1,-1,1,-1,0.284326076507568
10,2,6,36,-27,27,0,0.700495719909668,-1,1,-1,1,0.251082897186279
10,2,6,37,81,81,1,0.735090017318726,-1,-1,1,-1,0.450495719909668
10,2,6,38,81,81,1,0.86713695526123,1,1,-1,-1,0.485090017318726
10,2,6,42,27,27,1,0.81833028793335,-1,-1,-1,1,0.367582321166992
10,2,6,43,-81,81,0,0.884846925735474,1,1,-1,-1,0.56833028793335
10,2,6,44,-3,3,0,0.8176589012146,-1,-1,1,1,0.634846925735474
10,2,6,45,3,3,0,0.950938940048218,-1,-1,-1,-1,0.5676589012146
10,2,6,46,27,27,1,0.683792114257812,1,-1,-1,-1,0.700938940048218
10,2,6,47,-9,9,0,0.817576885223389,1,1,-1,1,0.433792114257812
10,2,6,48,0,0,0,0.500929117202759,-1,-1,1,1,0.567576885223389
10,2,6,49,9,9,0,0.900936841964722,1,-1,-1,-1,0.250929117202759
10,2,6,50,-3,3,0,1.33420515060425,1,-1,-1,1,0.650936841964722
10,2,6,51,81,81,1,1.10053706169128,-1,-1,-1,1,1.08420515060425
10,2,6,52,-3,3,0,0.767580032348633,1,1,-1,-1,0.850537061691284
10,2,6,53,27,27,1,0.551653861999512,-1,-1,1,1,0.517580032348633
10,2,6,54,-0,0,1,1.20092582702637,1,1,-1,-1,0.301653861999512
10,2,6,55,-27,27,0,0.700464010238647,-1,1,1,1,0.950925827026367
10,2,6,56,27,27,1,0.750483751296997,-1,-1,1,-1,0.450464010238647
10,2,6,57,-9,9,1,0.533800601959229,1,1,-1,-1,0.500483751296997
10,2,6,61,-81,81,0,0.651898384094238,1,1,-1,-1,0.334314584732056
10,2,6,62,27,27,1,0.734272003173828,-1,-1,1,1,0.401898384094238
10,2,6,63,-81,81,0,0.701279163360596,1,1,-1,-1,0.484272003173828
10,2,6,64,9,9,0,1.10087275505066,-1,-1,1,1,0.451279163360596
10,2,6,65,-27,27,0,0.718387603759766,1,-1,-1,-1,0.850872755050659
10,2,6,66,-9,9,0,0.95108437538147,-1,-1,-1,1,0.468387603759766
10,2,6,67,0,0,0,0.434454917907715,-1,-1,-1,-1,0.70108437538147
10,2,6,68,-9,9,0,0.800493001937866,1,-1,-1,-1,0.184454917907715
10,2,6,69,9,9,0,0.834273099899292,-1,-1,-1,1,0.550493001937866
10,2,6,70,-81,81,0,1.468013048172,1,-1,-1,-1,0.584273099899292
10,2,6,71,-81,81,0,0.767230987548828,-1,-1,-1,1,1.218013048172
10,2,6,72,81,81,1,0.600464105606079,-1,-1,-1,-1,0.517230987548828
10,2,6,73,-9,9,1,0.617598056793213,1,1,-1,-1,0.350464105606079
10,2,6,74,-3,3,0,0.667590856552124,-1,1,1,1,0.367598056793213
10,2,6,75,9,9,0,0.48468017578125,-1,-1,1,-1,0.417590856552124
10,2,6,76,-3,3,0,0.917573213577271,1,-1,-1,-1,0.23468017578125
10,2,6,77,81,81,1,0.618314027786255,-1,-1,-1,1,0.667573213577271
10,2,6,78,9,9,1,0.518595933914185,1,1,-1,-1,0.368314027786255
10,2,6,79,81,81,1,0.634626626968384,1,1,1,1,0.268595933914185
10,2,6,80,-81,81,0,0.750513076782227,1,1,1,1,0.384626626968384
10,2,6,81,0,0,1,1.26782536506653,-1,-1,1,1,0.500513076782227
10,2,6,82,9,9,0,0.517686128616333,1,1,-1,-1,1.01782536506653
10,2,6,83,27,27,1,0.568161010742188,1,-1,1,1,0.267686128616333
10,2,6,84,-27,27,0,0.700915098190308,1,1,-1,1,0.318161010742188
10,2,6,85,81,81,1,1.03377962112427,-1,-1,1,1,0.450915098190308
10,2,6,86,9,9,0,1.10101413726807,1,1,-1,-1,0.783779621124268
10,2,6,87,-3,3,0,0.851807594299316,1,-1,1,1,0.851014137268066
10,2,6,88,9,9,0,0.584481716156006,-1,-1,-1,1,0.601807594299316
10,2,6,89,-81,81,0,0.58514142036438,1,-1,-1,-1,0.334481716156006
10,2,6,90,27,27,1,0.900964021682739,-1,-1,-1,1,0.33514142036438
10,2,6,91,-81,81,0,0.38427209854126,1,1,-1,-1,0.650964021682739
10,2,6,92,-0,0,0,0.984239339828491,-1,-1,1,1,0.13427209854126
10,2,6,93,-0,0,1,0.951881170272827,-1,-1,-1,-1,0.734239339828491
10,2,6,94,27,27,1,0.583832025527954,-1,1,-1,-1,0.701881170272827
10,2,6,95,-81,81,0,0.835088014602661,1,1,1,-1,0.333832025527954
10,2,6,96,-0,0,0,0.850911617279053,-1,-1,1,1,0.585088014602661
10,2,6,97,81,81,1,0.750918388366699,-1,-1,-1,-1,0.600911617279053
10,2,6,98,-27,27,0,0.867609024047852,1,1,-1,-1,0.500918388366699
10,2,6,99,3,3,1,1.05091500282288,-1,-1,1,1,0.617609024047852
10,3,1,2,3,3,0,0.867140769958496,-1,-1,-1,-1,0.817828178405762
10,3,1,3,9,9,0,0.517212867736816,1,-1,-1,-1,0.617140769958496
10,3,1,4,9,9,0,0.40049409866333,1,-1,-1,1,0.267212867736816
10,3,1,5,3,3,0,0.367624521255493,1,-1,-1,1,0.15049409866333
10,3,1,6,-27,27,0,0.250935077667236,1,-1,-1,1,0.117624521255493
10,3,1,7,3,3,1,0.583821535110474,-1,-1,-1,1,0.000935077667236328
10,3,1,8,-9,9,1,0.5342698097229,1,1,-1,-1,0.333821535110474
10,3,1,9,9,9,1,1.20092940330505,-1,1,1,1,0.2842698097229
10,3,1,10,-81,81,0,0.733779668807983,1,1,1,-1,0.950929403305054
10,3,1,11,-27,27,0,0.617602825164795,-1,-1,1,1,0.483779668807983
10,3,1,12,-9,9,0,0.333820819854736,-1,-1,-1,-1,0.367602825164795
10,3,1,13,-81,81,0,0.367550611495972,-1,-1,-1,-1,0.0838208198547363
10,3,1,14,27,27,1,0.467169046401978,-1,-1,-1,-1,0.117550611495972
10,3,1,15,-3,3,1,0.550455331802368,1,1,-1,-1,0.217169046401978
10,3,1,16,-27,27,1,0.434270858764648,-1,1,1,1,0.300455331802368
10,3,1,17,-27,27,0,0.550453662872314,-1,1,1,-1,0.184270858764648
10,3,1,18,27,27,1,0.667118787765503,-1,-1,1,-1,0.300453662872314
10,3,1,19,-81,81,0,0.517605781555176,1,1,-1,-1,0.417118787765503
10,3,1,20,27,27,1,0.583825588226318,-1,-1,1,1,0.267605781555176
10,3,1,21,81,81,1,0.717683792114258,1,1,-1,-1,0.333825588226318
10,3,1,22,3,3,0,0.601011276245117,1,1,1,1,0.467683792114258
10,3,1,23,81,81,1,0.433828115463257,1,-1,1,1,0.351011276245117
10,3,1,24,-81,81,0,0.483790159225464,1,1,-1,1,0.183828115463257
10,3,1,25,3,3,0,0.767097234725952,-1,-1,1,1,0.233790159225464
10,3,1,26,81,81,1,0.567158937454224,1,-1,-1,-1,0.517097234725952
10,3,1,27,-3,3,1,0.984259843826294,1,1,-1,1,0.317158937454224
10,3,1,28,-27,27,1,0.7675461769104,-1,1,1,1,0.734259843826294
10,3,1,29,9,9,1,0.46712327003479,-1,1,1,-1,0.5175461769104
10,3,1,30,-0,0,0,0.484279632568359,1,1,1,-1,0.21712327003479
10,3,1,35,-3,3,1,0.583782196044922,-1,1,1,-1,0.134299755096436
10,3,1,36,-81,81,0,0.567107677459717,-1,1,1,-1,0.333782196044922
10,3,1,37,27,27,1,0.684208869934082,-1,-1,1,-1,0.317107677459717
10,3,1,38,3,3,0,0.417596578598022,1,1,-1,-1,0.434208869934082
10,3,1,39,3,3,1,1.08381795883179,1,-1,1,1,0.167596578598022
10,3,1,40,9,9,0,0.500488758087158,1,1,-1,1,0.833817958831787
10,3,1,41,-3,3,0,0.800479173660278,1,-1,1,1,0.250488758087158
10,3,1,42,9,9,1,1.36708283424377,-1,-1,-1,1,0.550479173660278
10,3,1,43,9,9,0,0.367113351821899,1,1,-1,-1,1.11708283424377
10,3,1,47,-9,9,0,0.817615032196045,1,1,-1,-1,0.651303052902222
10,3,1,48,27,27,1,0.600458145141602,-1,-1,1,1,0.567615032196045
10,3,1,49,-27,27,0,0.617111921310425,1,1,-1,-1,0.350458145141602
10,3,1,50,3,3,1,1.03380942344666,-1,-1,1,1,0.367111921310425
10,3,1,51,-0,0,0,0.683812856674194,1,1,-1,-1,0.783809423446655
10,3,1,52,-9,9,1,0.88380765914917,-1,-1,1,1,0.433812856674194
10,3,1,53,3,3,0,0.900488138198853,-1,1,-1,-1,0.63380765914917
10,3,1,54,-27,27,0,0.817141771316528,1,-1,1,-1,0.650488138198853
10,3,1,55,-27,27,0,0.734293937683105,-1,-1,-1,1,0.567141771316528
10,3,1,56,-9,9,0,0.450445413589478,-1,-1,-1,-1,0.484293937683105
10,3,1,57,-81,81,0,0.950860977172852,-1,-1,-1,-1,0.200445413589478
10,3,1,58,-81,81,0,0.567122459411621,-1,-1,-1,-1,0.700860977172852
10,3,1,59,3,3,0,0.600481033325195,-1,-1,-1,-1,0.317122459411621
10,3,1,60,-81,81,0,1.08376431465149,1,-1,-1,-1,0.350481033325195
10,3,1,61,0,0,0,1.2670795917511,-1,-1,-1,1,0.833764314651489
10,3,1,62,81,81,1,0.650445699691772,1,-1,-1,-1,1.0170795917511
10,3,1,63,-27,27,0,0.467187643051147,1,1,-1,1,0.400445699691772
10,3,1,64,9,9,1,0.48382306098938,-1,-1,1,1,0.217187643051147
10,3,1,65,0,0,0,0.934228897094727,1,1,-1,-1,0.23382306098938
10,3,1,66,-3,3,1,0.66761302947998,1,-1,1,1,0.684228897094727
10,3,1,67,-27,27,0,0.784268856048584,-1,1,-1,1,0.41761302947998
10,3,1,68,3,3,1,1.20139336585999,-1,-1,1,-1,0.534268856048584
10,3,1,69,-3,3,1,0.984251737594604,1,1,-1,-1,0.951393365859985
10,3,1,70,0,0,0,0.61711573600769,-1,1,1,1,0.734251737594604
10,3,1,71,9,9,0,0.967145919799805,1,-1,1,-1,0.36711573600769
10,3,1,72,-3,3,1,1.05046391487122,1,-1,-1,1,0.717145919799805
10,3,1,73,81,81,1,0.418116807937622,-1,1,-1,1,0.800463914871216
10,3,1,74,9,9,1,0.817099571228027,1,1,1,-1,0.168116807937622
10,3,1,75,-0,0,0,0.467163562774658,1,1,1,1,0.567099571228027
10,3,1,76,81,81,1,0.867596626281738,-1,-1,1,1,0.217163562774658
10,3,1,77,-3,3,0,0.883770704269409,1,1,-1,-1,0.617596626281738
10,3,1,78,-0,0,0,0.783815860748291,-1,-1,1,1,0.633770704269409
10,3,1,79,-27,27,0,0.667115211486816,-1,-1,-1,-1,0.533815860748291
10,3,1,80,27,27,1,0.717593193054199,-1,-1,-1,-1,0.417115211486816
10,3,1,84,0,0,1,0.350893497467041,1,1,-1,-1,0.484323740005493
10,3,1,85,0,0,0,0.500500917434692,1,1,1,1,0.100893497467041
10,3,1,86,-3,3,0,0.583820819854736,1,-1,1,1,0.250500917434692
10,3,1,87,-9,9,1,0.700954914093018,-1,-1,-1,1,0.333820819854736
10,3,1,88,81,81,1,0.85086727142334,-1,1,-1,-1,0.450954914093018
10,3,1,89,27,27,1,1.01711106300354,1,1,1,-1,0.60086727142334
10,3,1,90,-9,9,1,0.717149019241333,1,1,1,1,0.76711106300354
10,3,1,91,9,9,0,1.03380680084229,-1,1,1,1,0.467149019241333
10,3,1,92,-81,81,0,0.334284782409668,1,-1,1,-1,0.783806800842285
10,3,1,93,-81,81,0,1.05044269561768,-1,-1,-1,1,0.084284782409668
10,3,1,94,0,0,0,0.633776426315308,-1,-1,-1,-1,0.800442695617676
10,3,1,95,81,81,1,0.700489044189453,1,-1,-1,-1,0.383776426315308
10,3,1,96,9,9,0,0.850440502166748,1,1,-1,1,0.450489044189453
10,3,1,97,-81,81,0,0.6338050365448,1,-1,1,1,0.600440502166748
10,3,2,2,9,9,0,0.617559194564819,-1,1,1,1,1.16794776916504
10,3,2,3,3,3,0,1.01757454872131,1,-1,1,-1,0.367559194564819
10,3,2,4,-9,9,0,0.350516080856323,1,-1,-1,1,0.767574548721313
10,3,2,5,27,27,1,0.633852481842041,-1,-1,-1,1,0.100516080856323
10,3,2,6,-81,81,0,0.734277963638306,1,1,-1,-1,0.383852481842041
10,3,2,7,81,81,1,0.600911855697632,-1,-1,1,1,0.484277963638306
10,3,2,8,-81,81,0,0.517582893371582,1,1,-1,-1,0.350911855697632
10,3,2,9,81,81,1,0.750449180603027,-1,-1,1,1,0.267582893371582
10,3,2,10,-81,81,0,0.767171621322632,1,1,-1,-1,0.500449180603027
10,3,2,11,0,0,1,0.784266233444214,-1,-1,1,1,0.517171621322632
10,3,2,12,3,3,0,0.817601919174194,1,1,-1,-1,0.534266233444214
10,3,2,13,-27,27,0,0.433839082717896,1,-1,1,1,0.567601919174194
10,3,2,14,3,3,0,0.450488090515137,-1,-1,-1,1,0.183839082717896
10,3,2,15,-27,27,0,0.683788299560547,1,-1,-1,-1,0.200488090515137
10,3,2,20,0,0,0,0.367130279541016,1,1,-1,-1,0.0509481430053711
10,3,2,21,-27,27,0,0.784242153167725,1,-1,1,1,0.117130279541016
10,3,2,22,9,9,1,0.817632913589478,-1,-1,-1,1,0.534242153167725
10,3,2,23,-81,81,0,0.750478029251099,1,1,-1,-1,0.567632913589478
10,3,2,24,27,27,1,0.683781623840332,-1,-1,1,1,0.500478029251099
10,3,2,25,-3,3,0,1.21767497062683,1,1,-1,-1,0.433781623840332
10,3,2,26,0,0,1,0.433845043182373,-1,-1,1,1,0.967674970626831
10,3,2,27,-81,81,0,0.434339046478271,1,1,-1,-1,0.183845043182373
10,3,2,28,3,3,0,0.917829990386963,-1,-1,1,1,0.184339046478271
10,3,2,29,9,9,1,0.900479555130005,1,-1,-1,-1,0.667829990386963
10,3,2,30,-27,27,0,0.633818864822388,1,1,-1,1,0.650479555130005
10,3,2,31,81,81,1,0.550449371337891,-1,-1,1,1,0.383818864822388
10,3,2,32,-27,27,0,0.750913858413696,1,1,-1,-1,0.300449371337891
10,3,2,33,0,0,0,0.400500059127808,-1,-1,1,1,0.500913858413696
10,3,2,34,-9,9,0,1.33380007743835,1,-1,-1,-1,0.150500059127808
10,3,2,35,27,27,1,0.517132043838501,-1,-1,-1,1,1.08380007743835
10,3,2,36,3,3,1,0.717584848403931,1,1,-1,-1,0.267132043838501
10,3,2,37,9,9,0,0.600484848022461,1,1,1,1,0.467584848403931
10,3,2,38,-81,81,1,1.4009108543396,1,-1,1,1,0.350484848022461
10,3,2,39,3,3,1,0.96756386756897,-1,1,-1,1,1.1509108543396
10,3,2,43,81,81,1,0.850505828857422,-1,-1,1,1,0.233826875686646
10,3,2,44,-27,27,0,1.05046582221985,1,1,-1,-1,0.600505828857422
10,3,2,45,81,81,1,0.96760106086731,-1,-1,1,1,0.800465822219849
10,3,2,46,-27,27,0,0.283849954605103,1,1,-1,-1,0.71760106086731
10,3,2,47,3,3,1,0.683822870254517,-1,-1,1,1,0.0338499546051025
10,3,2,48,-81,81,0,0.933766841888428,1,1,-1,-1,0.433822870254517
10,3,2,55,-9,9,0,1.11752080917358,1,1,-1,-1,0.967582702636719
10,3,2,56,-3,3,1,1.11712884902954,-1,-1,1,1,0.867520809173584
10,3,2,57,3,3,0,0.750916957855225,-1,1,-1,-1,0.867128849029541
10,3,2,58,-9,9,1,0.600897073745728,1,-1,1,-1,0.500916957855225
10,3,2,59,-81,81,0,1.08380484580994,-1,1,-1,1,0.350897073745728
10,3,2,60,-81,81,0,1.06756186485291,-1,-1,1,-1,0.833804845809937
10,3,2,61,-81,81,0,0.850476980209351,-1,-1,-1,-1,0.817561864852905
10,3,2,62,27,27,1,0.850884199142456,-1,-1,-1,-1,0.600476980209351
10,3,2,63,-27,27,0,0.883785247802734,1,1,-1,-1,0.600884199142456
10,3,2,64,9,9,0,1.00086784362793,-1,-1,1,1,0.633785247802734
10,3,2,65,-0,0,1,1.38379621505737,1,-1,-1,-1,0.75086784362793
10,3,2,66,-0,0,0,0.550444364547729,-1,1,-1,1,1.13379621505737
10,3,2,67,9,9,0,1.01756453514099,-1,-1,1,-1,0.300444364547729
10,3,2,68,-3,3,0,1.06777691841125,1,-1,-1,-1,0.767564535140991
10,3,2,69,-9,9,0,0.384833574295044,-1,-1,-1,1,0.817776918411255
10,3,2,73,9,9,1,1.11714792251587,-1,-1,-1,1,0.617543697357178
10,3,2,74,-3,3,1,0.801055908203125,1,1,-1,-1,0.867147922515869
10,3,2,75,-81,81,0,0.783829212188721,-1,1,1,1,0.551055908203125
10,3,2,76,27,27,1,0.883817911148071,-1,-1,1,-1,0.533829212188721
10,3,2,77,3,3,1,0.9338059425354,1,1,-1,-1,0.633817911148071
10,3,2,78,81,81,1,0.883774995803833,1,1,1,1,0.6838059425354
10,3,2,79,-3,3,0,0.483864307403564,1,1,1,1,0.633774995803833
10,3,2,80,3,3,0,0.483824968338013,-1,-1,1,1,0.233864307403564
10,3,2,81,-81,81,0,0.80116081237793,1,-1,-1,-1,0.233824968338013
10,3,2,85,27,27,1,0.617111921310425,-1,1,-1,1,0.267163991928101
10,3,2,86,-81,81,0,0.817151784896851,1,1,1,-1,0.367111921310425
10,3,2,87,3,3,1,1.13382387161255,-1,-1,1,1,0.567151784896851
10,3,2,88,-9,9,0,0.983839988708496,1,1,-1,-1,0.883823871612549
10,3,2,89,0,0,0,1.13448476791382,-1,-1,1,1,0.733839988708496
10,3,2,90,-27,27,0,1.23379278182983,1,-1,-1,-1,0.884484767913818
10,3,2,91,3,3,0,0.667117118835449,-1,-1,-1,1,0.983792781829834
10,3,2,92,-0,0,0,0.667582988739014,1,-1,-1,-1,0.417117118835449
10,3,2,93,9,9,0,0.583821773529053,-1,-1,-1,1,0.417582988739014
10,3,2,94,-81,81,0,1.01756381988525,1,-1,-1,-1,0.333821773529053
10,3,2,95,27,27,1,0.51711893081665,-1,-1,-1,1,0.767563819885254
10,3,2,96,-9,9,0,0.684508085250854,1,1,-1,-1,0.26711893081665
10,3,2,97,27,27,1,0.667157649993896,-1,-1,1,1,0.434508085250854
10,3,2,98,-27,27,0,0.550491809844971,1,1,-1,-1,0.417157649993896
10,3,2,99,9,9,1,0.784265756607056,-1,-1,1,1,0.300491809844971
10,3,3,2,3,3,1,1.01710820198059,1,1,1,1,0.751151561737061
10,3,3,3,-27,27,0,0.550494432449341,1,1,1,1,0.767108201980591
10,3,3,4,81,81,1,0.750489950180054,-1,-1,1,1,0.300494432449341
10,3,3,5,3,3,0,1.13423657417297,1,1,-1,-1,0.500489950180054
10,3,3,6,-0,0,1,0.850888967514038,1,-1,1,1,0.884236574172974
10,3,3,7,81,81,0,0.700480937957764,-1,1,-1,1,0.600888967514038
10,3,3,8,81,81,1,0.500468730926514,1,-1,1,-1,0.450480937957764
10,3,3,9,-27,27,0,0.800500154495239,1,1,-1,1,0.250468730926514
10,3,3,10,-9,9,0,0.650483846664429,-1,-1,1,1,0.550500154495239
10,3,3,11,81,81,1,0.78382134437561,-1,-1,-1,-1,0.400483846664429
10,3,3,12,81,81,1,0.734254121780396,1,1,-1,-1,0.53382134437561
10,3,3,13,-81,81,0,0.633814096450806,1,1,1,1,0.484254121780396
10,3,3,14,-27,27,0,0.583815813064575,-1,-1,1,1,0.383814096450806
10,3,3,15,-81,81,0,0.700446128845215,-1,-1,-1,-1,0.333815813064575
10,3,3,16,81,81,1,0.734247446060181,-1,-1,-1,-1,0.450446128845215
10,3,3,17,-81,81,0,0.584248781204224,1,1,-1,-1,0.484247446060181
10,3,3,18,3,3,1,0.400920391082764,-1,-1,1,1,0.334248781204224
10,3,3,19,-9,9,1,0.450491905212402,1,1,-1,-1,0.150920391082764
10,3,3,20,9,9,1,1.26755905151367,-1,1,1,1,0.200491905212402
10,3,3,21,-3,3,0,0.900448322296143,1,1,1,-1,1.01755905151367
10,3,3,22,-27,27,0,0.567114114761353,-1,-1,1,1,0.650448322296143
10,3,3,23,-81,81,0,0.600894212722778,-1,-1,-1,-1,0.317114114761353
10,3,3,24,27,27,1,0.617598533630371,-1,-1,-1,-1,0.350894212722778
10,3,3,25,-9,9,0,0.517149448394775,1,1,-1,-1,0.367598533630371
10,3,3,29,0,0,1,1.4171290397644,1,1,1,1,0.683798789978027
10,3,3,30,-3,3,1,0.55049204826355,1,1,1,1,1.1671290397644
10,3,3,31,-27,27,0,0.467175960540771,-1,1,1,1,0.30049204826355
10,3,3,32,-9,9,1,1.01756501197815,-1,-1,1,-1,0.217175960540771
10,3,3,33,-27,27,0,0.767145872116089,-1,1,-1,-1,0.767565011978149
10,3,3,34,3,3,1,0.950444221496582,-1,-1,1,-1,0.517145872116089
10,3,3,35,-81,81,0,0.733810901641846,1,1,-1,-1,0.700444221496582
10,3,3,36,3,3,0,0.883837938308716,-1,-1,1,1,0.483810901641846
10,3,3,37,9,9,1,0.617151021957397,1,-1,-1,-1,0.633837938308716
10,3,3,38,-27,27,1,0.984244108200073,1,1,-1,1,0.367151021957397
10,3,3,39,-9,9,0,0.467591047286987,-1,1,1,1,0.734244108200073
10,3,3,40,9,9,1,0.967577695846558,-1,-1,1,-1,0.217591047286987
10,3,3,41,-27,27,0,0.451060056686401,1,1,-1,-1,0.717577695846558
10,3,3,42,0,0,1,0.367157936096191,-1,-1,1,1,0.201060056686401
10,3,3,43,-9,9,0,0.550932645797729,1,1,-1,-1,0.117157936096191
10,3,3,44,3,3,0,1.23380088806152,-1,-1,1,1,0.300932645797729
10,3,3,48,27,27,1,0.700926780700684,-1,-1,1,1,0.633812189102173
10,3,3,49,3,3,1,0.900471687316895,1,1,-1,-1,0.450926780700684
10,3,3,50,-81,81,0,0.734259843826294,1,1,1,1,0.650471687316895
10,3,3,51,-9,9,0,0.950473785400391,-1,-1,1,1,0.484259843826294
10,3,3,52,-81,81,0,0.667152881622314,-1,-1,-1,-1,0.700473785400391
10,3,3,53,3,3,0,0.983821868896484,-1,-1,-1,-1,0.417152881622314
10,3,3,57,27,27,1,0.267600774765015,1,1,1,1,0.501188278198242
10,3,3,58,-9,9,0,0.717156887054443,1,1,1,1,0.0176007747650146
10,3,3,59,3,3,0,1.05090498924255,-1,-1,1,1,0.467156887054443
10,3,3,60,3,3,1,0.934257745742798,1,-1,-1,-1,0.800904989242554
10,3,3,61,81,81,1,0.86711859703064,1,1,-1,1,0.684257745742798
10,3,3,62,27,27,1,0.734212636947632,1,1,1,1,0.61711859703064
10,3,3,63,3,3,0,0.717562198638916,1,1,1,1,0.484212636947632
10,3,3,64,3,3,0,0.784245729446411,1,-1,1,1,0.467562198638916
10,3,3,65,81,81,1,0.61758279800415,1,-1,-1,1,0.534245729446411
10,3,3,66,-27,27,0,0.617594718933105,1,1,-1,1,0.36758279800415
10,3,3,67,-3,3,1,0.750483989715576,-1,-1,1,1,0.367594718933105
10,3,3,68,3,3,0,0.350468635559082,-1,1,-1,-1,0.500483989715576
10,3,3,69,-0,0,0,0.767165184020996,1,-1,1,-1,0.100468635559082
10,3,3,70,-9,9,0,1.05044984817505,-1,-1,-1,1,0.517165184020996
10,3,3,71,3,3,1,1.00090360641479,-1,-1,-1,-1,0.800449848175049
10,3,3,72,-27,27,0,0.733822822570801,1,1,-1,-1,0.750903606414795
10,3,3,73,9,9,1,0.967153787612915,-1,-1,1,1,0.483822822570801
10,3,3,74,9,9,1,0.667137861251831,1,1,-1,-1,0.717153787612915
10,3,3,75,-9,9,0,1.23379802703857,1,1,1,1,0.417137861251831
10,3,3,76,9,9,1,0.433820486068726,-1,-1,1,1,0.983798027038574
10,3,3,77,-81,81,0,0.533833980560303,1,1,-1,-1,0.183820486068726
10,3,3,78,9,9,0,1.18382930755615,-1,-1,1,1,0.283833980560303
10,3,3,79,27,27,1,0.617145299911499,1,-1,-1,-1,0.933829307556152
10,3,3,80,-27,27,0,1.03376603126526,1,1,-1,1,0.367145299911499
10,3,3,81,-81,81,0,0.850489616394043,-1,-1,1,1,0.783766031265259
10,3,3,82,-3,3,0,0.584286451339722,-1,-1,-1,-1,0.600489616394043
10,3,3,86,-0,0,1,0.550936937332153,-1,1,1,1,0.200920820236206
10,3,3,87,-27,27,0,0.451035022735596,-1,1,1,-1,0.300936937332153
10,3,3,88,-9,9,0,0.433794260025024,-1,-1,1,-1,0.201035022735596
10,3,3,89,0,0,1,0.55046272277832,-1,-1,-1,-1,0.183794260025024
10,3,3,90,3,3,1,0.517565965652466,1,1,-1,-1,0.30046272277832
10,3,3,91,27,27,0,0.967158794403076,1,1,1,1,0.267565965652466
10,3,3,92,3,3,1,0.533787727355957,1,-1,1,1,0.717158794403076
10,3,3,99,27,27,1,0.834202289581299,1,-1,-1,-1,0.317131996154785
10,3,4,2,-81,81,1,0.900457143783569,1,1,-1,-1,0.350773572921753
10,3,4,3,-0,0,1,0.917104482650757,-1,1,1,1,0.650457143783569
10,3,4,4,-9,9,1,0.867132902145386,-1,1,1,-1,0.667104482650757
10,3,4,5,-81,81,0,0.633769273757935,-1,1,1,-1,0.617132902145386
10,3,4,6,27,27,1,0.533839464187622,-1,-1,1,-1,0.383769273757935
10,3,4,7,81,81,1,0.783815622329712,1,1,-1,-1,0.283839464187622
10,3,4,8,-9,9,1,0.934209108352661,1,1,1,1,0.533815622329712
10,3,4,9,-27,27,0,0.550442695617676,-1,1,1,1,0.684209108352661
10,3,4,10,3,3,1,0.850427389144897,-1,-1,1,-1,0.300442695617676
10,3,4,11,-81,81,0,0.600933790206909,1,1,-1,-1,0.600427389144897
10,3,4,12,81,81,1,0.933865785598755,-1,-1,1,1,0.350933790206909
10,3,4,13,0,0,1,0.983761787414551,1,1,-1,-1,0.683865785598755
10,3,4,17,27,27,1,0.450456142425537,1,1,1,1,0.567100286483765
10,3,4,18,81,81,1,0.817182540893555,1,1,1,1,0.200456142425537
10,3,4,19,0,0,1,0.784426212310791,1,1,1,1,0.567182540893555
10,3,4,20,9,9,1,0.484214782714844,1,1,1,1,0.534426212310791
10,3,4,21,81,81,1,0.617208957672119,1,1,1,1,0.234214782714844
10,3,4,22,27,27,1,0.834211587905884,1,1,1,1,0.367208957672119
10,3,4,23,0,0,1,0.75088095664978,1,1,1,1,0.584211587905884
10,3,4,24,81,81,1,0.500491380691528,1,1,1,1,0.50088095664978
10,3,4,25,27,27,1,0.567608594894409,1,1,1,1,0.250491380691528
10,3,4,26,9,9,1,0.300464153289795,1,1,1,1,0.317608594894409
10,3,4,27,0,0,1,0.483869552612305,1,1,1,1,0.0504641532897949
10,3,4,28,0,0,1,0.317568302154541,1,1,1,1,0.233869552612305
10,3,4,29,3,3,1,1.06752920150757,1,1,1,1,0.067568302154541
10,3,4,30,3,3,1,0.267131090164185,1,1,1,1,0.817529201507568
10,3,4,31,9,9,1,0.617111921310425,1,1,1,1,0.0171310901641846
10,3,4,32,0,0,1,0.633803844451904,1,1,1,1,0.367111921310425
10,3,4,33,27,27,1,0.550540924072266,1,1,1,1,0.383803844451904
10,3,4,34,-3,3,1,0.533812761306763,1,1,1,1,0.300540924072266
10,3,4,35,-27,27,0,0.583844423294067,-1,1,1,1,0.283812761306763
10,3,4,36,-0,0,1,1.26711869239807,-1,-1,1,-1,0.333844423294067
10,3,4,37,-9,9,1,0.817145586013794,-1,1,-1,-1,1.01711869239807
10,3,4,38,-27,27,0,0.25050687789917,-1,1,1,-1,0.567145586013794
10,3,4,39,-27,27,0,0.26715874671936,-1,-1,1,-1,0.000506877899169922
10,3,4,40,-27,27,0,0.71760368347168,-1,-1,-1,-1,0.0171587467193604
10,3,4,41,-81,81,0,0.717134952545166,-1,-1,-1,-1,0.46760368347168
10,3,4,42,3,3,0,0.750990867614746,-1,-1,-1,-1,0.467134952545166
10,3,4,50,-3,3,0,0.733793497085571,1,1,-1,-1,0.417670726776123
10,3,4,51,9,9,1,0.4338219165802,-1,-1,1,1,0.483793497085571
10,3,4,52,-0,0,1,0.450494527816772,1,1,-1,-1,0.1838219165802
10,3,4,53,-3,3,1,0.617556810379028,-1,1,1,1,0.200494527816772
10,3,4,54,-0,0,1,0.367156267166138,-1,1,1,-1,0.367556810379028
10,3,4,55,9,9,1,1.15044856071472,-1,1,1,-1,0.117156267166138
10,3,4,56,9,9,1,0.8341965675354,1,1,1,-1,0.900448560714722
10,3,4,57,-27,27,0,0.833783864974976,1,1,1,1,0.5841965675354
10,3,4,58,-9,9,1,0.800867557525635,-1,-1,1,1,0.583783864974976
10,3,4,59,-81,81,0,0.350517749786377,-1,1,-1,-1,0.550867557525635
10,3,4,60,-27,27,0,0.73381495475769,-1,-1,1,-1,0.100517749786377
10,3,4,61,81,81,1,0.333784341812134,-1,-1,-1,-1,0.48381495475769
10,3,4,62,9,9,0,0.833825588226318,1,1,-1,-1,0.0837843418121338
10,3,4,63,3,3,1,0.684288740158081,1,-1,1,1,0.583825588226318
10,3,4,64,-9,9,1,0.633790016174316,1,1,-1,1,0.434288740158081
10,3,4,65,-9,9,1,0.584217309951782,-1,1,1,1,0.383790016174316
10,3,4,66,-3,3,1,0.534271955490112,-1,1,1,-1,0.334217309951782
10,3,4,67,3,3,1,0.500881671905518,-1,1,1,-1,0.284271955490112
10,3,4,68,27,27,1,0.834270715713501,1,1,1,-1,0.250881671905518
10,3,4,69,27,27,1,0.633774995803833,1,1,1,1,0.584270715713501
10,3,4,70,81,81,1,0.367163181304932,1,1,1,1,0.383774995803833
10,3,4,71,3,3,1,0.467599153518677,1,1,1,1,0.117163181304932
10,3,4,72,9,9,1,0.867570877075195,1,1,1,1,0.217599153518677
10,3,4,73,81,81,1,0.767552137374878,1,1,1,1,0.617570877075195
10,3,4,74,81,81,1,0.81710958480835,1,1,1,1,0.517552137374878
10,3,4,75,3,3,1,0.683794736862183,1,1,1,1,0.56710958480835
10,3,4,76,27,27,1,0.767600059509277,1,1,1,1,0.433794736862183
10,3,4,77,3,3,1,0.584211826324463,1,1,1,1,0.517600059509277
10,3,4,78,-9,9,1,1.03379678726196,1,1,1,1,0.334211826324463
10,3,4,79,-9,9,0,0.550506591796875,-1,1,1,1,0.783796787261963
10,3,4,80,-27,27,0,0.684280872344971,-1,-1,1,-1,0.300506591796875
10,3,4,81,-81,81,0,0.583824634552002,-1,-1,-1,-1,0.434280872344971
10,3,4,82,27,27,1,0.650484561920166,-1,-1,-1,-1,0.333824634552002
10,3,4,83,-81,81,0,0.567121267318726,1,1,-1,-1,0.400484561920166
10,3,4,84,-27,27,0,0.667143821716309,-1,-1,1,1,0.317121267318726
10,3,4,85,3,3,0,0.50048303604126,-1,-1,-1,-1,0.417143821716309
10,3,4,86,27,27,1,0.617114782333374,1,-1,-1,-1,0.25048303604126
10,3,4,87,-81,81,0,0.350459575653076,1,1,-1,1,0.367114782333374
10,3,4,91,-9,9,0,1.26708889007568,-1,1,-1,-1,0.867132902145386
10,3,4,92,3,3,0,0.600498914718628,-1,-1,1,-1,1.01708889007568
10,3,4,93,-9,9,0,0.818049430847168,1,-1,-1,-1,0.350498914718628
10,3,4,94,-9,9,0,0.68425464630127,-1,-1,-1,1,0.568049430847168
10,3,4,95,81,81,1,0.600452899932861,-1,-1,-1,-1,0.43425464630127
10,3,4,96,3,3,1,0.967156887054443,1,1,-1,-1,0.350452899932861
10,3,4,97,3,3,1,1.13380169868469,1,1,1,1,0.717156887054443
10,3,4,98,81,81,1,1.13379001617432,1,1,1,1,0.883801698684692
10,3,4,99,-27,27,0,1.01758885383606,1,1,1,1,0.883790016174316
10,3,5,2,9,9,1,0.667598485946655,-1,1,1,1,0.584011077880859
10,3,5,3,-81,81,0,0.634215831756592,1,1,1,-1,0.417598485946655
10,3,5,4,9,9,1,0.717137813568115,-1,-1,1,1,0.384215831756592
10,3,5,5,-0,0,0,0.534607410430908,1,1,-1,-1,0.467137813568115
10,3,5,6,3,3,1,0.633783102035522,-1,-1,1,1,0.284607410430908
10,3,5,7,-81,81,0,0.650929927825928,1,1,-1,-1,0.383783102035522
10,3,5,8,3,3,1,0.900456666946411,-1,-1,1,1,0.400929927825928
10,3,5,9,-3,3,0,0.983810424804688,1,1,-1,-1,0.650456666946411
10,3,5,10,3,3,1,0.483798503875732,-1,-1,1,1,0.733810424804688
10,3,5,11,-27,27,0,0.483846187591553,1,1,-1,-1,0.233798503875732
10,3,5,12,-9,9,0,0.533825874328613,-1,-1,1,1,0.233846187591553
10,3,5,13,-81,81,0,0.533792734146118,-1,-1,-1,-1,0.283825874328613
10,3,5,14,3,3,0,0.784486055374146,-1,-1,-1,-1,0.283792734146118
10,3,5,15,27,27,1,0.334264039993286,1,-1,-1,-1,0.534486055374146
10,3,5,16,-0,0,1,0.383831024169922,1,1,-1,1,0.0842640399932861
10,3,5,17,27,27,1,0.634221315383911,-1,1,1,1,0.133831024169922
10,3,5,18,81,81,1,0.284234046936035,1,1,1,-1,0.384221315383911
10,3,5,19,-81,81,0,0.400904178619385,1,1,1,1,0.0342340469360352
10,3,5,20,9,9,1,0.517185211181641,-1,-1,1,1,0.150904178619385
10,3,5,21,-3,3,0,0.767583847045898,1,1,-1,-1,0.267185211181641
10,3,5,22,3,3,1,0.650490999221802,-1,-1,1,1,0.517583847045898
10,3,5,23,-9,9,0,0.500937700271606,1,1,-1,-1,0.400490999221802
10,3,5,24,81,81,1,0.584285497665405,-1,-1,1,1,0.250937700271606
10,3,5,25,-3,3,1,0.900444984436035,1,1,-1,-1,0.334285497665405
10,3,5,26,0,0,1,0.367183208465576,-1,1,1,1,0.650444984436035
10,3,5,27,-27,27,0,0.3671715259552,1,1,1,-1,0.117183208465576
10,3,5,28,9,9,1,1.06811428070068,-1,-1,1,1,0.1171715259552
10,3,5,29,-81,81,0,0.800909042358398,1,1,-1,-1,0.818114280700684
10,3,5,30,3,3,0,0.65044903755188,-1,-1,1,1,0.550909042358398
10,3,5,31,81,81,1,0.750889301300049,1,-1,-1,-1,0.40044903755188
10,3,5,32,-3,3,1,1.11716651916504,1,1,-1,1,0.500889301300049
10,3,5,33,0,0,0,0.317620754241943,-1,1,1,1,0.867166519165039
10,3,5,34,-81,81,0,0.400501728057861,1,-1,1,-1,0.0676207542419434
10,3,5,35,27,27,1,0.617150068283081,-1,-1,-1,1,0.150501728057861
10,3,5,36,-27,27,0,0.433841228485107,1,1,-1,-1,0.367150068283081
10,3,5,37,81,81,1,0.934209108352661,-1,-1,1,1,0.183841228485107
10,3,5,42,-81,81,0,0.834313869476318,1,1,-1,-1,0.50095009803772
10,3,5,43,27,27,1,0.917565822601318,-1,-1,1,1,0.584313869476318
10,3,5,44,0,0,0,0.301239728927612,1,1,-1,-1,0.667565822601318
10,3,5,45,-3,3,0,0.500900030136108,1,-1,1,1,0.0512397289276123
10,3,5,46,3,3,1,0.950470209121704,-1,-1,-1,1,0.250900030136108
10,3,5,47,-27,27,0,0.983762502670288,1,1,-1,-1,0.700470209121704
10,3,5,48,27,27,1,0.600873708724976,-1,-1,1,1,0.733762502670288
10,3,5,49,9,9,0,0.550488710403442,1,1,-1,-1,0.350873708724976
10,3,5,50,-9,9,0,0.750927448272705,1,-1,1,1,0.300488710403442
10,3,5,51,0,0,1,0.484525918960571,-1,-1,-1,1,0.500927448272705
10,3,5,52,27,27,1,0.367581844329834,1,1,-1,-1,0.234525918960571
10,3,5,53,-3,3,0,0.967549800872803,1,1,1,1,0.117581844329834
10,3,5,54,9,9,1,0.817571401596069,-1,-1,1,1,0.717549800872803
10,3,5,55,-9,9,1,0.500950813293457,1,1,-1,-1,0.567571401596069
10,3,5,56,-0,0,1,0.384283542633057,-1,1,1,1,0.250950813293457
10,3,5,57,9,9,1,0.28429126739502,-1,1,1,-1,0.134283542633057
10,3,5,58,0,0,1,0.634257793426514,1,1,1,-1,0.0342912673950195
10,3,5,59,-81,81,0,0.634267807006836,1,1,1,1,0.384257793426514
10,3,5,60,3,3,1,0.533813953399658,-1,-1,1,1,0.384267807006836
10,3,5,61,-27,27,0,0.533818006515503,1,1,-1,-1,0.283813953399658
10,3,5,62,9,9,0,0.46715784072876,-1,-1,1,1,0.283818006515503
10,3,5,63,-27,27,0,0.71714186668396,1,-1,-1,-1,0.21715784072876
10,3,5,64,9,9,0,0.533816814422607,-1,-1,-1,1,0.46714186668396
10,3,5,65,-81,81,0,0.551435947418213,1,-1,-1,-1,0.283816814422607
10,3,5,66,27,27,1,0.934223651885986,-1,-1,-1,1,0.301435947418213
10,3,5,67,-9,9,1,0.600481748580933,1,1,-1,-1,0.684223651885986
10,3,5,68,81,81,1,0.567618608474731,-1,1,1,1,0.350481748580933
10,3,5,69,-27,27,0,0.433825969696045,1,1,1,-1,0.317618608474731
10,3,5,70,3,3,1,0.417167901992798,-1,-1,1,1,0.183825969696045
10,3,5,71,-9,9,0,0.533818244934082,1,1,-1,-1,0.167167901992798
10,3,5,72,81,81,1,0.683817625045776,-1,-1,1,1,0.283818244934082
10,3,5,73,-81,81,0,0.600445747375488,1,1,-1,-1,0.433817625045776
10,3,5,74,27,27,1,0.783808469772339,-1,-1,1,1,0.350445747375488
10,3,5,75,-3,3,1,0.933776140213013,1,1,-1,-1,0.533808469772339
10,3,5,76,3,3,1,0.367591619491577,-1,1,1,1,0.683776140213013
10,3,5,77,-3,3,1,0.40046215057373,1,1,1,-1,0.117591619491577
10,3,5,78,3,3,1,0.717161893844604,-1,1,1,1,0.15046215057373
10,3,5,79,-81,81,0,0.650893449783325,1,1,1,-1,0.467161893844604
10,3,5,80,81,81,1,0.650442600250244,-1,-1,1,1,0.400893449783325
10,3,5,81,-0,0,1,0.850913047790527,1,1,-1,-1,0.400442600250244
10,3,5,82,81,81,1,0.817155838012695,-1,1,1,1,0.600913047790527
10,3,5,83,0,0,1,0.700474739074707,1,1,1,-1,0.567155838012695
10,3,5,88,-3,3,1,0.384278535842896,1,1,-1,-1,0.71754002571106
10,3,5,89,27,27,1,0.567155838012695,-1,1,1,1,0.134278535842896
10,3,5,90,-3,3,1,0.86760687828064,1,1,1,-1,0.317155838012695
10,3,5,91,-0,0,1,0.650483846664429,-1,1,1,1,0.61760687828064
10,3,5,92,-27,27,0,0.634268760681152,-1,1,1,-1,0.400483846664429
10,3,5,93,27,27,1,0.567191362380981,-1,-1,1,-1,0.384268760681152
10,3,5,94,-9,9,1,0.783814907073975,1,1,-1,-1,0.317191362380981
10,3,5,95,27,27,1,0.834246873855591,-1,1,1,1,0.533814907073975
10,3,5,96,-9,9,1,0.700478553771973,1,1,1,-1,0.584246873855591
10,3,5,97,9,9,1,0.633818864822388,-1,1,1,1,0.450478553771973
10,3,5,98,-81,81,0,0.817658662796021,1,1,1,-1,0.383818864822388
10,3,5,99,81,81,1,0.617131948471069,-1,-1,1,1,0.567658662796021
10,3,6,5,27,27,1,0.550486326217651,1,1,1,1,1.00045013427734
10,3,6,6,3,3,1,0.567163705825806,1,1,1,1,0.300486326217651
10,3,6,7,9,9,1,0.884254932403564,1,1,1,1,0.317163705825806
10,3,6,8,9,9,1,0.734277725219727,1,1,1,1,0.634254932403564
10,3,6,9,27,27,1,0.850873470306396,1,1,1,1,0.484277725219727
10,3,6,10,81,81,1,0.734243392944336,1,1,1,1,0.600873470306396
10,3,6,11,27,27,1,0.984259366989136,1,1,1,1,0.484243392944336
10,3,6,12,3,3,0,0.583779811859131,1,1,1,1,0.734259366989136
10,3,6,13,81,81,1,0.700478315353394,1,-1,1,1,0.333779811859131
10,3,6,14,27,27,1,0.7171471118927,1,1,-1,1,0.450478315353394
10,3,6,15,9,9,1,0.767144918441772,1,1,1,1,0.4671471118927
10,3,6,16,-9,9,0,0.683797121047974,1,1,1,1,0.517144918441772
10,3,6,17,-27,27,0,1.0004780292511,-1,-1,1,1,0.433797121047974
10,3,6,18,-9,9,0,0.433810234069824,-1,-1,-1,-1,0.750478029251099
10,3,6,19,-27,27,0,0.684415340423584,-1,-1,-1,-1,0.183810234069824
10,3,6,20,-0,0,0,0.933773040771484,-1,-1,-1,-1,0.434415340423584
10,3,6,21,9,9,1,0.683846712112427,-1,-1,-1,-1,0.683773040771484
10,3,6,22,3,3,0,1.08380699157715,1,1,-1,-1,0.433846712112427
10,3,6,23,81,81,1,0.750487804412842,1,-1,1,1,0.833806991577148
10,3,6,24,3,3,0,0.41759204864502,1,1,-1,1,0.500487804412842
10,3,6,25,9,9,1,0.41716194152832,1,-1,1,1,0.16759204864502
10,3,6,26,27,27,1,0.75092887878418,1,1,-1,1,0.16716194152832
10,3,6,27,-81,81,0,0.917145490646362,1,1,1,1,0.50092887878418
10,3,6,28,-81,81,0,0.750492811203003,-1,-1,1,1,0.667145490646362
10,3,6,29,-3,3,0,0.567161083221436,-1,-1,-1,-1,0.500492811203003
10,3,6,30,-27,27,0,0.60045599937439,-1,-1,-1,-1,0.317161083221436
10,3,6,31,-3,3,0,0.517155885696411,-1,-1,-1,-1,0.35045599937439
10,3,6,35,-9,9,0,0.750882148742676,-1,-1,-1,-1,0.334267854690552
10,3,6,36,-3,3,0,0.250908136367798,-1,-1,-1,-1,0.500882148742676
10,3,6,37,-0,0,0,0.650932788848877,-1,-1,-1,-1,0.000908136367797852
10,3,6,38,-9,9,0,0.434680461883545,-1,-1,-1,-1,0.400932788848877
10,3,6,39,-9,9,1,0.450922966003418,-1,-1,-1,-1,0.184680461883545
10,3,6,40,-9,9,0,0.283801317214966,-1,1,-1,-1,0.200922966003418
10,3,6,41,3,3,0,0.267121553421021,-1,-1,1,-1,0.0338013172149658
10,3,6,49,-0,0,0,0.950438261032104,-1,-1,-1,-1,0.233826160430908
10,3,6,50,-27,27,0,0.300495862960815,-1,-1,-1,-1,0.700438261032104
10,3,6,51,-81,81,0,1.15046286582947,-1,-1,-1,-1,0.0504958629608154
10,3,6,55,-81,81,0,0.900902032852173,1,1,-1,-1,0.600883722305298
10,3,6,56,3,3,0,0.300928831100464,-1,-1,1,1,0.650902032852173
10,3,6,57,9,9,0,0.733783483505249,1,-1,-1,-1,0.0509288311004639
10,3,6,58,9,9,0,0.967156887054443,1,-1,-1,1,0.483783483505249
10,3,6,59,3,3,0,0.733811855316162,1,-1,-1,1,0.717156887054443
10,3,6,60,81,81,0,0.30095386505127,1,-1,-1,1,0.483811855316162
10,3,6,61,81,81,1,0.283788204193115,1,-1,-1,1,0.0509538650512695
10,3,6,62,0,0,1,1.0009298324585,1,1,-1,1,0.0337882041931152
10,3,6,63,3,3,1,0.617125034332275,1,1,1,1,0.750929832458496
10,3,6,64,27,27,1,0.600443363189697,1,1,1,1,0.367125034332275
10,3,6,68,81,81,1,0.30103063583374,-1,-1,1,-1,0.134297847747803
10,3,6,69,3,3,1,0.600945711135864,1,1,-1,-1,0.0510306358337402
10,3,6,70,27,27,1,0.95045018196106,1,1,1,1,0.350945711135864
10,3,6,71,3,3,1,0.601266622543335,1,1,1,1,0.70045018196106
10,3,6,72,0,0,1,0.367188453674316,1,1,1,1,0.351266622543335
10,3,6,73,9,9,1,0.833779096603394,1,1,1,1,0.117188453674316
10,3,6,74,9,9,1,0.684285879135132,1,1,1,1,0.583779096603394
10,3,6,75,27,27,1,0.667146921157837,1,1,1,1,0.434285879135132
10,3,6,76,81,81,1,0.684212923049927,1,1,1,1,0.417146921157837
10,3,6,77,0,0,1,0.433842658996582,1,1,1,1,0.434212923049927
10,3,6,78,3,3,1,0.684240818023682,1,1,1,1,0.183842658996582
10,3,6,79,-27,27,0,0.40046763420105,1,1,1,1,0.434240818023682
10,3,6,80,-27,27,0,0.700485944747925,-1,-1,1,1,0.15046763420105
10,3,6,81,-9,9,0,0.667156219482422,-1,-1,-1,-1,0.450485944747925
10,3,6,82,-9,9,0,0.300480842590332,-1,-1,-1,-1,0.417156219482422
10,3,6,83,3,3,1,0.517670631408691,-1,-1,-1,-1,0.050480842590332
10,3,6,84,81,81,1,1.10086393356323,1,1,-1,-1,0.267670631408691
10,3,6,85,81,81,1,0.683819055557251,1,1,1,1,0.850863933563232
10,3,6,86,3,3,1,0.500453948974609,1,1,1,1,0.433819055557251
10,3,6,87,-3,3,1,0.51717209815979,1,1,1,1,0.250453948974609
10,3,6,88,-81,81,0,0.71714448928833,-1,1,1,1,0.26717209815979
10,3,6,89,-81,81,0,0.650490999221802,-1,-1,1,-1,0.46714448928833
10,3,6,90,-3,3,0,0.567580938339233,-1,-1,-1,-1,0.400490999221802
10,3,6,91,-9,9,0,0.800453186035156,-1,-1,-1,-1,0.317580938339233
10,3,6,92,-81,81,0,0.367178440093994,-1,-1,-1,-1,0.550453186035156
10,3,6,93,-27,27,0,0.50095009803772,-1,-1,-1,-1,0.117178440093994
10,3,6,94,-81,81,0,1.01758337020874,-1,-1,-1,-1,0.25095009803772
10,3,6,95,-9,9,0,0.883810043334961,-1,-1,-1,-1,0.76758337020874
10,3,6,96,-3,3,0,0.400500297546387,-1,-1,-1,-1,0.633810043334961
11,1,1,4,-9,9,1,0.950594902038574,-1,-1,-1,-1,0.483798027038574
11,1,1,5,-81,81,0,0.617591142654419,-1,1,-1,-1,0.700594902038574
11,1,1,6,-9,9,1,0.567131996154785,-1,-1,1,-1,0.367591142654419
11,1,1,7,-27,27,0,0.550459146499634,-1,1,-1,-1,0.317131996154785
11,1,1,8,-3,3,1,0.584788084030151,-1,-1,1,-1,0.300459146499634
11,1,1,9,-9,9,1,0.483802080154419,-1,1,-1,-1,0.334788084030151
11,1,1,10,-3,3,0,0.50092601776123,-1,1,1,-1,0.233802080154419
11,1,1,11,-9,9,1,0.517585039138794,-1,-1,1,-1,0.25092601776123
11,1,1,12,-9,9,0,0.517602920532227,-1,1,-1,-1,0.267585039138794
11,1,1,13,27,27,1,0.850903987884521,-1,-1,1,-1,0.267602920532227
11,1,1,14,0,0,1,0.567951202392578,1,1,-1,-1,0.600903987884521
11,1,1,15,9,9,1,0.583829402923584,1,1,1,1,0.317951202392578
11,1,1,16,-9,9,0,0.51776385307312,1,1,1,1,0.333829402923584
11,1,1,17,0,0,1,0.701115846633911,-1,-1,1,1,0.26776385307312
11,1,1,18,-0,0,0,0.884222745895386,1,1,-1,-1,0.451115846633911
11,1,1,19,3,3,1,0.584768056869507,-1,-1,1,1,0.634222745895386
11,1,1,20,-81,81,0,0.750451326370239,1,1,-1,-1,0.334768056869507
11,1,1,21,27,27,1,0.567140102386475,-1,-1,1,1,0.500451326370239
11,1,1,22,81,81,0,0.734247922897339,1,1,-1,-1,0.317140102386475
11,1,1,23,-27,27,0,0.683794021606445,1,-1,1,1,0.484247922897339
11,1,1,24,-9,9,1,0.684431314468384,-1,-1,-1,1,0.433794021606445
11,1,1,25,9,9,0,0.583783864974976,-1,1,-1,-1,0.434431314468384
11,1,1,26,81,81,0,0.883806705474854,1,-1,1,-1,0.333783864974976
11,1,1,27,-9,9,1,0.567129135131836,1,-1,-1,1,0.633806705474854
11,1,1,28,27,27,0,0.700923204421997,-1,1,-1,1,0.317129135131836
11,1,1,29,-27,27,0,0.667573690414429,1,-1,1,-1,0.450923204421997
11,1,1,30,-27,27,0,1.01709008216858,-1,-1,-1,1,0.417573690414429
11,1,1,31,9,9,1,0.600472927093506,-1,-1,-1,-1,0.767090082168579
11,1,1,32,-81,81,0,0.650455951690674,1,1,-1,-1,0.350472927093506
11,1,1,33,-0,0,0,0.850900888442993,-1,-1,1,1,0.400455951690674
11,1,1,34,27,27,0,0.917649984359741,-1,-1,-1,-1,0.600900888442993
11,1,1,35,27,27,1,0.701165914535522,1,-1,-1,-1,0.667649984359741
11,1,1,36,3,3,1,0.833776712417603,1,1,-1,1,0.451165914535522
11,1,1,37,-0,0,1,0.567138433456421,1,1,1,1,0.583776712417603
11,1,1,38,-9,9,0,0.633866786956787,-1,1,1,1,0.317138433456421
11,1,1,39,-81,81,0,0.600938081741333,-1,-1,1,-1,0.383866786956787
11,1,1,40,9,9,1,0.600961685180664,-1,-1,-1,-1,0.350938081741333
11,1,1,41,-0,0,0,0.833807945251465,1,1,-1,-1,0.350961685180664
11,1,1,42,-27,27,0,0.584213972091675,-1,-1,1,1,0.583807945251465
11,1,1,43,3,3,1,0.583788633346558,-1,-1,-1,-1,0.334213972091675
11,1,1,44,81,81,1,0.667225122451782,1,1,-1,-1,0.333788633346558
11,1,1,45,-81,81,0,0.767122745513916,1,1,1,1,0.417225122451782
11,1,1,46,-9,9,1,0.633815288543701,-1,-1,1,1,0.517122745513916
11,1,1,47,9,9,1,0.700463771820068,-1,1,-1,-1,0.383815288543701
11,1,1,48,-81,81,0,0.667150974273682,1,1,1,-1,0.450463771820068
11,1,1,49,-3,3,1,0.617556810379028,-1,-1,1,1,0.417150974273682
11,1,1,50,-0,0,0,0.467141151428223,-1,1,-1,-1,0.367556810379028
11,1,1,51,81,81,1,0.684273719787598,-1,-1,1,-1,0.217141151428223
11,1,1,52,81,81,1,0.667133092880249,1,1,-1,-1,0.434273719787598
11,1,1,53,27,27,1,0.667575597763062,1,1,1,1,0.417133092880249
11,1,1,54,-3,3,1,0.783782958984375,1,1,1,1,0.417575597763062
11,1,1,55,-0,0,1,0.750907182693481,-1,1,1,1,0.533782958984375
11,1,1,56,3,3,0,0.80091118812561,-1,1,1,-1,0.500907182693481
11,1,1,57,27,27,1,0.617114305496216,1,-1,1,-1,0.55091118812561
11,1,1,58,-81,81,0,0.58426308631897,1,1,-1,1,0.367114305496216
11,1,1,59,-3,3,0,0.684300422668457,-1,-1,1,1,0.33426308631897
11,1,1,60,-27,27,0,0.55118989944458,-1,-1,-1,-1,0.434300422668457
11,1,1,61,81,81,1,0.63381814956665,-1,-1,-1,-1,0.30118989944458
11,1,1,62,-9,9,1,0.650466918945312,1,1,-1,-1,0.38381814956665
11,1,1,63,-27,27,0,0.834311246871948,-1,1,1,1,0.400466918945312
11,1,1,64,3,3,1,0.617135763168335,-1,-1,1,-1,0.584311246871948
11,1,1,65,-3,3,0,0.717588901519775,1,1,-1,-1,0.367135763168335
11,1,1,66,-3,3,1,0.700453281402588,-1,-1,1,1,0.467588901519775
11,1,1,67,0,0,1,0.600458860397339,-1,1,-1,-1,0.450453281402588
11,1,1,68,3,3,1,0.633800983428955,1,1,1,-1,0.350458860397339
11,1,1,69,81,81,0,0.733797073364258,1,1,1,1,0.383800983428955
11,1,1,70,9,9,1,0.683819532394409,1,-1,1,1,0.483797073364258
11,1,1,71,27,27,1,0.700462818145752,1,1,-1,1,0.433819532394409
11,1,1,72,0,0,1,0.7004554271698,1,1,1,1,0.450462818145752
11,1,1,73,-27,27,0,0.717568159103394,1,1,1,1,0.4504554271698
11,1,1,74,-81,81,0,0.650466203689575,-1,-1,1,1,0.467568159103394
11,1,1,75,-9,9,1,0.583806276321411,-1,-1,-1,-1,0.400466203689575
11,1,1,76,-81,81,0,0.483778476715088,-1,1,-1,-1,0.333806276321411
11,1,1,77,-27,27,0,0.584552764892578,-1,-1,1,-1,0.233778476715088
11,1,1,78,-9,9,0,0.617573976516724,-1,-1,-1,-1,0.334552764892578
11,1,1,79,-3,3,1,0.584240913391113,-1,-1,-1,-1,0.367573976516724
11,1,1,80,-81,81,0,0.63425087928772,-1,1,-1,-1,0.334240913391113
11,1,1,81,-3,3,1,0.600466966629028,-1,-1,1,-1,0.38425087928772
11,1,1,82,3,3,1,0.833792924880981,-1,1,-1,-1,0.350466966629028
11,1,1,83,-3,3,1,0.83423638343811,1,1,1,-1,0.583792924880981
11,1,1,84,-81,81,0,0.750465869903564,-1,1,1,1,0.58423638343811
11,1,1,85,81,81,1,0.633803844451904,-1,-1,1,-1,0.500465869903564
11,1,1,86,-9,9,1,0.75048303604126,1,1,-1,-1,0.383803844451904
11,1,1,87,-27,27,0,0.66761589050293,-1,1,1,1,0.50048303604126
11,1,1,88,-27,27,0,0.567616939544678,-1,-1,1,-1,0.41761589050293
11,1,1,89,-27,27,1,0.617112874984741,-1,-1,-1,-1,0.317616939544678
11,1,1,90,81,81,0,0.750474452972412,-1,1,-1,-1,0.367112874984741
11,1,1,91,9,9,1,0.650520801544189,1,-1,1,-1,0.500474452972412
11,1,1,92,-27,27,0,0.650467872619629,1,1,-1,1,0.400520801544189
11,1,1,93,3,3,1,0.767557144165039,-1,-1,1,1,0.400467872619629
11,1,1,94,-9,9,1,0.600455284118652,1,1,-1,-1,0.517557144165039
11,1,1,95,81,81,1,0.600926160812378,-1,1,1,1,0.350455284118652
11,1,1,96,-3,3,1,0.633785963058472,1,1,1,-1,0.350926160812378
11,1,1,97,27,27,1,0.617108583450317,-1,1,1,1,0.383785963058472
11,1,1,98,0,0,0,0.800526857376099,1,1,1,-1,0.367108583450317
11,1,1,99,-3,3,1,0.600505828857422,1,-1,1,1,0.550526857376099
11,1,2,2,-3,3,0,0.550473928451538,-1,-1,1,1,0.567367076873779
11,1,2,3,-3,3,1,0.684340000152588,-1,-1,-1,-1,0.300473928451538
11,1,2,4,-27,27,0,0.800477981567383,-1,1,-1,-1,0.434340000152588
11,1,2,5,81,81,0,0.81757926940918,-1,-1,1,-1,0.550477981567383
11,1,2,6,9,9,1,0.717581033706665,1,-1,-1,-1,0.56757926940918
11,1,2,7,0,0,1,0.734241962432861,1,1,-1,1,0.467581033706665
11,1,2,8,-81,81,0,0.617579936981201,1,1,1,1,0.484241962432861
11,1,2,9,-9,9,1,0.700926065444946,-1,-1,1,1,0.367579936981201
11,1,2,10,-81,81,0,0.717134952545166,-1,1,-1,-1,0.450926065444946
11,1,2,11,9,9,0,0.817553997039795,-1,-1,1,-1,0.467134952545166
11,1,2,12,3,3,1,0.700459241867065,1,-1,-1,-1,0.567553997039795
11,1,2,13,27,27,1,0.68379807472229,1,1,-1,1,0.450459241867065
11,1,2,14,81,81,0,0.867148637771606,1,1,1,1,0.43379807472229
11,1,2,15,3,3,1,0.684244155883789,1,-1,1,1,0.617148637771606
11,1,2,16,27,27,0,0.900438785552979,1,1,-1,1,0.434244155883789
11,1,2,17,9,9,1,0.583842992782593,1,-1,1,1,0.650438785552979
11,1,2,18,-27,27,0,0.650502920150757,1,1,-1,1,0.333842992782593
11,1,2,19,-3,3,1,0.568085193634033,-1,-1,1,1,0.400502920150757
11,1,2,20,-27,27,0,0.900475978851318,-1,1,-1,-1,0.318085193634033
11,1,2,21,81,81,0,0.884506940841675,-1,-1,1,-1,0.650475978851318
11,1,2,22,-9,9,1,0.583823204040527,1,-1,-1,-1,0.634506940841675
11,1,2,23,-9,9,0,0.767545938491821,-1,1,-1,1,0.333823204040527
11,1,2,24,-0,0,1,0.734220266342163,-1,-1,1,-1,0.517545938491821
11,1,2,25,-9,9,0,0.833786249160767,-1,1,-1,-1,0.484220266342163
11,1,2,26,-81,81,0,0.700464010238647,-1,-1,1,-1,0.583786249160767
11,1,2,27,-81,81,0,0.63425612449646,-1,-1,-1,-1,0.450464010238647
11,1,2,28,-0,0,0,0.717586755752563,-1,-1,-1,-1,0.38425612449646
11,1,2,29,-27,27,1,0.800458908081055,-1,-1,-1,-1,0.467586755752563
11,1,2,30,-27,27,0,0.650457859039307,-1,1,-1,-1,0.550458908081055
11,1,2,31,-27,27,0,0.717131853103638,-1,-1,1,-1,0.400457859039307
11,1,2,32,3,3,1,0.817114353179932,-1,-1,-1,-1,0.467131853103638
11,1,2,33,0,0,0,0.833792448043823,1,1,-1,-1,0.567114353179932
11,1,2,34,27,27,1,0.783852100372314,1,-1,1,1,0.583792448043823
11,1,2,35,3,3,1,0.800462245941162,1,1,-1,1,0.533852100372314
11,1,2,36,81,81,1,0.83378005027771,1,1,1,1,0.550462245941162
11,1,2,37,81,81,1,0.7679283618927,1,1,1,1,0.58378005027771
11,1,2,38,3,3,1,0.867119312286377,1,1,1,1,0.5179283618927
11,1,2,39,9,9,1,0.734250068664551,1,1,1,1,0.617119312286377
11,1,2,40,27,27,1,0.784234285354614,1,1,1,1,0.484250068664551
11,1,2,41,0,0,1,0.767121076583862,1,1,1,1,0.534234285354614
11,1,2,42,3,3,1,0.734223127365112,1,1,1,1,0.517121076583862
11,1,2,43,3,3,1,0.717579364776611,1,1,1,1,0.484223127365112
11,1,2,44,3,3,1,0.800482034683228,1,1,1,1,0.467579364776611
11,1,2,45,27,27,1,0.800931215286255,1,1,1,1,0.550482034683228
11,1,2,46,3,3,0,0.833786964416504,1,1,1,1,0.550931215286255
11,1,2,47,81,81,0,0.883791446685791,1,-1,1,1,0.583786964416504
11,1,2,48,3,3,1,0.71713399887085,1,-1,-1,1,0.633791446685791
11,1,2,49,27,27,1,1.08423924446106,1,1,-1,1,0.46713399887085
11,1,2,50,81,81,1,0.917111396789551,1,1,1,1,0.83423924446106
11,1,2,51,0,0,1,0.833778858184814,1,1,1,1,0.667111396789551
11,1,2,52,-9,9,0,0.717150211334229,1,1,1,1,0.583778858184814
11,1,2,53,-9,9,1,0.867581129074097,-1,-1,1,1,0.467150211334229
11,1,2,54,-0,0,0,0.784256219863892,-1,1,-1,-1,0.617581129074097
11,1,2,55,-3,3,1,0.93377947807312,-1,-1,1,-1,0.534256219863892
11,1,2,56,-81,81,0,0.833791971206665,-1,1,-1,-1,0.68377947807312
11,1,2,57,-81,81,0,0.800875663757324,-1,-1,1,-1,0.583791971206665
11,1,2,58,-81,81,0,0.717137098312378,-1,-1,-1,-1,0.550875663757324
11,1,2,59,-0,0,1,0.800454378128052,-1,-1,-1,-1,0.467137098312378
11,1,2,60,-27,27,0,0.784249305725098,-1,1,-1,-1,0.550454378128052
11,1,2,61,-27,27,0,0.817584991455078,-1,-1,1,-1,0.534249305725098
11,1,2,62,-3,3,0,0.884249925613403,-1,-1,-1,-1,0.567584991455078
11,1,2,63,27,27,0,0.750923156738281,-1,-1,-1,-1,0.634249925613403
11,1,2,64,9,9,1,0.734253883361816,1,-1,-1,-1,0.500923156738281
11,1,2,65,9,9,0,0.80048394203186,1,1,-1,1,0.484253883361816
11,1,2,66,27,27,1,1.10090899467468,1,-1,1,1,0.55048394203186
11,1,2,67,81,81,1,0.900460004806519,1,1,-1,1,0.850908994674683
11,1,2,68,-9,9,0,0.767574787139893,1,1,1,1,0.650460004806519
11,1,2,69,-81,81,0,0.850888967514038,-1,-1,1,1,0.517574787139893
11,1,2,70,-81,81,0,0.767118215560913,-1,-1,-1,-1,0.600888967514038
11,1,2,71,-3,3,0,0.86714768409729,-1,-1,-1,-1,0.517118215560913
11,1,2,72,27,27,1,0.70045280456543,-1,-1,-1,-1,0.61714768409729
11,1,2,73,9,9,1,0.868006944656372,1,1,-1,-1,0.45045280456543
11,1,2,74,-81,81,0,0.683799982070923,1,1,1,1,0.618006944656372
11,1,2,75,3,3,1,0.700441122055054,-1,-1,1,1,0.433799982070923
11,1,2,76,81,81,1,0.967122793197632,1,1,-1,-1,0.450441122055054
11,1,2,77,3,3,1,0.783782720565796,1,1,1,1,0.717122793197632
11,1,2,78,27,27,1,0.734246253967285,1,1,1,1,0.533782720565796
11,1,2,79,3,3,0,0.967108249664307,1,1,1,1,0.484246253967285
11,1,2,80,-27,27,0,0.717212677001953,1,-1,1,1,0.717108249664307
11,1,2,81,-0,0,1,0.750463247299194,-1,-1,-1,1,0.467212677001953
11,1,2,82,-9,9,0,0.783818006515503,-1,1,-1,-1,0.500463247299194
11,1,2,83,-9,9,0,1.03501605987549,-1,-1,1,-1,0.533818006515503
11,1,2,84,-3,3,0,0.900454998016357,-1,-1,-1,-1,0.785016059875488
11,1,2,85,-27,27,0,0.783779859542847,-1,-1,-1,-1,0.650454998016357
11,1,2,86,-81,81,0,0.783831596374512,-1,-1,-1,-1,0.533779859542847
11,1,2,87,-3,3,1,0.750460863113403,-1,-1,-1,-1,0.533831596374512
11,1,2,88,-81,81,0,0.734308958053589,-1,1,-1,-1,0.500460863113403
11,1,2,89,-9,9,1,0.734276056289673,-1,-1,1,-1,0.484308958053589
11,1,2,90,-0,0,1,0.90044903755188,-1,1,-1,-1,0.484276056289673
11,1,2,91,-9,9,0,0.734253168106079,-1,1,1,-1,0.65044903755188
11,1,2,92,-3,3,1,0.784236907958984,-1,-1,1,-1,0.484253168106079
11,1,2,93,-0,0,1,0.717555046081543,-1,1,-1,-1,0.534236907958984
11,1,2,94,-9,9,1,0.783787965774536,-1,1,1,-1,0.467555046081543
11,1,2,95,-9,9,1,0.750908374786377,-1,1,1,-1,0.533787965774536
11,1,2,96,-27,27,0,0.700437545776367,-1,1,1,-1,0.500908374786377
11,1,2,97,-9,9,0,0.817104339599609,-1,-1,1,-1,0.450437545776367
11,1,2,98,-9,9,1,0.851056098937988,-1,-1,-1,-1,0.567104339599609
11,1,2,99,27,27,1,1.16757893562317,-1,1,-1,-1,0.601056098937988
11,1,3,2,-81,81,0,0.583801507949829,1,1,1,-1,1.2177848815918
11,1,3,3,-0,0,1,0.71714973449707,-1,-1,1,1,0.333801507949829
11,1,3,4,81,81,0,0.733845710754395,-1,1,-1,-1,0.46714973449707
11,1,3,5,-9,9,1,0.867139577865601,1,-1,1,-1,0.483845710754395
11,1,3,6,-9,9,1,0.733781814575195,-1,1,-1,1,0.617139577865601
11,1,3,7,9,9,0,0.933773040771484,-1,1,1,-1,0.483781814575195
11,1,3,8,-0,0,1,0.884235858917236,1,-1,1,-1,0.683773040771484
11,1,3,9,81,81,0,0.75091290473938,-1,1,-1,1,0.634235858917236
11,1,3,10,-3,3,1,0.817110776901245,1,-1,1,-1,0.50091290473938
11,1,3,11,27,27,0,0.884283542633057,-1,1,-1,1,0.567110776901245
11,1,3,12,-81,81,0,0.917112827301025,1,-1,1,-1,0.634283542633057
11,1,3,13,0,0,0,0.900892019271851,-1,-1,-1,1,0.667112827301025
11,1,3,14,-9,9,0,0.984230518341064,1,-1,-1,-1,0.650892019271851
11,1,3,15,-27,27,0,0.967144966125488,-1,-1,-1,1,0.734230518341064
11,1,3,16,27,27,0,0.867113351821899,-1,-1,-1,-1,0.717144966125488
11,1,3,17,-3,3,0,0.883785724639893,1,-1,-1,-1,0.617113351821899
11,1,3,18,9,9,1,1.00087213516235,-1,-1,-1,1,0.633785724639893
11,1,3,19,-3,3,0,0.900954961776733,1,1,-1,-1,0.750872135162354
11,1,3,20,3,3,0,0.968059778213501,-1,-1,1,1,0.650954961776733
11,1,3,21,-9,9,1,0.834242820739746,1,-1,-1,-1,0.718059778213501
11,1,3,22,81,81,0,0.800456762313843,-1,1,-1,1,0.584242820739746
11,1,3,23,81,81,0,0.817103624343872,1,-1,1,-1,0.550456762313843
11,1,3,24,-3,3,0,0.900469779968262,1,-1,-1,1,0.567103624343872
11,1,3,25,-3,3,0,0.734270811080933,-1,-1,-1,1,0.650469779968262
11,1,3,26,81,81,1,0.950900077819824,-1,-1,-1,-1,0.484270811080933
11,1,3,27,-0,0,0,0.817105770111084,1,1,-1,-1,0.700900077819824
11,1,3,28,0,0,1,0.884236812591553,-1,-1,1,1,0.567105770111084
11,1,3,29,-27,27,0,0.750949859619141,1,1,-1,-1,0.634236812591553
11,1,3,30,27,27,1,0.833812952041626,-1,-1,1,1,0.500949859619141
11,1,3,31,-81,81,0,0.734525680541992,1,1,-1,-1,0.583812952041626
11,1,3,32,-9,9,1,0.734252214431763,-1,-1,1,1,0.484525680541992
11,1,3,33,3,3,0,0.90102744102478,-1,1,-1,-1,0.484252214431763
11,1,3,34,-0,0,1,0.967127323150635,1,-1,1,-1,0.65102744102478
11,1,3,35,27,27,0,0.967118263244629,-1,1,-1,1,0.717127323150635
11,1,3,36,-9,9,0,1.00044631958008,1,-1,1,-1,0.717118263244629
11,1,3,37,81,81,0,1.13419818878174,-1,-1,-1,1,0.750446319580078
11,1,3,38,-9,9,0,0.85045313835144,1,-1,-1,-1,0.884198188781738
11,1,3,39,-9,9,1,0.850440740585327,-1,-1,-1,1,0.60045313835144
11,1,3,40,-9,9,0,0.800893783569336,-1,1,-1,-1,0.600440740585327
11,1,3,41,27,27,1,0.850898265838623,-1,-1,1,-1,0.550893783569336
11,1,3,42,-3,3,0,0.80045747756958,1,1,-1,-1,0.600898265838623
11,1,3,43,81,81,0,1.20114874839783,-1,-1,1,1,0.55045747756958
11,1,3,44,-3,3,1,0.850905418395996,1,-1,-1,-1,0.951148748397827
11,1,3,45,27,27,0,0.783786773681641,-1,1,-1,1,0.600905418395996
11,1,3,46,-9,9,1,1.01757311820984,1,-1,1,-1,0.533786773681641
11,1,3,47,0,0,1,0.883763313293457,-1,1,-1,1,0.767573118209839
11,1,3,48,-3,3,0,0.884245157241821,1,1,1,-1,0.633763313293457
11,1,3,49,0,0,1,1.11711096763611,-1,-1,1,1,0.634245157241821
11,1,3,50,-81,81,0,0.700481653213501,1,1,-1,-1,0.867110967636108
11,1,3,51,27,27,0,0.983787059783936,-1,-1,1,1,0.450481653213501
11,1,3,52,-81,81,0,0.767544746398926,1,-1,-1,-1,0.733787059783936
11,1,3,53,81,81,0,0.917572021484375,-1,-1,-1,1,0.517544746398926
11,1,3,54,-81,81,0,0.784624099731445,1,-1,-1,-1,0.667572021484375
11,1,3,59,27,27,0,0.734475135803223,1,1,1,1,0.50093936920166
11,1,3,60,-27,27,0,0.733803272247314,1,-1,1,1,0.484475135803223
11,1,3,61,81,81,0,0.800911903381348,-1,-1,-1,1,0.483803272247314
11,1,3,62,-81,81,0,0.684248685836792,1,-1,-1,-1,0.550911903381348
11,1,3,63,3,3,1,0.733790159225464,-1,-1,-1,1,0.434248685836792
11,1,3,64,-3,3,0,0.734244108200073,1,1,-1,-1,0.483790159225464
11,1,3,65,9,9,1,0.667572498321533,-1,-1,1,1,0.484244108200073
11,1,3,66,-9,9,0,1.00091743469238,1,1,-1,-1,0.417572498321533
11,1,3,67,3,3,1,0.717124462127686,-1,-1,1,1,0.750917434692383
11,1,3,68,-27,27,0,0.650464773178101,1,1,-1,-1,0.467124462127686
11,1,3,69,9,9,1,0.86715292930603,-1,-1,1,1,0.400464773178101
11,1,3,70,-9,9,0,0.700469017028809,1,1,-1,-1,0.61715292930603
11,1,3,71,-27,27,0,0.650918960571289,-1,-1,1,1,0.450469017028809
11,1,3,72,0,0,0,0.667569637298584,-1,-1,-1,-1,0.400918960571289
11,1,3,73,-27,27,0,0.650948286056519,1,-1,-1,-1,0.417569637298584
11,1,3,74,-9,9,0,0.734254121780396,-1,-1,-1,1,0.400948286056519
11,1,3,75,3,3,0,0.65049409866333,-1,-1,-1,-1,0.484254121780396
11,1,3,76,9,9,0,0.950440406799316,1,-1,-1,-1,0.40049409866333
11,1,3,77,-27,27,0,0.767139673233032,1,-1,-1,1,0.700440406799316
11,1,3,78,27,27,1,0.651042222976685,-1,-1,-1,1,0.517139673233032
11,1,3,79,-81,81,0,0.70045804977417,1,1,-1,-1,0.401042222976685
11,1,3,80,27,27,1,0.650462627410889,-1,-1,1,1,0.45045804977417
11,1,3,81,-3,3,1,0.717133045196533,1,1,-1,-1,0.400462627410889
11,1,3,82,-3,3,1,0.701268196105957,-1,1,1,1,0.467133045196533
11,1,3,83,-27,27,0,0.600462675094604,-1,1,1,-1,0.451268196105957
11,1,3,84,27,27,0,0.850501775741577,-1,-1,1,-1,0.350462675094604
11,1,3,85,-81,81,0,0.633785247802734,1,-1,-1,-1,0.600501775741577
11,1,3,86,81,81,0,0.917603731155396,-1,-1,-1,1,0.383785247802734
11,1,3,87,-27,27,0,0.751152753829956,1,-1,-1,-1,0.667603731155396
11,1,3,88,81,81,1,0.750905275344849,-1,-1,-1,1,0.501152753829956
11,1,3,89,-9,9,0,1.43421626091003,1,1,-1,-1,0.500905275344849
11,1,3,90,81,81,1,0.800480365753174,-1,-1,1,1,1.18421626091003
11,1,3,91,-81,81,0,0.634238004684448,1,1,-1,-1,0.550480365753174
11,1,3,92,9,9,1,0.78455924987793,-1,-1,1,1,0.384238004684448
11,1,3,93,-9,9,1,0.717156171798706,1,1,-1,-1,0.53455924987793
11,1,3,94,3,3,0,0.783792018890381,-1,1,1,1,0.467156171798706
11,1,3,95,-0,0,0,0.784246921539307,1,-1,1,-1,0.533792018890381
11,1,3,96,27,27,1,0.667548894882202,-1,-1,-1,1,0.534246921539307
11,1,3,97,-3,3,1,0.734239816665649,1,1,-1,-1,0.417548894882202
11,1,3,98,3,3,0,0.700478076934814,-1,1,1,1,0.484239816665649
11,1,3,99,-3,3,1,0.750459909439087,1,-1,1,-1,0.450478076934814
11,1,4,2,-81,81,0,0.667560815811157,-1,-1,-1,-1,1.03444314002991
11,1,4,3,27,27,1,0.650981903076172,-1,-1,-1,-1,0.417560815811157
11,1,4,4,-81,81,0,0.700933933258057,1,1,-1,-1,0.400981903076172
11,1,4,5,-27,27,0,0.600898265838623,-1,-1,1,1,0.450933933258057
11,1,4,6,-81,81,0,0.55091404914856,-1,-1,-1,-1,0.350898265838623
11,1,4,7,-27,27,0,0.550465106964111,-1,-1,-1,-1,0.30091404914856
11,1,4,8,-27,27,0,0.584259748458862,-1,-1,-1,-1,0.300465106964111
11,1,4,9,3,3,0,0.550465822219849,-1,-1,-1,-1,0.334259748458862
11,1,4,10,81,81,1,0.633850812911987,1,-1,-1,-1,0.300465822219849
11,1,4,11,27,27,1,1.03382897377014,1,1,-1,1,0.383850812911987
11,1,4,12,-27,27,0,0.70044732093811,1,1,1,1,0.783828973770142
11,1,4,13,-27,27,0,0.818114995956421,-1,-1,1,1,0.45044732093811
11,1,4,14,-9,9,0,0.700890064239502,-1,-1,-1,-1,0.568114995956421
11,1,4,15,9,9,0,0.817577123641968,-1,-1,-1,-1,0.450890064239502
11,1,4,16,-81,81,0,0.667130947113037,1,-1,-1,-1,0.567577123641968
11,1,4,17,-27,27,0,0.717980146408081,-1,-1,-1,1,0.417130947113037
11,1,4,18,9,9,0,0.700462102890015,-1,-1,-1,-1,0.467980146408081
11,1,4,19,9,9,1,0.867135763168335,1,-1,-1,-1,0.450462102890015
11,1,4,20,-3,3,0,0.700468063354492,1,1,-1,1,0.617135763168335
11,1,4,21,-3,3,1,1.0842444896698,-1,-1,1,1,0.450468063354492
11,1,4,22,-3,3,1,0.71715521812439,-1,1,-1,-1,0.8342444896698
11,1,4,23,-0,0,1,0.767582893371582,-1,1,1,-1,0.46715521812439
11,1,4,24,0,0,1,0.783812522888184,-1,1,1,-1,0.517582893371582
11,1,4,25,3,3,0,0.967121124267578,1,1,1,-1,0.533812522888184
11,1,4,26,9,9,1,0.767541885375977,1,-1,1,1,0.717121124267578
11,1,4,27,-3,3,1,0.717694044113159,1,1,-1,1,0.517541885375977
11,1,4,28,3,3,1,0.75044584274292,-1,1,1,1,0.467694044113159
11,1,4,29,0,0,1,0.733788013458252,1,1,1,-1,0.50044584274292
11,1,4,30,81,81,0,0.683847904205322,1,1,1,1,0.483788013458252
11,1,4,31,9,9,1,1.15049648284912,1,-1,1,1,0.433847904205322
11,1,4,32,0,0,0,0.767568349838257,1,1,-1,1,0.900496482849121
11,1,4,33,3,3,1,0.800487041473389,1,-1,1,1,0.517568349838257
11,1,4,34,3,3,1,0.767121076583862,1,1,-1,1,0.550487041473389
11,1,4,35,9,9,0,0.700480461120605,1,1,1,1,0.517121076583862
11,1,4,36,-27,27,0,0.984261035919189,1,-1,1,1,0.450480461120605
11,1,4,37,-9,9,1,0.734444141387939,-1,-1,-1,1,0.734261035919189
11,1,4,38,-81,81,0,0.600997924804688,-1,1,-1,-1,0.484444141387939
11,1,4,39,-0,0,0,0.783769369125366,-1,-1,1,-1,0.350997924804688
11,1,4,40,-3,3,1,0.701019287109375,-1,-1,-1,-1,0.533769369125366
11,1,4,41,-81,81,0,0.800484895706177,-1,1,-1,-1,0.451019287109375
11,1,4,42,3,3,0,0.817130088806152,-1,-1,1,-1,0.550484895706177
11,1,4,43,-81,81,0,0.684258937835693,1,-1,-1,-1,0.567130088806152
11,1,4,44,3,3,0,0.61735725402832,-1,-1,-1,1,0.434258937835693
11,1,4,45,27,27,1,0.700465202331543,1,-1,-1,-1,0.36735725402832
11,1,4,46,81,81,1,0.833787679672241,1,1,-1,1,0.450465202331543
11,1,4,47,81,81,0,0.500944852828979,1,1,1,1,0.583787679672241
11,1,4,48,-81,81,0,0.567137479782104,1,-1,1,1,0.250944852828979
11,1,4,49,3,3,1,0.717120170593262,-1,-1,-1,1,0.317137479782104
11,1,4,50,27,27,1,0.783769607543945,1,1,-1,-1,0.467120170593262
11,1,4,51,-0,0,0,0.734469890594482,1,1,1,1,0.533769607543945
11,1,4,52,27,27,1,0.767548322677612,-1,-1,1,1,0.484469890594482
11,1,4,53,-9,9,0,0.683834075927734,1,1,-1,-1,0.517548322677612
11,1,4,54,-3,3,1,0.634243011474609,-1,-1,1,1,0.433834075927734
11,1,4,55,3,3,0,0.933813095092773,-1,1,-1,-1,0.384243011474609
11,1,4,56,-9,9,0,0.883809804916382,1,-1,1,-1,0.683813095092773
11,1,4,57,81,81,1,0.833790302276611,-1,-1,-1,1,0.633809804916382
11,1,4,58,9,9,1,0.717136859893799,1,1,-1,-1,0.583790302276611
11,1,4,59,-3,3,1,0.8837890625,1,1,1,1,0.467136859893799
11,1,4,60,9,9,1,0.850460290908813,-1,1,1,1,0.6337890625
11,1,4,61,81,81,0,0.683810472488403,1,1,1,-1,0.600460290908813
11,1,4,62,-9,9,1,0.700460910797119,1,-1,1,1,0.433810472488403
11,1,4,63,-9,9,1,0.784229516983032,-1,1,-1,1,0.450460910797119
11,1,4,64,9,9,0,0.700460195541382,-1,1,1,-1,0.534229516983032
11,1,4,65,81,81,0,0.68425440788269,1,-1,1,-1,0.450460195541382
11,1,4,66,27,27,1,0.700903415679932,1,-1,-1,1,0.43425440788269
11,1,4,67,-27,27,0,0.734261274337769,1,1,-1,1,0.450903415679932
11,1,4,68,-81,81,0,0.684262275695801,-1,-1,1,1,0.484261274337769
11,1,4,69,-9,9,0,0.733768463134766,-1,-1,-1,-1,0.434262275695801
11,1,4,70,9,9,1,0.667145490646362,-1,-1,-1,-1,0.483768463134766
11,1,4,71,27,27,0,0.633789300918579,1,1,-1,-1,0.417145490646362
11,1,4,72,-27,27,0,0.700462102890015,1,-1,1,1,0.383789300918579
11,1,4,73,81,81,0,0.683788299560547,-1,-1,-1,1,0.450462102890015
11,1,4,74,0,0,1,0.767583131790161,1,-1,-1,-1,0.433788299560547
11,1,4,75,-9,9,0,0.500927209854126,1,1,-1,1,0.517583131790161
11,1,4,76,81,81,0,0.767574548721313,-1,-1,1,1,0.250927209854126
11,1,4,77,-27,27,0,0.833781719207764,1,-1,-1,-1,0.517574548721313
11,1,4,78,81,81,1,0.784262418746948,-1,-1,-1,1,0.583781719207764
11,1,4,79,-3,3,1,0.834450960159302,1,1,-1,-1,0.534262418746948
11,1,4,80,-27,27,0,0.617127656936646,-1,1,1,1,0.584450960159302
11,1,4,81,-9,9,1,0.817592144012451,-1,-1,1,-1,0.367127656936646
11,1,4,82,27,27,0,0.883805274963379,-1,1,-1,-1,0.567592144012451
11,1,4,83,3,3,0,1.1842155456543,1,-1,1,-1,0.633805274963379
11,1,4,84,3,3,1,0.767141342163086,1,-1,-1,1,0.934215545654297
11,1,4,85,81,81,1,0.950886487960815,1,1,-1,1,0.517141342163086
11,1,4,86,0,0,1,0.817144155502319,1,1,1,1,0.700886487960815
11,1,4,87,0,0,1,0.750441312789917,1,1,1,1,0.567144155502319
11,1,4,88,-3,3,1,0.601169347763062,1,1,1,1,0.500441312789917
11,1,4,89,-27,27,0,0.600893974304199,-1,1,1,1,0.351169347763062
11,1,4,90,3,3,1,0.650918960571289,-1,-1,1,-1,0.350893974304199
11,1,4,91,0,0,0,1.13382029533386,1,1,-1,-1,0.400918960571289
11,1,4,92,27,27,0,0.583789825439453,1,-1,1,1,0.883820295333862
11,1,4,93,-81,81,0,0.567155122756958,1,-1,-1,1,0.333789825439453
11,1,4,94,-3,3,1,0.917149066925049,-1,-1,-1,1,0.317155122756958
11,1,4,95,-9,9,0,0.717149257659912,-1,1,-1,-1,0.667149066925049
11,1,4,96,27,27,0,0.734317064285278,-1,-1,1,-1,0.467149257659912
11,1,4,97,-9,9,0,0.65143609046936,1,-1,-1,-1,0.484317064285278
11,1,4,98,9,9,0,0.700922012329102,-1,-1,-1,1,0.40143609046936
11,1,4,99,-81,81,0,0.617590665817261,1,-1,-1,-1,0.450922012329102
11,1,5,2,81,81,1,0.667562484741211,1,-1,1,1,0.601163387298584
11,1,5,3,3,3,0,0.667136907577515,1,1,-1,1,0.417562484741211
11,1,5,4,3,3,1,0.73424506187439,1,-1,1,1,0.417136907577515
11,1,5,5,-9,9,1,0.783798933029175,1,1,-1,1,0.48424506187439
11,1,5,6,-27,27,0,0.800909996032715,-1,1,1,1,0.533798933029175
11,1,5,7,-81,81,0,0.700452089309692,-1,-1,1,-1,0.550909996032715
11,1,5,8,-0,0,1,0.700886011123657,-1,-1,-1,-1,0.450452089309692
11,1,5,9,-3,3,0,0.800469160079956,-1,1,-1,-1,0.450886011123657
11,1,5,10,-81,81,0,0.684277534484863,-1,-1,1,-1,0.550469160079956
11,1,5,11,-3,3,1,0.867581129074097,-1,-1,-1,-1,0.434277534484863
11,1,5,12,-27,27,0,0.700891017913818,-1,1,-1,-1,0.617581129074097
11,1,5,13,-27,27,0,1.01709628105164,-1,-1,1,-1,0.450891017913818
11,1,5,14,-81,81,0,0.684242963790894,-1,-1,-1,-1,0.767096281051636
11,1,5,15,-3,3,0,0.700457096099854,-1,-1,-1,-1,0.434242963790894
11,1,5,16,27,27,1,0.717116117477417,-1,-1,-1,-1,0.450457096099854
11,1,5,17,3,3,0,0.767585277557373,1,1,-1,-1,0.467116117477417
11,1,5,18,3,3,0,0.833788156509399,1,-1,1,1,0.517585277557373
11,1,5,19,3,3,1,0.783804178237915,1,-1,-1,1,0.583788156509399
11,1,5,20,9,9,1,0.633800983428955,1,1,-1,1,0.533804178237915
11,1,5,21,3,3,0,0.667594909667969,1,1,1,1,0.383800983428955
11,1,5,22,0,0,0,0.684216260910034,1,-1,1,1,0.417594909667969
11,1,5,23,-81,81,0,0.650455951690674,1,-1,-1,1,0.434216260910034
11,1,5,24,27,27,0,0.650463581085205,-1,-1,-1,1,0.400455951690674
11,1,5,25,9,9,1,0.984480857849121,1,-1,-1,-1,0.400463581085205
11,1,5,26,3,3,0,0.600484132766724,1,1,-1,1,0.734480857849121
11,1,5,27,-9,9,0,0.667129039764404,1,-1,1,1,0.350484132766724
11,1,5,28,-0,0,0,0.650914907455444,-1,-1,-1,1,0.417129039764404
11,1,5,29,-3,3,0,0.600461006164551,-1,-1,-1,-1,0.400914907455444
11,1,5,30,-81,81,0,0.617202997207642,-1,-1,-1,-1,0.350461006164551
11,1,5,31,-9,9,0,0.684238195419312,-1,-1,-1,-1,0.367202997207642
11,1,5,32,-81,81,0,0.617120027542114,-1,-1,-1,-1,0.434238195419312
11,1,5,33,-27,27,0,0.667576313018799,-1,-1,-1,-1,0.367120027542114
11,1,5,34,-9,9,0,0.517604112625122,-1,-1,-1,-1,0.417576313018799
11,1,5,35,-9,9,0,0.684232234954834,-1,-1,-1,-1,0.267604112625122
11,1,5,36,-81,81,0,0.567582845687866,-1,-1,-1,-1,0.434232234954834
11,1,5,37,81,81,1,0.684223651885986,-1,-1,-1,-1,0.317582845687866
11,1,5,38,27,27,0,0.83439826965332,1,1,-1,-1,0.434223651885986
11,1,5,39,27,27,1,0.500482797622681,1,-1,1,1,0.58439826965332
11,1,5,40,9,9,1,0.700451374053955,1,1,-1,1,0.250482797622681
11,1,5,41,0,0,0,0.934256553649902,1,1,1,1,0.450451374053955
11,1,5,42,3,3,0,0.617211103439331,1,-1,1,1,0.684256553649902
11,1,5,43,27,27,1,0.584270715713501,1,-1,-1,1,0.367211103439331
11,1,5,44,27,27,1,0.617138385772705,1,1,-1,1,0.334270715713501
11,1,5,45,-0,0,1,0.650466203689575,1,1,1,1,0.367138385772705
11,1,5,46,-3,3,0,0.700457811355591,-1,1,1,1,0.400466203689575
11,1,5,47,9,9,0,0.600468158721924,-1,-1,1,-1,0.450457811355591
11,1,5,48,0,0,0,0.934779167175293,1,-1,-1,-1,0.350468158721924
11,1,5,49,3,3,0,0.767199754714966,1,-1,-1,1,0.684779167175293
11,1,5,50,81,81,1,0.783795833587646,1,-1,-1,1,0.517199754714966
11,1,5,51,9,9,1,0.71713399887085,1,1,-1,1,0.533795833587646
11,1,5,52,-0,0,1,0.883808135986328,1,1,1,1,0.46713399887085
11,1,5,53,-3,3,0,0.700437307357788,-1,1,1,1,0.633808135986328
11,1,5,54,-3,3,1,0.700907468795776,-1,-1,1,-1,0.450437307357788
11,1,5,55,-27,27,1,0.733901262283325,-1,1,-1,-1,0.450907468795776
11,1,5,56,-9,9,0,0.667118310928345,-1,1,1,-1,0.483901262283325
11,1,5,57,9,9,0,0.650469064712524,-1,-1,1,-1,0.417118310928345
11,1,5,58,27,27,0,1.03449440002441,1,-1,-1,-1,0.400469064712524
11,1,5,59,9,9,1,0.617153882980347,1,-1,-1,1,0.784494400024414
11,1,5,60,9,9,1,0.684219598770142,1,1,-1,1,0.367153882980347
11,1,5,61,9,9,0,1.01709651947021,1,1,1,1,0.434219598770142
11,1,5,62,81,81,1,1.1004364490509,1,-1,1,1,0.767096519470215
11,1,5,63,27,27,1,0.717112064361572,1,1,-1,1,0.850436449050903
11,1,5,64,81,81,1,0.584266185760498,1,1,1,1,0.467112064361572
11,1,5,65,27,27,1,0.633799076080322,1,1,1,1,0.334266185760498
11,1,5,66,81,81,1,0.834233283996582,1,1,1,1,0.383799076080322
11,1,5,67,81,81,1,0.550467014312744,1,1,1,1,0.584233283996582
11,1,5,68,3,3,1,0.583816289901733,1,1,1,1,0.300467014312744
11,1,5,69,-81,81,0,0.467607259750366,1,1,1,1,0.333816289901733
11,1,5,70,-81,81,0,0.683871269226074,-1,-1,1,1,0.217607259750366
11,1,5,71,-9,9,0,0.600475311279297,-1,-1,-1,-1,0.433871269226074
11,1,5,72,27,27,1,0.633787870407104,-1,-1,-1,-1,0.350475311279297
11,1,5,73,27,27,0,0.684258222579956,1,1,-1,-1,0.383787870407104
11,1,5,74,9,9,0,0.850460052490234,1,-1,1,1,0.434258222579956
11,1,5,75,-3,3,1,0.517137050628662,1,-1,-1,1,0.600460052490234
11,1,5,76,9,9,0,0.683801889419556,-1,1,-1,1,0.267137050628662
11,1,5,77,81,81,1,0.518070220947266,1,-1,1,-1,0.433801889419556
11,1,5,78,-27,27,0,0.767122507095337,1,1,-1,1,0.268070220947266
11,1,5,79,-3,3,1,0.783787965774536,-1,-1,1,1,0.517122507095337
11,1,5,80,-0,0,0,0.617156267166138,-1,1,-1,-1,0.533787965774536
11,1,5,81,-81,81,0,0.633795976638794,-1,-1,1,-1,0.367156267166138
11,1,5,82,-0,0,1,0.734254121780396,-1,-1,-1,-1,0.383795976638794
11,1,5,83,9,9,1,0.583802938461304,-1,1,-1,-1,0.484254121780396
11,1,5,84,9,9,1,0.700477123260498,1,1,1,-1,0.333802938461304
11,1,5,85,81,81,1,0.550472259521484,1,1,1,1,0.450477123260498
11,1,5,86,81,81,1,0.700459957122803,1,1,1,1,0.300472259521484
11,1,5,87,-0,0,1,0.600921869277954,1,1,1,1,0.450459957122803
11,1,5,88,-9,9,0,0.650918960571289,-1,1,1,1,0.350921869277954
11,1,5,89,-27,27,0,0.567187070846558,-1,-1,1,-1,0.400918960571289
11,1,5,90,-9,9,0,0.684221267700195,-1,-1,-1,-1,0.317187070846558
11,1,5,91,-3,3,1,0.683823108673096,-1,-1,-1,-1,0.434221267700195
11,1,5,92,27,27,1,0.834236145019531,-1,1,-1,-1,0.433823108673096
11,1,5,93,27,27,1,0.467592477798462,1,1,1,-1,0.584236145019531
11,1,5,94,81,81,1,0.384254217147827,1,1,1,1,0.217592477798462
11,1,5,95,27,27,0,0.617585897445679,1,1,1,1,0.134254217147827
11,1,5,96,-0,0,1,0.700464010238647,1,-1,1,1,0.367585897445679
11,1,5,97,27,27,0,0.650881052017212,-1,1,-1,1,0.450464010238647
11,1,5,98,3,3,0,0.850458145141602,1,-1,1,-1,0.400881052017212
11,1,5,99,3,3,1,0.68381404876709,1,-1,-1,1,0.600458145141602
11,1,6,2,-3,3,1,0.600457906723022,-1,-1,1,1,0.334033012390137
11,1,6,3,9,9,0,0.484258890151978,-1,1,-1,-1,0.350457906723022
11,1,6,4,-27,27,0,0.434275150299072,1,-1,1,-1,0.234258890151978
11,1,6,5,81,81,1,0.517125844955444,-1,-1,-1,1,0.184275150299072
11,1,6,6,3,3,0,0.36713695526123,1,1,-1,-1,0.267125844955444
11,1,6,7,9,9,1,0.784458875656128,1,-1,1,1,0.11713695526123
11,1,6,8,-3,3,1,0.700452566146851,1,1,-1,1,0.534458875656128
11,1,6,9,-9,9,0,0.667588472366333,-1,1,1,1,0.450452566146851
11,1,6,10,-3,3,0,0.600955963134766,-1,-1,1,-1,0.417588472366333
11,1,6,11,-81,81,0,0.53424596786499,-1,-1,-1,-1,0.350955963134766
11,1,6,12,-3,3,0,0.633800029754639,-1,-1,-1,-1,0.28424596786499
11,1,6,13,9,9,0,0.634279012680054,-1,-1,-1,-1,0.383800029754639
11,1,6,14,27,27,0,0.650923490524292,1,-1,-1,-1,0.384279012680054
11,1,6,15,-81,81,0,0.517132759094238,1,-1,-1,1,0.400923490524292
11,1,6,16,3,3,1,0.583798170089722,-1,-1,-1,1,0.267132759094238
11,1,6,17,-9,9,0,0.617125034332275,1,1,-1,-1,0.333798170089722
11,1,6,18,27,27,1,0.617594957351685,-1,-1,1,1,0.367125034332275
11,1,6,19,3,3,1,0.634253740310669,1,1,-1,-1,0.367594957351685
11,1,6,20,-27,27,0,0.617564916610718,1,1,1,1,0.384253740310669
11,1,6,21,9,9,0,0.58379602432251,-1,-1,1,1,0.367564916610718
11,1,6,22,-3,3,0,0.667135953903198,1,-1,-1,-1,0.33379602432251
11,1,6,23,-27,27,0,0.517131805419922,-1,-1,-1,1,0.417135953903198
11,1,6,24,81,81,1,0.684252977371216,-1,-1,-1,-1,0.267131805419922
11,1,6,25,3,3,1,0.717172384262085,1,1,-1,-1,0.434252977371216
11,1,6,26,-81,81,0,0.484241962432861,1,1,1,1,0.467172384262085
11,1,6,27,9,9,1,0.600548982620239,-1,-1,1,1,0.234241962432861
11,1,6,28,-0,0,1,0.484265565872192,1,1,-1,-1,0.350548982620239
11,1,6,29,0,0,0,0.583789587020874,-1,1,1,1,0.234265565872192
11,1,6,30,81,81,1,0.784262895584106,1,-1,1,-1,0.333789587020874
11,1,6,31,-9,9,0,0.617177486419678,1,1,-1,1,0.534262895584106
11,1,6,32,3,3,0,0.701066970825195,-1,-1,1,1,0.367177486419678
11,1,6,33,-0,0,1,0.667128324508667,1,-1,-1,-1,0.451066970825195
11,1,6,34,27,27,0,0.683837890625,-1,1,-1,1,0.417128324508667
11,1,6,35,-3,3,0,0.684244871139526,1,-1,1,-1,0.433837890625
11,1,6,36,27,27,0,0.650917768478394,-1,-1,-1,1,0.434244871139526
11,1,6,37,-27,27,0,0.684266328811646,1,-1,-1,-1,0.400917768478394
11,1,6,38,3,3,0,0.650527000427246,-1,-1,-1,1,0.434266328811646
11,1,6,39,-81,81,0,0.584491968154907,1,-1,-1,-1,0.400527000427246
11,1,6,40,27,27,1,0.567618846893311,-1,-1,-1,1,0.334491968154907
11,1,6,41,-9,9,0,0.417598962783813,1,1,-1,-1,0.317618846893311
11,1,6,42,81,81,1,1.06757998466492,-1,-1,1,1,0.167598962783813
11,1,6,43,-3,3,1,0.667106628417969,1,1,-1,-1,0.817579984664917
11,1,6,44,27,27,1,0.633816480636597,-1,1,1,1,0.417106628417969
11,1,6,45,-3,3,1,0.633787870407104,1,1,1,-1,0.383816480636597
11,1,6,46,81,81,1,0.784215211868286,-1,1,1,1,0.383787870407104
11,1,6,47,-3,3,0,0.467159032821655,1,1,1,-1,0.534215211868286
11,1,6,53,9,9,0,0.667139053344727,-1,-1,-1,1,0.167199850082397
11,1,6,54,-9,9,0,0.6504807472229,1,-1,-1,-1,0.417139053344727
11,1,6,55,9,9,1,0.700902700424194,-1,-1,-1,1,0.4004807472229
11,1,6,56,-3,3,0,0.71777606010437,1,1,-1,-1,0.450902700424194
11,1,6,57,0,0,1,0.467118740081787,-1,-1,1,1,0.46777606010437
11,1,6,58,-9,9,1,0.567196130752563,1,1,-1,-1,0.217118740081787
11,1,6,59,81,81,1,0.717130184173584,-1,1,1,1,0.317196130752563
11,1,6,60,-27,27,0,0.717200040817261,1,1,1,-1,0.467130184173584
11,1,6,61,9,9,1,0.667139291763306,-1,-1,1,1,0.467200040817261
11,1,6,62,-81,81,0,0.667139291763306,1,1,-1,-1,0.417139291763306
11,1,6,63,0,0,1,0.750908374786377,-1,-1,1,1,0.417139291763306
11,1,6,64,-81,81,0,0.567579030990601,1,1,-1,-1,0.500908374786377
11,1,6,65,0,0,0,1.05051898956299,-1,-1,1,1,0.317579030990601
11,1,6,66,-27,27,0,0.650465965270996,1,-1,-1,-1,0.800518989562988
11,1,6,67,27,27,1,1.13441729545593,-1,-1,-1,1,0.400465965270996
11,1,6,68,27,27,0,0.900910615921021,1,1,-1,-1,0.884417295455933
11,1,6,69,81,81,1,0.800470113754272,1,-1,1,1,0.650910615921021
11,1,6,70,0,0,1,0.883761644363403,1,1,-1,1,0.550470113754272
11,1,6,71,-3,3,0,0.750459909439087,1,1,1,1,0.633761644363403
11,1,6,72,81,81,1,0.667596340179443,-1,-1,1,1,0.500459909439087
11,1,6,73,-9,9,0,0.717577695846558,1,1,-1,-1,0.417596340179443
11,1,6,74,81,81,1,0.567129611968994,-1,-1,1,1,0.467577695846558
11,1,6,75,-81,81,0,0.733789443969727,1,1,-1,-1,0.317129611968994
11,1,6,76,81,81,1,0.66712760925293,-1,-1,1,1,0.483789443969727
11,1,6,77,-81,81,0,0.601132154464722,1,1,-1,-1,0.41712760925293
11,1,6,78,81,81,1,0.6838219165802,-1,-1,1,1,0.351132154464722
11,1,6,79,-3,3,1,0.700505495071411,1,1,-1,-1,0.4338219165802
11,1,6,80,9,9,1,0.867578029632568,-1,1,1,1,0.450505495071411
11,1,6,81,3,3,1,0.8008713722229,1,1,1,-1,0.617578029632568
11,1,6,82,-3,3,1,0.767746210098267,1,1,1,1,0.5508713722229
11,1,6,83,-27,27,0,0.617119073867798,-1,1,1,1,0.517746210098267
11,1,6,84,27,27,1,0.734236001968384,-1,-1,1,-1,0.367119073867798
11,1,6,85,-0,0,1,0.717128038406372,1,1,-1,-1,0.484236001968384
11,1,6,86,-81,81,0,0.633776426315308,-1,1,1,1,0.467128038406372
11,1,6,87,0,0,1,0.750913858413696,-1,-1,1,-1,0.383776426315308
11,1,6,88,-9,9,1,0.800901889801025,1,1,-1,-1,0.500913858413696
11,1,6,89,27,27,1,0.734231472015381,-1,1,1,1,0.550901889801025
11,1,6,90,-27,27,0,0.850913047790527,1,1,1,-1,0.484231472015381
11,1,6,91,9,9,1,0.96754789352417,-1,-1,1,1,0.600913047790527
11,1,6,92,0,0,0,0.684238910675049,1,1,-1,-1,0.71754789352417
11,1,6,93,-9,9,1,0.767113924026489,1,-1,1,1,0.434238910675049
11,1,6,94,-3,3,0,0.667155027389526,-1,1,-1,1,0.517113924026489
11,1,6,95,27,27,1,0.500921964645386,-1,-1,1,-1,0.417155027389526
11,1,6,96,-27,27,1,0.650464773178101,1,1,-1,-1,0.250921964645386
11,1,6,97,27,27,0,0.650919437408447,-1,1,1,1,0.400464773178101
11,1,6,98,-3,3,1,0.783776521682739,1,-1,1,-1,0.400919437408447
11,1,6,99,9,9,1,0.634251832962036,-1,1,-1,1,0.533776521682739
11,2,1,2,-27,27,0,0.617586851119995,-1,-1,1,1,0.384447813034058
11,2,1,3,3,3,0,0.733788967132568,-1,-1,-1,-1,0.367586851119995
11,2,1,4,-3,3,1,0.683845281600952,1,-1,-1,-1,0.483788967132568
11,2,1,5,9,9,0,0.717139005661011,-1,1,-1,1,0.433845281600952
11,2,1,6,-0,0,0,0.767130136489868,1,-1,1,-1,0.467139005661011
11,2,1,7,81,81,1,0.667129993438721,-1,-1,-1,1,0.517130136489868
11,2,1,8,-27,27,0,0.700924634933472,1,1,-1,-1,0.417129993438721
11,2,1,9,27,27,1,0.634245872497559,-1,-1,1,1,0.450924634933472
11,2,1,10,-81,81,0,0.668011665344238,1,1,-1,-1,0.384245872497559
11,2,1,11,0,0,1,0.617140531539917,-1,-1,1,1,0.418011665344238
11,2,1,12,-81,81,0,0.617144346237183,1,1,-1,-1,0.367140531539917
11,2,1,13,3,3,0,0.667141675949097,-1,-1,1,1,0.367144346237183
11,2,1,14,-81,81,0,0.60048246383667,1,-1,-1,-1,0.417141675949097
11,2,1,15,3,3,1,0.683791875839233,-1,-1,-1,1,0.35048246383667
11,2,1,16,-81,81,0,0.684285640716553,1,1,-1,-1,0.433791875839233
11,2,1,17,3,3,1,0.650887966156006,-1,-1,1,1,0.434285640716553
11,2,1,18,-3,3,0,0.700467109680176,1,1,-1,-1,0.400887966156006
11,2,1,19,9,9,1,0.650924921035767,-1,-1,1,1,0.450467109680176
11,2,1,20,-3,3,0,0.667590856552124,1,1,-1,-1,0.400924921035767
11,2,1,21,81,81,1,0.650925874710083,-1,-1,1,1,0.417590856552124
11,2,1,22,-81,81,0,0.583839893341064,1,1,-1,-1,0.400925874710083
11,2,1,23,3,3,1,0.76758599281311,-1,-1,1,1,0.333839893341064
11,2,1,24,-81,81,0,0.617156744003296,1,1,-1,-1,0.51758599281311
11,2,1,25,81,81,1,0.60045599937439,-1,-1,1,1,0.367156744003296
11,2,1,26,-3,3,1,0.63379955291748,1,1,-1,-1,0.35045599937439
11,2,1,27,81,81,1,0.63381290435791,-1,1,1,1,0.38379955291748
11,2,1,28,-3,3,0,0.70047402381897,1,1,1,-1,0.38381290435791
11,2,1,29,0,0,0,0.650917053222656,-1,-1,1,1,0.45047402381897
11,2,1,30,-27,27,1,0.617160081863403,1,-1,-1,-1,0.400917053222656
11,2,1,31,81,81,0,0.684272766113281,-1,1,-1,1,0.367160081863403
11,2,1,32,-81,81,0,0.633816719055176,1,-1,1,-1,0.434272766113281
11,2,1,33,-81,81,0,0.650460958480835,-1,-1,-1,1,0.383816719055176
11,2,1,34,81,81,1,0.717581272125244,-1,-1,-1,-1,0.400460958480835
11,2,1,35,-3,3,1,0.717572450637817,1,1,-1,-1,0.467581272125244
11,2,1,36,27,27,1,0.717116355895996,-1,1,1,1,0.467572450637817
11,2,1,37,9,9,0,0.700467824935913,1,1,1,-1,0.467116355895996
11,2,1,38,3,3,1,0.701004505157471,1,-1,1,1,0.450467824935913
11,2,1,39,-81,81,0,0.650463819503784,1,1,-1,1,0.451004505157471
11,2,1,40,27,27,1,0.65046501159668,-1,-1,1,1,0.400463819503784
11,2,1,41,-9,9,0,0.650917291641235,1,1,-1,-1,0.40046501159668
11,2,1,42,9,9,1,0.650535106658936,-1,-1,1,1,0.400917291641235
11,2,1,43,-9,9,1,0.601070880889893,1,1,-1,-1,0.400535106658936
11,2,1,44,-27,27,0,0.717593193054199,-1,1,1,1,0.351070880889893
11,2,1,45,27,27,1,0.700916051864624,-1,-1,1,-1,0.467593193054199
11,2,1,46,-0,0,0,0.667120456695557,1,1,-1,-1,0.450916051864624
11,2,1,47,9,9,1,0.834258794784546,-1,-1,1,1,0.417120456695557
11,2,1,48,27,27,1,0.800881147384644,1,1,-1,-1,0.584258794784546
11,2,1,49,-81,81,0,0.667125225067139,1,1,1,1,0.550881147384644
11,2,1,50,-3,3,1,0.683796405792236,-1,-1,1,1,0.417125225067139
11,2,1,51,9,9,0,0.733768939971924,-1,1,-1,-1,0.433796405792236
11,2,1,52,-9,9,1,0.683815956115723,1,-1,1,-1,0.483768939971924
11,2,1,53,9,9,0,0.634250402450562,-1,1,-1,1,0.433815956115723
11,2,1,54,0,0,0,0.633814334869385,1,-1,1,-1,0.384250402450562
11,2,1,55,-9,9,0,0.667588949203491,1,-1,-1,1,0.383814334869385
11,2,1,56,9,9,1,0.583816289901733,-1,-1,-1,1,0.417588949203491
11,2,1,57,-9,9,0,0.650993824005127,1,1,-1,-1,0.333816289901733
11,2,1,58,27,27,0,0.634282350540161,-1,-1,1,1,0.400993824005127
11,2,1,59,-27,27,0,0.71717357635498,1,-1,-1,-1,0.384282350540161
11,2,1,60,3,3,1,0.700495958328247,-1,-1,-1,1,0.46717357635498
11,2,1,61,-27,27,0,0.650912046432495,1,1,-1,-1,0.450495958328247
11,2,1,62,3,3,1,0.683823108673096,-1,-1,1,1,0.400912046432495
11,2,1,63,-0,0,0,0.667222261428833,1,1,-1,-1,0.433823108673096
11,2,1,64,0,0,1,0.767583847045898,-1,-1,1,1,0.417222261428833
11,2,1,65,-0,0,1,0.767132997512817,1,1,-1,-1,0.517583847045898
11,2,1,66,81,81,1,0.717108964920044,-1,1,1,1,0.517132997512817
11,2,1,67,27,27,0,0.78425407409668,1,1,1,-1,0.467108964920044
11,2,1,68,-27,27,0,0.684227466583252,1,-1,1,1,0.53425407409668
11,2,1,69,81,81,1,0.700515985488892,-1,-1,-1,1,0.434227466583252
11,2,1,70,-9,9,1,0.600547075271606,1,1,-1,-1,0.450515985488892
11,2,1,71,-81,81,0,0.600941181182861,-1,1,1,1,0.350547075271606
11,2,1,72,3,3,1,0.617130041122437,-1,-1,1,-1,0.350941181182861
11,2,1,73,-0,0,1,0.683784484863281,1,1,-1,-1,0.367130041122437
11,2,1,74,9,9,0,0.750459909439087,-1,1,1,1,0.433784484863281
11,2,1,75,9,9,1,0.667125940322876,1,-1,1,-1,0.500459909439087
11,2,1,76,-27,27,0,0.651493787765503,1,1,-1,1,0.417125940322876
11,2,1,77,-27,27,0,0.567874193191528,-1,-1,1,1,0.401493787765503
11,2,1,78,-27,27,0,0.633823394775391,-1,-1,-1,-1,0.317874193191528
11,2,1,79,3,3,1,0.550638914108276,-1,-1,-1,-1,0.383823394775391
11,2,1,80,-3,3,0,0.56759786605835,1,1,-1,-1,0.300638914108276
11,2,1,81,3,3,0,0.700459003448486,-1,-1,1,1,0.31759786605835
11,2,1,82,-81,81,0,0.584256887435913,1,-1,-1,-1,0.450459003448486
11,2,1,83,9,9,1,0.55048394203186,-1,-1,-1,1,0.334256887435913
11,2,1,84,-3,3,0,0.667135000228882,1,1,-1,-1,0.30048394203186
11,2,1,85,9,9,1,0.634781837463379,-1,-1,1,1,0.417135000228882
11,2,1,86,-81,81,0,0.60046911239624,1,1,-1,-1,0.384781837463379
11,2,1,87,-27,27,0,0.584255933761597,-1,-1,1,1,0.35046911239624
11,2,1,88,27,27,1,0.567142009735107,-1,-1,-1,-1,0.334255933761597
11,2,1,89,-9,9,0,0.533811330795288,1,1,-1,-1,0.317142009735107
11,2,1,90,27,27,1,0.600896120071411,-1,-1,1,1,0.283811330795288
11,2,1,91,3,3,0,0.600453853607178,1,1,-1,-1,0.350896120071411
11,2,1,92,-27,27,0,0.55092716217041,1,-1,1,1,0.350453853607178
11,2,1,93,3,3,0,0.600926876068115,-1,-1,-1,1,0.30092716217041
11,2,1,94,-27,27,0,0.617547512054443,1,-1,-1,-1,0.350926876068115
11,2,1,95,81,81,1,0.583797454833984,-1,-1,-1,1,0.367547512054443
11,2,1,96,-0,0,0,0.867658853530884,1,1,-1,-1,0.333797454833984
11,2,1,97,0,0,1,0.617131948471069,-1,-1,1,1,0.617658853530884
11,2,1,98,-9,9,0,0.733788251876831,1,1,-1,-1,0.367131948471069
11,2,1,99,9,9,1,0.650463104248047,-1,-1,1,1,0.483788251876831
11,2,2,4,27,27,0,0.750946044921875,-1,1,1,1,0.36725902557373
11,2,2,5,-27,27,0,0.61718487739563,1,-1,1,-1,0.500946044921875
11,2,2,6,3,3,1,0.767131090164185,-1,-1,-1,1,0.36718487739563
11,2,2,7,-3,3,1,0.900455951690674,1,1,-1,-1,0.517131090164185
11,2,2,8,9,9,0,0.667125940322876,-1,1,1,1,0.650455951690674
11,2,2,9,-9,9,0,0.717781066894531,1,-1,1,-1,0.417125940322876
11,2,2,10,27,27,1,0.917188882827759,-1,-1,-1,1,0.467781066894531
11,2,2,11,9,9,1,0.850454807281494,1,1,-1,-1,0.667188882827759
11,2,2,12,-9,9,0,0.717124462127686,1,1,1,1,0.600454807281494
11,2,2,13,-0,0,1,0.91759991645813,-1,-1,1,1,0.467124462127686
11,2,2,14,-9,9,1,0.81714129447937,-1,1,-1,-1,0.66759991645813
11,2,2,15,3,3,0,0.867111921310425,-1,1,1,-1,0.56714129447937
11,2,2,16,-27,27,0,0.650942087173462,1,-1,1,-1,0.617111921310425
11,2,2,17,81,81,0,0.867115020751953,-1,-1,-1,1,0.400942087173462
11,2,2,18,-3,3,1,0.683819055557251,1,-1,-1,-1,0.617115020751953
11,2,2,19,3,3,1,0.684268951416016,-1,1,-1,1,0.433819055557251
11,2,2,20,-27,27,0,0.617127180099487,1,1,1,-1,0.434268951416016
11,2,2,21,9,9,1,0.833783864974976,-1,-1,1,1,0.367127180099487
11,2,2,22,3,3,1,0.884274244308472,1,1,-1,-1,0.583783864974976
11,2,2,23,-0,0,1,0.717143058776855,1,1,1,1,0.634274244308472
11,2,2,24,9,9,1,0.60050106048584,-1,1,1,1,0.467143058776855
11,2,2,25,-81,81,0,0.533814907073975,1,1,1,-1,0.35050106048584
11,2,2,26,81,81,1,0.584756851196289,-1,-1,1,1,0.283814907073975
11,2,2,27,0,0,1,0.633820772171021,1,1,-1,-1,0.334756851196289
11,2,2,28,-9,9,1,0.65045690536499,1,1,1,1,0.383820772171021
11,2,2,29,81,81,0,0.667582988739014,-1,1,1,1,0.40045690536499
11,2,2,30,-9,9,1,0.700461864471436,1,-1,1,-1,0.417582988739014
11,2,2,31,27,27,1,0.684247970581055,-1,1,-1,1,0.450461864471436
11,2,2,32,-3,3,1,0.817150115966797,1,1,1,-1,0.434247970581055
11,2,2,33,-27,27,1,0.850911378860474,-1,1,1,1,0.567150115966797
11,2,2,34,0,0,0,0.633777379989624,-1,1,1,-1,0.600911378860474
11,2,2,35,-3,3,0,0.78379487991333,1,-1,1,-1,0.383777379989624
11,2,2,36,27,27,1,0.68424129486084,-1,-1,-1,1,0.53379487991333
11,2,2,37,81,81,1,0.717101573944092,1,1,-1,-1,0.43424129486084
11,2,2,38,-27,27,0,0.667141914367676,1,1,1,1,0.467101573944092
11,2,2,39,81,81,1,0.550469160079956,-1,-1,1,1,0.417141914367676
11,2,2,40,-27,27,1,0.650456666946411,1,1,-1,-1,0.300469160079956
11,2,2,41,0,0,0,0.633784770965576,-1,1,1,1,0.400456666946411
11,2,2,42,-9,9,0,0.667582273483276,1,-1,1,-1,0.383784770965576
11,2,2,43,-3,3,1,0.634261131286621,-1,-1,-1,1,0.417582273483276
11,2,2,44,9,9,1,0.567561149597168,-1,1,-1,-1,0.384261131286621
11,2,2,45,-81,81,0,0.600924491882324,1,1,1,-1,0.317561149597168
11,2,2,46,81,81,1,0.600490808486938,-1,-1,1,1,0.350924491882324
11,2,2,47,-81,81,0,0.617127895355225,1,1,-1,-1,0.350490808486938
11,2,2,48,3,3,0,0.683797121047974,-1,-1,1,1,0.367127895355225
11,2,2,49,-81,81,0,0.600937843322754,1,-1,-1,-1,0.433797121047974
11,2,2,50,-3,3,1,0.650939464569092,-1,-1,-1,1,0.350937843322754
11,2,2,51,81,81,1,0.600926160812378,-1,1,-1,-1,0.400939464569092
11,2,2,52,27,27,1,0.633793354034424,1,1,1,-1,0.350926160812378
11,2,2,53,-9,9,0,0.833780288696289,1,1,1,1,0.383793354034424
11,2,2,54,81,81,1,0.617144346237183,-1,-1,1,1,0.583780288696289
11,2,2,55,-3,3,1,0.617589235305786,1,1,-1,-1,0.367144346237183
11,2,2,56,9,9,1,0.667133808135986,-1,1,1,1,0.367589235305786
11,2,2,57,-27,27,0,0.567139148712158,1,1,1,-1,0.417133808135986
11,2,2,58,27,27,1,0.600950956344604,-1,-1,1,1,0.317139148712158
11,2,2,59,-9,9,1,0.750463247299194,1,1,-1,-1,0.350950956344604
11,2,2,60,-27,27,0,0.700488328933716,-1,1,1,1,0.500463247299194
11,2,2,61,0,0,1,0.617597103118896,-1,-1,1,-1,0.450488328933716
11,2,2,62,9,9,1,0.617566347122192,1,1,-1,-1,0.367597103118896
11,2,2,63,-3,3,1,0.58382248878479,1,1,1,1,0.367566347122192
11,2,2,64,81,81,1,0.600889921188354,-1,1,1,1,0.33382248878479
11,2,2,65,-9,9,0,0.667118787765503,1,1,1,-1,0.350889921188354
11,2,2,66,-27,27,0,0.633826017379761,-1,-1,1,1,0.417118787765503
11,2,2,67,81,81,1,1.13381218910217,-1,-1,-1,-1,0.383826017379761
11,2,2,68,-9,9,1,0.717590093612671,1,1,-1,-1,0.883812189102173
11,2,2,69,-27,27,1,0.600954294204712,-1,1,1,1,0.467590093612671
11,2,2,70,3,3,0,0.717145681381226,-1,1,1,-1,0.350954294204712
11,2,2,71,-3,3,1,0.600909948348999,1,-1,1,-1,0.467145681381226
11,2,2,72,-0,0,0,0.650464057922363,-1,1,-1,1,0.350909948348999
11,2,2,73,-27,27,0,0.634250164031982,-1,-1,1,-1,0.400464057922363
11,2,2,74,3,3,1,0.684587478637695,-1,-1,-1,-1,0.384250164031982
11,2,2,75,81,81,0,0.81712532043457,1,1,-1,-1,0.434587478637695
11,2,2,76,-27,27,0,0.60093092918396,1,-1,1,1,0.56712532043457
11,2,2,77,81,81,1,0.700914859771729,-1,-1,-1,1,0.35093092918396
11,2,2,78,-81,81,0,0.617580413818359,1,1,-1,-1,0.450914859771729
11,2,2,79,9,9,1,0.617543935775757,-1,-1,1,1,0.367580413818359
11,2,2,80,-3,3,0,0.61711597442627,1,1,-1,-1,0.367543935775757
11,2,2,81,3,3,1,0.617135047912598,-1,-1,1,1,0.36711597442627
11,2,2,82,-3,3,0,0.667616605758667,1,1,-1,-1,0.367135047912598
11,2,2,83,81,81,1,0.550913333892822,-1,-1,1,1,0.417616605758667
11,2,2,84,-27,27,0,0.583797454833984,1,1,-1,-1,0.300913333892822
11,2,2,85,9,9,1,0.617595195770264,-1,-1,1,1,0.333797454833984
11,2,2,86,-9,9,0,0.617166996002197,1,1,-1,-1,0.367595195770264
11,2,2,87,27,27,1,0.550456285476685,-1,-1,1,1,0.367166996002197
11,2,2,88,-81,81,0,0.51711893081665,1,1,-1,-1,0.300456285476685
11,2,2,89,-27,27,0,0.700480937957764,-1,-1,1,1,0.26711893081665
11,2,2,90,9,9,1,0.617142200469971,-1,-1,-1,-1,0.450480937957764
11,2,2,91,-3,3,1,0.634270906448364,1,1,-1,-1,0.367142200469971
11,2,2,92,-0,0,1,0.617141962051392,-1,1,1,1,0.384270906448364
11,2,2,93,27,27,1,0.567591428756714,-1,1,1,-1,0.367141962051392
11,2,2,94,-81,81,0,0.567630767822266,1,1,1,-1,0.317591428756714
11,2,2,95,3,3,1,0.617600202560425,-1,-1,1,1,0.317630767822266
11,2,2,96,-0,0,1,0.583802700042725,1,1,-1,-1,0.367600202560425
11,2,2,97,9,9,1,0.517141103744507,-1,1,1,1,0.333802700042725
11,2,2,98,-81,81,0,0.467135906219482,1,1,1,-1,0.267141103744507
11,2,2,99,0,0,1,0.550975322723389,-1,-1,1,1,0.217135906219482
11,2,3,2,-81,81,0,0.567847013473511,-1,1,-1,-1,1.18397617340088
11,2,3,3,81,81,1,0.90045690536499,-1,-1,1,-1,0.317847013473511
11,2,3,4,27,27,1,0.533803939819336,1,1,-1,-1,0.65045690536499
11,2,3,5,3,3,1,0.784252166748047,1,1,1,1,0.283803939819336
11,2,3,6,-27,27,0,0.500470161437988,1,1,1,1,0.534252166748047
11,2,3,7,3,3,1,0.533787965774536,-1,-1,1,1,0.250470161437988
11,2,3,8,27,27,1,0.517610549926758,1,1,-1,-1,0.283787965774536
11,2,3,9,-3,3,1,0.667582988739014,1,1,1,1,0.267610549926758
11,2,3,10,-3,3,1,0.750470161437988,-1,1,1,1,0.417582988739014
11,2,3,11,3,3,0,0.534259080886841,-1,1,1,-1,0.500470161437988
11,2,3,12,-27,27,0,0.700477838516235,1,-1,1,-1,0.284259080886841
11,2,3,13,-9,9,1,0.683787822723389,-1,-1,-1,1,0.450477838516235
11,2,3,14,-27,27,0,0.567157030105591,-1,1,-1,-1,0.433787822723389
11,2,3,15,9,9,1,0.617595672607422,-1,-1,1,-1,0.317157030105591
11,2,3,16,3,3,0,0.833789110183716,1,1,-1,-1,0.367595672607422
11,2,3,17,-9,9,0,0.634211778640747,1,-1,1,1,0.583789110183716
11,2,3,18,27,27,1,0.517136096954346,-1,-1,-1,1,0.384211778640747
11,2,3,19,9,9,1,0.70088529586792,1,1,-1,-1,0.267136096954346
11,2,3,20,9,9,1,0.667119979858398,1,1,1,1,0.45088529586792
11,2,3,21,-3,3,1,0.750462293624878,1,1,1,1,0.417119979858398
11,2,3,22,-27,27,0,0.684242248535156,-1,1,1,1,0.500462293624878
11,2,3,23,27,27,0,0.934240102767944,-1,-1,1,-1,0.434242248535156
11,2,3,24,27,27,1,0.567131996154785,1,-1,-1,-1,0.684240102767944
11,2,3,25,81,81,1,0.950457811355591,1,1,-1,1,0.317131996154785
11,2,3,26,-0,0,1,0.650452136993408,1,1,1,1,0.700457811355591
11,2,3,27,27,27,1,0.650463819503784,-1,1,1,1,0.400452136993408
11,2,3,28,9,9,1,0.617584943771362,1,1,1,-1,0.400463819503784
11,2,3,29,-9,9,1,0.650918960571289,1,1,1,1,0.367584943771362
11,2,3,30,-0,0,1,0.617122888565063,-1,1,1,1,0.400918960571289
11,2,3,31,-3,3,0,0.567131280899048,-1,1,1,-1,0.367122888565063
11,2,3,32,-27,27,1,0.617134094238281,-1,-1,1,-1,0.317131280899048
11,2,3,33,-3,3,1,0.783810377120972,-1,1,-1,-1,0.367134094238281
11,2,3,34,27,27,1,0.650476694107056,-1,1,1,-1,0.533810377120972
11,2,3,35,-9,9,0,0.584378242492676,1,1,1,-1,0.400476694107056
11,2,3,36,-81,81,0,0.567629098892212,-1,-1,1,1,0.334378242492676
11,2,3,37,-0,0,0,0.900452375411987,-1,-1,-1,-1,0.317629098892212
11,2,3,38,-9,9,0,0.717575311660767,-1,-1,-1,-1,0.650452375411987
11,2,3,39,81,81,1,0.483801364898682,-1,-1,-1,-1,0.467575311660767
11,2,3,40,-81,81,0,0.417566537857056,1,1,-1,-1,0.233801364898682
11,2,3,41,0,0,1,0.583811044692993,-1,-1,1,1,0.167566537857056
11,2,3,42,9,9,1,0.667601108551025,1,1,-1,-1,0.333811044692993
11,2,3,43,-81,81,0,0.401396989822388,1,1,1,1,0.417601108551025
11,2,3,44,81,81,1,0.400954246520996,-1,-1,1,1,0.151396989822388
11,2,3,45,9,9,1,0.584225177764893,1,1,-1,-1,0.150954246520996
11,2,3,46,3,3,1,0.567578315734863,1,1,1,1,0.334225177764893
11,2,3,47,3,3,1,0.517124176025391,1,1,1,1,0.317578315734863
11,2,3,48,0,0,0,0.450501441955566,1,1,1,1,0.267124176025391
11,2,3,49,9,9,1,0.533825159072876,1,-1,1,1,0.200501441955566
11,2,3,50,-0,0,1,0.517137050628662,1,1,-1,1,0.283825159072876
11,2,3,51,27,27,1,0.500930070877075,-1,1,1,1,0.267137050628662
11,2,3,52,-27,27,1,0.384265899658203,1,1,1,-1,0.250930070877075
11,2,3,53,0,0,1,0.534216165542603,-1,1,1,1,0.134265899658203
11,2,3,54,3,3,1,0.467167139053345,1,1,1,-1,0.284216165542603
11,2,3,55,-0,0,1,0.533794164657593,1,1,1,1,0.217167139053345
11,2,3,56,-0,0,1,0.500946283340454,-1,1,1,1,0.283794164657593
11,2,3,57,-27,27,1,0.618072986602783,-1,1,1,-1,0.250946283340454
11,2,3,58,-81,81,0,0.550922870635986,-1,1,1,-1,0.368072986602783
11,2,3,59,-0,0,1,0.600441455841064,-1,-1,1,-1,0.300922870635986
11,2,3,60,-3,3,0,0.583787441253662,-1,1,-1,-1,0.350441455841064
11,2,3,61,81,81,1,0.817126035690308,-1,-1,1,-1,0.333787441253662
11,2,3,62,-0,0,1,0.617585897445679,1,1,-1,-1,0.567126035690308
11,2,3,63,-9,9,1,0.600460290908813,-1,1,1,1,0.367585897445679
11,2,3,64,9,9,0,0.583803176879883,-1,1,1,-1,0.350460290908813
11,2,3,65,-81,81,0,0.484257936477661,1,-1,1,-1,0.333803176879883
11,2,3,66,-3,3,0,0.584252119064331,-1,-1,-1,1,0.234257936477661
11,2,3,67,81,81,1,0.767109870910645,-1,-1,-1,-1,0.334252119064331
11,2,3,68,-9,9,1,0.800901174545288,1,1,-1,-1,0.517109870910645
11,2,3,69,81,81,1,0.767585277557373,-1,1,1,1,0.550901174545288
11,2,3,70,-81,81,0,0.550442695617676,1,1,1,-1,0.517585277557373
11,2,3,71,9,9,1,0.550477981567383,-1,-1,1,1,0.300442695617676
11,2,3,72,9,9,1,0.900511264801025,1,1,-1,-1,0.300477981567383
11,2,3,73,81,81,1,0.583799123764038,1,1,1,1,0.650511264801025
11,2,3,74,-81,81,0,0.433953046798706,1,1,1,1,0.333799123764038
11,2,3,75,-81,81,0,0.533813238143921,-1,-1,1,1,0.183953046798706
11,2,3,76,27,27,1,0.450462818145752,-1,-1,-1,-1,0.283813238143921
11,2,3,77,-81,81,0,0.534253358840942,1,1,-1,-1,0.200462818145752
11,2,3,78,9,9,1,0.550883531570435,-1,-1,1,1,0.284253358840942
11,2,3,79,27,27,0,0.584261894226074,1,1,-1,-1,0.300883531570435
11,2,3,80,3,3,1,0.500930547714233,1,-1,1,1,0.334261894226074
11,2,3,81,3,3,1,0.56714916229248,1,1,-1,1,0.250930547714233
11,2,3,82,-81,81,0,0.51757025718689,1,1,1,1,0.31714916229248
11,2,3,83,9,9,1,0.400490283966064,-1,-1,1,1,0.26757025718689
11,2,3,84,3,3,0,0.917571544647217,1,1,-1,-1,0.150490283966064
11,2,3,85,9,9,1,0.750917911529541,1,-1,1,1,0.667571544647217
11,2,3,86,-3,3,1,0.517569065093994,1,1,-1,1,0.500917911529541
11,2,3,87,-27,27,0,0.517158031463623,-1,1,1,1,0.267569065093994
11,2,3,88,3,3,1,0.583792209625244,-1,-1,1,-1,0.267158031463623
11,2,3,89,3,3,0,0.550464391708374,1,1,-1,-1,0.333792209625244
11,2,3,90,81,81,1,1.06756138801575,1,-1,1,1,0.300464391708374
11,2,3,91,-27,27,0,0.600923299789429,1,1,-1,1,0.817561388015747
11,2,3,92,-27,27,0,0.617140054702759,-1,-1,1,1,0.350923299789429
11,2,3,93,9,9,1,0.517134189605713,-1,-1,-1,-1,0.367140054702759
11,2,3,94,3,3,0,0.833803176879883,1,1,-1,-1,0.267134189605713
11,2,3,95,-9,9,0,0.601454973220825,1,-1,1,1,0.583803176879883
11,2,3,96,-27,27,0,0.500484943389893,-1,-1,-1,1,0.351454973220825
11,2,3,97,81,81,1,0.534305334091187,-1,-1,-1,-1,0.250484943389893
11,2,3,98,3,3,0,0.61712121963501,1,1,-1,-1,0.284305334091187
11,2,3,99,-81,81,0,0.517214059829712,1,-1,1,1,0.36712121963501
11,2,4,2,9,9,0,0.500459909439087,1,-1,1,-1,1.11778378486633
11,2,4,3,-81,81,0,0.501637935638428,1,-1,-1,1,0.250459909439087
11,2,4,4,-81,81,0,0.517728805541992,-1,-1,-1,1,0.251637935638428
11,2,4,5,-27,27,0,0.734251022338867,-1,-1,-1,-1,0.267728805541992
11,2,4,6,-0,0,1,0.583795070648193,-1,-1,-1,-1,0.484251022338867
11,2,4,7,-81,81,0,0.384262800216675,-1,1,-1,-1,0.333795070648193
11,2,4,8,-3,3,1,0.567625045776367,-1,-1,1,-1,0.134262800216675
11,2,4,9,81,81,1,0.650449991226196,-1,1,-1,-1,0.317625045776367
11,2,4,10,81,81,1,0.467159032821655,1,1,1,-1,0.400449991226196
11,2,4,11,27,27,1,0.550472974777222,1,1,1,1,0.217159032821655
11,2,4,12,3,3,1,0.500458955764771,1,1,1,1,0.300472974777222
11,2,4,13,9,9,1,0.417155265808105,1,1,1,1,0.250458955764771
11,2,4,14,9,9,1,0.4671630859375,1,1,1,1,0.167155265808105
11,2,4,15,27,27,1,0.500897884368896,1,1,1,1,0.2171630859375
11,2,4,16,-27,27,0,0.484251022338867,1,1,1,1,0.250897884368896
11,2,4,17,-9,9,0,0.500468015670776,-1,-1,1,1,0.234251022338867
11,2,4,18,81,81,1,0.617769002914429,-1,-1,-1,-1,0.250468015670776
11,2,4,19,-9,9,1,0.550471067428589,1,1,-1,-1,0.367769002914429
11,2,4,20,0,0,1,0.617608070373535,-1,1,1,1,0.300471067428589
11,2,4,21,-81,81,0,0.517138004302979,1,1,1,-1,0.367608070373535
11,2,4,22,-3,3,0,0.533802032470703,-1,-1,1,1,0.267138004302979
11,2,4,23,81,81,1,0.58380389213562,-1,-1,-1,-1,0.283802032470703
11,2,4,24,27,27,1,0.75092601776123,1,1,-1,-1,0.33380389213562
11,2,4,25,27,27,1,0.633786916732788,1,1,1,1,0.50092601776123
11,2,4,26,3,3,1,0.550925970077515,1,1,1,1,0.383786916732788
11,2,4,27,0,0,1,0.633794069290161,1,1,1,1,0.300925970077515
11,2,4,28,81,81,1,0.600558042526245,1,1,1,1,0.383794069290161
11,2,4,29,3,3,1,0.58381199836731,1,1,1,1,0.350558042526245
11,2,4,30,0,0,1,0.533807754516602,1,1,1,1,0.33381199836731
11,2,4,31,27,27,1,0.467589855194092,1,1,1,1,0.283807754516602
11,2,4,32,81,81,1,0.750927925109863,1,1,1,1,0.217589855194092
11,2,4,33,3,3,0,0.533777475357056,1,1,1,1,0.500927925109863
11,2,4,34,-81,81,0,0.450518369674683,1,-1,1,1,0.283777475357056
11,2,4,35,-3,3,1,0.617128372192383,-1,-1,-1,1,0.200518369674683
11,2,4,36,-0,0,0,0.450474977493286,-1,1,-1,-1,0.367128372192383
11,2,4,37,27,27,1,0.633785009384155,-1,-1,1,-1,0.200474977493286
11,2,4,38,3,3,1,0.567138195037842,1,1,-1,-1,0.383785009384155
11,2,4,39,0,0,0,0.61712384223938,1,1,1,1,0.317138195037842
11,2,4,40,-9,9,1,0.567588090896606,1,-1,1,1,0.36712384223938
11,2,4,41,-81,81,0,0.450464010238647,-1,1,-1,1,0.317588090896606
11,2,4,42,-3,3,1,0.534246206283569,-1,-1,1,-1,0.200464010238647
11,2,4,43,-9,9,1,0.534262180328369,-1,1,-1,-1,0.284246206283569
11,2,4,44,-3,3,1,0.650455236434937,-1,1,1,-1,0.284262180328369
11,2,4,45,-27,27,0,0.483814001083374,-1,1,1,-1,0.400455236434937
11,2,4,46,27,27,1,0.567121744155884,-1,-1,1,-1,0.233814001083374
11,2,4,47,81,81,1,0.517695188522339,1,1,-1,-1,0.317121744155884
11,2,4,48,9,9,0,0.683804035186768,1,1,1,1,0.267695188522339
11,2,4,49,9,9,1,0.617118358612061,1,-1,1,1,0.433804035186768
11,2,4,50,9,9,1,0.500922441482544,1,1,-1,1,0.367118358612061
11,2,4,51,81,81,1,0.467591047286987,1,1,1,1,0.250922441482544
11,2,4,52,81,81,1,0.467590093612671,1,1,1,1,0.217591047286987
11,2,4,53,81,81,1,0.433829307556152,1,1,1,1,0.217590093612671
11,2,4,54,-9,9,1,0.850439548492432,1,1,1,1,0.183829307556152
11,2,4,55,-9,9,1,0.617135286331177,-1,1,1,1,0.600439548492432
11,2,4,56,9,9,0,1.03427314758301,-1,1,1,-1,0.367135286331177
11,2,4,57,3,3,1,0.60046911239624,1,-1,1,-1,0.784273147583008
11,2,4,58,3,3,0,0.700452089309692,1,1,-1,1,0.35046911239624
11,2,4,59,0,0,1,0.583817958831787,1,-1,1,1,0.450452089309692
11,2,4,60,-27,27,1,0.817151308059692,1,1,-1,1,0.333817958831787
11,2,4,61,-0,0,0,0.684262275695801,-1,1,1,1,0.567151308059692
11,2,4,62,-9,9,0,0.617593050003052,-1,-1,1,-1,0.434262275695801
11,2,4,63,-81,81,0,0.617594003677368,-1,-1,-1,-1,0.367593050003052
11,2,4,64,-3,3,0,0.667127847671509,-1,-1,-1,-1,0.367594003677368
11,2,4,65,-3,3,0,0.583788156509399,-1,-1,-1,-1,0.417127847671509
11,2,4,66,-3,3,1,0.550482988357544,-1,-1,-1,-1,0.333788156509399
11,2,4,67,-27,27,0,0.684234857559204,-1,1,-1,-1,0.300482988357544
11,2,4,68,-27,27,0,0.967571973800659,-1,-1,1,-1,0.434234857559204
11,2,4,69,27,27,1,0.484311103820801,-1,-1,-1,-1,0.717571973800659
11,2,4,70,-9,9,1,0.58427619934082,1,1,-1,-1,0.234311103820801
11,2,4,71,-3,3,0,0.800473928451538,-1,1,1,1,0.33427619934082
11,2,4,72,-3,3,0,0.900475978851318,-1,-1,1,-1,0.550473928451538
11,2,4,73,-27,27,0,0.634215831756592,-1,-1,-1,-1,0.650475978851318
11,2,4,74,-27,27,0,0.534348726272583,-1,-1,-1,-1,0.384215831756592
11,2,4,75,-9,9,1,0.617173910140991,-1,-1,-1,-1,0.284348726272583
11,2,4,76,-81,81,0,0.500937223434448,-1,1,-1,-1,0.367173910140991
11,2,4,77,3,3,1,0.900451183319092,-1,-1,1,-1,0.250937223434448
11,2,4,78,27,27,1,0.634678840637207,1,1,-1,-1,0.650451183319092
11,2,4,79,0,0,1,0.551443099975586,1,1,1,1,0.384678840637207
11,2,4,80,-3,3,1,0.467578411102295,1,1,1,1,0.301443099975586
11,2,4,81,-27,27,0,0.550464391708374,-1,1,1,1,0.217578411102295
11,2,4,82,3,3,0,0.650463819503784,-1,-1,1,-1,0.300464391708374
11,2,4,83,-27,27,1,0.850462198257446,1,-1,-1,-1,0.400463819503784
11,2,4,84,-9,9,0,0.533801794052124,-1,1,-1,1,0.600462198257446
11,2,4,85,-27,27,0,0.600892305374146,-1,-1,1,-1,0.283801794052124
11,2,4,86,-27,27,0,0.650453090667725,-1,-1,-1,-1,0.350892305374146
11,2,4,87,-9,9,0,0.634247303009033,-1,-1,-1,-1,0.400453090667725
11,2,4,88,81,81,1,0.600482940673828,-1,-1,-1,-1,0.384247303009033
11,2,4,89,27,27,1,0.484226942062378,1,1,-1,-1,0.350482940673828
11,2,4,90,81,81,1,0.584230184555054,1,1,1,1,0.234226942062378
11,2,4,91,81,81,1,0.433798313140869,1,1,1,1,0.334230184555054
11,2,4,92,9,9,1,0.617139101028442,1,1,1,1,0.183798313140869
11,2,4,93,81,81,1,0.48422384262085,1,1,1,1,0.367139101028442
11,2,4,94,0,0,1,0.633794069290161,1,1,1,1,0.23422384262085
11,2,4,95,9,9,0,0.583801984786987,1,1,1,1,0.383794069290161
11,2,4,96,3,3,1,0.667135000228882,1,-1,1,1,0.333801984786987
11,2,4,97,3,3,1,0.583801746368408,1,1,-1,1,0.417135000228882
11,2,4,98,9,9,0,0.584243297576904,1,1,1,1,0.333801746368408
11,2,4,99,-9,9,1,0.517595052719116,1,-1,1,1,0.334243297576904
11,2,5,4,3,3,1,0.500924825668335,1,1,1,-1,0.234261989593506
11,2,5,5,-9,9,1,0.584345579147339,1,1,1,1,0.250924825668335
11,2,5,6,27,27,1,0.533785343170166,-1,1,1,1,0.334345579147339
11,2,5,7,-81,81,0,0.517146825790405,1,1,1,-1,0.283785343170166
11,2,5,8,-3,3,0,0.583822965621948,-1,-1,1,1,0.267146825790405
11,2,5,9,-9,9,0,0.717123746871948,-1,-1,-1,-1,0.333822965621948
11,2,5,10,27,27,0,0.900894165039062,-1,-1,-1,-1,0.467123746871948
11,2,5,11,-81,81,0,0.517184019088745,1,-1,-1,-1,0.650894165039062
11,2,5,12,81,81,1,0.517133951187134,-1,-1,-1,1,0.267184019088745
11,2,5,13,27,27,1,0.483788013458252,1,1,-1,-1,0.267133951187134
11,2,5,14,9,9,1,0.433840990066528,1,1,1,1,0.233788013458252
11,2,5,15,-0,0,0,0.600924253463745,1,1,1,1,0.183840990066528
11,2,5,16,-9,9,0,0.951082229614258,-1,-1,1,1,0.350924253463745
11,2,5,17,-9,9,1,0.583795070648193,-1,-1,-1,-1,0.701082229614258
11,2,5,18,81,81,1,0.750950574874878,-1,1,-1,-1,0.333795070648193
11,2,5,19,9,9,1,0.71712589263916,1,1,1,-1,0.500950574874878
11,2,5,20,3,3,1,0.567155838012695,1,1,1,1,0.46712589263916
11,2,5,21,81,81,1,0.650462627410889,1,1,1,1,0.317155838012695
11,2,5,22,27,27,1,0.533811330795288,1,1,1,1,0.400462627410889
11,2,5,23,-9,9,1,0.500918865203857,1,1,1,1,0.283811330795288
11,2,5,24,-27,27,0,0.533827066421509,-1,1,1,1,0.250918865203857
11,2,5,25,81,81,1,0.617582559585571,-1,-1,1,-1,0.283827066421509
11,2,5,26,-3,3,1,0.717593908309937,1,1,-1,-1,0.367582559585571
11,2,5,27,27,27,0,0.6338210105896,-1,1,1,1,0.467593908309937
11,2,5,28,-27,27,0,0.534266710281372,1,-1,1,-1,0.3838210105896
11,2,5,29,27,27,1,0.634243011474609,-1,-1,-1,1,0.284266710281372
11,2,5,30,27,27,1,0.650920152664185,1,1,-1,-1,0.384243011474609
11,2,5,31,0,0,0,0.517151594161987,1,1,1,1,0.400920152664185
11,2,5,32,27,27,1,0.534262895584106,1,-1,1,1,0.267151594161987
11,2,5,33,-0,0,0,0.650898694992065,1,1,-1,1,0.284262895584106
11,2,5,34,-9,9,1,0.817129373550415,-1,-1,1,1,0.400898694992065
11,2,5,35,-81,81,0,0.50087833404541,-1,1,-1,-1,0.567129373550415
11,2,5,36,-9,9,1,0.567583322525024,-1,-1,1,-1,0.25087833404541
11,2,5,37,-81,81,0,0.433780431747437,-1,1,-1,-1,0.317583322525024
11,2,5,38,-81,81,0,0.467195510864258,-1,-1,1,-1,0.183780431747437
11,2,5,39,3,3,1,0.600935697555542,-1,-1,-1,-1,0.217195510864258
11,2,5,40,-3,3,0,0.767573118209839,1,1,-1,-1,0.350935697555542
11,2,5,41,-27,27,0,0.417589902877808,-1,-1,1,1,0.517573118209839
11,2,5,42,27,27,1,0.617159128189087,-1,-1,-1,-1,0.167589902877808
11,2,5,43,-81,81,0,0.367133855819702,1,1,-1,-1,0.367159128189087
11,2,5,44,27,27,1,0.500485897064209,-1,-1,1,1,0.117133855819702
11,2,5,45,-3,3,1,0.48425817489624,1,1,-1,-1,0.250485897064209
11,2,5,46,27,27,1,0.967612028121948,-1,1,1,1,0.23425817489624
11,2,5,47,9,9,0,0.45047402381897,1,1,1,-1,0.717612028121948
11,2,5,48,3,3,1,0.484250545501709,1,-1,1,1,0.20047402381897
11,2,5,49,-0,0,1,0.450929403305054,1,1,-1,1,0.234250545501709
11,2,5,50,-3,3,1,0.467205047607422,-1,1,1,1,0.200929403305054
11,2,5,51,-9,9,0,0.60048246383667,-1,1,1,-1,0.217205047607422
11,2,5,52,3,3,0,0.983781099319458,-1,-1,1,-1,0.35048246383667
11,2,5,53,-81,81,0,0.417140960693359,1,-1,-1,-1,0.733781099319458
11,2,5,54,-9,9,1,0.567153930664062,-1,-1,-1,1,0.167140960693359
11,2,5,55,9,9,1,0.40045166015625,-1,1,-1,-1,0.317153930664062
11,2,5,56,-81,81,0,0.418059110641479,1,1,1,-1,0.15045166015625
11,2,5,57,0,0,0,0.867541313171387,-1,-1,1,1,0.168059110641479
11,2,5,58,81,81,1,0.684585094451904,1,-1,-1,-1,0.617541313171387
11,2,5,59,9,9,1,0.751051425933838,1,1,-1,1,0.434585094451904
11,2,5,60,-3,3,0,0.75235915184021,1,1,1,1,0.501051425933838
11,2,5,61,9,9,0,0.817591905593872,-1,-1,1,1,0.50235915184021
11,2,5,62,3,3,1,0.601268291473389,1,-1,-1,-1,0.567591905593872
11,2,5,63,27,27,1,0.56758713722229,1,1,-1,1,0.351268291473389
11,2,5,64,-9,9,1,0.867577791213989,1,1,1,1,0.31758713722229
11,2,5,65,-81,81,0,0.434258222579956,-1,1,1,1,0.617577791213989
11,2,5,66,-3,3,1,0.600920438766479,-1,-1,1,-1,0.184258222579956
11,2,5,67,-27,27,0,0.551883935928345,-1,1,-1,-1,0.350920438766479
11,2,5,68,3,3,1,0.634349346160889,-1,-1,1,-1,0.301883935928345
11,2,5,69,3,3,1,0.500465869903564,1,1,-1,-1,0.384349346160889
11,2,5,70,-0,0,1,0.600923776626587,1,1,1,1,0.250465869903564
11,2,5,71,81,81,1,0.483821153640747,-1,1,1,1,0.350923776626587
11,2,5,72,3,3,1,0.618537187576294,1,1,1,-1,0.233821153640747
11,2,5,73,27,27,1,0.517142057418823,1,1,1,1,0.368537187576294
11,2,5,74,-3,3,1,0.534256458282471,1,1,1,1,0.267142057418823
11,2,5,75,-9,9,1,0.634294033050537,-1,1,1,1,0.284256458282471
11,2,5,76,-3,3,0,0.750479698181152,-1,1,1,-1,0.384294033050537
11,2,5,77,27,27,1,0.535222291946411,-1,-1,1,-1,0.500479698181152
11,2,5,78,9,9,1,0.534441947937012,1,1,-1,-1,0.285222291946411
11,2,5,79,3,3,1,0.550924062728882,1,1,1,1,0.284441947937012
11,2,5,80,81,81,1,0.65051794052124,1,1,1,1,0.300924062728882
11,2,5,81,27,27,1,0.617125749588013,1,1,1,1,0.40051794052124
11,2,5,82,-81,81,0,0.435370922088623,1,1,1,1,0.367125749588013
11,2,5,83,81,81,1,0.517703056335449,-1,-1,1,1,0.185370922088623
11,2,5,84,3,3,1,0.651358842849731,1,1,-1,-1,0.267703056335449
11,2,5,85,0,0,0,0.7010498046875,1,1,1,1,0.401358842849731
11,2,5,86,9,9,1,0.600495576858521,1,-1,1,1,0.4510498046875
11,2,5,87,81,81,1,0.501178026199341,1,1,-1,1,0.350495576858521
11,2,5,88,-0,0,1,0.600504636764526,1,1,1,1,0.251178026199341
11,2,5,89,81,81,1,0.650987863540649,-1,1,1,1,0.350504636764526
11,2,5,90,-0,0,1,0.48503589630127,1,1,1,-1,0.400987863540649
11,2,5,91,-3,3,0,0.650967121124268,-1,1,1,1,0.23503589630127
11,2,5,92,3,3,1,0.600897789001465,-1,-1,1,-1,0.400967121124268
11,2,5,93,0,0,1,0.568330764770508,1,1,-1,-1,0.350897789001465
11,2,5,94,9,9,1,0.600947141647339,1,1,1,1,0.318330764770508
11,2,5,95,-0,0,1,0.700471878051758,1,1,1,1,0.350947141647339
11,2,5,96,9,9,1,0.550442934036255,-1,1,1,1,0.450471878051758
11,2,5,97,81,81,1,0.668456077575684,1,1,1,-1,0.300442934036255
11,2,5,98,9,9,1,0.585150003433228,1,1,1,1,0.418456077575684
11,2,5,99,-27,27,0,0.833785057067871,1,1,1,1,0.335150003433228
11,2,6,2,-81,81,0,0.41712474822998,-1,-1,-1,-1,0.367346048355103
11,2,6,3,-0,0,1,0.60045337677002,-1,-1,-1,-1,0.16712474822998
11,2,6,4,-27,27,0,0.40045690536499,-1,1,-1,-1,0.35045337677002
11,2,6,5,-0,0,1,0.383815765380859,-1,-1,1,-1,0.15045690536499
11,2,6,6,-9,9,0,0.384260892868042,-1,1,-1,-1,0.133815765380859
11,2,6,7,-0,0,1,0.550908803939819,-1,-1,1,-1,0.134260892868042
11,2,6,8,-27,27,0,0.417589902877808,-1,1,-1,-1,0.300908803939819
11,2,6,9,-9,9,1,1.10093283653259,-1,-1,1,-1,0.167589902877808
11,2,6,10,-81,81,0,0.483816862106323,-1,1,-1,-1,0.850932836532593
11,2,6,11,-3,3,1,0.633870124816895,-1,-1,1,-1,0.233816862106323
11,2,6,12,-3,3,0,0.417164087295532,-1,1,-1,-1,0.383870124816895
11,2,6,13,-27,27,0,0.45045280456543,-1,-1,1,-1,0.167164087295532
11,2,6,14,-27,27,0,0.467117309570312,-1,-1,-1,-1,0.20045280456543
11,2,6,15,-9,9,1,0.600909948348999,-1,-1,-1,-1,0.217117309570312
11,2,6,16,-9,9,1,0.600908041000366,-1,1,-1,-1,0.350909948348999
11,2,6,17,-81,81,0,0.350889205932617,-1,1,1,-1,0.350908041000366
11,2,6,18,3,3,1,0.617118120193481,-1,-1,1,-1,0.100889205932617
11,2,6,19,81,81,1,0.617141962051392,1,1,-1,-1,0.367118120193481
11,2,6,20,27,27,0,0.683784246444702,1,1,1,1,0.367141962051392
11,2,6,21,27,27,1,0.767145156860352,1,-1,1,1,0.433784246444702
11,2,6,22,9,9,1,0.600879192352295,1,1,-1,1,0.517145156860352
11,2,6,23,-9,9,1,0.467581033706665,1,1,1,1,0.350879192352295
11,2,6,24,-9,9,1,0.767576932907104,-1,1,1,1,0.217581033706665
11,2,6,25,-81,81,0,0.400922775268555,-1,1,1,-1,0.517576932907104
11,2,6,26,-3,3,0,0.634205102920532,-1,-1,1,-1,0.150922775268555
11,2,6,27,-27,27,0,0.467645168304443,-1,-1,-1,-1,0.384205102920532
11,2,6,28,-27,27,0,0.417549848556519,-1,-1,-1,-1,0.217645168304443
11,2,6,29,-3,3,0,0.384243726730347,-1,-1,-1,-1,0.167549848556519
11,2,6,30,-9,9,0,0.533793687820435,-1,-1,-1,-1,0.134243726730347
11,2,6,31,-27,27,0,0.917583227157593,-1,-1,-1,-1,0.283793687820435
11,2,6,32,-81,81,0,0.400897264480591,-1,-1,-1,-1,0.667583227157593
11,2,6,33,-27,27,0,0.533799171447754,-1,-1,-1,-1,0.150897264480591
11,2,6,34,0,0,0,0.550484895706177,-1,-1,-1,-1,0.283799171447754
11,2,6,35,27,27,1,0.550450086593628,1,-1,-1,-1,0.300484895706177
11,2,6,36,9,9,0,0.517159461975098,1,1,-1,1,0.300450086593628
11,2,6,37,3,3,1,0.517133951187134,1,-1,1,1,0.267159461975098
11,2,6,38,0,0,0,0.750458955764771,1,1,-1,1,0.267133951187134
11,2,6,39,27,27,0,0.584297180175781,1,-1,1,1,0.500458955764771
11,2,6,40,3,3,1,0.583817005157471,1,-1,-1,1,0.334297180175781
11,2,6,41,9,9,0,0.784240007400513,1,1,-1,1,0.333817005157471
11,2,6,42,27,27,1,0.700465440750122,1,-1,1,1,0.534240007400513
11,2,6,43,9,9,0,0.683815956115723,1,1,-1,1,0.450465440750122
11,2,6,44,-9,9,0,0.800448656082153,1,-1,1,1,0.433815956115723
11,2,6,45,-81,81,0,0.567131042480469,-1,-1,-1,1,0.550448656082153
11,2,6,46,-3,3,0,0.83464503288269,-1,-1,-1,-1,0.317131042480469
11,2,6,47,-0,0,0,0.567574024200439,-1,-1,-1,-1,0.58464503288269
11,2,6,48,27,27,1,0.634245872497559,-1,-1,-1,-1,0.317574024200439
11,2,6,49,3,3,0,0.683801412582397,1,1,-1,-1,0.384245872497559
11,2,6,50,27,27,1,0.650925159454346,1,-1,1,1,0.433801412582397
11,2,6,51,27,27,1,0.634282112121582,1,1,-1,1,0.400925159454346
11,2,6,52,-3,3,1,0.567591190338135,1,1,1,1,0.384282112121582
11,2,6,53,-27,27,0,0.434272050857544,-1,1,1,1,0.317591190338135
11,2,6,54,-81,81,0,0.500463962554932,-1,-1,1,-1,0.184272050857544
11,2,6,55,3,3,1,0.650913953781128,-1,-1,-1,-1,0.250463962554932
11,2,6,56,-3,3,1,0.600464105606079,1,1,-1,-1,0.400913953781128
11,2,6,57,-9,9,1,0.567156076431274,-1,1,1,1,0.350464105606079
11,2,6,58,-3,3,1,0.834255933761597,-1,1,1,-1,0.317156076431274
11,2,6,59,-3,3,0,0.634248971939087,-1,1,1,-1,0.584255933761597
11,2,6,60,-3,3,1,0.700482606887817,-1,-1,1,-1,0.384248971939087
11,2,6,61,-81,81,0,0.450931072235107,-1,1,-1,-1,0.450482606887817
11,2,6,62,-81,81,0,0.484218597412109,-1,-1,1,-1,0.200931072235107
11,2,6,63,-9,9,1,0.717133045196533,-1,-1,-1,-1,0.234218597412109
11,2,6,64,-27,27,0,0.484248161315918,-1,1,-1,-1,0.467133045196533
11,2,6,65,-3,3,1,0.63453197479248,-1,-1,1,-1,0.234248161315918
11,2,6,66,-81,81,0,0.417142152786255,-1,1,-1,-1,0.38453197479248
11,2,6,67,-9,9,0,0.750476837158203,-1,-1,1,-1,0.167142152786255
11,2,6,68,-9,9,0,0.617582082748413,-1,-1,-1,-1,0.500476837158203
11,2,6,69,-3,3,0,0.633803606033325,-1,-1,-1,-1,0.367582082748413
11,2,6,70,-9,9,0,0.784262895584106,-1,-1,-1,-1,0.383803606033325
11,2,6,71,-9,9,0,0.650488138198853,-1,-1,-1,-1,0.534262895584106
11,2,6,72,-9,9,1,0.683803081512451,-1,-1,-1,-1,0.400488138198853
11,2,6,73,-9,9,1,0.500483989715576,-1,1,-1,-1,0.433803081512451
11,2,6,74,0,0,0,0.633795738220215,-1,1,1,-1,0.250483989715576
11,2,6,75,0,0,0,0.684631109237671,1,-1,1,-1,0.383795738220215
11,2,6,76,3,3,0,0.717119932174683,1,-1,-1,1,0.434631109237671
11,2,6,77,-81,81,0,0.517577409744263,1,-1,-1,1,0.467119932174683
11,2,6,78,-3,3,1,0.650467157363892,-1,-1,-1,1,0.267577409744263
11,2,6,79,-81,81,0,0.467591047286987,-1,1,-1,-1,0.400467157363892
11,2,6,80,-81,81,0,0.483800172805786,-1,-1,1,-1,0.217591047286987
11,2,6,81,-3,3,0,0.668134927749634,-1,-1,-1,-1,0.233800172805786
11,2,6,82,-27,27,0,0.600481033325195,-1,-1,-1,-1,0.418134927749634
11,2,6,83,-0,0,0,0.850486993789673,-1,-1,-1,-1,0.350481033325195
11,2,6,84,-27,27,0,0.533838033676147,-1,-1,-1,-1,0.600486993789673
11,2,6,85,-3,3,0,0.517130136489868,-1,-1,-1,-1,0.283838033676147
11,2,6,86,-81,81,0,0.350953102111816,-1,-1,-1,-1,0.267130136489868
11,2,6,87,-0,0,0,0.633784055709839,-1,-1,-1,-1,0.100953102111816
11,2,6,88,9,9,1,0.633833885192871,-1,-1,-1,-1,0.383784055709839
11,2,6,89,3,3,1,0.683847188949585,1,1,-1,-1,0.383833885192871
11,2,6,90,9,9,1,0.550914287567139,1,1,1,1,0.433847188949585
11,2,6,91,81,81,1,0.734244346618652,1,1,1,1,0.300914287567139
11,2,6,92,-27,27,0,0.767578125,1,1,1,1,0.484244346618652
11,2,6,93,-81,81,0,0.717593431472778,-1,-1,1,1,0.517578125
11,2,6,94,-27,27,0,0.567148923873901,-1,-1,-1,-1,0.467593431472778
11,2,6,95,-81,81,0,0.733784914016724,-1,-1,-1,-1,0.317148923873901
11,2,6,96,-81,81,0,0.65046763420105,-1,-1,-1,-1,0.483784914016724
11,2,6,97,-81,81,0,0.486961364746094,-1,-1,-1,-1,0.40046763420105
11,2,6,98,-0,0,1,0.717584133148193,-1,-1,-1,-1,0.236961364746094
11,2,6,99,-81,81,0,0.750912189483643,-1,1,-1,-1,0.467584133148193
11,3,1,2,-81,81,0,0.733784914016724,1,-1,1,1,0.834074974060059
11,3,1,3,-27,27,1,0.751137018203735,-1,-1,-1,1,0.483784914016724
11,3,1,4,-9,9,1,0.784251928329468,-1,1,-1,-1,0.501137018203735
11,3,1,5,81,81,1,0.933793067932129,-1,1,1,-1,0.534251928329468
11,3,1,6,-9,9,1,0.650462865829468,1,1,1,-1,0.683793067932129
11,3,1,7,27,27,0,0.833805322647095,-1,1,1,1,0.400462865829468
11,3,1,8,9,9,1,0.767127752304077,1,-1,1,-1,0.583805322647095
11,3,1,9,-27,27,0,0.68387508392334,1,1,-1,1,0.517127752304077
11,3,1,10,0,0,1,0.750907897949219,-1,-1,1,1,0.43387508392334
11,3,1,11,3,3,1,0.667578935623169,1,1,-1,-1,0.500907897949219
11,3,1,12,-9,9,1,0.700895071029663,1,1,1,1,0.417578935623169
11,3,1,13,9,9,0,1.01710510253906,-1,1,1,1,0.450895071029663
11,3,1,14,-9,9,1,0.950476169586182,1,-1,1,-1,0.767105102539062
11,3,1,15,3,3,1,0.634210824966431,-1,1,-1,1,0.700476169586182
11,3,1,16,-3,3,1,0.650921821594238,1,1,1,-1,0.384210824966431
11,3,1,17,81,81,1,0.750462055206299,-1,1,1,1,0.400921821594238
11,3,1,18,-27,27,0,0.800879955291748,1,1,1,-1,0.500462055206299
11,3,1,19,27,27,1,0.650498867034912,-1,-1,1,1,0.550879955291748
11,3,1,20,3,3,1,0.933784961700439,1,1,-1,-1,0.400498867034912
11,3,1,21,0,0,1,0.65091609954834,1,1,1,1,0.683784961700439
11,3,1,22,9,9,1,0.784223794937134,1,1,1,1,0.40091609954834
11,3,1,23,-9,9,0,0.63379693031311,1,1,1,1,0.534223794937134
11,3,1,24,-3,3,0,0.800481081008911,-1,-1,1,1,0.38379693031311
11,3,1,25,-3,3,1,0.71710991859436,-1,-1,-1,-1,0.550481081008911
11,3,1,26,-0,0,1,0.650923013687134,-1,1,-1,-1,0.46710991859436
11,3,1,27,-81,81,0,0.717581987380981,-1,1,1,-1,0.400923013687134
11,3,1,28,-9,9,1,0.817569971084595,-1,-1,1,-1,0.467581987380981
11,3,1,29,81,81,1,0.884279012680054,-1,1,-1,-1,0.567569971084595
11,3,1,30,-3,3,0,0.667157888412476,1,1,1,-1,0.634279012680054
11,3,1,31,0,0,0,0.717119932174683,-1,-1,1,1,0.417157888412476
11,3,1,32,27,27,1,0.967581272125244,1,-1,-1,-1,0.467119932174683
11,3,1,33,-81,81,0,0.617125511169434,1,1,-1,1,0.717581272125244
11,3,1,34,-81,81,0,0.63424825668335,-1,-1,1,1,0.367125511169434
11,3,1,35,-9,9,0,0.717190265655518,-1,-1,-1,-1,0.38424825668335
11,3,1,36,-81,81,0,0.634242296218872,-1,-1,-1,-1,0.467190265655518
11,3,1,37,3,3,0,0.950913190841675,-1,-1,-1,-1,0.384242296218872
11,3,1,38,-9,9,0,0.700913906097412,1,-1,-1,-1,0.700913190841675
11,3,1,39,0,0,1,0.933786630630493,-1,-1,-1,1,0.450913906097412
11,3,1,40,-81,81,0,0.650871515274048,1,1,-1,-1,0.683786630630493
11,3,1,41,9,9,1,0.717577457427979,-1,-1,1,1,0.400871515274048
11,3,1,42,-81,81,0,0.600930213928223,1,1,-1,-1,0.467577457427979
11,3,1,43,-0,0,1,0.767582893371582,-1,-1,1,1,0.350930213928223
11,3,1,44,-3,3,0,0.933788061141968,-1,1,-1,-1,0.517582893371582
11,3,1,45,-9,9,0,0.717121362686157,-1,-1,1,-1,0.683788061141968
11,3,1,46,-81,81,0,0.617591142654419,-1,-1,-1,-1,0.467121362686157
11,3,1,47,81,81,1,0.633795976638794,-1,-1,-1,-1,0.367591142654419
11,3,1,48,-3,3,1,0.717587947845459,1,1,-1,-1,0.383795976638794
11,3,1,49,-3,3,1,0.684244155883789,-1,1,1,1,0.467587947845459
11,3,1,50,-3,3,1,0.800459384918213,-1,1,1,-1,0.434244155883789
11,3,1,51,-0,0,0,0.734253883361816,-1,1,1,-1,0.550459384918213
11,3,1,52,9,9,1,0.767128229141235,-1,-1,1,-1,0.484253883361816
11,3,1,53,-9,9,1,0.73381781578064,1,1,-1,-1,0.517128229141235
11,3,1,54,-27,27,0,0.734244346618652,-1,1,1,1,0.48381781578064
11,3,1,55,0,0,1,0.633789300918579,-1,-1,1,-1,0.484244346618652
11,3,1,56,27,27,1,0.734768152236938,1,1,-1,-1,0.383789300918579
11,3,1,57,27,27,0,0.800905227661133,1,1,1,1,0.484768152236938
11,3,1,58,-81,81,0,0.717582941055298,1,-1,1,1,0.550905227661133
11,3,1,59,-9,9,1,0.783807277679443,-1,-1,-1,1,0.467582941055298
11,3,1,60,9,9,1,0.784245729446411,-1,1,-1,-1,0.533807277679443
11,3,1,61,-3,3,1,0.78376841545105,1,1,1,-1,0.534245729446411
11,3,1,62,-27,27,0,0.817155122756958,-1,1,1,1,0.53376841545105
11,3,1,63,-81,81,0,0.683804035186768,-1,-1,1,-1,0.567155122756958
11,3,1,64,27,27,1,0.850433349609375,-1,-1,-1,-1,0.433804035186768
11,3,1,65,3,3,0,1.06711339950562,1,1,-1,-1,0.600433349609375
11,3,1,66,27,27,1,0.70048999786377,1,-1,1,1,0.817113399505615
11,3,1,67,81,81,1,0.900462865829468,1,1,-1,1,0.45048999786377
11,3,1,68,9,9,1,0.717125654220581,1,1,1,1,0.650462865829468
11,3,1,69,81,81,1,0.700549840927124,1,1,1,1,0.467125654220581
11,3,1,70,-81,81,0,0.767124176025391,1,1,1,1,0.450549840927124
11,3,1,71,-3,3,1,0.767581939697266,-1,-1,1,1,0.517124176025391
11,3,1,72,81,81,1,0.800460815429688,-1,1,-1,-1,0.517581939697266
11,3,1,73,3,3,1,1.03425073623657,1,1,1,-1,0.550460815429688
11,3,1,74,27,27,1,0.934240102767944,1,1,1,1,0.784250736236572
11,3,1,75,-9,9,0,0.883820772171021,1,1,1,1,0.684240102767944
11,3,1,76,-81,81,0,0.833779335021973,-1,-1,1,1,0.633820772171021
11,3,1,77,0,0,1,0.750463962554932,-1,-1,-1,-1,0.583779335021973
11,3,1,78,3,3,1,0.717141151428223,1,1,-1,-1,0.500463962554932
11,3,1,79,27,27,1,0.684271812438965,1,1,1,1,0.467141151428223
11,3,1,80,81,81,0,0.834266901016235,1,1,1,1,0.434271812438965
11,3,1,81,9,9,1,0.850446224212646,1,-1,1,1,0.584266901016235
11,3,1,82,-27,27,0,0.767129898071289,1,1,-1,1,0.600446224212646
11,3,1,83,-9,9,1,0.850453615188599,-1,-1,1,1,0.517129898071289
11,3,1,84,3,3,1,0.667584180831909,-1,1,-1,-1,0.600453615188599
11,3,1,85,9,9,1,0.817131280899048,1,1,1,-1,0.417584180831909
11,3,1,86,-0,0,1,0.717543363571167,1,1,1,1,0.567131280899048
11,3,1,87,3,3,1,0.683789253234863,-1,1,1,1,0.467543363571167
11,3,1,88,27,27,1,0.68424129486084,1,1,1,-1,0.433789253234863
11,3,1,89,81,81,1,0.633867025375366,1,1,1,1,0.43424129486084
11,3,1,90,-0,0,1,0.617139101028442,1,1,1,1,0.383867025375366
11,3,1,91,-27,27,0,0.717124700546265,-1,1,1,1,0.367139101028442
11,3,1,92,81,81,1,0.600469827651978,-1,-1,1,-1,0.467124700546265
11,3,1,93,27,27,1,0.61712121963501,1,1,-1,-1,0.350469827651978
11,3,1,94,-27,27,0,0.900458097457886,1,1,1,1,0.36712121963501
11,3,1,95,3,3,1,0.634433269500732,-1,-1,1,1,0.650458097457886
11,3,1,96,-27,27,0,0.634269237518311,1,1,-1,-1,0.384433269500732
11,3,1,97,3,3,1,0.70046591758728,-1,-1,1,1,0.384269237518311
11,3,1,98,27,27,1,0.567258834838867,1,1,-1,-1,0.45046591758728
11,3,1,99,27,27,1,0.700953006744385,1,1,1,1,0.317258834838867
11,3,2,2,27,27,1,0.667130947113037,1,-1,1,1,0.967796325683594
11,3,2,3,27,27,1,0.784210205078125,1,1,-1,1,0.417130947113037
11,3,2,4,0,0,1,0.667158842086792,1,1,1,1,0.534210205078125
11,3,2,5,3,3,1,0.683820962905884,1,1,1,1,0.417158842086792
11,3,2,6,-27,27,0,0.683795928955078,1,1,1,1,0.433820962905884
11,3,2,7,-9,9,1,0.884238004684448,-1,-1,1,1,0.433795928955078
11,3,2,8,9,9,0,0.700932741165161,-1,1,-1,-1,0.634238004684448
11,3,2,9,-27,27,0,0.800915002822876,1,-1,1,-1,0.450932741165161
11,3,2,10,0,0,0,0.833801031112671,-1,-1,-1,1,0.550915002822876
11,3,2,11,27,27,1,0.767575025558472,1,-1,-1,-1,0.583801031112671
11,3,2,12,3,3,1,0.917124271392822,1,1,-1,1,0.517575025558472
11,3,2,13,3,3,1,0.683815956115723,1,1,1,1,0.667124271392822
11,3,2,14,9,9,0,0.617558240890503,1,1,1,1,0.433815956115723
11,3,2,15,3,3,0,0.801019906997681,1,-1,1,1,0.367558240890503
11,3,2,16,9,9,1,0.767138004302979,1,-1,-1,1,0.551019906997681
11,3,2,17,3,3,1,0.683791875839233,1,1,-1,1,0.517138004302979
11,3,2,18,3,3,1,0.683801889419556,1,1,1,1,0.433791875839233
11,3,2,19,0,0,0,0.700453996658325,1,1,1,1,0.433801889419556
11,3,2,20,0,0,0,0.900922060012817,1,-1,1,1,0.450453996658325
11,3,2,21,27,27,1,0.833781957626343,1,-1,-1,1,0.650922060012817
11,3,2,22,0,0,0,0.900452375411987,1,1,-1,1,0.583781957626343
11,3,2,23,27,27,1,0.850461006164551,1,-1,1,1,0.650452375411987
11,3,2,24,81,81,1,0.834231853485107,1,1,-1,1,0.600461006164551
11,3,2,25,3,3,1,0.833801984786987,1,1,1,1,0.584231853485107
11,3,2,26,3,3,1,0.900925159454346,1,1,1,1,0.583801984786987
11,3,2,27,3,3,1,0.583785057067871,1,1,1,1,0.650925159454346
11,3,2,28,-27,27,0,0.767126083374023,1,1,1,1,0.333785057067871
11,3,2,29,-81,81,0,0.783793926239014,-1,-1,1,1,0.517126083374023
11,3,2,30,-9,9,0,0.650889873504639,-1,-1,-1,-1,0.533793926239014
11,3,2,31,9,9,1,0.817583799362183,-1,-1,-1,-1,0.400889873504639
11,3,2,32,27,27,1,0.850914001464844,1,1,-1,-1,0.567583799362183
11,3,2,33,27,27,1,0.883771657943726,1,1,1,1,0.600914001464844
11,3,2,34,81,81,0,0.634269952774048,1,1,1,1,0.633771657943726
11,3,2,35,9,9,1,0.917557239532471,1,-1,1,1,0.384269952774048
11,3,2,36,9,9,1,0.883782386779785,1,1,-1,1,0.667557239532471
11,3,2,37,81,81,1,1.01758909225464,1,1,1,1,0.633782386779785
11,3,2,38,9,9,1,0.851006746292114,1,1,1,1,0.767589092254639
11,3,2,39,-81,81,0,0.650912284851074,1,1,1,1,0.601006746292114
11,3,2,40,-81,81,0,0.767587900161743,-1,-1,1,1,0.400912284851074
11,3,2,41,-9,9,0,0.76754355430603,-1,-1,-1,-1,0.517587900161743
11,3,2,42,-27,27,0,0.750463485717773,-1,-1,-1,-1,0.51754355430603
11,3,2,43,27,27,1,0.850473880767822,-1,-1,-1,-1,0.500463485717773
11,3,2,44,81,81,0,1.21755743026733,1,1,-1,-1,0.600473880767822
11,3,2,45,27,27,1,0.817598104476929,1,-1,1,1,0.967557430267334
11,3,2,46,27,27,1,0.767582178115845,1,1,-1,1,0.567598104476929
11,3,2,47,27,27,1,0.750539779663086,1,1,1,1,0.517582178115845
11,3,2,48,3,3,1,0.834247827529907,1,1,1,1,0.500539779663086
11,3,2,49,81,81,1,0.833785057067871,1,1,1,1,0.584247827529907
11,3,2,50,-9,9,0,0.817582130432129,1,1,1,1,0.583785057067871
11,3,2,51,9,9,1,0.984274387359619,-1,-1,1,1,0.567582130432129
11,3,2,52,9,9,0,0.884242296218872,1,1,-1,-1,0.734274387359619
11,3,2,53,-3,3,1,0.76713490486145,1,-1,1,1,0.634242296218872
11,3,2,54,-0,0,1,0.801246166229248,-1,1,-1,1,0.51713490486145
11,3,2,55,-3,3,1,0.783803939819336,-1,1,1,-1,0.551246166229248
11,3,2,56,-0,0,1,0.750459671020508,-1,1,1,-1,0.533803939819336
11,3,2,57,-81,81,0,0.717121362686157,-1,1,1,-1,0.500459671020508
11,3,2,58,-3,3,1,0.650485754013062,-1,-1,1,-1,0.467121362686157
11,3,2,59,81,81,0,1.05044794082642,-1,1,-1,-1,0.400485754013062
11,3,2,60,9,9,1,0.700477123260498,1,-1,1,-1,0.800447940826416
11,3,2,61,81,81,1,0.834254503250122,1,1,-1,1,0.450477123260498
11,3,2,62,9,9,1,0.850448369979858,1,1,1,1,0.584254503250122
11,3,2,63,3,3,1,0.900449752807617,1,1,1,1,0.600448369979858
11,3,2,64,9,9,1,0.683790445327759,1,1,1,1,0.650449752807617
11,3,2,65,81,81,1,0.617166042327881,1,1,1,1,0.433790445327759
11,3,2,66,-9,9,1,0.950907945632935,1,1,1,1,0.367166042327881
11,3,2,67,-9,9,0,0.767606496810913,-1,1,1,1,0.700907945632935
11,3,2,68,-27,27,0,0.833835124969482,-1,-1,1,-1,0.517606496810913
11,3,2,69,-9,9,1,0.800447702407837,-1,-1,-1,-1,0.583835124969482
11,3,2,70,-81,81,0,0.833801031112671,-1,1,-1,-1,0.550447702407837
11,3,2,71,-3,3,1,0.83382248878479,-1,-1,1,-1,0.583801031112671
11,3,2,72,-27,27,0,0.934241771697998,-1,1,-1,-1,0.58382248878479
11,3,2,73,-81,81,0,0.834228277206421,-1,-1,1,-1,0.684241771697998
11,3,2,74,3,3,0,0.817187309265137,-1,-1,-1,-1,0.584228277206421
11,3,2,75,27,27,0,0.767131090164185,1,-1,-1,-1,0.567187309265137
11,3,2,76,9,9,1,0.634313821792603,1,-1,-1,1,0.517131090164185
11,3,2,77,3,3,1,0.700457334518433,1,1,-1,1,0.384313821792603
11,3,2,78,-9,9,1,0.633801937103271,1,1,1,1,0.450457334518433
11,3,2,79,-0,0,1,0.86712908744812,-1,1,1,1,0.383801937103271
11,3,2,80,-3,3,1,0.767568588256836,-1,1,1,-1,0.61712908744812
11,3,2,81,-27,27,0,0.867128372192383,-1,1,1,-1,0.517568588256836
11,3,2,82,-81,81,0,0.7342529296875,-1,-1,1,-1,0.617128372192383
11,3,2,83,-0,0,1,0.850454807281494,-1,-1,-1,-1,0.4842529296875
11,3,2,84,27,27,1,0.750945091247559,-1,1,-1,-1,0.600454807281494
11,3,2,85,3,3,1,0.700935363769531,1,1,1,-1,0.500945091247559
11,3,2,86,-81,81,0,0.734276056289673,1,1,1,1,0.450935363769531
11,3,2,87,-81,81,0,0.667630910873413,-1,-1,1,1,0.484276056289673
11,3,2,88,-0,0,1,0.800514221191406,-1,-1,-1,-1,0.417630910873413
11,3,2,89,-3,3,1,0.867119312286377,-1,1,-1,-1,0.550514221191406
11,3,2,90,-27,27,0,1.01770091056824,-1,1,1,-1,0.617119312286377
11,3,2,91,-3,3,1,0.984240293502808,-1,-1,1,-1,0.767700910568237
11,3,2,92,-81,81,0,0.700937271118164,-1,1,-1,-1,0.734240293502808
11,3,2,93,-81,81,0,0.717571258544922,-1,-1,1,-1,0.450937271118164
11,3,2,94,-81,81,0,0.550546407699585,-1,-1,-1,-1,0.467571258544922
11,3,2,95,-9,9,0,0.717127799987793,-1,-1,-1,-1,0.300546407699585
11,3,2,96,-81,81,0,0.733840942382812,-1,-1,-1,-1,0.467127799987793
11,3,2,97,-81,81,0,0.667610883712769,-1,-1,-1,-1,0.483840942382812
11,3,2,98,3,3,1,1.03423810005188,-1,-1,-1,-1,0.417610883712769
11,3,2,99,27,27,1,0.783784151077271,1,1,-1,-1,0.78423810005188
11,3,3,2,3,3,1,0.733785390853882,-1,-1,-1,-1,0.651150941848755
11,3,3,3,81,81,1,0.684239625930786,1,1,-1,-1,0.483785390853882
11,3,3,4,-81,81,0,1.06710481643677,1,1,1,1,0.434239625930786
11,3,3,5,0,0,1,0.684287071228027,-1,-1,1,1,0.817104816436768
11,3,3,6,-3,3,1,0.683799028396606,1,1,-1,-1,0.434287071228027
11,3,3,7,9,9,1,0.86711597442627,-1,1,1,1,0.433799028396606
11,3,3,8,-3,3,1,0.717572450637817,1,1,1,-1,0.61711597442627
11,3,3,9,27,27,0,0.817543268203735,-1,1,1,1,0.467572450637817
11,3,3,10,-27,27,0,0.7837975025177,1,-1,1,-1,0.567543268203735
11,3,3,11,-0,0,1,0.65091609954834,-1,-1,-1,1,0.5337975025177
11,3,3,12,3,3,1,0.767122507095337,-1,1,-1,-1,0.40091609954834
11,3,3,13,0,0,1,0.667126893997192,1,1,1,-1,0.517122507095337
11,3,3,14,9,9,1,0.733812093734741,1,1,1,1,0.417126893997192
11,3,3,15,-3,3,1,0.800912618637085,1,1,1,1,0.483812093734741
11,3,3,16,-27,27,0,0.783816814422607,-1,1,1,1,0.550912618637085
11,3,3,17,-3,3,1,0.633816957473755,-1,-1,1,-1,0.533816814422607
11,3,3,18,-0,0,1,1.017573595047,-1,1,-1,-1,0.383816957473755
11,3,3,19,-81,81,0,0.800907850265503,-1,1,1,-1,0.767573595046997
11,3,3,20,-3,3,1,0.75094199180603,-1,-1,1,-1,0.550907850265503
11,3,3,21,27,27,1,0.650887250900269,-1,1,-1,-1,0.50094199180603
11,3,3,22,-9,9,1,0.717106819152832,1,1,1,-1,0.400887250900269
11,3,3,23,-81,81,0,0.71714186668396,-1,1,1,1,0.467106819152832
11,3,3,24,9,9,1,0.783787965774536,-1,-1,1,-1,0.46714186668396
11,3,3,25,3,3,1,1.01774191856384,1,1,-1,-1,0.533787965774536
11,3,3,26,-81,81,0,0.684258699417114,1,1,1,1,0.767741918563843
11,3,3,27,-3,3,1,0.600922346115112,-1,-1,1,1,0.434258699417114
11,3,3,28,-81,81,0,0.717151880264282,-1,1,-1,-1,0.350922346115112
11,3,3,29,-3,3,1,0.70045804977417,-1,-1,1,-1,0.467151880264282
11,3,3,30,-3,3,1,0.683789730072021,-1,1,-1,-1,0.45045804977417
11,3,3,31,-3,3,1,0.717586040496826,-1,1,1,-1,0.433789730072021
11,3,3,32,9,9,0,0.734209299087524,-1,1,1,-1,0.467586040496826
11,3,3,33,81,81,1,0.650947093963623,1,-1,1,-1,0.484209299087524
11,3,3,34,9,9,1,0.817133188247681,1,1,-1,1,0.400947093963623
11,3,3,35,-27,27,0,0.817137002944946,1,1,1,1,0.567133188247681
11,3,3,36,-27,27,0,0.767592191696167,-1,-1,1,1,0.567137002944946
11,3,3,37,27,27,1,0.617143392562866,-1,-1,-1,-1,0.517592191696167
11,3,3,38,81,81,1,0.634255170822144,1,1,-1,-1,0.367143392562866
11,3,3,39,81,81,0,0.650456428527832,1,1,1,1,0.384255170822144
11,3,3,40,81,81,1,1.05042552947998,1,-1,1,1,0.400456428527832
11,3,3,41,27,27,1,0.750482320785522,1,1,-1,1,0.80042552947998
11,3,3,42,81,81,1,0.834270238876343,1,1,1,1,0.500482320785522
11,3,3,43,-81,81,0,0.717577219009399,1,1,1,1,0.584270238876343
11,3,3,44,27,27,1,0.800915479660034,-1,-1,1,1,0.467577219009399
11,3,3,45,81,81,1,0.634269237518311,1,1,-1,-1,0.550915479660034
11,3,3,46,-3,3,0,0.917124271392822,1,1,1,1,0.384269237518311
11,3,3,47,-9,9,1,0.717132091522217,-1,-1,1,1,0.667124271392822
11,3,3,48,3,3,1,0.750914096832275,-1,1,-1,-1,0.467132091522217
11,3,3,49,27,27,1,0.850453853607178,1,1,1,-1,0.500914096832275
11,3,3,50,81,81,1,0.783766984939575,1,1,1,1,0.600453853607178
11,3,3,51,27,27,1,0.733800172805786,1,1,1,1,0.533766984939575
11,3,3,52,-9,9,1,0.633812189102173,1,1,1,1,0.483800172805786
11,3,3,53,-81,81,0,0.834318161010742,-1,1,1,1,0.383812189102173
11,3,3,54,-9,9,1,0.733800411224365,-1,-1,1,-1,0.584318161010742
11,3,3,55,27,27,1,0.767148017883301,-1,1,-1,-1,0.483800411224365
11,3,3,56,81,81,1,0.783786296844482,1,1,1,-1,0.517148017883301
11,3,3,57,-9,9,0,0.717584133148193,1,1,1,1,0.533786296844482
11,3,3,58,-81,81,0,0.734248876571655,-1,-1,1,1,0.467584133148193
11,3,3,59,9,9,0,0.733800888061523,-1,-1,-1,-1,0.484248876571655
11,3,3,60,9,9,1,0.667563199996948,1,-1,-1,-1,0.483800888061523
11,3,3,61,-3,3,0,0.733810186386108,1,1,-1,1,0.417563199996948
11,3,3,62,27,27,0,0.867115497589111,-1,-1,1,1,0.483810186386108
11,3,3,63,0,0,1,0.700457334518433,1,-1,-1,-1,0.617115497589111
11,3,3,64,-27,27,0,0.867581367492676,1,1,-1,1,0.450457334518433
11,3,3,65,-3,3,0,1.00050592422485,-1,-1,1,1,0.617581367492676
11,3,3,66,-9,9,0,0.768071413040161,-1,-1,-1,-1,0.750505924224854
11,3,3,67,-27,27,0,0.550466775894165,-1,-1,-1,-1,0.518071413040161
11,3,3,68,0,0,0,0.834342241287231,-1,-1,-1,-1,0.300466775894165
11,3,3,69,3,3,0,0.700483083724976,1,-1,-1,-1,0.584342241287231
11,3,3,70,9,9,1,0.700483560562134,1,-1,-1,1,0.450483083724976
11,3,3,71,27,27,1,0.700466871261597,1,1,-1,1,0.450483560562134
11,3,3,72,9,9,1,1.05047726631165,1,1,1,1,0.450466871261597
11,3,3,73,27,27,1,0.817133188247681,1,1,1,1,0.800477266311646
11,3,3,74,-81,81,0,0.733796358108521,1,1,1,1,0.567133188247681
11,3,3,75,81,81,1,0.667126178741455,-1,-1,1,1,0.483796358108521
11,3,3,76,3,3,1,0.66711163520813,1,1,-1,-1,0.417126178741455
11,3,3,77,9,9,1,0.750885963439941,1,1,1,1,0.41711163520813
11,3,3,78,-0,0,1,0.667111396789551,1,1,1,1,0.500885963439941
11,3,3,79,81,81,1,1.16712093353271,-1,1,1,1,0.417111396789551
11,3,3,80,-9,9,0,0.700923681259155,1,1,1,-1,0.917120933532715
11,3,3,81,0,0,1,0.633796215057373,-1,-1,1,1,0.450923681259155
11,3,3,82,3,3,0,0.750914812088013,1,1,-1,-1,0.383796215057373
11,3,3,83,-9,9,0,0.683806657791138,1,-1,1,1,0.500914812088013
11,3,3,87,3,3,1,0.650457382202148,1,1,1,1,0.534233331680298
11,3,3,88,9,9,1,0.734249353408813,1,1,1,1,0.400457382202148
11,3,3,89,3,3,1,0.668009042739868,1,1,1,1,0.484249353408813
11,3,3,90,27,27,1,0.634292125701904,1,1,1,1,0.418009042739868
11,3,3,91,-0,0,1,0.73381781578064,1,1,1,1,0.384292125701904
11,3,3,92,27,27,1,0.717182874679565,-1,1,1,1,0.48381781578064
11,3,3,93,-0,0,1,0.600924253463745,1,1,1,-1,0.467182874679565
11,3,3,94,-3,3,1,0.783828020095825,-1,1,1,1,0.350924253463745
11,3,3,95,27,27,0,0.80091381072998,-1,1,1,-1,0.533828020095825
11,3,3,96,-9,9,0,0.900913000106812,1,-1,1,-1,0.55091381072998
11,3,3,97,-81,81,0,0.88378643989563,-1,-1,-1,1,0.650913000106812
11,3,3,98,-27,27,0,0.950431823730469,-1,-1,-1,-1,0.63378643989563
11,3,3,99,-27,27,0,0.717580080032349,-1,-1,-1,-1,0.700431823730469
11,3,4,2,9,9,1,0.783801794052124,1,-1,1,1,1.11735796928406
11,3,4,3,81,81,1,0.717118978500366,1,1,-1,1,0.533801794052124
11,3,4,4,27,27,1,0.717173337936401,1,1,1,1,0.467118978500366
11,3,4,5,9,9,1,0.650479793548584,1,1,1,1,0.467173337936401
11,3,4,6,-9,9,1,0.684789180755615,1,1,1,1,0.400479793548584
11,3,4,7,-9,9,1,0.750485897064209,-1,1,1,1,0.434789180755615
11,3,4,8,-9,9,0,0.717119216918945,-1,1,1,-1,0.500485897064209
11,3,4,9,-27,27,0,0.783789396286011,-1,-1,1,-1,0.467119216918945
11,3,4,10,-81,81,0,0.634251832962036,-1,-1,-1,-1,0.533789396286011
11,3,4,11,-9,9,1,0.833792924880981,-1,-1,-1,-1,0.384251832962036
11,3,4,16,27,27,1,0.783815145492554,1,-1,1,1,0.650897026062012
11,3,4,17,-81,81,0,0.933786869049072,1,1,-1,1,0.533815145492554
11,3,4,18,-27,27,1,0.834244966506958,-1,-1,1,1,0.683786869049072
11,3,4,19,-81,81,0,0.867124080657959,-1,1,-1,-1,0.584244966506958
11,3,4,20,-81,81,0,0.818095207214355,-1,-1,1,-1,0.617124080657959
11,3,4,21,-3,3,1,0.767146825790405,-1,-1,-1,-1,0.568095207214355
11,3,4,22,-3,3,1,0.750916004180908,-1,1,-1,-1,0.517146825790405
11,3,4,23,-0,0,0,1.0009343624115,-1,1,1,-1,0.500916004180908
11,3,4,24,-81,81,0,0.817114114761353,-1,-1,1,-1,0.750934362411499
11,3,4,25,-9,9,0,0.93377947807312,-1,-1,-1,-1,0.567114114761353
11,3,4,26,-81,81,0,0.650927066802979,-1,-1,-1,-1,0.68377947807312
11,3,4,27,-3,3,1,0.71711802482605,-1,-1,-1,-1,0.400927066802979
11,3,4,28,-9,9,0,0.851444005966187,-1,1,-1,-1,0.46711802482605
11,3,4,29,-27,27,0,0.833899974822998,-1,-1,1,-1,0.601444005966187
11,3,4,30,27,27,1,0.833790063858032,-1,-1,-1,-1,0.583899974822998
11,3,4,31,81,81,1,0.967119932174683,1,1,-1,-1,0.583790063858032
11,3,4,32,3,3,0,0.917587995529175,1,1,1,1,0.717119932174683
11,3,4,33,81,81,1,0.783849716186523,1,-1,1,1,0.667587995529175
11,3,4,34,81,81,1,1.28423619270325,1,1,-1,1,0.533849716186523
11,3,4,35,-9,9,1,0.767637968063354,1,1,1,1,1.03423619270325
11,3,4,36,-3,3,0,0.767585039138794,-1,1,1,1,0.517637968063354
11,3,4,37,-0,0,1,0.867123365402222,-1,-1,1,-1,0.517585039138794
11,3,4,38,-27,27,0,0.750457286834717,-1,1,-1,-1,0.617123365402222
11,3,4,39,-81,81,0,0.700945138931274,-1,-1,1,-1,0.500457286834717
11,3,4,40,27,27,1,0.700894832611084,-1,-1,-1,-1,0.450945138931274
11,3,4,41,-9,9,1,0.850476503372192,1,1,-1,-1,0.450894832611084
11,3,4,42,-0,0,1,0.767117261886597,-1,1,1,1,0.600476503372192
11,3,4,43,-3,3,1,0.76710844039917,-1,1,1,-1,0.517117261886597
11,3,4,44,3,3,1,0.81710410118103,-1,1,1,-1,0.51710844039917
11,3,4,45,27,27,1,0.783788442611694,1,1,1,-1,0.56710410118103
11,3,4,46,81,81,1,0.817550182342529,1,1,1,1,0.533788442611694
11,3,4,47,-3,3,0,0.751132965087891,1,1,1,1,0.567550182342529
11,3,4,48,27,27,1,0.81760311126709,-1,-1,1,1,0.501132965087891
11,3,4,49,9,9,1,0.76753830909729,1,1,-1,-1,0.56760311126709
11,3,4,50,3,3,1,0.750441551208496,1,1,1,1,0.51753830909729
11,3,4,51,-81,81,0,0.717586278915405,1,1,1,1,0.500441551208496
11,3,4,52,-3,3,1,0.767128944396973,-1,-1,1,1,0.467586278915405
11,3,4,53,0,0,1,0.950448989868164,-1,1,-1,-1,0.517128944396973
11,3,4,54,81,81,1,0.883852243423462,1,1,1,-1,0.700448989868164
11,3,4,55,27,27,1,0.783786535263062,1,1,1,1,0.633852243423462
11,3,4,56,81,81,1,0.734209537506104,1,1,1,1,0.533786535263062
11,3,4,57,81,81,1,0.68424391746521,1,1,1,1,0.484209537506104
11,3,4,58,3,3,1,0.817615032196045,1,1,1,1,0.43424391746521
11,3,4,59,0,0,1,0.667573213577271,1,1,1,1,0.567615032196045
11,3,4,60,3,3,1,0.717584133148193,1,1,1,1,0.417573213577271
11,3,4,61,-9,9,1,0.717159748077393,1,1,1,1,0.467584133148193
11,3,4,62,-27,27,0,0.850456237792969,-1,1,1,1,0.467159748077393
11,3,4,63,-0,0,1,0.684646129608154,-1,-1,1,-1,0.600456237792969
11,3,4,64,-3,3,1,0.684240341186523,-1,1,-1,-1,0.434646129608154
11,3,4,65,-3,3,1,0.867576837539673,-1,1,1,-1,0.434240341186523
11,3,4,66,-3,3,1,0.734571933746338,-1,1,1,-1,0.617576837539673
11,3,4,67,-27,27,0,0.683803081512451,-1,1,1,-1,0.484571933746338
11,3,4,68,-9,9,0,0.884268760681152,-1,-1,1,-1,0.433803081512451
11,3,4,69,-27,27,0,0.651234865188599,-1,-1,-1,-1,0.634268760681152
11,3,4,70,0,0,1,0.68379807472229,-1,-1,-1,-1,0.401234865188599
11,3,4,71,3,3,1,0.717126369476318,1,1,-1,-1,0.43379807472229
11,3,4,72,81,81,1,1.03479504585266,1,1,1,1,0.467126369476318
11,3,4,73,-27,27,0,0.700462341308594,1,1,1,1,0.784795045852661
11,3,4,74,27,27,1,0.767538547515869,-1,-1,1,1,0.450462341308594
11,3,4,75,-81,81,0,0.684257507324219,1,1,-1,-1,0.517538547515869
11,3,4,76,-27,27,0,0.783801078796387,-1,-1,1,1,0.434257507324219
11,3,4,77,27,27,1,0.617542743682861,-1,-1,-1,-1,0.533801078796387
11,3,4,78,9,9,0,0.683791399002075,1,1,-1,-1,0.367542743682861
11,3,4,79,3,3,1,0.667120218276978,1,-1,1,1,0.433791399002075
11,3,4,80,81,81,1,0.833773136138916,1,1,-1,1,0.417120218276978
11,3,4,81,3,3,0,0.717130422592163,1,1,1,1,0.583773136138916
11,3,4,82,9,9,1,0.717133760452271,1,-1,1,1,0.467130422592163
11,3,4,83,27,27,1,0.734480381011963,1,1,-1,1,0.467133760452271
11,3,4,84,9,9,1,0.617143154144287,1,1,1,1,0.484480381011963
11,3,4,85,-81,81,0,0.650471925735474,1,1,1,1,0.367143154144287
11,3,4,86,-9,9,1,0.867576122283936,-1,-1,1,1,0.400471925735474
11,3,4,87,-27,27,0,0.667608976364136,-1,1,-1,-1,0.617576122283936
11,3,4,88,-81,81,0,0.634250164031982,-1,-1,1,-1,0.417608976364136
11,3,4,89,-0,0,0,0.75092887878418,-1,-1,-1,-1,0.384250164031982
11,3,4,90,9,9,0,0.75093674659729,-1,-1,-1,-1,0.50092887878418
11,3,4,94,-0,0,0,0.817584037780762,-1,-1,1,-1,0.38425612449646
11,3,4,95,-9,9,0,0.684621095657349,-1,-1,-1,-1,0.567584037780762
11,3,4,96,3,3,1,0.617168426513672,-1,-1,-1,-1,0.434621095657349
11,3,4,97,-0,0,1,0.76714825630188,1,1,-1,-1,0.367168426513672
11,3,4,98,9,9,1,0.950907468795776,-1,1,1,1,0.51714825630188
11,3,4,99,81,81,1,0.667773485183716,1,1,1,-1,0.700907468795776
11,3,5,4,0,0,1,0.767123222351074,-1,-1,1,1,0.533786058425903
11,3,5,5,27,27,0,0.850458145141602,1,1,-1,-1,0.517123222351074
11,3,5,6,81,81,0,1.10046529769897,1,-1,1,1,0.600458145141602
11,3,5,7,-27,27,0,0.667577028274536,1,-1,-1,1,0.850465297698975
11,3,5,8,-3,3,0,1.01711797714233,-1,-1,-1,1,0.417577028274536
11,3,5,9,3,3,0,0.950901985168457,-1,-1,-1,-1,0.767117977142334
11,3,5,10,3,3,1,0.700936079025269,1,-1,-1,-1,0.700901985168457
11,3,5,11,-9,9,1,0.683787822723389,1,1,-1,1,0.450936079025269
11,3,5,12,3,3,1,0.650474071502686,-1,1,1,1,0.433787822723389
11,3,5,13,-9,9,0,0.734221220016479,1,1,1,-1,0.400474071502686
11,3,5,14,-27,27,0,0.73423433303833,-1,-1,1,1,0.484221220016479
11,3,5,15,-3,3,1,0.633818864822388,-1,-1,-1,-1,0.48423433303833
11,3,5,16,9,9,1,0.717615365982056,-1,1,-1,-1,0.383818864822388
11,3,5,17,-81,81,0,0.683789730072021,1,1,1,-1,0.467615365982056
11,3,5,18,3,3,0,0.667119979858398,-1,-1,1,1,0.433789730072021
11,3,5,19,-3,3,0,0.70091986656189,1,-1,-1,-1,0.417119979858398
11,3,5,20,-81,81,0,0.567583799362183,-1,-1,-1,1,0.45091986656189
11,3,5,21,27,27,1,0.634254932403564,-1,-1,-1,-1,0.317583799362183
11,3,5,22,-27,27,0,0.684226989746094,1,1,-1,-1,0.384254932403564
11,3,5,23,-27,27,0,0.717131853103638,-1,-1,1,1,0.434226989746094
11,3,5,24,3,3,1,0.734248161315918,-1,-1,-1,-1,0.467131853103638
11,3,5,25,27,27,1,0.767124891281128,1,1,-1,-1,0.484248161315918
11,3,5,26,-9,9,1,0.750488042831421,1,1,1,1,0.517124891281128
11,3,5,27,81,81,1,1.23379802703857,-1,1,1,1,0.500488042831421
11,3,5,28,-9,9,1,0.683845043182373,1,1,1,-1,0.983798027038574
11,3,5,29,9,9,1,0.700468063354492,-1,1,1,1,0.433845043182373
11,3,5,30,-9,9,1,1.05090093612671,1,1,1,-1,0.450468063354492
11,3,5,31,-9,9,0,0.667125225067139,-1,1,1,1,0.800900936126709
11,3,5,32,27,27,1,0.650489091873169,-1,-1,1,-1,0.417125225067139
11,3,5,33,-81,81,0,0.584219694137573,1,1,-1,-1,0.400489091873169
11,3,5,34,-27,27,0,0.650914669036865,-1,-1,1,1,0.334219694137573
11,3,5,35,-81,81,0,0.583822011947632,-1,-1,-1,-1,0.400914669036865
11,3,5,36,81,81,1,0.650886297225952,-1,-1,-1,-1,0.333822011947632
11,3,5,40,0,0,1,0.684252262115479,-1,-1,1,1,0.334260702133179
11,3,5,41,-0,0,1,0.867134571075439,1,1,-1,-1,0.434252262115479
11,3,5,42,27,27,1,0.883785963058472,-1,1,1,1,0.617134571075439
11,3,5,43,9,9,1,0.617139339447021,1,1,1,-1,0.633785963058472
11,3,5,44,9,9,1,0.667126893997192,1,1,1,1,0.367139339447021
11,3,5,45,-27,27,0,0.567137956619263,1,1,1,1,0.417126893997192
11,3,5,46,81,81,1,0.617143154144287,-1,-1,1,1,0.317137956619263
11,3,5,47,0,0,1,0.667121171951294,1,1,-1,-1,0.367143154144287
11,3,5,48,-9,9,0,0.717559099197388,1,1,1,1,0.417121171951294
11,3,5,49,81,81,1,0.717589855194092,-1,-1,1,1,0.467559099197388
11,3,5,50,-81,81,0,0.484244346618652,1,1,-1,-1,0.467589855194092
11,3,5,51,27,27,0,0.850911617279053,-1,-1,1,1,0.234244346618652
11,3,5,52,-81,81,0,0.7342529296875,1,-1,-1,-1,0.600911617279053
11,3,5,53,9,9,1,0.601346969604492,-1,-1,-1,1,0.4842529296875
11,3,5,54,-3,3,1,0.750885963439941,1,1,-1,-1,0.351346969604492
11,3,5,55,3,3,1,0.6838059425354,-1,1,1,1,0.500885963439941
11,3,5,56,-81,81,0,0.650447607040405,1,1,1,-1,0.4338059425354
11,3,5,57,3,3,1,0.600463151931763,-1,-1,1,1,0.400447607040405
11,3,5,58,-9,9,1,0.700918197631836,1,1,-1,-1,0.350463151931763
11,3,5,59,-27,27,0,0.867129325866699,-1,1,1,1,0.450918197631836
11,3,5,60,81,81,1,0.550906181335449,-1,-1,1,-1,0.617129325866699
11,3,5,61,-81,81,0,0.400902032852173,1,1,-1,-1,0.300906181335449
11,3,5,62,27,27,1,0.633781909942627,-1,-1,1,1,0.150902032852173
11,3,5,63,-27,27,0,0.617589950561523,1,1,-1,-1,0.383781909942627
11,3,5,64,27,27,1,0.667590856552124,-1,-1,1,1,0.367589950561523
11,3,5,65,-27,27,0,0.500919342041016,1,1,-1,-1,0.417590856552124
11,3,5,66,-3,3,0,0.850484132766724,-1,-1,1,1,0.250919342041016
11,3,5,67,-3,3,1,0.701013326644897,-1,-1,-1,-1,0.600484132766724
11,3,5,68,0,0,1,0.617187976837158,-1,1,-1,-1,0.451013326644897
11,3,5,69,-9,9,1,0.550919055938721,1,1,1,-1,0.367187976837158
11,3,5,70,3,3,0,0.967134475708008,-1,1,1,1,0.300919055938721
11,3,5,71,-0,0,1,0.717823505401611,1,-1,1,-1,0.717134475708008
11,3,5,72,0,0,0,0.584261178970337,-1,1,-1,1,0.467823505401611
11,3,5,73,-3,3,1,0.617553949356079,1,-1,1,-1,0.334261178970337
11,3,5,74,-3,3,0,0.667140960693359,-1,1,-1,1,0.367553949356079
11,3,5,75,3,3,0,0.683815002441406,-1,-1,1,-1,0.417140960693359
11,3,5,76,0,0,1,0.650465965270996,1,-1,-1,-1,0.433815002441406
11,3,5,77,-81,81,0,0.367142677307129,1,1,-1,1,0.400465965270996
11,3,5,78,-9,9,1,0.650459051132202,-1,-1,1,1,0.117142677307129
11,3,5,79,9,9,1,0.784239292144775,-1,1,-1,-1,0.400459051132202
11,3,5,80,-9,9,0,0.717119932174683,1,1,1,-1,0.534239292144775
11,3,5,81,-81,81,0,0.550923347473145,-1,-1,1,1,0.467119932174683
11,3,5,82,-0,0,0,0.650965213775635,-1,-1,-1,-1,0.300923347473145
11,3,5,83,27,27,0,0.734251022338867,-1,-1,-1,-1,0.400965213775635
11,3,5,84,-9,9,0,0.617588996887207,1,-1,-1,-1,0.484251022338867
11,3,5,85,9,9,0,1.11710429191589,-1,-1,-1,1,0.367588996887207
11,3,5,86,-9,9,0,0.500929117202759,1,-1,-1,-1,0.867104291915894
11,3,5,87,-27,27,0,0.584249258041382,-1,-1,-1,1,0.250929117202759
11,3,5,88,3,3,1,0.500931024551392,-1,-1,-1,-1,0.334249258041382
11,3,5,89,-81,81,0,0.417592287063599,1,1,-1,-1,0.250931024551392
11,3,5,90,3,3,0,0.633804082870483,-1,-1,1,1,0.167592287063599
11,3,5,91,-27,27,0,0.550495147705078,1,-1,-1,-1,0.383804082870483
11,3,5,92,3,3,1,0.667140245437622,-1,-1,-1,1,0.300495147705078
11,3,5,93,81,81,1,0.917659997940063,1,1,-1,-1,0.417140245437622
11,3,5,94,-81,81,0,0.484225749969482,1,1,1,1,0.667659997940063
11,3,5,95,9,9,1,0.53380012512207,-1,-1,1,1,0.234225749969482
11,3,5,96,-81,81,0,0.551364183425903,1,1,-1,-1,0.28380012512207
11,3,5,97,81,81,1,0.550474166870117,-1,-1,1,1,0.301364183425903
11,3,5,98,-0,0,1,0.833802938461304,1,1,-1,-1,0.300474166870117
11,3,5,99,0,0,1,0.567585945129395,-1,1,1,1,0.583802938461304
11,3,6,2,-27,27,0,0.600901126861572,-1,-1,-1,-1,0.634027719497681
11,3,6,3,3,3,1,0.683797597885132,-1,-1,-1,-1,0.350901126861572
11,3,6,4,-9,9,1,0.834249258041382,1,1,-1,-1,0.433797597885132
11,3,6,5,27,27,1,0.550920009613037,-1,1,1,1,0.584249258041382
11,3,6,6,-3,3,1,0.700922250747681,1,1,1,-1,0.300920009613037
11,3,6,7,0,0,0,0.883862972259521,-1,1,1,1,0.450922250747681
11,3,6,8,-3,3,1,0.683822154998779,1,-1,1,-1,0.633862972259521
11,3,6,9,9,9,1,0.667128086090088,-1,1,-1,1,0.433822154998779
11,3,6,10,9,9,1,0.750465869903564,1,1,1,-1,0.417128086090088
11,3,6,11,9,9,1,0.650887012481689,1,1,1,1,0.500465869903564
11,3,6,12,-3,3,1,0.634269952774048,1,1,1,1,0.400887012481689
11,3,6,13,81,81,1,0.55089282989502,-1,1,1,1,0.384269952774048
11,3,6,14,-3,3,0,0.684241056442261,1,1,1,-1,0.30089282989502
11,3,6,15,-27,27,0,0.800491094589233,-1,-1,1,1,0.434241056442261
11,3,6,16,9,9,1,0.667159080505371,-1,-1,-1,-1,0.550491094589233
11,3,6,17,-81,81,0,0.567586898803711,1,1,-1,-1,0.417159080505371
11,3,6,18,81,81,1,0.650914669036865,-1,-1,1,1,0.317586898803711
11,3,6,19,-27,27,0,0.583840131759644,1,1,-1,-1,0.400914669036865
11,3,6,20,27,27,1,0.65046501159668,-1,-1,1,1,0.333840131759644
11,3,6,21,-81,81,0,0.500918865203857,1,1,-1,-1,0.40046501159668
11,3,6,22,0,0,1,0.634254217147827,-1,-1,1,1,0.250918865203857
11,3,6,23,-27,27,0,0.634770154953003,1,1,-1,-1,0.384254217147827
11,3,6,24,-0,0,1,0.583792924880981,-1,-1,1,1,0.384770154953003
11,3,6,25,27,27,1,0.583805084228516,-1,1,-1,-1,0.333792924880981
11,3,6,26,-81,81,0,0.56713604927063,1,1,1,-1,0.333805084228516
11,3,6,27,-0,0,1,0.567584991455078,-1,-1,1,1,0.31713604927063
11,3,6,28,9,9,0,0.583808898925781,-1,1,-1,-1,0.317584991455078
11,3,6,29,-27,27,0,0.650988817214966,1,-1,1,-1,0.333808898925781
11,3,6,30,27,27,1,0.517141342163086,-1,-1,-1,1,0.400988817214966
11,3,6,31,-3,3,0,0.70048999786377,1,1,-1,-1,0.267141342163086
11,3,6,32,3,3,1,0.600490808486938,-1,-1,1,1,0.45048999786377
11,3,6,33,-3,3,1,0.550911426544189,1,1,-1,-1,0.350490808486938
11,3,6,34,9,9,1,0.567118167877197,-1,1,1,1,0.300911426544189
11,3,6,35,81,81,1,0.500884294509888,1,1,1,-1,0.317118167877197
11,3,6,36,-81,81,0,0.517133235931396,1,1,1,1,0.250884294509888
11,3,6,37,9,9,1,0.583800792694092,-1,-1,1,1,0.267133235931396
11,3,6,38,-0,0,1,0.600457191467285,1,1,-1,-1,0.333800792694092
11,3,6,39,-27,27,0,0.550926208496094,-1,1,1,1,0.350457191467285
11,3,6,40,81,81,1,0.567138910293579,-1,-1,1,-1,0.300926208496094
11,3,6,41,-27,27,0,0.534253120422363,1,1,-1,-1,0.317138910293579
11,3,6,42,27,27,0,0.917150259017944,-1,-1,1,1,0.284253120422363
11,3,6,43,9,9,0,0.550469398498535,1,-1,-1,-1,0.667150259017944
11,3,6,44,-0,0,1,0.584250926971436,1,-1,-1,1,0.300469398498535
11,3,6,45,9,9,1,0.634263038635254,-1,1,-1,1,0.334250926971436
11,3,6,46,-81,81,0,0.583810091018677,1,1,1,-1,0.384263038635254
11,3,6,47,81,81,1,0.533791303634644,-1,-1,1,1,0.333810091018677
11,3,6,48,-81,81,0,0.567596197128296,1,1,-1,-1,0.283791303634644
11,3,6,49,27,27,1,0.617146492004395,-1,-1,1,1,0.317596197128296
11,3,6,50,-3,3,1,0.650914430618286,1,1,-1,-1,0.367146492004395
11,3,6,51,-81,81,0,0.584275722503662,-1,1,1,1,0.400914430618286
11,3,6,52,9,9,1,0.650453090667725,-1,-1,1,-1,0.334275722503662
11,3,6,53,-3,3,0,0.717581272125244,1,1,-1,-1,0.400453090667725
11,3,6,54,3,3,1,0.600456953048706,-1,-1,1,1,0.467581272125244
11,3,6,55,-3,3,1,0.683836460113525,1,1,-1,-1,0.350456953048706
11,3,6,56,3,3,1,0.867110967636108,-1,1,1,1,0.433836460113525
11,3,6,57,-81,81,0,0.567577838897705,1,1,1,-1,0.617110967636108
11,3,6,58,81,81,1,0.517584085464478,-1,-1,1,1,0.317577838897705
11,3,6,59,-9,9,0,0.600463390350342,1,1,-1,-1,0.267584085464478
11,3,6,60,81,81,1,0.583800315856934,-1,-1,1,1,0.350463390350342
11,3,6,61,-3,3,0,0.81717586517334,1,1,-1,-1,0.333800315856934
11,3,6,62,27,27,1,0.700973987579346,-1,-1,1,1,0.56717586517334
11,3,6,63,-81,81,0,0.550928831100464,1,1,-1,-1,0.450973987579346
11,3,6,64,27,27,1,0.500914096832275,-1,-1,1,1,0.300928831100464
11,3,6,65,-9,9,1,0.900945425033569,1,1,-1,-1,0.250914096832275
11,3,6,66,-81,81,0,0.41755747795105,-1,1,1,1,0.650945425033569
11,3,6,67,27,27,1,0.550920248031616,-1,-1,1,-1,0.16755747795105
11,3,6,68,3,3,0,0.66758131980896,1,1,-1,-1,0.300920248031616
11,3,6,69,-9,9,1,0.567134857177734,1,-1,1,1,0.41758131980896
11,3,6,70,81,81,1,0.417585372924805,-1,1,-1,1,0.317134857177734
11,3,6,71,-27,27,0,0.500920295715332,1,1,1,-1,0.167585372924805
11,3,6,72,3,3,1,0.733789205551147,-1,-1,1,1,0.250920295715332
11,3,6,73,-0,0,1,0.733801126480103,1,1,-1,-1,0.483789205551147
11,3,6,74,81,81,1,0.617156028747559,-1,1,1,1,0.483801126480103
11,3,6,75,81,81,1,0.567164182662964,1,1,1,-1,0.367156028747559
11,3,6,76,-0,0,1,0.6009361743927,1,1,1,1,0.317164182662964
11,3,6,77,3,3,1,0.450927972793579,-1,1,1,1,0.3509361743927
11,3,6,78,-3,3,1,0.384268045425415,1,1,1,-1,0.200927972793579
11,3,6,79,9,9,0,0.967609167098999,-1,1,1,1,0.134268045425415
11,3,6,80,-27,27,0,0.550466299057007,1,-1,1,-1,0.717609167098999
11,3,6,81,81,81,1,0.86757493019104,-1,-1,-1,1,0.300466299057007
11,3,6,82,-9,9,0,0.550940275192261,1,1,-1,-1,0.61757493019104
11,3,6,83,9,9,0,0.734253883361816,-1,-1,1,1,0.300940275192261
11,3,6,84,81,81,1,0.650950193405151,1,-1,-1,-1,0.484253883361816
11,3,6,85,-27,27,0,0.684253454208374,1,1,-1,1,0.400950193405151
11,3,6,86,27,27,1,0.634266138076782,-1,-1,1,1,0.434253454208374
11,3,6,87,-9,9,1,0.617585897445679,1,1,-1,-1,0.384266138076782
11,3,6,88,3,3,1,0.567556858062744,-1,1,1,1,0.367585897445679
11,3,6,89,-9,9,0,0.80094313621521,1,1,1,-1,0.317556858062744
11,3,6,90,9,9,1,0.583829164505005,-1,-1,1,1,0.55094313621521
11,3,6,91,-9,9,0,0.51760196685791,1,1,-1,-1,0.333829164505005
11,3,6,92,-0,0,1,0.534253120422363,-1,-1,1,1,0.26760196685791
11,3,6,93,0,0,0,0.583805084228516,-1,1,-1,-1,0.284253120422363
11,3,6,94,-9,9,0,0.600932121276855,1,-1,1,-1,0.333805084228516
11,3,6,95,3,3,1,0.600875377655029,-1,-1,-1,1,0.350932121276855
11,3,6,96,-0,0,1,0.550914764404297,1,1,-1,-1,0.350875377655029
11,3,6,97,-3,3,1,0.467137813568115,-1,1,1,1,0.300914764404297
11,3,6,98,3,3,1,0.867578983306885,-1,1,1,-1,0.217137813568115
11,3,6,99,-27,27,0,0.650911331176758,1,1,1,-1,0.617578983306885
12,1,1,2,-3,3,1,0.550886869430542,1,1,-1,1,0.400766849517822
12,1,1,3,3,3,1,0.567135810852051,-1,1,1,1,0.300886869430542
12,1,1,4,9,9,0,0.333810091018677,1,1,1,-1,0.317135810852051
12,1,1,5,-3,3,0,0.500469446182251,1,-1,1,1,0.0838100910186768
12,1,1,6,27,27,1,0.550915956497192,-1,-1,-1,1,0.250469446182251
12,1,1,7,-3,3,1,0.567586421966553,1,1,-1,-1,0.300915956497192
12,1,1,8,0,0,1,0.617578983306885,-1,1,1,1,0.317586421966553
12,1,1,9,27,27,1,0.667157173156738,1,1,1,-1,0.367578983306885
12,1,1,10,3,3,1,0.683785438537598,1,1,1,1,0.417157173156738
12,1,1,11,-81,81,0,0.300510883331299,1,1,1,1,0.433785438537598
12,1,1,12,-9,9,0,0.767196893692017,-1,-1,1,1,0.0505108833312988
12,1,1,13,-9,9,0,0.517128705978394,-1,-1,-1,-1,0.517196893692017
12,1,1,14,-81,81,0,0.25094199180603,-1,-1,-1,-1,0.267128705978394
12,1,1,15,0,0,0,0.534258842468262,-1,-1,-1,-1,0.000941991806030273
12,1,1,16,81,81,1,0.28426194190979,1,-1,-1,-1,0.284258842468262
12,1,1,17,-3,3,1,0.483873128890991,1,1,-1,1,0.03426194190979
12,1,1,18,-27,27,1,0.50048303604126,-1,1,1,1,0.233873128890991
12,1,1,19,-3,3,1,0.800880193710327,-1,1,1,-1,0.25048303604126
12,1,1,20,27,27,1,0.367618083953857,-1,1,1,-1,0.550880193710327
12,1,1,21,9,9,1,0.55089807510376,1,1,1,-1,0.117618083953857
12,1,1,22,-27,27,1,0.450508117675781,1,1,1,1,0.30089807510376
12,1,1,23,27,27,1,0.317626953125,-1,1,1,1,0.200508117675781
12,1,1,24,-27,27,0,0.300539016723633,1,1,1,-1,0.067626953125
12,1,1,28,-81,81,0,0.417136669158936,-1,1,-1,-1,0.167130947113037
12,1,1,29,9,9,1,0.383815765380859,-1,-1,1,-1,0.167136669158936
12,1,1,30,-81,81,1,0.650460004806519,1,1,-1,-1,0.133815765380859
12,1,1,31,-3,3,1,0.700963258743286,-1,1,1,1,0.400460004806519
12,1,1,32,27,27,0,0.883815288543701,-1,1,1,-1,0.450963258743286
12,1,1,33,0,0,0,0.550478458404541,1,-1,1,-1,0.633815288543701
12,1,1,34,-9,9,1,0.60089898109436,1,-1,-1,1,0.300478458404541
12,1,1,35,0,0,1,0.417139053344727,-1,1,-1,1,0.35089898109436
12,1,1,36,-27,27,0,0.650448799133301,1,1,1,-1,0.167139053344727
12,1,1,37,-9,9,0,0.650949478149414,-1,-1,1,1,0.400448799133301
12,1,1,38,0,0,0,0.533801555633545,-1,-1,-1,-1,0.400949478149414
12,1,1,39,27,27,1,0.334260940551758,1,-1,-1,-1,0.283801555633545
12,1,1,40,-3,3,1,0.450913190841675,1,1,-1,1,0.0842609405517578
12,1,1,41,3,3,1,0.51758599281311,-1,1,1,1,0.200913190841675
12,1,1,42,-27,27,1,0.600481748580933,1,1,1,-1,0.26758599281311
12,1,1,46,-3,3,0,0.283829212188721,1,1,-1,1,0.0672328472137451
12,1,1,47,9,9,1,0.384262323379517,-1,-1,1,1,0.0338292121887207
12,1,1,48,-9,9,1,0.467577219009399,1,1,-1,-1,0.134262323379517
12,1,1,49,3,3,1,0.55094575881958,-1,1,1,1,0.217577219009399
12,1,1,50,27,27,1,0.30053186416626,1,1,1,-1,0.30094575881958
12,1,1,59,-9,9,0,0.61758017539978,-1,1,1,1,0.634242057800293
12,1,1,60,27,27,1,0.43379807472229,-1,-1,1,-1,0.36758017539978
12,1,1,61,-27,27,0,0.584262609481812,1,1,-1,-1,0.18379807472229
12,1,1,65,-0,0,1,0.567133903503418,1,1,1,1,0.0338180065155029
12,1,1,66,-9,9,0,0.533779859542847,-1,1,1,1,0.317133903503418
12,1,1,67,-3,3,1,0.600460052490234,-1,-1,1,-1,0.283779859542847
12,1,1,68,27,27,1,0.584854125976562,-1,1,-1,-1,0.350460052490234
12,1,1,69,-81,81,0,0.300468921661377,1,1,1,-1,0.334854125976562
12,1,1,70,0,0,1,0.633822917938232,-1,-1,1,1,0.050468921661377
12,1,1,71,9,9,1,0.350502967834473,1,1,-1,-1,0.383822917938232
12,1,1,72,81,81,1,0.533793926239014,1,1,1,1,0.100502967834473
12,1,1,73,81,81,1,0.517601013183594,1,1,1,1,0.283793926239014
12,1,1,74,9,9,0,0.633806943893433,1,1,1,1,0.267601013183594
12,1,1,75,-81,81,0,0.383792161941528,1,-1,1,1,0.383806943893433
12,1,1,76,-81,81,0,0.450915098190308,-1,-1,-1,1,0.133792161941528
12,1,1,77,-3,3,0,0.550920963287354,-1,-1,-1,-1,0.200915098190308
12,1,1,78,-81,81,0,0.30092978477478,-1,-1,-1,-1,0.300920963287354
12,1,1,79,81,81,1,0.250944137573242,-1,-1,-1,-1,0.0509297847747803
12,1,1,80,-3,3,1,0.700486183166504,1,1,-1,-1,0.000944137573242188
12,1,1,81,-3,3,0,0.550470590591431,-1,1,1,1,0.450486183166504
12,1,1,82,-3,3,0,0.600902795791626,-1,-1,1,-1,0.300470590591431
12,1,1,83,-0,0,0,0.66715669631958,-1,-1,-1,-1,0.350902795791626
12,1,1,84,9,9,1,0.450462579727173,-1,-1,-1,-1,0.41715669631958
12,1,1,85,-9,9,1,0.450492858886719,1,1,-1,-1,0.200462579727173
12,1,1,86,81,81,1,0.433827877044678,-1,1,1,1,0.200492858886719
12,1,1,87,27,27,1,0.367577075958252,1,1,1,-1,0.183827877044678
12,1,1,88,-81,81,0,0.350466012954712,1,1,1,1,0.117577075958252
12,1,1,89,27,27,1,0.4011070728302,-1,-1,1,1,0.100466012954712
12,1,1,90,27,27,1,0.500494480133057,1,1,-1,-1,0.1511070728302
12,1,1,91,-27,27,0,0.58379602432251,1,1,1,1,0.250494480133057
12,1,1,92,9,9,1,0.333810806274414,-1,-1,1,1,0.33379602432251
12,1,1,93,-81,81,0,0.53426194190979,1,1,-1,-1,0.0838108062744141
12,1,1,94,-3,3,0,0.533802509307861,-1,-1,1,1,0.28426194190979
12,1,1,95,-0,0,0,0.434264183044434,-1,-1,-1,-1,0.283802509307861
12,1,1,96,-27,27,0,0.500547885894775,-1,-1,-1,-1,0.184264183044434
12,1,1,97,-9,9,1,0.583788871765137,-1,-1,-1,-1,0.250547885894775
12,1,1,98,3,3,1,0.567134857177734,-1,1,-1,-1,0.333788871765137
12,1,1,99,3,3,0,0.650955438613892,1,1,1,-1,0.317134857177734
12,1,2,2,-27,27,0,0.85050368309021,1,-1,1,1,0.317343473434448
12,1,2,3,3,3,1,0.567580223083496,-1,-1,-1,1,0.60050368309021
12,1,2,4,-0,0,1,0.533779144287109,1,1,-1,-1,0.317580223083496
12,1,2,5,-3,3,1,0.383822202682495,-1,1,1,1,0.283779144287109
12,1,2,6,9,9,1,0.434257030487061,-1,1,1,-1,0.133822202682495
12,1,2,7,-0,0,0,0.467130899429321,1,1,1,-1,0.184257030487061
12,1,2,11,-0,0,1,0.500494956970215,1,-1,-1,1,0.0671379566192627
12,1,2,12,3,3,0,0.533792018890381,-1,1,-1,1,0.250494956970215
12,1,2,13,-27,27,0,0.483872890472412,1,-1,1,-1,0.283792018890381
12,1,2,14,81,81,1,0.334285736083984,-1,-1,-1,1,0.233872890472412
12,1,2,15,-27,27,0,0.284264802932739,1,1,-1,-1,0.0842857360839844
12,1,2,16,-81,81,1,0.433807849884033,-1,-1,1,1,0.0342648029327393
12,1,2,17,81,81,1,0.585025310516357,-1,1,-1,-1,0.183807849884033
12,1,2,18,-27,27,0,0.617127180099487,1,1,1,-1,0.335025310516357
12,1,2,19,9,9,1,0.63379693031311,-1,-1,1,1,0.367127180099487
12,1,2,20,27,27,1,0.500890970230103,1,1,-1,-1,0.38379693031311
12,1,2,21,-0,0,1,0.533798933029175,1,1,1,1,0.250890970230103
12,1,2,22,3,3,0,0.517622947692871,-1,1,1,1,0.283798933029175
12,1,2,23,-81,81,0,0.350471973419189,1,-1,1,-1,0.267622947692871
12,1,2,24,81,81,1,0.317134857177734,-1,-1,-1,1,0.100471973419189
12,1,2,25,-0,0,0,0.617586135864258,1,1,-1,-1,0.0671348571777344
12,1,2,26,-9,9,1,0.750502824783325,-1,-1,1,1,0.367586135864258
12,1,2,27,3,3,1,0.934237003326416,-1,1,-1,-1,0.500502824783325
12,1,2,28,-3,3,0,0.500945091247559,1,1,1,-1,0.684237003326416
12,1,2,29,3,3,1,0.617590427398682,-1,-1,1,1,0.250945091247559
12,1,2,30,-27,27,0,0.367134809494019,1,1,-1,-1,0.367590427398682
12,1,2,31,81,81,1,0.45044732093811,-1,-1,1,1,0.117134809494019
12,1,2,32,-3,3,0,0.617260932922363,1,1,-1,-1,0.20044732093811
12,1,2,33,27,27,1,0.483800888061523,-1,-1,1,1,0.367260932922363
12,1,2,34,-3,3,1,0.950906038284302,1,1,-1,-1,0.233800888061523
12,1,2,35,81,81,1,0.55094575881958,-1,1,1,1,0.700906038284302
12,1,2,36,-3,3,0,0.500464916229248,1,1,1,-1,0.30094575881958
12,1,2,37,9,9,1,0.583799839019775,-1,-1,1,1,0.250464916229248
12,1,2,38,-0,0,0,0.417149066925049,1,1,-1,-1,0.333799839019775
12,1,2,39,-27,27,0,0.834237337112427,-1,-1,1,1,0.167149066925049
12,1,2,43,9,9,1,0.600467920303345,-1,1,-1,-1,0.0171279907226562
12,1,2,44,-81,81,0,0.533818960189819,1,1,1,-1,0.350467920303345
12,1,2,45,9,9,1,0.534221172332764,-1,-1,1,1,0.283818960189819
12,1,2,46,-81,81,0,0.850452899932861,1,1,-1,-1,0.284221172332764
12,1,2,47,81,81,1,0.468243837356567,-1,-1,1,1,0.600452899932861
12,1,2,48,-27,27,0,0.333800792694092,1,1,-1,-1,0.218243837356567
12,1,2,49,9,9,1,0.467562198638916,-1,-1,1,1,0.0838007926940918
12,1,2,50,-27,27,0,0.550515651702881,1,1,-1,-1,0.217562198638916
12,1,2,51,-0,0,1,0.817121028900146,-1,-1,1,1,0.300515651702881
12,1,2,52,81,81,1,0.500971794128418,-1,1,-1,-1,0.567121028900146
12,1,2,53,9,9,1,0.384580612182617,1,1,1,-1,0.250971794128418
12,1,2,54,-81,81,0,0.284255981445312,1,1,1,1,0.134580612182617
12,1,2,55,-27,27,0,0.617582082748413,-1,-1,1,1,0.0342559814453125
12,1,2,56,3,3,0,0.617155075073242,-1,-1,-1,-1,0.367582082748413
12,1,2,57,-27,27,0,0.684551000595093,1,-1,-1,-1,0.367155075073242
12,1,2,58,-0,0,0,0.734254598617554,-1,-1,-1,1,0.434551000595093
12,1,2,59,3,3,1,0.517593145370483,-1,-1,-1,-1,0.484254598617554
12,1,2,60,-9,9,1,0.534247159957886,1,1,-1,-1,0.267593145370483
12,1,2,61,-9,9,1,0.483789205551147,-1,1,1,1,0.284247159957886
12,1,2,62,9,9,1,0.784316062927246,-1,1,1,-1,0.233789205551147
12,1,2,63,-0,0,1,0.334260702133179,1,1,1,-1,0.534316062927246
12,1,2,64,-3,3,1,0.467595815658569,-1,1,1,1,0.0842607021331787
12,1,2,65,-9,9,1,0.55049204826355,-1,1,1,-1,0.217595815658569
12,1,2,66,-0,0,0,0.434250354766846,-1,1,1,-1,0.30049204826355
12,1,2,67,27,27,1,0.38381290435791,-1,-1,1,-1,0.184250354766846
12,1,2,68,-81,81,0,0.517581939697266,1,1,-1,-1,0.13381290435791
12,1,2,69,27,27,1,0.333800077438354,-1,-1,1,1,0.267581939697266
12,1,2,70,-3,3,1,0.534284830093384,1,1,-1,-1,0.0838000774383545
12,1,2,71,9,9,0,0.717137098312378,-1,1,1,1,0.284284830093384
12,1,2,72,-9,9,0,0.650454998016357,1,-1,1,-1,0.467137098312378
12,1,2,73,-81,81,0,0.317612171173096,-1,-1,-1,1,0.400454998016357
12,1,2,74,9,9,1,0.53380298614502,-1,-1,-1,-1,0.0676121711730957
12,1,2,75,27,27,0,0.417145490646362,1,1,-1,-1,0.28380298614502
12,1,2,76,-3,3,1,0.8504478931427,1,-1,1,1,0.167145490646362
12,1,2,77,3,3,0,0.667595148086548,-1,1,-1,1,0.6004478931427
12,1,2,78,-3,3,0,0.550909996032715,1,-1,1,-1,0.417595148086548
12,1,2,79,-81,81,0,0.700450897216797,-1,-1,-1,1,0.300909996032715
12,1,2,80,-3,3,0,0.384259939193726,-1,-1,-1,-1,0.450450897216797
12,1,2,81,3,3,1,0.417149305343628,-1,-1,-1,-1,0.134259939193726
12,1,2,82,-81,81,0,0.71713399887085,1,1,-1,-1,0.167149305343628
12,1,2,83,27,27,1,0.450910568237305,-1,-1,1,1,0.46713399887085
12,1,2,84,3,3,1,0.700909852981567,1,1,-1,-1,0.200910568237305
12,1,2,85,-0,0,1,0.350462675094604,1,1,1,1,0.450909852981567
12,1,2,86,81,81,1,0.53380298614502,-1,1,1,1,0.100462675094604
12,1,2,87,-27,27,0,0.367638111114502,1,1,1,-1,0.28380298614502
12,1,2,88,9,9,1,0.600953102111816,-1,-1,1,1,0.117638111114502
12,1,2,89,81,81,1,0.550567150115967,1,1,-1,-1,0.350953102111816
12,1,2,90,9,9,1,0.567137956619263,1,1,1,1,0.300567150115967
12,1,2,91,-81,81,0,0.350936889648438,1,1,1,1,0.317137956619263
12,1,2,92,9,9,1,0.617576122283936,-1,-1,1,1,0.100936889648438
12,1,2,93,-3,3,0,0.750465154647827,1,1,-1,-1,0.367576122283936
12,1,2,94,27,27,1,0.500474691390991,-1,-1,1,1,0.500465154647827
12,1,2,95,-9,9,0,0.567598819732666,1,1,-1,-1,0.250474691390991
12,1,2,96,27,27,1,0.550916910171509,-1,-1,1,1,0.317598819732666
12,1,2,97,27,27,1,0.317139863967896,1,1,-1,-1,0.300916910171509
12,1,2,98,-27,27,0,0.334281921386719,1,1,1,1,0.0671398639678955
12,1,2,99,81,81,1,0.883788108825684,-1,-1,1,1,0.0842819213867188
12,1,3,5,-3,3,1,0.500450134277344,-1,-1,1,1,0.767129898071289
12,1,3,6,-3,3,1,0.500916004180908,-1,1,-1,-1,0.250450134277344
12,1,3,7,9,9,1,0.433892011642456,-1,1,1,-1,0.250916004180908
12,1,3,8,-27,27,0,0.333800315856934,1,1,1,-1,0.183892011642456
12,1,3,9,-3,3,0,0.667600870132446,-1,-1,1,1,0.0838003158569336
12,1,3,10,-3,3,0,0.467139482498169,-1,-1,-1,-1,0.417600870132446
12,1,3,11,-81,81,0,0.517126083374023,-1,-1,-1,-1,0.217139482498169
12,1,3,12,-0,0,1,0.583801984786987,-1,-1,-1,-1,0.267126083374023
12,1,3,13,-27,27,0,0.567578077316284,-1,1,-1,-1,0.333801984786987
12,1,3,14,-3,3,1,0.717579126358032,-1,-1,1,-1,0.317578077316284
12,1,3,15,-81,81,0,0.517151117324829,-1,1,-1,-1,0.467579126358032
12,1,3,16,27,27,1,0.400938987731934,-1,-1,1,-1,0.267151117324829
12,1,3,17,9,9,1,0.534221172332764,1,1,-1,-1,0.150938987731934
12,1,3,18,81,81,1,0.500466108322144,1,1,1,1,0.284221172332764
12,1,3,19,27,27,1,0.267593860626221,1,1,1,1,0.250466108322144
12,1,3,20,-27,27,0,0.53380012512207,1,1,1,1,0.0175938606262207
12,1,3,21,-9,9,0,0.568265676498413,-1,-1,1,1,0.28380012512207
12,1,3,22,-3,3,0,0.700892210006714,-1,-1,-1,-1,0.318265676498413
12,1,3,23,-3,3,0,0.584245204925537,-1,-1,-1,-1,0.450892210006714
12,1,3,24,27,27,1,0.500941514968872,-1,-1,-1,-1,0.334245204925537
12,1,3,25,-81,81,0,0.550467014312744,1,1,-1,-1,0.250941514968872
12,1,3,26,-9,9,0,0.584256172180176,-1,-1,1,1,0.300467014312744
12,1,3,27,27,27,1,0.450889825820923,-1,-1,-1,-1,0.334256172180176
12,1,3,28,9,9,0,0.51716947555542,1,1,-1,-1,0.200889825820923
12,1,3,29,3,3,1,0.567569255828857,1,-1,1,1,0.26716947555542
12,1,3,30,-0,0,0,0.48380184173584,1,1,-1,1,0.317569255828857
12,1,3,31,-81,81,0,0.533785820007324,-1,-1,1,1,0.23380184173584
12,1,3,32,-3,3,1,0.634237289428711,-1,-1,-1,-1,0.283785820007324
12,1,3,33,-27,27,0,0.517135858535767,-1,1,-1,-1,0.384237289428711
12,1,3,34,-81,81,0,0.534273147583008,-1,-1,1,-1,0.267135858535767
12,1,3,35,-27,27,0,0.51760196685791,-1,-1,-1,-1,0.284273147583008
12,1,3,36,-27,27,0,0.350477933883667,-1,-1,-1,-1,0.26760196685791
12,1,3,37,-3,3,1,0.40047287940979,-1,-1,-1,-1,0.100477933883667
12,1,3,38,-0,0,0,0.517132997512817,-1,1,-1,-1,0.15047287940979
12,1,3,39,-9,9,0,0.283838033676147,-1,-1,1,-1,0.267132997512817
12,1,3,40,-9,9,0,0.700446844100952,-1,-1,-1,-1,0.0338380336761475
12,1,3,41,-27,27,0,0.517592668533325,-1,-1,-1,-1,0.450446844100952
12,1,3,42,3,3,1,0.418130874633789,-1,-1,-1,-1,0.267592668533325
12,1,3,43,3,3,0,0.317579030990601,1,1,-1,-1,0.168130874633789
12,1,3,44,9,9,0,0.683782815933228,1,-1,1,1,0.0675790309906006
12,1,3,45,27,27,1,0.683814287185669,1,-1,-1,1,0.433782815933228
12,1,3,46,27,27,1,0.383826971054077,1,1,-1,1,0.433814287185669
12,1,3,47,81,81,1,0.51757025718689,1,1,1,1,0.133826971054077
12,1,3,48,-9,9,0,0.600922346115112,1,1,1,1,0.26757025718689
12,1,3,49,-3,3,0,0.718151569366455,-1,-1,1,1,0.350922346115112
12,1,3,50,-0,0,0,0.450470924377441,-1,-1,-1,-1,0.468151569366455
12,1,3,51,-3,3,1,0.583797216415405,-1,-1,-1,-1,0.200470924377441
12,1,3,52,-9,9,1,0.850455045700073,-1,1,-1,-1,0.333797216415405
12,1,3,53,3,3,0,0.734241724014282,-1,1,1,-1,0.600455045700073
12,1,3,54,9,9,1,0.533806800842285,1,-1,1,-1,0.484241724014282
12,1,3,55,0,0,0,0.867534399032593,1,1,-1,1,0.283806800842285
12,1,3,56,3,3,0,0.433897018432617,1,-1,1,1,0.617534399032593
12,1,3,57,81,81,1,0.48379111289978,1,-1,-1,1,0.183897018432617
12,1,3,58,3,3,1,0.550924062728882,1,1,-1,1,0.23379111289978
12,1,3,59,27,27,1,0.417593002319336,1,1,1,1,0.300924062728882
12,1,3,60,9,9,1,0.417139053344727,1,1,1,1,0.167593002319336
12,1,3,61,-0,0,1,0.383814096450806,1,1,1,1,0.167139053344727
12,1,3,62,-27,27,0,0.617597818374634,-1,1,1,1,0.133814096450806
12,1,3,63,-9,9,0,0.484273433685303,-1,-1,1,-1,0.367597818374634
12,1,3,64,-9,9,0,0.600888252258301,-1,-1,-1,-1,0.234273433685303
12,1,3,65,-27,27,0,0.483798265457153,-1,-1,-1,-1,0.350888252258301
12,1,3,66,9,9,1,0.467124938964844,-1,-1,-1,-1,0.233798265457153
12,1,3,67,27,27,1,0.48422908782959,1,1,-1,-1,0.217124938964844
12,1,3,68,9,9,1,0.550484895706177,1,1,1,1,0.23422908782959
12,1,3,69,27,27,1,0.367125988006592,1,1,1,1,0.300484895706177
12,1,3,70,81,81,1,0.450498819351196,1,1,1,1,0.117125988006592
12,1,3,71,-81,81,0,0.300911903381348,1,1,1,1,0.200498819351196
12,1,3,72,81,81,1,0.567580938339233,-1,-1,1,1,0.0509119033813477
12,1,3,73,3,3,1,0.533791065216064,1,1,-1,-1,0.317580938339233
12,1,3,74,81,81,1,0.400464773178101,1,1,1,1,0.283791065216064
12,1,3,75,-81,81,0,0.40046501159668,1,1,1,1,0.150464773178101
12,1,3,76,-9,9,0,0.533818960189819,-1,-1,1,1,0.15046501159668
12,1,3,77,-81,81,0,0.60092306137085,-1,-1,-1,-1,0.283818960189819
12,1,3,78,-81,81,0,0.700453996658325,-1,-1,-1,-1,0.35092306137085
12,1,3,79,27,27,1,0.350917816162109,-1,-1,-1,-1,0.450453996658325
12,1,3,80,81,81,1,0.350965976715088,1,1,-1,-1,0.100917816162109
12,1,3,81,9,9,0,0.484239339828491,1,1,1,1,0.100965976715088
12,1,3,82,3,3,1,0.450488090515137,1,-1,1,1,0.234239339828491
12,1,3,83,9,9,1,0.433803081512451,1,1,-1,1,0.200488090515137
12,1,3,84,81,81,1,0.250901460647583,1,1,1,1,0.183803081512451
12,1,3,85,9,9,1,0.617148637771606,1,1,1,1,0.000901460647583008
12,1,3,86,-0,0,1,0.501012086868286,1,1,1,1,0.367148637771606
12,1,3,87,-3,3,1,0.567589044570923,-1,1,1,1,0.251012086868286
12,1,3,88,-0,0,1,0.617131948471069,-1,1,1,-1,0.317589044570923
12,1,3,89,-27,27,0,0.333797216415405,-1,1,1,-1,0.367131948471069
12,1,3,90,-0,0,1,0.617177963256836,-1,-1,1,-1,0.0837972164154053
12,1,3,91,-81,81,0,0.400455951690674,-1,1,-1,-1,0.367177963256836
12,1,3,92,-27,27,0,0.383804798126221,-1,-1,1,-1,0.150455951690674
12,1,3,93,-9,9,0,0.417146921157837,-1,-1,-1,-1,0.133804798126221
12,1,3,94,-27,27,0,0.26756477355957,-1,-1,-1,-1,0.167146921157837
12,1,3,99,0,0,0,0.58381199836731,-1,1,-1,1,0.517579793930054
12,1,4,2,9,9,1,0.333794116973877,-1,-1,1,1,0.21779727935791
12,1,4,3,-27,27,0,0.733794927597046,1,1,-1,-1,0.083794116973877
12,1,4,4,-9,9,0,0.55090594291687,-1,-1,1,1,0.483794927597046
12,1,4,5,-27,27,0,0.550529956817627,-1,-1,-1,-1,0.30090594291687
12,1,4,9,-81,81,0,0.517605066299438,-1,-1,-1,-1,0.200923919677734
12,1,4,10,3,3,1,0.534271955490112,-1,-1,-1,-1,0.267605066299438
12,1,4,11,9,9,0,0.667601823806763,1,1,-1,-1,0.284271955490112
12,1,4,12,-27,27,0,0.750476360321045,1,-1,1,1,0.417601823806763
12,1,4,13,-81,81,0,0.650522708892822,-1,-1,-1,1,0.500476360321045
12,1,4,14,-3,3,0,0.767563819885254,-1,-1,-1,-1,0.400522708892822
12,1,4,15,-27,27,0,0.367146253585815,-1,-1,-1,-1,0.517563819885254
12,1,4,16,-81,81,0,0.283811569213867,-1,-1,-1,-1,0.117146253585815
12,1,4,17,-27,27,0,0.300923109054565,-1,-1,-1,-1,0.0338115692138672
12,1,4,18,0,0,1,0.500463962554932,-1,-1,-1,-1,0.0509231090545654
12,1,4,19,-81,81,0,0.667130947113037,1,1,-1,-1,0.250463962554932
12,1,4,20,81,81,1,0.383834600448608,-1,-1,1,1,0.417130947113037
12,1,4,21,0,0,1,0.500468969345093,1,1,-1,-1,0.133834600448608
12,1,4,22,0,0,1,0.500459671020508,1,1,1,1,0.250468969345093
12,1,4,23,27,27,1,0.550893068313599,1,1,1,1,0.250459671020508
12,1,4,24,-9,9,1,0.633794069290161,1,1,1,1,0.300893068313599
12,1,4,25,9,9,1,0.550942897796631,-1,1,1,1,0.383794069290161
12,1,4,26,0,0,1,0.750461578369141,1,1,1,-1,0.300942897796631
12,1,4,27,-81,81,0,0.433809280395508,1,1,1,1,0.500461578369141
12,1,4,28,9,9,1,0.467607259750366,-1,-1,1,1,0.183809280395508
12,1,4,29,-9,9,1,0.650479316711426,1,1,-1,-1,0.217607259750366
12,1,4,30,-81,81,0,0.383832931518555,-1,1,1,1,0.400479316711426
12,1,4,31,81,81,1,0.500917911529541,-1,-1,1,-1,0.133832931518555
12,1,4,32,9,9,1,0.383793115615845,1,1,-1,-1,0.250917911529541
12,1,4,33,-9,9,1,0.400900840759277,1,1,1,1,0.133793115615845
12,1,4,34,3,3,0,0.45053505897522,-1,1,1,1,0.150900840759277
12,1,4,35,81,81,1,0.600944519042969,1,-1,1,-1,0.20053505897522
12,1,4,36,-81,81,0,0.367135286331177,1,1,-1,1,0.350944519042969
12,1,4,37,9,9,1,0.567142009735107,-1,-1,1,1,0.117135286331177
12,1,4,38,27,27,1,0.450919151306152,1,1,-1,-1,0.317142009735107
12,1,4,39,3,3,0,0.617133140563965,1,1,1,1,0.200919151306152
12,1,4,40,-81,81,0,0.75047779083252,1,-1,1,1,0.367133140563965
12,1,4,41,-9,9,0,0.850442409515381,-1,-1,-1,1,0.50047779083252
12,1,4,42,27,27,1,0.517590999603271,-1,-1,-1,-1,0.600442409515381
12,1,4,43,0,0,1,0.784260988235474,1,1,-1,-1,0.267590999603271
12,1,4,44,-81,81,0,0.767654180526733,1,1,1,1,0.534260988235474
12,1,4,45,9,9,1,0.617598056793213,-1,-1,1,1,0.517654180526733
12,1,4,46,81,81,1,0.483803749084473,1,1,-1,-1,0.367598056793213
12,1,4,47,-27,27,0,0.400466203689575,1,1,1,1,0.233803749084473
12,1,4,48,-81,81,0,0.68381929397583,-1,-1,1,1,0.150466203689575
12,1,4,49,-3,3,0,0.633782625198364,-1,-1,-1,-1,0.43381929397583
12,1,4,50,3,3,1,0.467652082443237,-1,-1,-1,-1,0.383782625198364
12,1,4,51,-27,27,0,0.600494623184204,1,1,-1,-1,0.217652082443237
12,1,4,52,-27,27,0,0.817560911178589,-1,-1,1,1,0.350494623184204
12,1,4,53,0,0,0,0.40093994140625,-1,-1,-1,-1,0.567560911178589
12,1,4,54,-3,3,0,0.767149925231934,1,-1,-1,-1,0.15093994140625
12,1,4,55,3,3,1,0.617123365402222,-1,-1,-1,1,0.517149925231934
12,1,4,56,0,0,1,0.36714768409729,1,1,-1,-1,0.367123365402222
12,1,4,57,-3,3,1,0.617599010467529,1,1,1,1,0.11714768409729
12,1,4,58,27,27,1,0.467159032821655,-1,1,1,1,0.367599010467529
12,1,4,59,-0,0,1,0.450953006744385,1,1,1,-1,0.217159032821655
12,1,4,60,27,27,1,0.367160081863403,-1,1,1,1,0.200953006744385
12,1,4,61,-27,27,0,0.484360456466675,1,1,1,-1,0.117160081863403
12,1,4,62,-81,81,0,1.20042419433594,-1,-1,1,1,0.234360456466675
12,1,4,63,0,0,1,0.584246873855591,-1,-1,-1,-1,0.950424194335938
12,1,4,64,-9,9,1,0.333891868591309,1,1,-1,-1,0.334246873855591
12,1,4,65,27,27,1,0.48382306098938,-1,1,1,1,0.0838918685913086
12,1,4,66,-9,9,0,0.850927829742432,1,1,1,-1,0.23382306098938
12,1,4,67,0,0,1,0.384711027145386,-1,-1,1,1,0.600927829742432
12,1,4,68,-9,9,1,0.367152214050293,1,1,-1,-1,0.134711027145386
12,1,4,69,-3,3,1,0.850912094116211,-1,1,1,1,0.117152214050293
12,1,4,70,-9,9,1,0.500464200973511,-1,1,1,-1,0.600912094116211
12,1,4,71,-3,3,1,0.584248542785645,-1,1,1,-1,0.250464200973511
12,1,4,72,3,3,1,0.583798885345459,-1,1,1,-1,0.334248542785645
12,1,4,73,-27,27,0,0.600481748580933,1,1,1,-1,0.333798885345459
12,1,4,74,-3,3,1,0.40090799331665,-1,-1,1,1,0.350481748580933
12,1,4,75,81,81,1,0.467159986495972,-1,1,-1,-1,0.15090799331665
12,1,4,76,3,3,1,0.46713662147522,1,1,1,-1,0.217159986495972
12,1,4,77,27,27,1,0.25094199180603,1,1,1,1,0.21713662147522
12,1,4,78,-3,3,1,0.483800888061523,1,1,1,1,0.000941991806030273
12,1,4,79,9,9,1,0.750910997390747,-1,1,1,1,0.233800888061523
12,1,4,80,-27,27,0,0.300943613052368,1,1,1,-1,0.500910997390747
12,1,4,81,-9,9,1,0.717118263244629,-1,-1,1,1,0.0509436130523682
12,1,4,82,-9,9,0,0.834242105484009,-1,1,-1,-1,0.467118263244629
12,1,4,83,-27,27,0,0.533834457397461,-1,-1,1,-1,0.584242105484009
12,1,4,84,-3,3,0,0.550468921661377,-1,-1,-1,-1,0.283834457397461
12,1,4,85,-3,3,1,0.750454902648926,-1,-1,-1,-1,0.300468921661377
12,1,4,86,81,81,1,0.567624807357788,-1,1,-1,-1,0.500454902648926
12,1,4,87,3,3,1,0.250937938690186,1,1,1,-1,0.317624807357788
12,1,4,88,3,3,1,0.517138004302979,1,1,1,1,0.000937938690185547
12,1,4,95,-0,0,0,0.717132806777954,1,1,-1,-1,0.184255361557007
12,1,4,96,81,81,1,0.867122888565063,-1,-1,1,1,0.467132806777954
12,1,4,97,-9,9,0,0.483800888061523,1,1,-1,-1,0.617122888565063
12,1,4,98,81,81,1,0.700476169586182,-1,-1,1,1,0.233800888061523
12,1,4,99,3,3,1,0.450929164886475,1,1,-1,-1,0.450476169586182
12,1,5,5,27,27,1,0.650917053222656,1,1,1,1,0.333794116973877
12,1,5,6,81,81,1,0.733798980712891,1,1,1,1,0.400917053222656
12,1,5,7,-9,9,0,0.333828926086426,1,1,1,1,0.483798980712891
12,1,5,8,-3,3,0,0.433808088302612,-1,-1,1,1,0.0838289260864258
12,1,5,9,-81,81,0,0.517139673233032,-1,-1,-1,-1,0.183808088302612
12,1,5,10,9,9,0,0.500455856323242,-1,-1,-1,-1,0.267139673233032
12,1,5,11,81,81,1,0.650496006011963,1,-1,-1,-1,0.250455856323242
12,1,5,12,81,81,1,0.500466823577881,1,1,-1,1,0.400496006011963
12,1,5,13,-27,27,0,0.334255695343018,1,1,1,1,0.250466823577881
12,1,5,14,-9,9,0,0.283805131912231,-1,-1,1,1,0.0842556953430176
12,1,5,15,9,9,1,0.667176008224487,-1,-1,-1,-1,0.0338051319122314
12,1,5,19,-9,9,1,0.700463056564331,1,1,1,1,0.283785104751587
12,1,5,20,-9,9,1,0.950451135635376,-1,1,1,1,0.450463056564331
12,1,5,21,3,3,1,0.634260892868042,-1,1,1,-1,0.700451135635376
12,1,5,22,3,3,0,0.55089259147644,1,1,1,-1,0.384260892868042
12,1,5,23,9,9,1,0.433796882629395,1,-1,1,1,0.30089259147644
12,1,5,24,27,27,1,0.53426194190979,1,1,-1,1,0.183796882629395
12,1,5,25,81,81,1,0.583799362182617,1,1,1,1,0.28426194190979
12,1,5,26,-81,81,0,0.317149877548218,1,1,1,1,0.333799362182617
12,1,5,27,-3,3,1,0.65045690536499,-1,-1,1,1,0.0671498775482178
12,1,5,28,0,0,0,0.800914764404297,-1,1,-1,-1,0.40045690536499
12,1,5,29,-27,27,1,1.03379893302917,1,-1,1,-1,0.550914764404297
12,1,5,30,-9,9,1,0.684759855270386,-1,1,-1,1,0.783798933029175
12,1,5,31,-3,3,0,0.867617845535278,-1,1,1,-1,0.434759855270386
12,1,5,32,-27,27,1,0.51715350151062,-1,-1,1,-1,0.617617845535278
12,1,5,33,3,3,1,1.05090117454529,-1,1,-1,-1,0.26715350151062
12,1,5,34,81,81,1,0.434262037277222,1,1,1,-1,0.800901174545288
12,1,5,35,3,3,1,0.583800077438354,1,1,1,1,0.184262037277222
12,1,5,36,0,0,1,0.400538921356201,1,1,1,1,0.333800077438354
12,1,5,37,27,27,1,0.633800745010376,1,1,1,1,0.150538921356201
12,1,5,38,-3,3,0,0.433787107467651,1,1,1,1,0.383800745010376
12,1,5,39,-9,9,1,0.784246921539307,-1,-1,1,1,0.183787107467651
12,1,5,40,-3,3,1,0.550472021102905,-1,1,-1,-1,0.534246921539307
12,1,5,41,3,3,1,0.883769035339355,-1,1,1,-1,0.300472021102905
12,1,5,42,-9,9,0,0.617122173309326,1,1,1,-1,0.633769035339355
12,1,5,43,-9,9,0,0.417128086090088,-1,-1,1,1,0.367122173309326
12,1,5,44,-9,9,0,0.417144298553467,-1,-1,-1,-1,0.167128086090088
12,1,5,45,3,3,0,0.500889778137207,-1,-1,-1,-1,0.167144298553467
12,1,5,46,81,81,1,0.66758918762207,1,-1,-1,-1,0.250889778137207
12,1,5,47,-27,27,0,0.750929117202759,1,1,-1,1,0.41758918762207
12,1,5,48,0,0,0,0.417168140411377,-1,-1,1,1,0.500929117202759
12,1,5,49,27,27,1,0.383833169937134,1,-1,-1,-1,0.167168140411377
12,1,5,50,9,9,0,0.334250211715698,1,1,-1,1,0.133833169937134
12,1,5,51,-0,0,0,0.550464153289795,1,-1,1,1,0.0842502117156982
12,1,5,52,-3,3,1,0.80091404914856,-1,-1,-1,1,0.300464153289795
12,1,5,53,81,81,1,0.550467014312744,-1,1,-1,-1,0.55091404914856
12,1,5,54,-9,9,0,0.317596912384033,1,1,1,-1,0.300467014312744
12,1,5,55,-9,9,0,0.383809089660645,-1,-1,1,1,0.0675969123840332
12,1,5,56,-0,0,0,0.300465106964111,-1,-1,-1,-1,0.133809089660645
12,1,5,57,-27,27,0,0.734248638153076,-1,-1,-1,-1,0.0504651069641113
12,1,5,58,-27,27,0,0.450908184051514,-1,-1,-1,-1,0.484248638153076
12,1,5,59,81,81,1,0.250941038131714,-1,-1,-1,-1,0.200908184051514
12,1,5,60,0,0,1,0.500461101531982,1,1,-1,-1,0.000941038131713867
12,1,5,61,81,81,1,0.534260988235474,1,1,1,1,0.250461101531982
12,1,5,62,81,81,1,0.434256553649902,1,1,1,1,0.284260988235474
12,1,5,63,3,3,1,0.968441724777222,1,1,1,1,0.184256553649902
12,1,5,64,3,3,1,0.417144775390625,1,1,1,1,0.718441724777222
12,1,5,65,27,27,1,0.617581129074097,1,1,1,1,0.167144775390625
12,1,5,66,81,81,1,0.634251117706299,1,1,1,1,0.367581129074097
12,1,5,67,-27,27,0,0.451245069503784,1,1,1,1,0.384251117706299
12,1,5,68,-9,9,0,0.567605972290039,-1,-1,1,1,0.201245069503784
12,1,5,69,-3,3,1,0.383792161941528,-1,-1,-1,-1,0.317605972290039
12,1,5,70,-3,3,0,0.63381814956665,-1,1,-1,-1,0.133792161941528
12,1,5,71,-81,81,0,0.884232759475708,-1,-1,1,-1,0.38381814956665
12,1,5,72,-9,9,0,0.65168023109436,-1,-1,-1,-1,0.634232759475708
12,1,5,73,-81,81,0,0.717123031616211,-1,-1,-1,-1,0.40168023109436
12,1,5,74,0,0,1,0.450953483581543,-1,-1,-1,-1,0.467123031616211
12,1,5,75,27,27,1,0.700469970703125,1,1,-1,-1,0.200953483581543
12,1,5,76,27,27,1,0.817569971084595,1,1,1,1,0.450469970703125
12,1,5,77,-9,9,0,0.433829069137573,1,1,1,1,0.567569971084595
12,1,5,78,-81,81,0,1.06711912155151,-1,-1,1,1,0.183829069137573
12,1,5,79,-27,27,0,0.450474977493286,-1,-1,-1,-1,0.817119121551514
12,1,5,80,-27,27,0,0.367594003677368,-1,-1,-1,-1,0.200474977493286
12,1,5,81,-81,81,0,0.367136001586914,-1,-1,-1,-1,0.117594003677368
12,1,5,82,-3,3,0,0.483805894851685,-1,-1,-1,-1,0.117136001586914
12,1,5,83,-81,81,0,0.90092921257019,-1,-1,-1,-1,0.233805894851685
12,1,5,84,-3,3,1,0.617155075073242,-1,-1,-1,-1,0.65092921257019
12,1,5,85,-3,3,1,0.683850049972534,-1,1,-1,-1,0.367155075073242
12,1,5,86,-27,27,0,0.767575979232788,-1,1,1,-1,0.433850049972534
12,1,5,87,-9,9,0,0.400476932525635,-1,-1,1,-1,0.517575979232788
12,1,5,88,-9,9,0,0.534254312515259,-1,-1,-1,-1,0.150476932525635
12,1,5,93,81,81,1,0.700468063354492,1,1,1,1,0.317596912384033
12,1,5,94,27,27,1,0.667129993438721,1,1,1,1,0.450468063354492
12,1,5,95,0,0,1,0.700468301773071,1,1,1,1,0.417129993438721
12,1,5,96,3,3,1,0.833788394927979,1,1,1,1,0.450468301773071
12,1,5,97,0,0,1,0.600481986999512,1,1,1,1,0.583788394927979
12,1,5,98,3,3,1,0.417141914367676,1,1,1,1,0.350481986999512
12,1,5,99,27,27,1,0.350918531417847,1,1,1,1,0.167141914367676
12,1,6,2,-9,9,0,0.867553949356079,1,1,-1,-1,0.684001922607422
12,1,6,3,9,9,1,0.550472974777222,-1,-1,1,1,0.617553949356079
12,1,6,4,0,0,0,0.817575931549072,1,1,-1,-1,0.300472974777222
12,1,6,5,-3,3,1,0.417167901992798,1,-1,1,1,0.567575931549072
12,1,6,6,3,3,1,0.317203760147095,-1,1,-1,1,0.167167901992798
12,1,6,7,-27,27,0,0.283835649490356,1,1,1,-1,0.0672037601470947
12,1,6,8,-81,81,0,0.501014947891235,-1,-1,1,1,0.0338356494903564
12,1,6,9,9,9,1,0.450479745864868,-1,-1,-1,-1,0.251014947891235
12,1,6,10,-27,27,0,0.700468063354492,1,1,-1,-1,0.200479745864868
12,1,6,11,-3,3,1,0.96758508682251,-1,-1,1,1,0.450468063354492
12,1,6,12,-3,3,0,0.584251880645752,-1,1,-1,-1,0.71758508682251
12,1,6,13,-3,3,0,1.23377108573914,-1,-1,1,-1,0.334251880645752
12,1,6,14,9,9,1,0.650996923446655,-1,-1,-1,-1,0.983771085739136
12,1,6,15,-0,0,0,1.08376812934875,1,1,-1,-1,0.400996923446655
12,1,6,16,9,9,1,0.300477027893066,-1,-1,1,1,0.833768129348755
12,1,6,17,-9,9,0,0.350475072860718,1,1,-1,-1,0.0504770278930664
12,1,6,18,3,3,1,0.567590475082397,-1,-1,1,1,0.100475072860718
12,1,6,19,-3,3,1,0.767232894897461,1,1,-1,-1,0.317590475082397
12,1,6,20,81,81,1,0.584245920181274,-1,1,1,1,0.517232894897461
12,1,6,21,27,27,1,0.317130565643311,1,1,1,-1,0.334245920181274
12,1,6,22,-27,27,0,0.350919961929321,1,1,1,1,0.0671305656433105
12,1,6,23,27,27,0,0.434267997741699,-1,-1,1,1,0.100919961929321
12,1,6,24,-9,9,0,0.534250020980835,1,-1,-1,-1,0.184267997741699
12,1,6,25,-3,3,0,0.533791542053223,-1,-1,-1,1,0.284250020980835
12,1,6,26,81,81,1,0.667591571807861,-1,-1,-1,-1,0.283791542053223
12,1,6,27,-9,9,0,0.517619132995605,1,1,-1,-1,0.417591571807861
12,1,6,28,27,27,1,0.683792114257812,-1,-1,1,1,0.267619132995605
12,1,6,29,-81,81,0,0.51715087890625,1,1,-1,-1,0.433792114257812
12,1,6,30,0,0,1,0.617577075958252,-1,-1,1,1,0.26715087890625
12,1,6,31,27,27,1,0.650458097457886,1,1,-1,-1,0.367577075958252
12,1,6,32,-81,81,0,0.618026971817017,1,1,1,1,0.400458097457886
12,1,6,33,27,27,1,0.584940671920776,-1,-1,1,1,0.368026971817017
12,1,6,34,27,27,1,0.450501680374146,1,1,-1,-1,0.334940671920776
12,1,6,35,-27,27,0,0.634254217147827,1,1,1,1,0.200501680374146
12,1,6,36,3,3,0,0.383807182312012,-1,-1,1,1,0.384254217147827
12,1,6,37,-27,27,0,0.567152976989746,1,-1,-1,-1,0.133807182312012
12,1,6,38,81,81,1,0.600482940673828,-1,-1,-1,1,0.317152976989746
12,1,6,39,-81,81,0,0.583855152130127,1,1,-1,-1,0.350482940673828
12,1,6,40,27,27,1,0.400481224060059,-1,-1,1,1,0.333855152130127
12,1,6,41,-81,81,0,0.58425498008728,1,1,-1,-1,0.150481224060059
12,1,6,42,3,3,1,0.68424916267395,-1,-1,1,1,0.33425498008728
12,1,6,43,-81,81,0,0.800463199615479,1,1,-1,-1,0.43424916267395
12,1,6,44,9,9,1,0.450469017028809,-1,-1,1,1,0.550463199615479
12,1,6,45,-81,81,0,0.483803033828735,1,1,-1,-1,0.200469017028809
12,1,6,46,-9,9,0,0.484283208847046,-1,-1,1,1,0.233803033828735
12,1,6,47,3,3,1,0.417579889297485,-1,-1,-1,-1,0.234283208847046
12,1,6,48,-3,3,1,0.633790969848633,1,1,-1,-1,0.167579889297485
12,1,6,49,0,0,0,0.883815050125122,-1,1,1,1,0.383790969848633
12,1,6,50,-27,27,0,0.633786201477051,1,-1,1,-1,0.633815050125122
12,1,6,51,-9,9,0,0.400903940200806,-1,-1,-1,1,0.383786201477051
12,1,6,52,0,0,0,0.267232179641724,-1,-1,-1,-1,0.150903940200806
12,1,6,53,-9,9,0,0.517587900161743,1,-1,-1,-1,0.0172321796417236
12,1,6,54,81,81,1,0.684436321258545,-1,-1,-1,1,0.267587900161743
12,1,6,55,-27,27,0,0.383804082870483,1,1,-1,-1,0.434436321258545
12,1,6,56,9,9,1,0.467597007751465,-1,-1,1,1,0.133804082870483
12,1,6,57,-81,81,0,0.534249782562256,1,1,-1,-1,0.217597007751465
12,1,6,58,81,81,1,0.533788204193115,-1,-1,1,1,0.284249782562256
12,1,6,59,-3,3,1,0.583796977996826,1,1,-1,-1,0.283788204193115
12,1,6,60,81,81,1,0.550925731658936,-1,1,1,1,0.333796977996826
12,1,6,61,-81,81,0,0.400456190109253,1,1,1,-1,0.300925731658936
12,1,6,62,9,9,1,0.551000595092773,-1,-1,1,1,0.150456190109253
12,1,6,63,-27,27,0,0.517138957977295,1,1,-1,-1,0.301000595092773
12,1,6,64,-9,9,1,0.701181173324585,-1,-1,1,1,0.267138957977295
12,1,6,65,-9,9,1,0.600460052490234,-1,1,-1,-1,0.451181173324585
12,1,6,66,-27,27,0,0.317118406295776,-1,1,1,-1,0.350460052490234
12,1,6,67,-0,0,1,0.950913190841675,-1,-1,1,-1,0.0671184062957764
12,1,6,68,0,0,1,0.850902795791626,-1,1,-1,-1,0.700913190841675
12,1,6,69,-9,9,1,0.617580890655518,1,1,1,-1,0.600902795791626
12,1,6,70,81,81,1,1.28419137001038,-1,1,1,1,0.367580890655518
12,1,6,71,-81,81,0,0.568277597427368,1,1,1,-1,1.03419137001038
12,1,6,72,9,9,1,0.683878660202026,-1,-1,1,1,0.318277597427368
12,1,6,73,-9,9,1,0.734210968017578,1,1,-1,-1,0.433878660202026
12,1,6,74,-3,3,1,0.350922107696533,-1,1,1,1,0.484210968017578
12,1,6,75,0,0,0,0.700467109680176,-1,1,1,-1,0.100922107696533
12,1,6,76,81,81,1,0.600919961929321,1,-1,1,-1,0.450467109680176
12,1,6,77,27,27,1,0.450918197631836,1,1,-1,1,0.350919961929321
12,1,6,78,-3,3,1,0.467587947845459,1,1,1,1,0.200918197631836
12,1,6,79,81,81,1,0.500472784042358,-1,1,1,1,0.217587947845459
12,1,6,80,-3,3,0,0.684253215789795,1,1,1,-1,0.250472784042358
12,1,6,81,0,0,1,0.467138767242432,-1,-1,1,1,0.434253215789795
12,1,6,82,-3,3,1,0.567139148712158,1,1,-1,-1,0.217138767242432
12,1,6,83,-3,3,1,0.31713604927063,-1,1,1,1,0.317139148712158
12,1,6,84,-0,0,1,0.483810901641846,-1,1,1,-1,0.0671360492706299
12,1,6,85,81,81,1,0.750894069671631,-1,1,1,-1,0.233810901641846
12,1,6,86,-3,3,0,0.733794450759888,1,1,1,-1,0.500894069671631
12,1,6,87,27,27,1,0.417587757110596,-1,-1,1,1,0.483794450759888
12,1,6,88,-3,3,0,0.750452995300293,1,1,-1,-1,0.167587757110596
12,1,6,89,27,27,1,0.250975608825684,-1,-1,1,1,0.500452995300293
12,1,6,90,-27,27,0,0.583823204040527,1,1,-1,-1,0.000975608825683594
12,1,6,91,0,0,1,0.450902938842773,-1,-1,1,1,0.333823204040527
12,1,6,92,-81,81,0,0.617569923400879,1,1,-1,-1,0.200902938842773
12,1,6,93,27,27,1,0.300935983657837,-1,-1,1,1,0.367569923400879
12,1,6,94,-9,9,0,0.567578315734863,1,1,-1,-1,0.0509359836578369
12,1,6,95,9,9,1,0.600502014160156,-1,-1,1,1,0.317578315734863
12,1,6,96,27,27,1,0.30095100402832,1,1,-1,-1,0.350502014160156
12,1,6,97,-81,81,0,0.333832979202271,1,1,1,1,0.0509510040283203
13,1,1,2,-27,27,0,0.485480546951294,-1,1,-1,-1,0.585370302200317
13,1,1,3,27,27,1,0.252158403396606,-1,-1,1,-1,0.235480546951294
13,1,1,4,-9,9,1,0.368766069412231,1,1,-1,-1,0.00215840339660645
13,1,1,5,9,9,1,0.468770265579224,-1,1,1,1,0.118766069412231
13,1,1,6,-9,9,1,0.468764066696167,1,1,1,-1,0.218770265579224
13,1,1,7,-81,81,0,0.252126932144165,-1,1,1,1,0.218764066696167
13,1,1,8,9,9,1,0.302141189575195,-1,-1,1,-1,0.00212693214416504
13,1,1,9,-3,3,0,0.418750762939453,1,1,-1,-1,0.0521411895751953
13,1,1,10,0,0,1,0.552114248275757,-1,-1,1,1,0.168750762939453
13,1,1,11,-0,0,1,0.285455703735352,1,1,-1,-1,0.302114248275757
13,1,1,12,3,3,1,0.468763113021851,-1,1,1,1,0.0354557037353516
13,1,1,16,3,3,1,0.452072143554688,-1,-1,1,1,0.168765068054199
13,1,1,17,-27,27,1,0.368752002716064,1,1,-1,-1,0.202072143554688
13,1,1,18,9,9,0,0.618764877319336,-1,1,1,1,0.118752002716064
13,1,1,19,-27,27,0,0.302110195159912,1,-1,1,-1,0.368764877319336
13,1,1,20,9,9,0,0.668768167495728,-1,-1,-1,1,0.0521101951599121
13,1,1,21,-81,81,0,0.518759965896606,1,-1,-1,-1,0.418768167495728
13,1,1,22,81,81,1,0.468790292739868,-1,-1,-1,1,0.268759965896606
13,1,1,23,0,0,1,0.535443305969238,1,1,-1,-1,0.218790292739868
13,1,1,24,-27,27,0,0.552155017852783,1,1,1,1,0.285443305969238
13,1,1,25,9,9,1,0.552109241485596,-1,-1,1,1,0.302155017852783
13,1,1,26,-3,3,0,0.718755960464478,1,1,-1,-1,0.302109241485596
13,1,1,27,3,3,1,0.58542799949646,-1,-1,1,1,0.468755960464478
13,1,1,28,81,81,1,0.318774938583374,1,1,-1,-1,0.33542799949646
13,1,1,29,-27,27,0,0.535432100296021,1,1,1,1,0.068774938583374
13,1,1,30,81,81,1,0.568780899047852,-1,-1,1,1,0.285432100296021
13,1,1,31,3,3,1,0.618757247924805,1,1,-1,-1,0.318780899047852
13,1,1,32,-3,3,1,0.585426092147827,1,1,1,1,0.368757247924805
13,1,1,33,27,27,1,0.585416316986084,-1,1,1,1,0.335426092147827
13,1,1,34,-9,9,1,0.518760919570923,1,1,1,-1,0.335416316986084
13,1,1,35,81,81,1,0.518782138824463,-1,1,1,1,0.268760919570923
13,1,1,36,-81,81,0,0.518737077713013,1,1,1,-1,0.268782138824463
13,1,1,37,81,81,1,0.602115154266357,-1,-1,1,1,0.268737077713013
13,1,1,38,-81,81,0,0.6187744140625,1,1,-1,-1,0.352115154266357
13,1,1,39,3,3,0,0.502116918563843,-1,-1,1,1,0.3687744140625
13,1,1,40,-27,27,0,0.568769216537476,1,-1,-1,-1,0.252116918563843
13,1,1,41,-3,3,1,0.568766832351685,-1,-1,-1,1,0.318769216537476
13,1,1,42,9,9,1,0.685431241989136,-1,1,-1,-1,0.318766832351685
13,1,1,43,-3,3,0,0.535434722900391,1,1,1,-1,0.435431241989136
13,1,1,47,-0,0,1,0.618772029876709,-1,-1,-1,-1,0.335443496704102
13,1,1,48,9,9,1,0.51876425743103,-1,1,-1,-1,0.368772029876709
13,1,1,49,-27,27,0,0.285454034805298,1,1,1,-1,0.26876425743103
13,1,1,50,3,3,0,0.568782329559326,-1,-1,1,1,0.0354540348052979
13,1,1,51,-81,81,0,0.568769931793213,1,-1,-1,-1,0.318782329559326
13,1,1,52,9,9,0,0.552076101303101,-1,-1,-1,1,0.318769931793213
13,1,1,53,-27,27,0,0.568788051605225,1,-1,-1,-1,0.302076101303101
13,1,1,54,3,3,1,0.468776226043701,-1,-1,-1,1,0.318788051605225
13,1,1,58,-9,9,0,0.268793106079102,-1,1,-1,1,0.218774318695068
13,1,1,59,3,3,0,0.518770933151245,-1,-1,1,-1,0.0187931060791016
13,1,1,60,-27,27,0,0.585438251495361,1,-1,-1,-1,0.268770933151245
13,1,1,61,27,27,1,0.568773031234741,-1,-1,-1,1,0.335438251495361
13,1,1,62,-81,81,0,0.552154064178467,1,1,-1,-1,0.318773031234741
13,1,1,63,-27,27,0,0.535462141036987,-1,-1,1,1,0.302154064178467
13,1,1,64,81,81,1,0.585404872894287,-1,-1,-1,-1,0.285462141036987
13,1,1,65,0,0,1,0.535427093505859,1,1,-1,-1,0.335404872894287
13,1,1,66,-27,27,0,0.585445880889893,1,1,1,1,0.285427093505859
13,1,1,67,-3,3,0,0.768756151199341,-1,-1,1,1,0.335445880889893
13,1,1,68,81,81,1,0.585428953170776,-1,-1,-1,-1,0.518756151199341
13,1,1,69,-9,9,0,0.685442686080933,1,1,-1,-1,0.335428953170776
13,1,1,70,27,27,1,0.518740892410278,-1,-1,1,1,0.435442686080933
13,1,1,71,9,9,1,0.718777179718018,1,1,-1,-1,0.268740892410278
13,1,1,72,-27,27,0,0.635422468185425,1,1,1,1,0.468777179718018
13,1,1,73,3,3,1,0.685404062271118,-1,-1,1,1,0.385422468185425
13,1,1,74,81,81,1,0.535433053970337,1,1,-1,-1,0.435404062271118
13,1,1,75,-0,0,1,0.535434007644653,1,1,1,1,0.285433053970337
13,1,1,76,-9,9,1,0.585424184799194,-1,1,1,1,0.285434007644653
13,1,1,77,81,81,1,0.618783712387085,-1,1,1,-1,0.335424184799194
13,1,1,78,-3,3,0,0.702126979827881,1,1,1,-1,0.368783712387085
13,1,1,79,3,3,0,0.618755102157593,-1,-1,1,1,0.452126979827881
13,1,1,80,-9,9,1,0.518767118453979,1,-1,-1,-1,0.368755102157593
13,1,1,81,9,9,0,0.585422992706299,-1,1,-1,1,0.268767118453979
13,1,1,82,-9,9,1,0.585428953170776,1,-1,1,-1,0.335422992706299
13,1,1,83,27,27,1,0.518805027008057,-1,1,-1,1,0.335428953170776
13,1,1,84,-81,81,0,0.435467004776001,1,1,1,-1,0.268805027008057
13,1,1,85,9,9,1,0.618756532669067,-1,-1,1,1,0.185467004776001
13,1,1,86,81,81,1,0.668762445449829,1,1,-1,-1,0.368756532669067
13,1,1,87,-0,0,0,0.785434246063232,1,1,1,1,0.418762445449829
13,1,1,88,3,3,1,0.602099180221558,-1,-1,1,1,0.535434246063232
13,1,1,89,-27,27,0,0.535436868667603,1,1,-1,-1,0.352099180221558
13,1,1,90,27,27,1,0.818750143051147,-1,-1,1,1,0.285436868667603
13,1,1,91,-0,0,0,0.602055311203003,1,1,-1,-1,0.568750143051147
13,1,1,92,3,3,1,0.535425901412964,-1,-1,1,1,0.352055311203003
13,1,1,93,-0,0,0,0.618780374526978,1,1,-1,-1,0.285425901412964
13,1,1,94,81,81,1,0.518744230270386,-1,-1,1,1,0.368780374526978
13,1,1,95,-0,0,0,0.568761110305786,1,1,-1,-1,0.268744230270386
13,1,1,96,9,9,1,0.535435199737549,-1,-1,1,1,0.318761110305786
13,1,2,2,-3,3,1,0.550495147705078,-1,-1,-1,-1,0.334781885147095
13,1,2,3,-27,27,0,0.4671311378479,-1,1,-1,-1,0.300495147705078
13,1,2,4,-81,81,0,0.284737110137939,-1,-1,1,-1,0.2171311378479
13,1,2,5,-3,3,0,0.58425498008728,-1,-1,-1,-1,0.0347371101379395
13,1,2,6,3,3,0,0.683782815933228,-1,-1,-1,-1,0.33425498008728
13,1,2,7,-0,0,0,0.834270238876343,1,-1,-1,-1,0.433782815933228
13,1,2,8,3,3,0,0.550472974777222,-1,-1,-1,1,0.584270238876343
13,1,2,9,-3,3,1,0.634238958358765,1,-1,-1,-1,0.300472974777222
13,1,2,10,3,3,1,0.650893926620483,-1,1,-1,1,0.384238958358765
13,1,2,11,0,0,1,0.783809900283813,1,1,1,-1,0.400893926620483
13,1,2,12,3,3,1,0.600486040115356,1,1,1,1,0.533809900283813
13,1,2,13,9,9,1,0.867106914520264,1,1,1,1,0.350486040115356
13,1,2,14,0,0,0,0.400923013687134,1,1,1,1,0.617106914520264
13,1,2,15,-27,27,0,0.400905132293701,1,-1,1,1,0.150923013687134
13,1,2,16,27,27,1,0.584378004074097,-1,-1,-1,1,0.150905132293701
13,1,2,17,9,9,1,0.817123174667358,1,1,-1,-1,0.334378004074097
13,1,2,18,-27,27,0,0.550940036773682,1,1,1,1,0.567123174667358
13,1,2,19,-0,0,1,0.867120981216431,-1,-1,1,1,0.300940036773682
13,1,2,20,-27,27,0,0.967141151428223,-1,1,-1,-1,0.617120981216431
13,1,2,21,-27,27,0,0.533812999725342,-1,-1,1,-1,0.717141151428223
13,1,2,22,-9,9,0,0.584248781204224,-1,-1,-1,-1,0.283812999725342
13,1,2,23,-0,0,1,0.750452041625977,-1,-1,-1,-1,0.334248781204224
13,1,2,24,-9,9,1,0.6004638671875,-1,1,-1,-1,0.500452041625977
13,1,2,25,81,81,1,0.500922203063965,-1,1,1,-1,0.3504638671875
13,1,2,26,-81,81,0,0.450493812561035,1,1,1,-1,0.250922203063965
13,1,2,27,3,3,1,0.900449991226196,-1,-1,1,1,0.200493812561035
13,1,2,28,-9,9,1,0.667577028274536,1,1,-1,-1,0.650449991226196
13,1,2,29,-27,27,0,0.683825016021729,-1,1,1,1,0.417577028274536
13,1,2,30,9,9,1,0.534256935119629,-1,-1,1,-1,0.433825016021729
13,1,2,31,9,9,1,0.617125034332275,1,1,-1,-1,0.284256935119629
13,1,2,32,-3,3,1,0.634279251098633,1,1,1,1,0.367125034332275
13,1,2,33,-3,3,1,0.500916004180908,-1,1,1,1,0.384279251098633
13,1,2,34,27,27,1,0.533805131912231,-1,1,1,-1,0.250916004180908
13,1,2,35,-81,81,0,0.517583131790161,1,1,1,-1,0.283805131912231
13,1,2,36,27,27,1,0.56712007522583,-1,-1,1,1,0.267583131790161
13,1,2,37,3,3,1,0.650494337081909,1,1,-1,-1,0.31712007522583
13,1,2,38,9,9,1,0.600973129272461,1,1,1,1,0.400494337081909
13,1,2,39,-3,3,0,0.634225368499756,1,1,1,1,0.350973129272461
13,1,2,40,3,3,1,0.817651510238647,-1,-1,1,1,0.384225368499756
13,1,2,41,-9,9,0,0.533815145492554,1,1,-1,-1,0.567651510238647
13,1,2,42,-3,3,0,0.650449991226196,-1,-1,1,1,0.283815145492554
13,1,2,43,-27,27,0,0.333816051483154,-1,-1,-1,-1,0.400449991226196
13,1,2,44,-3,3,0,0.734213590621948,-1,-1,-1,-1,0.0838160514831543
13,1,2,45,-9,9,1,0.783783674240112,-1,-1,-1,-1,0.484213590621948
13,1,2,46,9,9,0,0.817115306854248,-1,1,-1,-1,0.533783674240112
13,1,2,47,0,0,1,0.550889253616333,1,-1,1,-1,0.567115306854248
13,1,2,48,81,81,1,0.533791303634644,1,1,-1,1,0.300889253616333
13,1,2,49,-9,9,1,0.667582035064697,1,1,1,1,0.283791303634644
13,1,2,50,-9,9,1,0.650506019592285,-1,1,1,1,0.417582035064697
13,1,2,51,3,3,0,0.867577075958252,-1,1,1,-1,0.400506019592285
13,1,2,52,9,9,1,0.533794641494751,1,-1,1,-1,0.617577075958252
13,1,2,53,-81,81,0,0.467128038406372,1,1,-1,1,0.283794641494751
13,1,2,54,3,3,1,0.567151784896851,-1,-1,1,1,0.217128038406372
13,1,2,55,27,27,1,0.61715292930603,1,1,-1,-1,0.317151784896851
13,1,2,56,27,27,1,0.634258031845093,1,1,1,1,0.36715292930603
13,1,2,57,-9,9,0,0.583810091018677,1,1,1,1,0.384258031845093
13,1,2,58,-3,3,1,0.650550365447998,-1,-1,1,1,0.333810091018677
13,1,2,59,-27,27,0,0.733822107315063,-1,1,-1,-1,0.400550365447998
13,1,2,60,-27,27,0,0.784229040145874,-1,-1,1,-1,0.483822107315063
13,1,2,61,-81,81,0,0.734264135360718,-1,-1,-1,-1,0.534229040145874
13,1,2,62,0,0,0,1.00089836120605,-1,-1,-1,-1,0.484264135360718
13,1,2,63,-27,27,0,0.550476312637329,1,-1,-1,-1,0.750898361206055
13,1,2,64,81,81,1,0.517541408538818,-1,-1,-1,1,0.300476312637329
13,1,2,65,81,81,1,0.650884866714478,1,1,-1,-1,0.267541408538818
13,1,2,66,81,81,1,0.550477027893066,1,1,1,1,0.400884866714478
13,1,2,67,81,81,1,0.5337815284729,1,1,1,1,0.300477027893066
13,1,2,68,-3,3,1,0.717622756958008,1,1,1,1,0.2837815284729
13,1,2,69,-27,27,0,0.584250211715698,-1,1,1,1,0.467622756958008
13,1,2,70,81,81,1,0.567195415496826,-1,-1,1,-1,0.334250211715698
13,1,2,71,0,0,1,0.834213256835938,1,1,-1,-1,0.317195415496826
13,1,2,72,-9,9,0,0.617122650146484,1,1,1,1,0.584213256835938
13,1,2,73,-3,3,0,0.567584991455078,-1,-1,1,1,0.367122650146484
13,1,2,74,-27,27,0,0.55044960975647,-1,-1,-1,-1,0.317584991455078
13,1,2,75,-81,81,0,0.484262228012085,-1,-1,-1,-1,0.30044960975647
13,1,2,76,81,81,1,0.500488996505737,-1,-1,-1,-1,0.234262228012085
13,1,2,77,27,27,1,0.634250164031982,1,1,-1,-1,0.250488996505737
13,1,2,78,81,81,1,0.567129135131836,1,1,1,1,0.384250164031982
13,1,2,79,-9,9,0,0.517599105834961,1,1,1,1,0.317129135131836
13,1,2,80,-9,9,0,0.750909090042114,-1,-1,1,1,0.267599105834961
13,1,2,81,-0,0,0,0.734222888946533,-1,-1,-1,-1,0.500909090042114
13,1,2,82,27,27,1,0.667542934417725,-1,-1,-1,-1,0.484222888946533
13,1,2,83,0,0,0,0.583827972412109,1,1,-1,-1,0.417542934417725
13,1,2,84,81,81,1,0.550909757614136,1,-1,1,1,0.333827972412109
13,1,2,85,81,81,1,0.517593145370483,1,1,-1,1,0.300909757614136
13,1,2,86,-3,3,0,0.950446128845215,1,1,1,1,0.267593145370483
13,1,2,87,-0,0,0,0.700913906097412,-1,-1,1,1,0.700446128845215
13,1,2,88,81,81,1,0.617115497589111,-1,-1,-1,-1,0.450913906097412
13,1,2,89,9,9,1,0.734252214431763,1,1,-1,-1,0.367115497589111
13,1,2,90,-3,3,0,0.617134094238281,1,1,1,1,0.484252214431763
13,1,2,91,-81,81,0,0.550930976867676,-1,-1,1,1,0.367134094238281
13,1,2,92,-81,81,0,0.500958204269409,-1,-1,-1,-1,0.300930976867676
13,1,2,93,27,27,1,0.733802318572998,-1,-1,-1,-1,0.250958204269409
13,1,2,94,-9,9,0,0.600462913513184,1,1,-1,-1,0.483802318572998
13,1,2,95,-81,81,0,0.717134952545166,-1,-1,1,1,0.350462913513184
13,1,2,96,-9,9,0,1.35044193267822,-1,-1,-1,-1,0.467134952545166
13,1,2,97,-27,27,0,0.667588949203491,-1,-1,-1,-1,1.10044193267822
13,1,2,98,-27,27,0,0.55051851272583,-1,-1,-1,-1,0.417588949203491
13,1,2,99,-9,9,0,0.568098306655884,-1,-1,-1,-1,0.30051851272583
13,1,3,2,-9,9,0,0.550461053848267,-1,1,-1,-1,0.534012079238892
13,1,3,3,0,0,1,0.633777141571045,-1,-1,1,-1,0.300461053848267
13,1,3,4,9,9,1,0.783807992935181,1,1,-1,-1,0.383777141571045
13,1,3,5,81,81,1,0.284280061721802,1,1,1,1,0.533807992935181
13,1,3,6,-0,0,0,0.683810949325562,1,1,1,1,0.0342800617218018
13,1,3,7,27,27,0,0.417144298553467,-1,-1,1,1,0.433810949325562
13,1,3,8,-81,81,0,0.350461959838867,1,-1,-1,-1,0.167144298553467
13,1,3,9,9,9,0,0.701009035110474,-1,-1,-1,1,0.100461959838867
13,1,3,10,27,27,1,0.483825206756592,1,-1,-1,-1,0.451009035110474
13,1,3,11,-0,0,1,0.767112731933594,1,1,-1,1,0.233825206756592
13,1,3,12,27,27,1,0.617545366287231,-1,1,1,1,0.517112731933594
13,1,3,13,-3,3,1,0.683794975280762,1,1,1,-1,0.367545366287231
13,1,3,14,27,27,1,0.483796119689941,-1,1,1,1,0.433794975280762
13,1,3,15,-0,0,0,0.800451040267944,1,1,1,-1,0.233796119689941
13,1,3,16,27,27,1,0.400500059127808,-1,-1,1,1,0.550451040267944
13,1,3,17,-81,81,0,0.367614984512329,1,1,-1,-1,0.150500059127808
13,1,3,18,81,81,1,0.500487804412842,-1,-1,1,1,0.117614984512329
13,1,3,19,81,81,1,0.517611980438232,1,1,-1,-1,0.250487804412842
13,1,3,20,-27,27,0,0.667121648788452,1,1,1,1,0.267611980438232
13,1,3,21,9,9,0,0.817096471786499,-1,-1,1,1,0.417121648788452
13,1,3,22,-3,3,1,0.784314870834351,1,-1,-1,-1,0.567096471786499
13,1,3,23,9,9,0,0.717126846313477,-1,1,-1,1,0.534314870834351
13,1,3,24,-81,81,0,0.350477933883667,1,-1,1,-1,0.467126846313477
13,1,3,25,81,81,1,0.45091700553894,-1,-1,-1,1,0.100477933883667
13,1,3,26,-3,3,1,0.917572975158691,1,1,-1,-1,0.20091700553894
13,1,3,27,0,0,1,0.567730665206909,-1,1,1,1,0.667572975158691
13,1,3,28,-27,27,0,0.517129898071289,1,1,1,-1,0.317730665206909
13,1,3,29,3,3,1,0.484247922897339,-1,-1,1,1,0.267129898071289
13,1,3,30,27,27,1,0.583794593811035,1,1,-1,-1,0.234247922897339
13,1,3,31,-81,81,0,0.900452136993408,1,1,1,1,0.333794593811035
13,1,3,32,3,3,1,0.550440311431885,-1,-1,1,1,0.650452136993408
13,1,3,33,27,27,1,0.400496006011963,1,1,-1,-1,0.300440311431885
13,1,3,37,9,9,1,0.567577838897705,-1,-1,1,1,0.550430297851562
13,1,3,38,-81,81,0,0.600465059280396,1,1,-1,-1,0.317577838897705
13,1,3,39,81,81,1,0.46754264831543,-1,-1,1,1,0.350465059280396
13,1,3,40,9,9,1,0.683851957321167,1,1,-1,-1,0.21754264831543
13,1,3,41,-9,9,1,0.633786678314209,1,1,1,1,0.433851957321167
13,1,3,42,-27,27,0,0.600467443466187,-1,1,1,1,0.383786678314209
13,1,3,43,3,3,1,0.584439039230347,-1,-1,1,-1,0.350467443466187
13,1,3,44,-3,3,1,0.834264993667603,1,1,-1,-1,0.334439039230347
13,1,3,45,27,27,1,0.700462102890015,-1,1,1,1,0.584264993667603
13,1,3,46,-81,81,0,0.533878087997437,1,1,1,-1,0.450462102890015
13,1,3,47,9,9,1,0.568085432052612,-1,-1,1,1,0.283878087997437
13,1,3,48,-3,3,1,0.417591094970703,1,1,-1,-1,0.318085432052612
13,1,3,49,27,27,1,0.617123126983643,-1,1,1,1,0.167591094970703
13,1,3,50,-9,9,0,0.783814668655396,1,1,1,-1,0.367123126983643
13,1,3,51,81,81,1,0.350447416305542,-1,-1,1,1,0.533814668655396
13,1,3,52,-9,9,0,0.63424825668335,1,1,-1,-1,0.100447416305542
13,1,3,53,81,81,1,0.50048565864563,-1,-1,1,1,0.38424825668335
13,1,3,54,-3,3,0,0.867572784423828,1,1,-1,-1,0.25048565864563
13,1,3,55,81,81,1,0.583818435668945,-1,-1,1,1,0.617572784423828
13,1,3,56,-3,3,0,0.750919103622437,1,1,-1,-1,0.333818435668945
13,1,3,57,9,9,0,0.78378438949585,-1,-1,1,1,0.500919103622437
13,1,3,58,-9,9,1,0.733807802200317,1,-1,-1,-1,0.53378438949585
13,1,3,59,-9,9,0,0.600454092025757,-1,1,-1,1,0.483807802200317
13,1,3,60,3,3,0,0.584261178970337,-1,-1,1,-1,0.350454092025757
13,1,3,61,-0,0,1,0.600934743881226,1,-1,-1,-1,0.334261178970337
13,1,3,62,81,81,1,0.584238052368164,-1,1,-1,1,0.350934743881226
13,1,3,63,-81,81,0,0.550976276397705,1,1,1,-1,0.334238052368164
13,1,3,64,27,27,1,0.633797168731689,-1,-1,1,1,0.300976276397705
13,1,3,65,-27,27,0,0.650913238525391,1,1,-1,-1,0.383797168731689
13,1,3,66,-0,0,0,0.733823299407959,-1,-1,1,1,0.400913238525391
13,1,3,67,3,3,0,0.683799028396606,-1,-1,-1,-1,0.483823299407959
13,1,3,68,-9,9,0,1.28375124931335,1,-1,-1,-1,0.433799028396606
13,1,3,69,9,9,0,0.784240007400513,-1,-1,-1,1,1.03375124931335
13,1,3,70,-27,27,0,0.800923824310303,1,-1,-1,-1,0.534240007400513
13,1,3,71,3,3,1,0.517125129699707,-1,-1,-1,1,0.550923824310303
13,1,3,72,-9,9,0,0.717119932174683,1,1,-1,-1,0.267125129699707
13,1,3,73,0,0,0,0.717104434967041,-1,-1,1,1,0.467119932174683
13,1,3,74,-27,27,1,0.984687805175781,1,-1,-1,-1,0.467104434967041
13,1,3,75,81,81,1,0.533851385116577,-1,1,-1,1,0.734687805175781
13,1,3,76,-81,81,0,0.46712327003479,1,1,1,-1,0.283851385116577
13,1,3,77,0,0,0,0.800473213195801,-1,-1,1,1,0.21712327003479
13,1,3,78,-27,27,0,0.65097713470459,1,-1,-1,-1,0.550473213195801
13,1,3,79,3,3,0,0.700878143310547,-1,-1,-1,1,0.40097713470459
13,1,3,80,-9,9,1,0.634245157241821,1,-1,-1,-1,0.450878143310547
13,1,3,81,-81,81,0,0.484247207641602,-1,1,-1,1,0.384245157241821
13,1,3,82,3,3,0,1.06709861755371,-1,-1,1,-1,0.234247207641602
13,1,3,83,-9,9,0,0.817128658294678,1,-1,-1,-1,0.817098617553711
13,1,3,84,-3,3,0,0.684263229370117,-1,-1,-1,1,0.567128658294678
13,1,3,85,0,0,1,0.600474119186401,-1,-1,-1,-1,0.434263229370117
13,1,3,86,-9,9,0,0.817189693450928,1,1,-1,-1,0.350474119186401
13,1,3,87,3,3,0,0.567152738571167,-1,-1,1,1,0.567189693450928
13,1,3,88,-3,3,1,1.33438110351562,1,-1,-1,-1,0.317152738571167
13,1,3,89,81,81,1,0.650461912155151,-1,1,-1,1,1.08438110351562
13,1,3,90,3,3,1,0.550493717193604,1,1,1,-1,0.400461912155151
13,1,3,91,0,0,1,0.883790969848633,1,1,1,1,0.300493717193604
13,1,3,92,3,3,0,0.500918388366699,1,1,1,1,0.633790969848633
13,1,3,93,-27,27,0,0.567547559738159,1,-1,1,1,0.250918388366699
13,1,3,94,81,81,1,0.583830595016479,-1,-1,-1,1,0.317547559738159
13,1,3,95,-27,27,0,0.484246253967285,1,1,-1,-1,0.333830595016479
13,1,3,96,27,27,1,0.517145156860352,-1,-1,1,1,0.234246253967285
13,1,3,97,-81,81,0,0.267133474349976,1,1,-1,-1,0.267145156860352
13,1,3,98,3,3,0,0.717118501663208,-1,-1,1,1,0.0171334743499756
13,1,3,99,-27,27,0,0.533803224563599,1,-1,-1,-1,0.467118501663208
13,1,4,2,-9,9,0,0.484228849411011,1,1,-1,-1,0.38452672958374
13,1,4,3,-0,0,1,0.534260988235474,-1,-1,1,1,0.234228849411011
13,1,4,4,-27,27,0,0.567131042480469,-1,1,-1,-1,0.284260988235474
13,1,4,5,3,3,0,0.967108964920044,-1,-1,1,-1,0.317131042480469
13,1,4,6,-81,81,0,0.767151832580566,1,-1,-1,-1,0.717108964920044
13,1,4,7,-27,27,0,0.333796977996826,-1,-1,-1,1,0.517151832580566
13,1,4,8,-3,3,1,0.400543928146362,-1,-1,-1,-1,0.0837969779968262
13,1,4,9,-27,27,0,0.733791828155518,-1,1,-1,-1,0.150543928146362
13,1,4,10,-3,3,1,0.617149114608765,-1,-1,1,-1,0.483791828155518
13,1,4,11,-27,27,0,0.617556095123291,-1,1,-1,-1,0.367149114608765
13,1,4,12,27,27,1,0.467165946960449,-1,-1,1,-1,0.367556095123291
13,1,4,13,3,3,0,0.617557048797607,1,1,-1,-1,0.217165946960449
13,1,4,14,81,81,1,0.634247779846191,1,-1,1,1,0.367557048797607
13,1,4,15,0,0,0,0.78421688079834,1,1,-1,1,0.384247779846191
13,1,4,16,-81,81,0,0.700462102890015,1,-1,1,1,0.53421688079834
13,1,4,17,-9,9,1,0.617600202560425,-1,-1,-1,1,0.450462102890015
13,1,4,18,9,9,1,0.567161083221436,-1,1,-1,-1,0.367600202560425
13,1,4,19,-3,3,1,0.733777046203613,1,1,1,-1,0.317161083221436
13,1,4,20,-0,0,1,0.600933313369751,-1,1,1,1,0.483777046203613
13,1,4,21,9,9,1,0.550908088684082,-1,1,1,-1,0.350933313369751
13,1,4,22,-9,9,1,0.683784008026123,1,1,1,-1,0.300908088684082
13,1,4,23,-9,9,1,0.633857250213623,-1,1,1,1,0.433784008026123
13,1,4,24,-9,9,0,0.600457906723022,-1,1,1,-1,0.383857250213623
13,1,4,25,27,27,1,0.383826971054077,-1,-1,1,-1,0.350457906723022
13,1,4,26,-9,9,0,0.317142009735107,1,1,-1,-1,0.133826971054077
13,1,4,27,3,3,1,0.400482892990112,-1,-1,1,1,0.0671420097351074
13,1,4,28,-27,27,0,0.567589044570923,1,1,-1,-1,0.150482892990112
13,1,4,29,-0,0,1,0.584250926971436,-1,-1,1,1,0.317589044570923
13,1,4,30,-27,27,0,0.451205015182495,-1,1,-1,-1,0.334250926971436
13,1,4,31,27,27,1,0.5342698097229,-1,-1,1,-1,0.201205015182495
13,1,4,32,-3,3,1,0.567115783691406,1,1,-1,-1,0.2842698097229
13,1,4,33,-3,3,1,0.567617893218994,-1,1,1,1,0.317115783691406
13,1,4,34,-81,81,0,0.517591953277588,-1,1,1,-1,0.317617893218994
13,1,4,35,27,27,1,0.434227228164673,-1,-1,1,-1,0.267591953277588
13,1,4,36,-3,3,1,0.750480890274048,1,1,-1,-1,0.184227228164673
13,1,4,37,-0,0,1,0.584244251251221,-1,1,1,1,0.500480890274048
13,1,4,38,-27,27,0,0.583812952041626,-1,1,1,-1,0.334244251251221
13,1,4,39,-81,81,0,0.450464963912964,-1,-1,1,-1,0.333812952041626
13,1,4,40,-81,81,0,0.600505113601685,-1,-1,-1,-1,0.200464963912964
13,1,4,41,3,3,1,0.567124366760254,-1,-1,-1,-1,0.350505113601685
13,1,4,42,27,27,1,0.367567300796509,1,1,-1,-1,0.317124366760254
13,1,4,43,-3,3,1,0.783806324005127,1,1,1,1,0.117567300796509
13,1,4,44,-27,27,0,0.617215156555176,-1,1,1,1,0.533806324005127
13,1,4,45,-81,81,0,0.567175149917603,-1,-1,1,-1,0.367215156555176
13,1,4,46,27,27,1,0.58426833152771,-1,-1,-1,-1,0.317175149917603
13,1,4,47,-0,0,1,0.717579126358032,1,1,-1,-1,0.33426833152771
13,1,4,48,9,9,1,0.617575645446777,-1,1,1,1,0.467579126358032
13,1,4,49,81,81,1,0.534253358840942,1,1,1,-1,0.367575645446777
13,1,4,50,0,0,1,0.467582941055298,1,1,1,1,0.284253358840942
13,1,4,51,-27,27,0,0.550480842590332,1,1,1,1,0.217582941055298
13,1,4,52,-3,3,1,0.650482177734375,-1,-1,1,1,0.300480842590332
13,1,4,53,-9,9,1,0.550900459289551,-1,1,-1,-1,0.400482177734375
13,1,4,54,0,0,0,0.633787155151367,-1,1,1,-1,0.300900459289551
13,1,4,55,3,3,1,0.583771467208862,1,-1,1,-1,0.383787155151367
13,1,4,56,81,81,1,0.500482320785522,1,1,-1,1,0.333771467208862
13,1,4,57,3,3,0,0.533816814422607,1,1,1,1,0.250482320785522
13,1,4,58,27,27,1,0.584771633148193,1,-1,1,1,0.283816814422607
13,1,4,59,-81,81,0,0.300476312637329,1,1,-1,1,0.334771633148193
13,1,4,60,-9,9,0,0.667128086090088,-1,-1,1,1,0.0504763126373291
13,1,4,61,-9,9,0,0.600484848022461,-1,-1,-1,-1,0.417128086090088
13,1,4,62,-9,9,1,0.567124128341675,-1,-1,-1,-1,0.350484848022461
13,1,4,66,-0,0,1,0.567107200622559,-1,1,-1,-1,0.0504772663116455
13,1,4,67,-81,81,0,0.53430700302124,-1,1,1,-1,0.317107200622559
13,1,4,68,27,27,1,0.40047025680542,-1,-1,1,-1,0.28430700302124
13,1,4,69,9,9,1,0.600451946258545,1,1,-1,-1,0.15047025680542
13,1,4,70,-81,81,0,0.317146062850952,1,1,1,1,0.350451946258545
13,1,4,71,81,81,1,0.551138401031494,-1,-1,1,1,0.0671460628509521
13,1,4,72,3,3,1,0.750471115112305,1,1,-1,-1,0.301138401031494
13,1,4,73,-0,0,1,0.733856201171875,1,1,1,1,0.500471115112305
13,1,4,74,81,81,1,0.584285974502563,-1,1,1,1,0.483856201171875
13,1,4,75,9,9,1,0.800450801849365,1,1,1,-1,0.334285974502563
13,1,4,76,81,81,1,0.667128562927246,1,1,1,1,0.550450801849365
13,1,4,77,-9,9,1,0.684253215789795,1,1,1,1,0.417128562927246
13,1,4,78,3,3,1,0.417140960693359,-1,1,1,1,0.434253215789795
13,1,4,79,-81,81,0,0.583813190460205,1,1,1,-1,0.167140960693359
13,1,4,80,-81,81,0,0.517120122909546,-1,-1,1,1,0.333813190460205
13,1,4,81,-9,9,0,0.800445556640625,-1,-1,-1,-1,0.267120122909546
13,1,4,82,-27,27,0,0.583783149719238,-1,-1,-1,-1,0.550445556640625
13,1,4,83,-81,81,0,0.651000022888184,-1,-1,-1,-1,0.333783149719238
13,1,4,84,0,0,0,0.600452184677124,-1,-1,-1,-1,0.401000022888184
13,1,4,85,9,9,1,0.500890493392944,1,-1,-1,-1,0.350452184677124
13,1,4,86,27,27,1,0.51757025718689,1,1,-1,1,0.250890493392944
13,1,4,87,3,3,1,0.56715726852417,1,1,1,1,0.26757025718689
13,1,4,88,-81,81,0,0.2671217918396,1,1,1,1,0.31715726852417
13,1,4,89,3,3,1,0.767685413360596,-1,-1,1,1,0.0171217918395996
13,1,4,90,-9,9,0,0.700960159301758,1,1,-1,-1,0.517685413360596
13,1,4,91,81,81,1,0.617128849029541,-1,-1,1,1,0.450960159301758
13,1,4,92,9,9,1,0.500496387481689,1,1,-1,-1,0.367128849029541
13,1,4,93,3,3,1,0.600918054580688,1,1,1,1,0.250496387481689
13,1,4,94,-9,9,0,0.600462913513184,1,1,1,1,0.350918054580688
13,1,4,95,-27,27,0,0.600952863693237,-1,-1,1,1,0.350462913513184
13,1,4,99,-27,27,0,0.583799839019775,1,1,1,-1,0.367566108703613
13,1,5,2,-0,0,1,0.500459909439087,-1,-1,1,1,0.300707101821899
13,1,5,3,-9,9,1,0.467939853668213,-1,1,-1,-1,0.250459909439087
13,1,5,4,-81,81,0,0.450929880142212,-1,1,1,-1,0.217939853668213
13,1,5,5,3,3,1,0.600886344909668,-1,-1,1,-1,0.200929880142212
13,1,5,6,81,81,1,0.267148017883301,1,1,-1,-1,0.350886344909668
13,1,5,7,3,3,1,0.533801078796387,1,1,1,1,0.0171480178833008
13,1,5,8,0,0,1,0.517124891281128,1,1,1,1,0.283801078796387
13,1,5,9,27,27,1,0.533802032470703,1,1,1,1,0.267124891281128
13,1,5,10,-0,0,0,0.450935840606689,1,1,1,1,0.283802032470703
13,1,5,11,-27,27,0,0.450508117675781,-1,-1,1,1,0.200935840606689
13,1,5,12,-9,9,1,0.883774042129517,-1,-1,-1,-1,0.200508117675781
13,1,5,13,-27,27,0,0.583782911300659,-1,1,-1,-1,0.633774042129517
13,1,5,14,-3,3,1,0.583786010742188,-1,-1,1,-1,0.333782911300659
13,1,5,15,3,3,1,0.750452995300293,-1,1,-1,-1,0.333786010742188
13,1,5,16,-81,81,0,0.583817958831787,1,1,1,-1,0.500452995300293
13,1,5,17,81,81,1,0.517123699188232,-1,-1,1,1,0.333817958831787
13,1,5,18,0,0,1,0.467132091522217,1,1,-1,-1,0.267123699188232
13,1,5,19,81,81,1,0.517125844955444,1,1,1,1,0.217132091522217
13,1,5,20,-81,81,0,0.450470924377441,1,1,1,1,0.267125844955444
13,1,5,21,-27,27,0,0.484275341033936,-1,-1,1,1,0.200470924377441
13,1,5,22,27,27,1,0.334249973297119,-1,-1,-1,-1,0.234275341033936
13,1,5,23,27,27,1,0.300482988357544,1,1,-1,-1,0.0842499732971191
13,1,5,24,27,27,1,0.567584276199341,1,1,1,1,0.0504829883575439
13,1,5,25,9,9,1,0.617223024368286,1,1,1,1,0.317584276199341
13,1,5,26,3,3,1,0.500455617904663,1,1,1,1,0.367223024368286
13,1,5,27,0,0,1,0.51718282699585,1,1,1,1,0.250455617904663
13,1,5,28,3,3,1,0.383785724639893,1,1,1,1,0.26718282699585
13,1,5,29,-0,0,1,0.550922155380249,1,1,1,1,0.133785724639893
13,1,5,30,81,81,1,0.40092396736145,-1,1,1,1,0.300922155380249
13,1,5,31,81,81,1,0.484232664108276,1,1,1,-1,0.15092396736145
13,1,5,32,-0,0,1,0.433784484863281,1,1,1,1,0.234232664108276
13,1,5,33,-9,9,1,0.600492477416992,-1,1,1,1,0.183784484863281
13,1,5,34,81,81,1,0.267144203186035,-1,1,1,-1,0.350492477416992
13,1,5,35,9,9,1,0.683782577514648,1,1,1,-1,0.0171442031860352
13,1,5,36,27,27,1,0.467787742614746,1,1,1,1,0.433782577514648
13,1,5,37,81,81,1,0.35046911239624,1,1,1,1,0.217787742614746
13,1,5,38,27,27,1,0.300506830215454,1,1,1,1,0.10046911239624
13,1,5,39,3,3,1,0.567592144012451,1,1,1,1,0.0505068302154541
13,1,5,40,9,9,1,0.417646169662476,1,1,1,1,0.317592144012451
13,1,5,41,3,3,1,0.467600345611572,1,1,1,1,0.167646169662476
13,1,5,42,3,3,1,0.600458145141602,1,1,1,1,0.217600345611572
13,1,5,43,81,81,1,0.400938987731934,1,1,1,1,0.350458145141602
13,1,5,44,81,81,1,0.550925016403198,1,1,1,1,0.150938987731934
13,1,5,45,27,27,1,0.617594003677368,1,1,1,1,0.300925016403198
13,1,5,46,3,3,0,0.517577171325684,1,1,1,1,0.367594003677368
13,1,5,47,3,3,1,0.534250974655151,1,-1,1,1,0.267577171325684
13,1,5,48,-9,9,1,0.650490999221802,1,1,-1,1,0.284250974655151
13,1,5,49,-27,27,0,0.450985670089722,-1,1,1,1,0.400490999221802
13,1,5,50,-27,27,0,0.584299564361572,-1,-1,1,-1,0.200985670089722
13,1,5,51,-9,9,0,0.567126750946045,-1,-1,-1,-1,0.334299564361572
13,1,5,52,-9,9,0,0.434244394302368,-1,-1,-1,-1,0.317126750946045
13,1,5,53,-27,27,0,0.317144155502319,-1,-1,-1,-1,0.184244394302368
13,1,5,54,3,3,1,0.6009202003479,-1,-1,-1,-1,0.0671441555023193
13,1,5,55,-9,9,0,0.333804845809937,1,1,-1,-1,0.3509202003479
13,1,5,56,-3,3,0,0.600462198257446,-1,-1,1,1,0.0838048458099365
13,1,5,57,-9,9,0,0.417135953903198,-1,-1,-1,-1,0.350462198257446
13,1,5,58,-27,27,0,0.550455331802368,-1,-1,-1,-1,0.167135953903198
13,1,5,59,-9,9,1,0.633795738220215,-1,-1,-1,-1,0.300455331802368
13,1,5,60,-27,27,0,0.483800411224365,-1,1,-1,-1,0.383795738220215
13,1,5,61,-0,0,0,0.500924825668335,-1,-1,1,-1,0.233800411224365
13,1,5,62,-9,9,0,0.450451374053955,-1,-1,-1,-1,0.250924825668335
13,1,5,63,-3,3,1,0.583790302276611,-1,-1,-1,-1,0.200451374053955
13,1,5,64,81,81,1,0.583794832229614,-1,1,-1,-1,0.333790302276611
13,1,5,65,9,9,1,0.683811187744141,1,1,1,-1,0.333794832229614
13,1,5,66,0,0,1,0.651106834411621,1,1,1,1,0.433811187744141
13,1,5,67,3,3,1,0.717122077941895,1,1,1,1,0.401106834411621
13,1,5,68,9,9,1,0.650925636291504,1,1,1,1,0.467122077941895
13,1,5,69,27,27,1,0.534240245819092,1,1,1,1,0.400925636291504
13,1,5,70,81,81,1,0.584252119064331,1,1,1,1,0.284240245819092
13,1,5,71,-3,3,1,0.66712212562561,1,1,1,1,0.334252119064331
13,1,5,72,-3,3,0,0.667592763900757,-1,1,1,1,0.41712212562561
13,1,5,73,-3,3,0,0.367128372192383,-1,-1,1,-1,0.417592763900757
13,1,5,74,-3,3,0,0.550915002822876,-1,-1,-1,-1,0.117128372192383
13,1,5,75,-9,9,1,0.567140340805054,-1,-1,-1,-1,0.300915002822876
13,1,5,76,-27,27,0,0.600464582443237,-1,1,-1,-1,0.317140340805054
13,1,5,77,-81,81,1,0.384251356124878,-1,-1,1,-1,0.350464582443237
13,1,5,78,-3,3,1,0.567138671875,-1,1,-1,-1,0.134251356124878
13,1,5,79,-27,27,0,0.733786106109619,-1,1,1,-1,0.317138671875
13,1,5,80,-0,0,1,0.350461721420288,-1,-1,1,-1,0.483786106109619
13,1,5,81,-9,9,0,0.650919914245605,-1,1,-1,-1,0.100461721420288
13,1,5,82,-9,9,1,0.56715202331543,-1,-1,1,-1,0.400919914245605
13,1,5,83,-27,27,0,0.517191648483276,-1,1,-1,-1,0.31715202331543
13,1,5,84,-81,81,0,0.517607927322388,-1,-1,1,-1,0.267191648483276
13,1,5,85,-3,3,1,0.650933742523193,-1,-1,-1,-1,0.267607927322388
13,1,5,86,-81,81,0,0.417138814926147,-1,1,-1,-1,0.400933742523193
13,1,5,87,-81,81,0,0.600910186767578,-1,-1,1,-1,0.167138814926147
13,1,5,88,-27,27,0,0.650904893875122,-1,-1,-1,-1,0.350910186767578
13,1,5,92,9,9,1,0.733785152435303,1,1,-1,-1,0.317586898803711
13,1,5,93,81,81,1,0.583791255950928,1,1,1,1,0.483785152435303
13,1,5,94,3,3,1,0.667115211486816,1,1,1,1,0.333791255950928
13,1,5,95,-9,9,1,0.56712794303894,1,1,1,1,0.417115211486816
13,1,5,96,-0,0,1,0.617103338241577,-1,1,1,1,0.31712794303894
13,1,5,97,-9,9,1,0.584258317947388,-1,1,1,-1,0.367103338241577
13,1,5,98,-81,81,0,0.367555141448975,-1,1,1,-1,0.334258317947388
13,1,5,99,27,27,1,0.833771705627441,-1,-1,1,-1,0.117555141448975
13,1,6,2,-81,81,0,0.567589998245239,-1,-1,1,1,0.334696531295776
13,1,6,3,-0,0,1,0.833775997161865,-1,-1,-1,-1,0.317589998245239
13,1,6,4,-9,9,1,0.41765284538269,-1,1,-1,-1,0.583775997161865
13,1,6,5,-27,27,0,0.567593097686768,-1,1,1,-1,0.16765284538269
13,1,6,6,-3,3,1,0.750463724136353,-1,-1,1,-1,0.317593097686768
13,1,6,7,-9,9,1,0.53379487991333,-1,1,-1,-1,0.500463724136353
13,1,6,8,-3,3,0,1.01710391044617,-1,1,1,-1,0.28379487991333
13,1,6,9,27,27,1,0.400493144989014,-1,-1,1,-1,0.767103910446167
13,1,6,10,9,9,1,0.533797740936279,1,1,-1,-1,0.150493144989014
13,1,6,11,3,3,1,0.500882625579834,1,1,1,1,0.283797740936279
13,1,6,12,9,9,1,0.617584943771362,1,1,1,1,0.250882625579834
13,1,6,13,27,27,1,0.534242391586304,1,1,1,1,0.367584943771362
13,1,6,14,-9,9,1,0.450467824935913,1,1,1,1,0.284242391586304
13,1,6,15,-9,9,1,0.83424711227417,-1,1,1,1,0.200467824935913
13,1,6,16,-0,0,1,0.533825159072876,-1,1,1,-1,0.58424711227417
13,1,6,17,-27,27,0,0.933791160583496,-1,1,1,-1,0.283825159072876
13,1,6,18,-27,27,0,0.717146158218384,-1,-1,1,-1,0.683791160583496
13,1,6,19,-81,81,0,0.583822965621948,-1,-1,-1,-1,0.467146158218384
13,1,6,20,-81,81,0,0.417206048965454,-1,-1,-1,-1,0.333822965621948
13,1,6,21,9,9,1,0.650889158248901,-1,-1,-1,-1,0.167206048965454
13,1,6,22,9,9,1,0.600453853607178,1,1,-1,-1,0.400889158248901
13,1,6,23,81,81,1,0.467595815658569,1,1,1,1,0.350453853607178
13,1,6,24,81,81,1,0.400492906570435,1,1,1,1,0.217595815658569
13,1,6,25,-81,81,0,0.36713719367981,1,1,1,1,0.150492906570435
13,1,6,26,-3,3,0,0.717648983001709,-1,-1,1,1,0.11713719367981
13,1,6,27,-9,9,0,0.500921010971069,-1,-1,-1,-1,0.467648983001709
13,1,6,28,-3,3,0,0.400465250015259,-1,-1,-1,-1,0.250921010971069
13,1,6,29,-27,27,0,0.684285163879395,-1,-1,-1,-1,0.150465250015259
13,1,6,30,3,3,1,0.750489711761475,-1,-1,-1,-1,0.434285163879395
13,1,6,31,9,9,1,0.45046591758728,1,1,-1,-1,0.500489711761475
13,1,6,36,27,27,1,0.550469160079956,1,1,1,1,0.28380012512207
13,1,6,37,0,0,1,0.584226846694946,1,1,1,1,0.300469160079956
13,1,6,38,81,81,1,0.700906276702881,1,1,1,1,0.334226846694946
13,1,6,39,81,81,1,0.617712259292603,1,1,1,1,0.450906276702881
13,1,6,40,81,81,1,0.867573499679565,1,1,1,1,0.367712259292603
13,1,6,41,0,0,1,0.617215394973755,1,1,1,1,0.617573499679565
13,1,6,42,3,3,0,0.617547512054443,1,1,1,1,0.367215394973755
13,1,6,43,-3,3,1,0.567578077316284,1,-1,1,1,0.367547512054443
13,1,6,44,-9,9,1,0.600484132766724,-1,1,-1,1,0.317578077316284
13,1,6,45,9,9,1,0.600481510162354,-1,1,1,-1,0.350484132766724
13,1,6,46,27,27,1,0.467148303985596,1,1,1,-1,0.350481510162354
13,1,6,47,-9,9,1,0.550462245941162,1,1,1,1,0.217148303985596
13,1,6,48,81,81,1,0.300899744033813,-1,1,1,1,0.300462245941162
13,1,6,49,27,27,1,0.584232091903687,1,1,1,-1,0.0508997440338135
13,1,6,50,3,3,1,0.600919008255005,1,1,1,1,0.334232091903687
13,1,6,51,-3,3,1,0.533791303634644,1,1,1,1,0.350919008255005
13,1,6,52,-27,27,0,0.617121696472168,-1,1,1,1,0.283791303634644
13,1,6,53,-9,9,0,0.834283828735352,-1,-1,1,-1,0.367121696472168
13,1,6,54,-27,27,0,0.617600679397583,-1,-1,-1,-1,0.584283828735352
13,1,6,55,-27,27,0,0.633772373199463,-1,-1,-1,-1,0.367600679397583
13,1,6,56,-81,81,0,0.551430702209473,-1,-1,-1,-1,0.383772373199463
13,1,6,57,-3,3,1,0.634259223937988,-1,-1,-1,-1,0.301430702209473
13,1,6,58,-9,9,1,0.633795261383057,-1,1,-1,-1,0.384259223937988
13,1,6,59,-81,81,0,0.583846569061279,-1,1,1,-1,0.383795261383057
13,1,6,60,81,81,1,0.250946044921875,-1,-1,1,-1,0.333846569061279
13,1,6,61,27,27,1,0.583801507949829,1,1,-1,-1,0.000946044921875
13,1,6,62,-3,3,1,0.467137336730957,1,1,1,1,0.333801507949829
13,1,6,63,-0,0,1,0.350469350814819,-1,1,1,1,0.217137336730957
13,1,6,64,-27,27,0,0.867579936981201,-1,1,1,-1,0.100469350814819
13,1,6,65,-3,3,0,0.533827304840088,-1,-1,1,-1,0.617579936981201
13,1,6,66,-3,3,0,0.534245491027832,-1,-1,-1,-1,0.283827304840088
13,1,6,67,-81,81,0,0.650462865829468,-1,-1,-1,-1,0.284245491027832
13,1,6,68,81,81,1,0.450468063354492,-1,-1,-1,-1,0.400462865829468
13,1,6,69,27,27,1,0.550464153289795,1,1,-1,-1,0.200468063354492
13,1,6,70,3,3,1,0.600489139556885,1,1,1,1,0.300464153289795
13,1,6,71,-3,3,1,0.483839273452759,1,1,1,1,0.350489139556885
13,1,6,72,-81,81,0,0.583783864974976,-1,1,1,1,0.233839273452759
13,1,6,73,-27,27,0,0.567122459411621,-1,-1,1,-1,0.333783864974976
13,1,6,74,9,9,1,0.400470018386841,-1,-1,-1,-1,0.317122459411621
13,1,6,75,27,27,1,0.500921010971069,1,1,-1,-1,0.150470018386841
13,1,6,76,0,0,0,0.917142868041992,1,1,1,1,0.250921010971069
13,1,6,77,27,27,1,0.583857297897339,1,-1,1,1,0.667142868041992
13,1,6,78,-81,81,0,0.600928783416748,1,1,-1,1,0.333857297897339
13,1,6,79,81,81,1,0.450464963912964,-1,-1,1,1,0.350928783416748
13,1,6,83,9,9,1,0.917577266693115,1,1,-1,-1,0.283777475357056
13,1,6,84,81,81,1,0.63425350189209,1,1,1,1,0.667577266693115
13,1,6,85,9,9,1,0.533789157867432,1,1,1,1,0.38425350189209
13,1,6,86,3,3,1,0.75090479850769,1,1,1,1,0.283789157867432
13,1,6,87,-0,0,0,0.900465965270996,1,1,1,1,0.50090479850769
13,1,6,88,3,3,1,1.01714420318604,-1,-1,1,1,0.650465965270996
13,1,6,89,9,9,1,0.73378849029541,1,1,-1,-1,0.767144203186035
13,1,6,90,3,3,1,0.700919628143311,1,1,1,1,0.48378849029541
13,1,6,91,3,3,1,0.567614793777466,1,1,1,1,0.450919628143311
13,1,6,92,27,27,1,0.683786392211914,1,1,1,1,0.317614793777466
13,1,6,93,3,3,0,1.00093603134155,1,1,1,1,0.433786392211914
13,1,6,94,-0,0,0,0.983800172805786,1,-1,1,1,0.750936031341553
13,1,6,95,-81,81,0,0.650875568389893,-1,-1,-1,1,0.733800172805786
13,1,6,96,-0,0,0,0.917586088180542,-1,-1,-1,-1,0.400875568389893
13,1,6,97,-9,9,0,0.600917339324951,-1,-1,-1,-1,0.667586088180542
13,1,6,98,-0,0,0,1.01757717132568,-1,-1,-1,-1,0.350917339324951
13,1,6,99,0,0,1,0.650911569595337,-1,-1,-1,-1,0.767577171325684
13,2,1,2,27,27,1,0.550467967987061,-1,1,1,1,0.484564542770386
13,2,1,3,-9,9,1,0.700955629348755,1,1,1,-1,0.300467967987061
13,2,1,4,0,0,1,0.617120981216431,-1,1,1,1,0.450955629348755
13,2,1,5,-81,81,0,0.567149877548218,1,1,1,-1,0.367120981216431
13,2,1,6,-27,27,0,0.550467014312744,-1,-1,1,1,0.317149877548218
13,2,1,7,3,3,1,0.967565298080444,-1,-1,-1,-1,0.300467014312744
13,2,1,8,-81,81,0,0.567593812942505,1,1,-1,-1,0.717565298080444
13,2,1,9,9,9,1,0.550518035888672,-1,-1,1,1,0.317593812942505
13,2,1,10,-27,27,0,0.467149019241333,1,1,-1,-1,0.300518035888672
13,2,1,11,9,9,1,0.583783864974976,-1,-1,1,1,0.217149019241333
13,2,1,12,-81,81,0,0.567586898803711,1,1,-1,-1,0.333783864974976
13,2,1,13,3,3,1,0.650919675827026,-1,-1,1,1,0.317586898803711
13,2,1,14,-81,81,0,0.500465154647827,1,1,-1,-1,0.400919675827026
13,2,1,15,27,27,1,0.550473213195801,-1,-1,1,1,0.250465154647827
13,2,1,16,-3,3,0,0.618408918380737,1,1,-1,-1,0.300473213195801
13,2,1,17,27,27,1,0.533801317214966,-1,-1,1,1,0.368408918380737
13,2,1,18,-3,3,1,0.651537895202637,1,1,-1,-1,0.283801317214966
13,2,1,19,9,9,0,0.883808135986328,-1,1,1,1,0.401537895202637
13,2,1,20,-27,27,0,0.617162942886353,1,-1,1,-1,0.633808135986328
13,2,1,21,27,27,1,0.717129230499268,-1,-1,-1,1,0.367162942886353
13,2,1,22,81,81,1,0.633827924728394,1,1,-1,-1,0.467129230499268
13,2,1,23,-9,9,0,0.983778238296509,1,1,1,1,0.383827924728394
13,2,1,24,9,9,1,0.700460910797119,-1,-1,1,1,0.733778238296509
13,2,1,25,27,27,1,0.567126035690308,1,1,-1,-1,0.450460910797119
13,2,1,26,-81,81,0,0.517132997512817,1,1,1,1,0.317126035690308
13,2,1,27,27,27,1,0.467118978500366,-1,-1,1,1,0.267132997512817
13,2,1,28,-3,3,0,0.717150211334229,1,1,-1,-1,0.217118978500366
13,2,1,29,9,9,1,0.533783197402954,-1,-1,1,1,0.467150211334229
13,2,1,30,-27,27,0,0.567579984664917,1,1,-1,-1,0.283783197402954
13,2,1,31,0,0,1,0.500930309295654,-1,-1,1,1,0.317579984664917
13,2,1,32,3,3,1,0.600481986999512,1,1,-1,-1,0.250930309295654
13,2,1,33,9,9,1,0.400922775268555,1,1,1,1,0.350481986999512
13,2,1,34,-3,3,1,0.567121982574463,1,1,1,1,0.150922775268555
13,2,1,35,3,3,0,0.917546987533569,-1,1,1,1,0.317121982574463
13,2,1,36,-9,9,0,0.733811855316162,1,-1,1,-1,0.667546987533569
13,2,1,37,27,27,0,0.533801078796387,-1,-1,-1,1,0.483811855316162
13,2,1,38,-9,9,1,0.650931119918823,1,-1,-1,-1,0.283801078796387
13,2,1,39,81,81,1,0.517154932022095,-1,1,-1,1,0.400931119918823
13,2,1,40,-81,81,0,0.518251180648804,1,1,1,-1,0.267154932022095
13,2,1,41,27,27,1,0.500931024551392,-1,-1,1,1,0.268251180648804
13,2,1,42,-9,9,0,0.76714301109314,1,1,-1,-1,0.250931024551392
13,2,1,43,-0,0,0,0.600897073745728,-1,-1,1,1,0.51714301109314
13,2,1,44,0,0,0,0.66712498664856,-1,-1,-1,-1,0.350897073745728
13,2,1,45,-9,9,1,0.550951957702637,1,-1,-1,-1,0.41712498664856
13,2,1,46,81,81,1,0.550471067428589,-1,1,-1,1,0.300951957702637
13,2,1,47,-9,9,0,0.883773803710938,1,1,1,-1,0.300471067428589
13,2,1,48,3,3,1,0.584277868270874,-1,-1,1,1,0.633773803710938
13,2,1,49,-3,3,0,0.767128944396973,1,1,-1,-1,0.334277868270874
13,2,1,50,3,3,1,0.650471210479736,-1,-1,1,1,0.517128944396973
13,2,1,51,81,81,1,0.517117023468018,1,1,-1,-1,0.400471210479736
13,2,1,52,-81,81,0,0.567154169082642,1,1,1,1,0.267117023468018
13,2,1,53,81,81,1,0.483806848526001,-1,-1,1,1,0.317154169082642
13,2,1,54,3,3,0,0.667585849761963,1,1,-1,-1,0.233806848526001
13,2,1,55,-27,27,0,0.400483846664429,1,-1,1,1,0.417585849761963
13,2,1,56,-9,9,1,1.36754107475281,-1,-1,-1,1,0.150483846664429
13,2,1,57,27,27,1,0.467114686965942,-1,1,-1,-1,1.11754107475281
13,2,1,58,-3,3,0,0.633785963058472,1,1,1,-1,0.217114686965942
13,2,1,59,9,9,1,0.383826017379761,-1,-1,1,1,0.383785963058472
13,2,1,60,-81,81,0,0.284252166748047,1,1,-1,-1,0.133826017379761
13,2,1,61,9,9,1,0.717171907424927,-1,-1,1,1,0.0342521667480469
13,2,1,62,0,0,0,0.634250164031982,1,1,-1,-1,0.467171907424927
13,2,1,63,-81,81,0,0.433794975280762,1,-1,1,1,0.384250164031982
13,2,1,64,81,81,1,0.267179727554321,-1,-1,-1,1,0.183794975280762
13,2,1,65,-3,3,0,0.550465822219849,1,1,-1,-1,0.0171797275543213
13,2,1,66,3,3,1,0.500925779342651,-1,-1,1,1,0.300465822219849
13,2,1,67,-0,0,1,0.717113971710205,1,1,-1,-1,0.250925779342651
13,2,1,68,81,81,1,0.333808898925781,-1,1,1,1,0.467113971710205
13,2,1,69,3,3,1,0.567129135131836,1,1,1,-1,0.0838088989257812
13,2,1,70,-27,27,0,0.50046706199646,1,1,1,1,0.317129135131836
13,2,1,71,9,9,1,0.484260559082031,-1,-1,1,1,0.25046706199646
13,2,1,72,-0,0,1,0.35096001625061,1,1,-1,-1,0.234260559082031
13,2,1,73,81,81,1,0.384615182876587,-1,1,1,1,0.10096001625061
13,2,1,74,-9,9,0,0.650919198989868,1,1,1,-1,0.134615182876587
13,2,1,75,27,27,1,0.250916957855225,-1,-1,1,1,0.400919198989868
13,2,1,76,-81,81,0,0.383835554122925,1,1,-1,-1,0.000916957855224609
13,2,1,77,27,27,1,0.533785104751587,-1,-1,1,1,0.133835554122925
13,2,1,78,-3,3,1,0.617556095123291,1,1,-1,-1,0.283785104751587
13,2,1,79,0,0,1,0.617583036422729,-1,1,1,1,0.367556095123291
13,2,1,80,-27,27,0,0.550468921661377,1,1,1,-1,0.367583036422729
13,2,1,81,0,0,1,0.25096607208252,-1,-1,1,1,0.300468921661377
13,2,1,82,-0,0,0,0.600919961929321,1,1,-1,-1,0.000966072082519531
13,2,1,83,81,81,1,0.533815145492554,-1,-1,1,1,0.350919961929321
13,2,1,84,-27,27,0,0.61717700958252,1,1,-1,-1,0.283815145492554
13,2,1,85,3,3,1,0.817120313644409,-1,-1,1,1,0.36717700958252
13,2,1,86,-81,81,0,0.383805990219116,1,1,-1,-1,0.567120313644409
13,2,1,87,9,9,1,0.450461864471436,-1,-1,1,1,0.133805990219116
13,2,1,88,-27,27,0,0.467600584030151,1,1,-1,-1,0.200461864471436
13,2,1,89,3,3,1,0.650919914245605,-1,-1,1,1,0.217600584030151
13,2,1,90,-9,9,0,0.450955867767334,1,1,-1,-1,0.400919914245605
13,2,1,91,-9,9,1,0.550890922546387,-1,-1,1,1,0.200955867767334
13,2,1,92,81,81,1,0.300477981567383,-1,1,-1,-1,0.300890922546387
13,2,1,93,-81,81,0,0.367605686187744,1,1,1,-1,0.0504779815673828
13,2,1,94,3,3,1,0.55092978477478,-1,-1,1,1,0.117605686187744
13,2,1,95,-27,27,0,0.400497913360596,1,1,-1,-1,0.30092978477478
13,2,1,96,9,9,1,0.550479888916016,-1,-1,1,1,0.150497913360596
13,2,1,97,0,0,0,0.950901985168457,1,1,-1,-1,0.300479888916016
13,2,1,98,-3,3,0,0.517588138580322,1,-1,1,1,0.700901985168457
13,2,1,99,27,27,1,0.483789920806885,-1,-1,-1,1,0.267588138580322
13,2,2,2,3,3,1,0.350888967514038,-1,-1,-1,1,0.567810297012329
13,2,2,3,-3,3,0,0.467597007751465,1,1,-1,-1,0.100888967514038
13,2,2,4,9,9,1,0.533818960189819,-1,-1,1,1,0.217597007751465
13,2,2,5,0,0,1,0.517570972442627,1,1,-1,-1,0.283818960189819
13,2,2,9,81,81,1,0.367146253585815,-1,-1,-1,-1,0.917133092880249
13,2,2,10,3,3,1,0.683799982070923,1,1,-1,-1,0.117146253585815
13,2,2,11,-27,27,0,0.517582893371582,1,1,1,1,0.433799982070923
13,2,2,12,-27,27,0,0.500452995300293,-1,-1,1,1,0.267582893371582
13,2,2,13,0,0,1,0.467597246170044,-1,-1,-1,-1,0.250452995300293
13,2,2,14,-27,27,0,0.367609977722168,1,1,-1,-1,0.217597246170044
13,2,2,15,9,9,1,0.283849954605103,-1,-1,1,1,0.117609977722168
13,2,2,16,-9,9,1,0.750948667526245,1,1,-1,-1,0.0338499546051025
13,2,2,17,3,3,1,0.883773803710938,-1,1,1,1,0.500948667526245
13,2,2,18,-81,81,0,0.600465059280396,1,1,1,-1,0.633773803710938
13,2,2,19,81,81,1,0.33426308631897,-1,-1,1,1,0.350465059280396
13,2,2,20,-3,3,0,0.750487089157104,1,1,-1,-1,0.0842630863189697
13,2,2,21,9,9,0,0.800480842590332,-1,-1,1,1,0.500487089157104
13,2,2,22,-0,0,1,0.500499963760376,1,-1,-1,-1,0.550480842590332
13,2,2,23,81,81,1,0.600476026535034,-1,1,-1,1,0.250499963760376
13,2,2,24,-3,3,1,0.517127990722656,1,1,1,-1,0.350476026535034
13,2,2,25,0,0,1,0.517160892486572,-1,1,1,1,0.267127990722656
13,2,2,26,-81,81,0,0.534852027893066,1,1,1,-1,0.267160892486572
13,2,2,27,3,3,1,0.500917911529541,-1,-1,1,1,0.284852027893066
13,2,2,31,-0,0,1,0.534303188323975,1,1,-1,1,0.267135143280029
13,2,2,32,9,9,1,0.417577981948853,-1,1,1,1,0.284303188323975
13,2,2,33,-9,9,1,0.367622137069702,1,1,1,-1,0.167577981948853
13,2,2,34,81,81,1,0.317605018615723,-1,1,1,1,0.117622137069702
13,2,2,35,-9,9,0,0.250947952270508,1,1,1,-1,0.0676050186157227
13,2,2,36,27,27,1,0.334237337112427,-1,-1,1,1,0.000947952270507812
13,2,2,37,81,81,1,0.284273862838745,1,1,-1,-1,0.0842373371124268
13,2,2,38,-27,27,0,0.583802461624146,1,1,1,1,0.0342738628387451
13,2,2,39,0,0,1,0.534251928329468,-1,-1,1,1,0.333802461624146
13,2,2,40,27,27,0,0.684256076812744,1,1,-1,-1,0.284251928329468
13,2,2,41,81,81,1,0.550467014312744,1,-1,1,1,0.434256076812744
13,2,2,42,81,81,1,0.367141962051392,1,1,-1,1,0.300467014312744
13,2,2,43,-3,3,0,0.551828145980835,1,1,1,1,0.117141962051392
13,2,2,44,81,81,1,0.30046820640564,-1,-1,1,1,0.301828145980835
13,2,2,45,-9,9,1,0.333847999572754,1,1,-1,-1,0.0504682064056396
13,2,2,49,-0,0,0,0.450927019119263,1,1,-1,-1,0.250912189483643
13,2,2,50,81,81,1,0.383801937103271,-1,-1,1,1,0.200927019119263
13,2,2,51,-9,9,1,0.700926303863525,1,1,-1,-1,0.133801937103271
13,2,2,52,9,9,1,0.267601013183594,-1,1,1,1,0.450926303863525
13,2,2,53,-9,9,1,0.434254884719849,1,1,1,-1,0.0176010131835938
13,2,2,54,3,3,1,0.584256172180176,-1,1,1,1,0.184254884719849
13,2,2,60,9,9,1,0.68381929397583,-1,-1,1,1,0.267595052719116
13,2,2,61,-9,9,0,0.767124176025391,1,1,-1,-1,0.43381929397583
13,2,2,62,81,81,1,0.617133140563965,-1,-1,1,1,0.517124176025391
13,2,2,63,-3,3,0,0.683802127838135,1,1,-1,-1,0.367133140563965
13,2,2,64,27,27,1,0.517128229141235,-1,-1,1,1,0.433802127838135
13,2,2,65,3,3,1,0.650509595870972,1,1,-1,-1,0.267128229141235
13,2,2,66,3,3,1,0.684244871139526,1,1,1,1,0.400509595870972
13,2,2,67,-0,0,0,0.634248971939087,1,1,1,1,0.434244871139526
13,2,2,68,27,27,1,0.683794021606445,-1,-1,1,1,0.384248971939087
13,2,2,69,-81,81,0,0.684256076812744,1,1,-1,-1,0.433794021606445
13,2,2,70,-9,9,0,0.633793830871582,-1,-1,1,1,0.434256076812744
13,2,2,71,81,81,1,0.700957059860229,-1,-1,-1,-1,0.383793830871582
13,2,2,72,27,27,1,0.683800935745239,1,1,-1,-1,0.450957059860229
13,2,2,73,-3,3,1,0.634257078170776,1,1,1,1,0.433800935745239
13,2,2,74,-0,0,1,0.68424391746521,-1,1,1,1,0.384257078170776
13,2,2,75,-81,81,0,0.634275913238525,-1,1,1,-1,0.43424391746521
13,2,2,76,3,3,1,0.667134046554565,-1,-1,1,-1,0.384275913238525
13,2,2,77,-0,0,1,0.733797073364258,1,1,-1,-1,0.417134046554565
13,2,2,78,27,27,1,0.533799886703491,-1,1,1,1,0.483797073364258
13,2,2,79,-81,81,0,0.550926923751831,1,1,1,-1,0.283799886703491
13,2,2,80,3,3,1,0.617578983306885,-1,-1,1,1,0.300926923751831
13,2,2,81,-3,3,1,0.717116832733154,1,1,-1,-1,0.367578983306885
13,2,2,82,27,27,1,0.66713285446167,-1,1,1,1,0.467116832733154
13,2,2,83,3,3,1,0.767123699188232,1,1,1,-1,0.41713285446167
13,2,2,84,-9,9,0,0.734256982803345,1,1,1,1,0.517123699188232
13,2,2,85,27,27,1,0.583818912506104,-1,-1,1,1,0.484256982803345
13,2,2,86,81,81,1,0.56712818145752,1,1,-1,-1,0.333818912506104
13,2,2,87,-3,3,1,0.617133855819702,1,1,1,1,0.31712818145752
13,2,2,88,3,3,1,0.817585229873657,-1,1,1,1,0.367133855819702
13,2,2,89,27,27,1,0.50092601776123,1,1,1,-1,0.567585229873657
13,2,2,90,-27,27,0,0.583823919296265,1,1,1,1,0.25092601776123
13,2,2,91,27,27,1,0.617134094238281,-1,-1,1,1,0.333823919296265
13,2,2,92,-27,27,0,0.40090012550354,1,1,-1,-1,0.367134094238281
13,2,2,93,3,3,1,0.600461006164551,-1,-1,1,1,0.15090012550354
13,2,2,94,-9,9,0,0.58384370803833,1,1,-1,-1,0.350461006164551
13,2,2,95,-9,9,0,0.467595338821411,-1,-1,1,1,0.33384370803833
13,2,2,96,81,81,1,0.550890922546387,-1,-1,-1,-1,0.217595338821411
13,2,2,97,9,9,1,0.600450992584229,1,1,-1,-1,0.300890922546387
13,2,2,98,9,9,1,0.568274974822998,1,1,1,1,0.350450992584229
13,2,2,99,9,9,0,0.517612934112549,1,1,1,1,0.318274974822998
13,2,3,2,0,0,1,0.533813714981079,-1,1,-1,-1,0.700686931610107
13,2,3,3,-9,9,0,0.883785009384155,1,1,1,-1,0.283813714981079
13,2,3,4,81,81,1,0.500464916229248,-1,-1,1,1,0.633785009384155
13,2,3,5,81,81,1,0.484255075454712,1,1,-1,-1,0.250464916229248
13,2,3,6,-0,0,0,0.534225225448608,1,1,1,1,0.234255075454712
13,2,3,7,81,81,1,0.567142248153687,-1,-1,1,1,0.284225225448608
13,2,3,8,-27,27,0,0.367585897445679,1,1,-1,-1,0.317142248153687
13,2,3,14,-0,0,1,0.684222221374512,-1,-1,1,-1,0.26758599281311
13,2,3,15,81,81,1,0.267592906951904,-1,1,-1,-1,0.434222221374512
13,2,3,16,-81,81,0,0.633786916732788,1,1,1,-1,0.0175929069519043
13,2,3,17,9,9,1,0.517142295837402,-1,-1,1,1,0.383786916732788
13,2,3,18,27,27,1,0.318297863006592,1,1,-1,-1,0.267142295837402
13,2,3,19,3,3,0,0.60047435760498,1,1,1,1,0.0682978630065918
13,2,3,20,-3,3,1,0.617801904678345,1,-1,1,1,0.35047435760498
13,2,3,21,81,81,1,0.617560386657715,-1,1,-1,1,0.367801904678345
13,2,3,22,-27,27,0,0.650912761688232,1,1,1,-1,0.367560386657715
13,2,3,23,0,0,1,0.950882911682129,-1,-1,1,1,0.400912761688232
13,2,3,24,-3,3,0,0.517135858535767,1,1,-1,-1,0.700882911682129
13,2,3,25,3,3,1,0.400460720062256,-1,-1,1,1,0.267135858535767
13,2,3,26,27,27,1,0.284265756607056,1,1,-1,-1,0.150460720062256
13,2,3,27,9,9,1,0.433838367462158,1,1,1,1,0.0342657566070557
13,2,3,28,3,3,1,0.384260892868042,1,1,1,1,0.183838367462158
13,2,3,32,81,81,1,0.300922393798828,1,-1,1,-1,0.683773040771484
13,2,3,33,3,3,1,0.667562961578369,1,1,-1,1,0.0509223937988281
13,2,3,34,81,81,1,0.40095329284668,1,1,1,1,0.417562961578369
13,2,3,35,0,0,0,0.867575883865356,1,1,1,1,0.15095329284668
13,2,3,36,81,81,1,0.300472021102905,1,-1,1,1,0.617575883865356
13,2,3,37,-9,9,1,0.9342360496521,1,1,-1,1,0.0504720211029053
13,2,3,38,27,27,1,0.600914001464844,-1,1,1,1,0.6842360496521
13,2,3,39,9,9,1,0.450525045394897,1,1,1,-1,0.350914001464844
13,2,3,40,9,9,1,0.534256935119629,1,1,1,1,0.200525045394897
13,2,3,44,-27,27,0,0.36759090423584,1,1,1,1,0.200477123260498
13,2,3,45,-81,81,0,0.250530242919922,-1,-1,1,1,0.11759090423584
13,2,3,46,-3,3,1,0.533829927444458,-1,-1,-1,-1,0.000530242919921875
13,2,3,47,3,3,1,0.600947856903076,-1,1,-1,-1,0.283829927444458
13,2,3,48,27,27,1,0.784244298934937,1,1,1,-1,0.350947856903076
13,2,3,49,-81,81,0,0.617163419723511,1,1,1,1,0.534244298934937
13,2,3,50,0,0,1,0.583797931671143,-1,-1,1,1,0.367163419723511
13,2,3,51,3,3,1,0.383810997009277,1,1,-1,-1,0.333797931671143
13,2,3,52,27,27,1,0.40047550201416,1,1,1,1,0.133810997009277
13,2,3,53,9,9,1,0.417137861251831,1,1,1,1,0.15047550201416
13,2,3,54,81,81,1,0.333806991577148,1,1,1,1,0.167137861251831
13,2,3,55,-81,81,0,0.517595529556274,1,1,1,1,0.0838069915771484
13,2,3,56,-27,27,0,0.550891160964966,-1,-1,1,1,0.267595529556274
13,2,3,57,0,0,1,0.48380184173584,-1,-1,-1,-1,0.300891160964966
13,2,3,58,-9,9,0,0.567122936248779,1,1,-1,-1,0.23380184173584
13,2,3,59,-0,0,1,0.767630100250244,-1,-1,1,1,0.317122936248779
13,2,3,60,27,27,1,0.601467132568359,-1,1,-1,-1,0.517630100250244
13,2,3,61,-27,27,0,0.333834409713745,1,1,1,-1,0.351467132568359
13,2,3,62,-81,81,0,0.450919151306152,-1,-1,1,1,0.0838344097137451
13,2,3,63,3,3,1,0.467169523239136,-1,-1,-1,-1,0.200919151306152
13,2,3,64,-3,3,1,0.884245872497559,1,1,-1,-1,0.217169523239136
13,2,3,65,9,9,1,0.283796072006226,-1,1,1,1,0.634245872497559
13,2,3,66,-81,81,0,0.567605972290039,1,1,1,-1,0.0337960720062256
13,2,3,67,-9,9,1,0.533823013305664,-1,-1,1,1,0.317605972290039
13,2,3,68,-27,27,0,0.283831596374512,-1,1,-1,-1,0.283823013305664
13,2,3,69,81,81,1,0.40129017829895,-1,-1,1,-1,0.0338315963745117
13,2,3,70,0,0,1,0.784275054931641,1,1,-1,-1,0.15129017829895
13,2,3,71,9,9,1,0.55047607421875,1,1,1,1,0.534275054931641
13,2,3,72,0,0,1,0.600912570953369,1,1,1,1,0.30047607421875
13,2,3,73,9,9,1,0.333806991577148,1,1,1,1,0.350912570953369
13,2,3,74,-3,3,1,0.650923013687134,1,1,1,1,0.0838069915771484
13,2,3,75,-9,9,1,0.550472021102905,-1,1,1,1,0.400923013687134
13,2,3,76,9,9,1,0.867151021957397,-1,1,1,-1,0.300472021102905
13,2,3,77,-3,3,1,0.700451850891113,1,1,1,-1,0.617151021957397
13,2,3,78,-27,27,0,0.600467920303345,-1,1,1,1,0.450451850891113
13,2,3,79,3,3,1,0.500456809997559,-1,-1,1,-1,0.350467920303345
13,2,3,80,3,3,0,0.900444030761719,1,1,-1,-1,0.250456809997559
13,2,3,81,-9,9,1,0.833823442459106,1,-1,1,1,0.650444030761719
13,2,3,82,-27,27,0,0.600493192672729,-1,1,-1,1,0.583823442459106
13,2,3,83,-3,3,1,0.33426308631897,-1,-1,1,-1,0.350493192672729
13,2,3,84,-81,81,0,0.284269094467163,-1,1,-1,-1,0.0842630863189697
13,2,3,85,-9,9,1,0.483800649642944,-1,-1,1,-1,0.0342690944671631
13,2,3,86,27,27,1,0.533806085586548,-1,1,-1,-1,0.233800649642944
13,2,3,87,27,27,1,0.417141199111938,1,1,1,-1,0.283806085586548
13,2,3,88,27,27,1,0.400492906570435,1,1,1,1,0.167141199111938
13,2,3,89,0,0,1,0.383812665939331,1,1,1,1,0.150492906570435
13,2,3,90,81,81,1,0.283801317214966,1,1,1,1,0.133812665939331
13,2,3,91,-27,27,0,0.484258890151978,1,1,1,1,0.0338013172149658
13,2,3,92,9,9,1,0.517580986022949,-1,-1,1,1,0.234258890151978
13,2,3,93,9,9,1,0.517122268676758,1,1,-1,-1,0.267580986022949
13,2,3,94,-81,81,0,0.483805418014526,1,1,1,1,0.267122268676758
13,2,3,95,3,3,0,0.683855295181274,-1,-1,1,1,0.233805418014526
13,2,3,96,9,9,1,0.350926876068115,1,-1,-1,-1,0.433855295181274
13,2,3,97,81,81,1,0.400930881500244,1,1,-1,1,0.100926876068115
13,2,3,98,3,3,0,0.851667165756226,1,1,1,1,0.150930881500244
13,2,3,99,-81,81,0,0.617613077163696,1,-1,1,1,0.601667165756226
13,2,4,2,27,27,1,0.25095796585083,1,1,1,1,0.817782163619995
13,2,4,3,9,9,1,0.500468015670776,1,1,1,1,0.000957965850830078
13,2,4,4,-3,3,1,0.434271812438965,1,1,1,1,0.250468015670776
13,2,4,5,-27,27,0,0.333834886550903,-1,1,1,1,0.184271812438965
13,2,4,6,-0,0,1,0.500935077667236,-1,-1,1,-1,0.0838348865509033
13,2,4,7,9,9,1,0.350920915603638,-1,1,-1,-1,0.250935077667236
13,2,4,8,0,0,1,0.450477838516235,1,1,1,-1,0.100920915603638
13,2,4,9,-27,27,0,0.567551136016846,1,1,1,1,0.200477838516235
13,2,4,10,3,3,1,0.700914859771729,-1,-1,1,1,0.317551136016846
13,2,4,11,-27,27,0,0.550475120544434,1,1,-1,-1,0.450914859771729
13,2,4,12,27,27,1,0.317167282104492,-1,-1,1,1,0.300475120544434
13,2,4,13,81,81,1,0.86757493019104,1,1,-1,-1,0.0671672821044922
13,2,4,17,3,3,1,0.617165088653564,1,1,-1,-1,0.400914192199707
13,2,4,18,-9,9,0,0.467117071151733,1,1,1,1,0.367165088653564
13,2,4,19,9,9,1,0.401184320449829,-1,-1,1,1,0.217117071151733
13,2,4,20,3,3,1,0.31759786605835,1,1,-1,-1,0.151184320449829
13,2,4,21,3,3,0,0.35046911239624,1,1,1,1,0.0675978660583496
13,2,4,22,-81,81,0,0.350554227828979,1,-1,1,1,0.10046911239624
13,2,4,23,-0,0,1,0.250948190689087,-1,-1,-1,1,0.100554227828979
13,2,4,24,-3,3,1,0.3009352684021,-1,1,-1,-1,0.000948190689086914
13,2,4,25,0,0,0,0.334641933441162,-1,1,1,-1,0.0509352684020996
13,2,4,26,-9,9,1,0.367157936096191,1,-1,1,-1,0.0846419334411621
13,2,4,27,-27,27,0,0.301031112670898,-1,1,-1,1,0.117157936096191
13,2,4,28,-9,9,1,0.333806037902832,-1,-1,1,-1,0.0510311126708984
13,2,4,29,81,81,1,0.250943899154663,-1,1,-1,-1,0.083806037902832
13,2,4,30,27,27,1,0.300476312637329,1,1,1,-1,0.000943899154663086
13,2,4,31,-3,3,1,0.517606019973755,1,1,1,1,0.0504763126373291
13,2,4,32,81,81,1,0.300956010818481,-1,1,1,1,0.267606019973755
13,2,4,33,-0,0,1,0.417615175247192,1,1,1,-1,0.0509560108184814
13,2,4,34,-9,9,1,0.350481033325195,-1,1,1,1,0.167615175247192
13,2,4,35,9,9,1,0.250921249389648,-1,1,1,-1,0.100481033325195
13,2,4,36,27,27,1,0.367182970046997,1,1,1,-1,0.000921249389648438
13,2,4,37,-27,27,0,0.350923299789429,1,1,1,1,0.117182970046997
13,2,4,38,0,0,1,0.46712327003479,-1,-1,1,1,0.100923299789429
13,2,4,39,-27,27,0,0.317572355270386,1,1,-1,-1,0.21712327003479
13,2,4,40,-3,3,1,0.300926923751831,-1,-1,1,1,0.0675723552703857
13,2,4,41,-0,0,1,0.284263849258423,-1,1,-1,-1,0.0509269237518311
13,2,4,42,27,27,1,0.433800935745239,-1,1,1,-1,0.0342638492584229
13,2,4,47,-9,9,1,0.268084526062012,-1,-1,1,1,0.117571592330933
13,2,4,48,-81,81,0,0.300940990447998,-1,1,-1,-1,0.0180845260620117
13,2,4,49,81,81,1,0.534274101257324,-1,-1,1,-1,0.050940990447998
13,2,4,50,-9,9,1,0.350927114486694,1,1,-1,-1,0.284274101257324
13,2,4,51,27,27,1,0.350478172302246,-1,1,1,1,0.100927114486694
13,2,4,52,9,9,1,0.550456285476685,1,1,1,-1,0.100478172302246
13,2,4,53,81,81,1,0.583801984786987,1,1,1,1,0.300456285476685
13,2,4,54,9,9,1,0.350903272628784,1,1,1,1,0.333801984786987
13,2,4,55,-3,3,0,0.333815097808838,1,1,1,1,0.100903272628784
13,2,4,56,81,81,1,0.384254693984985,-1,-1,1,1,0.0838150978088379
13,2,4,57,3,3,1,1.10142302513123,1,1,-1,-1,0.134254693984985
13,2,4,58,-27,27,0,0.267146825790405,1,1,1,1,0.851423025131226
13,2,4,62,-3,3,0,0.700915098190308,-1,1,1,-1,0.234230995178223
13,2,4,63,-27,27,0,0.533804416656494,-1,-1,1,-1,0.450915098190308
13,2,4,64,-3,3,0,0.800461292266846,-1,-1,-1,-1,0.283804416656494
13,2,4,65,9,9,1,0.450918912887573,-1,-1,-1,-1,0.550461292266846
13,2,4,66,-3,3,1,0.783812999725342,1,1,-1,-1,0.200918912887573
13,2,4,67,81,81,1,0.717568159103394,-1,1,1,1,0.533812999725342
13,2,4,68,9,9,1,0.450464010238647,1,1,1,-1,0.467568159103394
13,2,4,69,0,0,1,0.334249019622803,1,1,1,1,0.200464010238647
13,2,4,70,-81,81,0,0.350483894348145,1,1,1,1,0.0842490196228027
13,2,4,75,27,27,1,0.583800315856934,-1,-1,1,-1,0.350461959838867
13,2,4,76,-9,9,1,0.733819007873535,1,1,-1,-1,0.333800315856934
13,2,4,77,81,81,1,0.367626190185547,-1,1,1,1,0.483819007873535
13,2,4,78,81,81,1,0.517672061920166,1,1,1,-1,0.117626190185547
13,2,4,79,-81,81,0,0.601682186126709,1,1,1,1,0.267672061920166
13,2,4,80,27,27,1,0.434262752532959,-1,-1,1,1,0.351682186126709
13,2,4,81,0,0,1,0.767575263977051,1,1,-1,-1,0.184262752532959
13,2,4,82,81,81,1,0.600471019744873,1,1,1,1,0.517575263977051
13,2,4,83,-3,3,1,0.634244918823242,1,1,1,1,0.350471019744873
13,2,4,84,-9,9,0,0.817141771316528,-1,1,1,1,0.384244918823242
13,2,4,85,3,3,1,0.617609262466431,-1,-1,1,-1,0.567141771316528
13,2,4,86,-3,3,1,0.850465536117554,1,1,-1,-1,0.367609262466431
13,2,4,87,-27,27,0,0.434247970581055,-1,1,1,1,0.600465536117554
13,2,4,88,-81,81,0,0.450485229492188,-1,-1,1,-1,0.184247970581055
13,2,4,89,27,27,1,0.267141103744507,-1,-1,-1,-1,0.200485229492188
13,2,4,90,0,0,0,0.567594051361084,1,1,-1,-1,0.0171411037445068
13,2,4,91,9,9,1,0.550472021102905,1,-1,1,1,0.317594051361084
13,2,4,92,81,81,1,0.584508895874023,1,1,-1,1,0.300472021102905
13,2,4,93,81,81,1,0.334266901016235,1,1,1,1,0.334508895874023
13,2,4,94,3,3,1,0.533810138702393,1,1,1,1,0.0842669010162354
13,2,4,95,-3,3,0,0.517144918441772,1,1,1,1,0.283810138702393
13,2,4,96,3,3,1,0.350929975509644,-1,-1,1,1,0.267144918441772
13,2,4,97,-3,3,1,0.633803844451904,1,1,-1,-1,0.100929975509644
13,2,4,98,81,81,1,0.650481939315796,-1,1,1,1,0.383803844451904
13,2,4,99,81,81,1,0.267596006393433,1,1,1,-1,0.400481939315796
13,2,5,2,-9,9,1,0.617582082748413,-1,-1,-1,-1,0.417801856994629
13,2,5,3,-3,3,1,0.483800411224365,-1,1,-1,-1,0.367582082748413
13,2,5,4,-3,3,1,0.517138004302979,-1,1,1,-1,0.233800411224365
13,2,5,5,-9,9,1,0.567585945129395,-1,1,1,-1,0.267138004302979
13,2,5,6,-27,27,0,0.584250926971436,-1,1,1,-1,0.317585945129395
13,2,5,7,-0,0,1,0.733791828155518,-1,-1,1,-1,0.334250926971436
13,2,5,8,-81,81,0,0.633859157562256,-1,1,-1,-1,0.483791828155518
13,2,5,9,-0,0,1,0.667162179946899,-1,-1,1,-1,0.383859157562256
13,2,5,10,-27,27,0,0.783776044845581,-1,1,-1,-1,0.417162179946899
13,2,5,11,-3,3,1,0.717584133148193,-1,-1,1,-1,0.533776044845581
13,2,5,12,9,9,1,0.817124128341675,-1,1,-1,-1,0.467584133148193
13,2,5,13,27,27,1,0.500517845153809,1,1,1,-1,0.567124128341675
13,2,5,14,27,27,1,0.517566919326782,1,1,1,1,0.250517845153809
13,2,5,15,27,27,1,0.55047607421875,1,1,1,1,0.267566919326782
13,2,5,16,3,3,1,0.500453948974609,1,1,1,1,0.30047607421875
13,2,5,17,27,27,1,0.334717988967896,1,1,1,1,0.250453948974609
13,2,5,18,0,0,1,0.600966453552246,1,1,1,1,0.0847179889678955
13,2,5,19,-3,3,1,0.467131614685059,1,1,1,1,0.350966453552246
13,2,5,20,9,9,1,0.483819961547852,-1,1,1,1,0.217131614685059
13,2,5,21,27,27,1,0.567111968994141,1,1,1,-1,0.233819961547852
13,2,5,22,9,9,1,0.517127990722656,1,1,1,1,0.317111968994141
13,2,5,23,27,27,1,0.634252071380615,1,1,1,1,0.267127990722656
13,2,5,24,27,27,1,0.417621612548828,1,1,1,1,0.384252071380615
13,2,5,25,81,81,1,0.800439834594727,1,1,1,1,0.167621612548828
13,2,5,26,3,3,1,0.98378849029541,1,1,1,1,0.550439834594727
13,2,5,27,9,9,1,0.883777856826782,1,1,1,1,0.73378849029541
13,2,5,28,-3,3,1,0.650471925735474,1,1,1,1,0.633777856826782
13,2,5,29,0,0,1,0.600459098815918,-1,1,1,1,0.400471925735474
13,2,5,30,9,9,0,0.867106199264526,1,1,1,-1,0.350459098815918
13,2,5,31,9,9,1,0.683802843093872,1,-1,1,1,0.617106199264526
13,2,5,32,3,3,1,0.550936698913574,1,1,-1,1,0.433802843093872
13,2,5,33,9,9,1,0.58427882194519,1,1,1,1,0.300936698913574
13,2,5,34,0,0,0,0.917137861251831,1,1,1,1,0.33427882194519
13,2,5,35,-9,9,1,0.517133951187134,1,-1,1,1,0.667137861251831
13,2,5,36,81,81,1,0.567155122756958,-1,1,-1,1,0.267133951187134
13,2,5,37,81,81,1,0.550464153289795,1,1,1,-1,0.317155122756958
13,2,5,38,27,27,1,0.485046148300171,1,1,1,1,0.300464153289795
13,2,5,39,3,3,1,0.650460958480835,1,1,1,1,0.235046148300171
13,2,5,40,81,81,1,0.650448083877563,1,1,1,1,0.400460958480835
13,2,5,41,0,0,1,0.617576599121094,1,1,1,1,0.400448083877563
13,2,5,42,27,27,1,0.567152976989746,1,1,1,1,0.367576599121094
13,2,5,43,0,0,1,0.634819269180298,1,1,1,1,0.317152976989746
13,2,5,44,81,81,1,0.534660816192627,1,1,1,1,0.384819269180298
13,2,5,45,-9,9,0,0.567157983779907,1,1,1,1,0.284660816192627
13,2,5,46,-9,9,1,0.53383207321167,-1,-1,1,1,0.317157983779907
13,2,5,47,-9,9,1,0.46714186668396,-1,1,-1,-1,0.28383207321167
13,2,5,48,-9,9,1,0.55046010017395,-1,1,1,-1,0.21714186668396
13,2,5,49,-81,81,0,0.58424973487854,-1,1,1,-1,0.30046010017395
13,2,5,50,-9,9,1,0.650928020477295,-1,-1,1,-1,0.33424973487854
13,2,5,51,-27,27,0,0.600484848022461,-1,1,-1,-1,0.400928020477295
13,2,5,52,-3,3,1,0.833797931671143,-1,-1,1,-1,0.350484848022461
13,2,5,53,-3,3,1,0.750454902648926,-1,1,-1,-1,0.583797931671143
13,2,5,54,81,81,1,0.68380331993103,-1,1,1,-1,0.500454902648926
13,2,5,55,3,3,1,0.7009117603302,1,1,1,-1,0.43380331993103
13,2,5,56,3,3,1,0.617130994796753,1,1,1,1,0.4509117603302
13,2,5,57,27,27,1,0.518148422241211,1,1,1,1,0.367130994796753
13,2,5,58,3,3,1,0.5504469871521,1,1,1,1,0.268148422241211
13,2,5,59,-27,27,0,0.450918912887573,1,1,1,1,0.3004469871521
13,2,5,60,-81,81,0,0.584259986877441,-1,-1,1,1,0.200918912887573
13,2,5,61,3,3,1,0.734543085098267,-1,-1,-1,-1,0.334259986877441
13,2,5,62,-27,27,0,0.817163705825806,1,1,-1,-1,0.484543085098267
13,2,5,63,-81,81,0,0.617584943771362,-1,-1,1,1,0.567163705825806
13,2,5,64,-0,0,1,0.633800029754639,-1,-1,-1,-1,0.367584943771362
13,2,5,65,27,27,1,0.650470495223999,-1,1,-1,-1,0.383800029754639
13,2,5,66,0,0,1,0.684244155883789,1,1,1,-1,0.400470495223999
13,2,5,67,81,81,1,0.650909900665283,1,1,1,1,0.434244155883789
13,2,5,68,81,81,1,0.500466823577881,1,1,1,1,0.400909900665283
13,2,5,69,9,9,1,0.967135429382324,1,1,1,1,0.250466823577881
13,2,5,70,27,27,1,0.61714243888855,1,1,1,1,0.717135429382324
13,2,5,71,-81,81,0,0.584223031997681,1,1,1,1,0.36714243888855
13,2,5,72,-27,27,0,0.583801984786987,-1,-1,1,1,0.334223031997681
13,2,5,73,-81,81,0,0.350917100906372,-1,-1,-1,-1,0.333801984786987
13,2,5,74,-0,0,1,0.484248638153076,-1,-1,-1,-1,0.100917100906372
13,2,5,75,9,9,1,0.383810043334961,-1,1,-1,-1,0.234248638153076
13,2,5,76,3,3,1,0.534243822097778,1,1,1,-1,0.133810043334961
13,2,5,77,9,9,1,0.633817195892334,1,1,1,1,0.284243822097778
13,2,5,78,3,3,1,0.467141151428223,1,1,1,1,0.383817195892334
13,2,5,79,3,3,0,0.418418169021606,1,1,1,1,0.217141151428223
13,2,5,80,81,81,1,0.533800840377808,1,-1,1,1,0.168418169021606
13,2,5,81,9,9,1,0.550551176071167,1,1,-1,1,0.283800840377808
13,2,5,82,-81,81,0,0.267597675323486,1,1,1,1,0.300551176071167
13,2,5,83,-81,81,0,0.500510931015015,-1,-1,1,1,0.0175976753234863
13,2,5,84,3,3,1,0.550467967987061,-1,-1,-1,-1,0.250510931015015
13,2,5,85,9,9,1,0.384234189987183,1,1,-1,-1,0.300467967987061
13,2,5,86,9,9,1,0.317140817642212,1,1,1,1,0.134234189987183
13,2,5,87,-81,81,0,0.633815288543701,1,1,1,1,0.0671408176422119
13,2,5,88,-3,3,1,0.600554466247559,-1,-1,1,1,0.383815288543701
13,2,5,89,81,81,1,0.633810997009277,-1,1,-1,-1,0.350554466247559
13,2,5,90,-27,27,0,0.400484323501587,1,1,1,-1,0.383810997009277
13,2,5,91,9,9,1,0.550931215286255,-1,-1,1,1,0.150484323501587
13,2,5,96,27,27,1,0.584298133850098,1,1,1,1,0.367130041122437
13,2,5,97,-27,27,0,0.667136907577515,1,1,1,1,0.334298133850098
13,2,5,98,-3,3,0,0.951243877410889,-1,-1,1,1,0.417136907577515
13,2,5,99,-27,27,0,0.584262132644653,-1,-1,-1,-1,0.701243877410889
13,2,6,2,9,9,1,0.733793973922729,1,-1,1,1,0.800666809082031
13,2,6,3,81,81,1,0.617122888565063,1,1,-1,1,0.483793973922729
13,2,6,4,27,27,1,0.383802890777588,1,1,1,1,0.367122888565063
13,2,6,5,3,3,1,0.534256219863892,1,1,1,1,0.133802890777588
13,2,6,6,0,0,1,0.884387969970703,1,1,1,1,0.284256219863892
13,2,6,7,9,9,1,0.534261465072632,1,1,1,1,0.634387969970703
13,2,6,8,27,27,1,0.517643690109253,1,1,1,1,0.284261465072632
13,2,6,9,9,9,1,0.600460052490234,1,1,1,1,0.267643690109253
13,2,6,10,-3,3,1,0.534259080886841,1,1,1,1,0.350460052490234
13,2,6,11,-3,3,1,0.617130994796753,-1,1,1,1,0.284259080886841
13,2,6,12,-27,27,0,0.584272146224976,-1,1,1,-1,0.367130994796753
13,2,6,13,-81,81,0,0.601742506027222,-1,-1,1,-1,0.334272146224976
13,2,6,14,-9,9,0,0.483792066574097,-1,-1,-1,-1,0.351742506027222
13,2,6,15,-3,3,1,0.634253978729248,-1,-1,-1,-1,0.233792066574097
13,2,6,16,81,81,1,0.60046911239624,-1,1,-1,-1,0.384253978729248
13,2,6,17,81,81,1,0.467179298400879,1,1,1,-1,0.35046911239624
13,2,6,18,3,3,1,0.617165088653564,1,1,1,1,0.217179298400879
13,2,6,19,0,0,1,0.483796119689941,1,1,1,1,0.367165088653564
13,2,6,20,3,3,1,0.867569923400879,1,1,1,1,0.233796119689941
13,2,6,21,9,9,1,0.517134189605713,1,1,1,1,0.617569923400879
13,2,6,22,27,27,1,0.500455141067505,1,1,1,1,0.267134189605713
13,2,6,23,0,0,1,0.450455904006958,1,1,1,1,0.250455141067505
13,2,6,24,-9,9,1,0.533803701400757,1,1,1,1,0.200455904006958
13,2,6,25,-0,0,1,0.600893974304199,-1,1,1,1,0.283803701400757
13,2,6,26,3,3,1,0.650936841964722,-1,1,1,-1,0.350893974304199
13,2,6,27,9,9,1,0.550453901290894,1,1,1,-1,0.400936841964722
13,2,6,28,3,3,1,0.450456857681274,1,1,1,1,0.300453901290894
13,2,6,29,27,27,1,0.483814001083374,1,1,1,1,0.200456857681274
13,2,6,30,0,0,1,0.517583847045898,1,1,1,1,0.233814001083374
13,2,6,31,27,27,1,0.350533008575439,1,1,1,1,0.267583847045898
13,2,6,32,27,27,1,0.35049295425415,1,1,1,1,0.100533008575439
13,2,6,33,-9,9,1,0.367160797119141,1,1,1,1,0.10049295425415
13,2,6,34,-27,27,0,0.483802080154419,-1,1,1,1,0.117160797119141
13,2,6,35,27,27,1,0.367607116699219,-1,-1,1,-1,0.233802080154419
13,2,6,36,-9,9,1,0.467206716537476,1,1,-1,-1,0.117607116699219
13,2,6,37,0,0,1,0.568001985549927,-1,1,1,1,0.217206716537476
13,2,6,38,0,0,1,0.633794784545898,1,1,1,-1,0.318001985549927
13,2,6,39,9,9,1,0.400490999221802,1,1,1,1,0.383794784545898
13,2,6,40,81,81,1,0.267146825790405,1,1,1,1,0.150490999221802
13,2,6,41,3,3,1,0.350460290908813,1,1,1,1,0.0171468257904053
13,2,6,42,9,9,1,0.333809852600098,1,1,1,1,0.100460290908813
13,2,6,43,27,27,1,0.317564964294434,1,1,1,1,0.0838098526000977
13,2,6,44,27,27,1,0.317168235778809,1,1,1,1,0.0675649642944336
13,2,6,48,27,27,1,0.567588806152344,1,1,1,-1,0.350454092025757
13,2,6,49,81,81,1,0.51758599281311,1,1,1,1,0.317588806152344
13,2,6,50,9,9,1,0.600512981414795,1,1,1,1,0.26758599281311
13,2,6,51,-9,9,1,0.433831453323364,1,1,1,1,0.350512981414795
13,2,6,52,-3,3,0,0.600520133972168,-1,1,1,1,0.183831453323364
13,2,6,53,-81,81,0,0.584250211715698,-1,-1,1,-1,0.350520133972168
13,2,6,54,3,3,1,0.383810997009277,-1,-1,-1,-1,0.334250211715698
13,2,6,55,-81,81,1,0.267575025558472,1,1,-1,-1,0.133810997009277
13,2,6,56,-9,9,1,0.550482988357544,-1,1,1,1,0.0175750255584717
13,2,6,57,3,3,1,0.518092155456543,-1,1,1,-1,0.300482988357544
13,2,6,58,-3,3,1,0.55093240737915,1,1,1,-1,0.268092155456543
13,2,6,59,81,81,1,0.600442409515381,-1,1,1,1,0.30093240737915
13,2,6,60,81,81,1,0.567566156387329,1,1,1,-1,0.350442409515381
13,2,6,61,9,9,1,0.834950923919678,1,1,1,1,0.317566156387329
13,2,6,62,-9,9,0,0.583804845809937,1,1,1,1,0.584950923919678
13,2,6,63,-81,81,0,0.567131996154785,-1,-1,1,1,0.333804845809937
13,2,6,64,-3,3,1,0.700910329818726,-1,-1,-1,-1,0.317131996154785
13,2,6,65,-3,3,0,0.800874948501587,-1,1,-1,-1,0.450910329818726
13,2,6,66,81,81,1,0.433874130249023,-1,-1,1,-1,0.550874948501587
13,2,6,67,-9,9,0,0.634259223937988,1,1,-1,-1,0.183874130249023
13,2,6,68,9,9,1,0.46714448928833,-1,-1,1,1,0.384259223937988
13,2,6,69,81,81,1,0.283860206604004,1,1,-1,-1,0.21714448928833
13,2,6,70,27,27,1,0.434231996536255,1,1,1,1,0.0338602066040039
13,2,6,71,27,27,1,0.400470733642578,1,1,1,1,0.184231996536255
13,2,6,72,27,27,1,0.567135334014893,1,1,1,1,0.150470733642578
13,2,6,73,81,81,1,0.300543069839478,1,1,1,1,0.317135334014893
13,2,6,74,3,3,1,0.450462818145752,1,1,1,1,0.0505430698394775
13,2,6,75,81,81,1,0.518131256103516,1,1,1,1,0.200462818145752
13,2,6,76,27,27,1,0.43379807472229,1,1,1,1,0.268131256103516
13,2,6,77,3,3,1,0.583801031112671,1,1,1,1,0.18379807472229
13,2,6,78,81,81,1,0.634265899658203,1,1,1,1,0.333801031112671
13,2,6,79,81,81,1,0.500926971435547,1,1,1,1,0.384265899658203
13,2,6,80,3,3,1,0.400928735733032,1,1,1,1,0.250926971435547
13,2,6,81,-3,3,1,0.450461149215698,1,1,1,1,0.150928735733032
13,2,6,82,27,27,1,0.450477838516235,-1,1,1,1,0.200461149215698
13,2,6,83,81,81,1,0.617154121398926,1,1,1,-1,0.200477838516235
13,2,6,84,9,9,1,0.851118803024292,1,1,1,1,0.367154121398926
13,2,6,85,9,9,1,0.584262132644653,1,1,1,1,0.601118803024292
13,2,6,86,0,0,1,0.967117071151733,1,1,1,1,0.334262132644653
13,2,6,87,-0,0,1,0.417168855667114,1,1,1,1,0.717117071151733
13,2,6,88,-9,9,0,0.917544364929199,-1,1,1,1,0.167168855667114
13,2,6,89,-9,9,1,0.500907182693481,-1,-1,1,-1,0.667544364929199
13,2,6,90,-81,81,0,0.500922203063965,-1,1,-1,-1,0.250907182693481
13,2,6,91,3,3,1,0.383837938308716,-1,-1,1,-1,0.250922203063965
13,2,6,92,27,27,1,0.250959634780884,1,1,-1,-1,0.133837938308716
13,2,6,93,3,3,1,0.400922060012817,1,1,1,1,0.000959634780883789
13,2,6,94,3,3,1,0.583842992782593,1,1,1,1,0.150922060012817
13,2,6,95,-0,0,1,0.384256601333618,1,1,1,1,0.333842992782593
13,2,6,96,-81,81,0,0.517576932907104,-1,1,1,1,0.134256601333618
13,2,6,97,-27,27,0,0.41716194152832,-1,-1,1,-1,0.267576932907104
13,2,6,98,-81,81,0,0.617136240005493,-1,-1,-1,-1,0.16716194152832
13,2,6,99,27,27,1,0.550466060638428,-1,-1,-1,-1,0.367136240005493
13,3,1,2,3,3,1,0.750885009765625,-1,-1,-1,-1,0.201136827468872
13,3,1,3,-9,9,1,0.800474882125854,1,1,-1,-1,0.500885009765625
13,3,1,4,9,9,1,0.700472116470337,-1,1,1,1,0.550474882125854
13,3,1,5,9,9,1,0.467142343521118,1,1,1,-1,0.450472116470337
13,3,1,6,-0,0,1,0.634245872497559,1,1,1,1,0.217142343521118
13,3,1,7,81,81,1,0.55046010017395,-1,1,1,1,0.384245872497559
13,3,1,8,9,9,1,0.633784055709839,1,1,1,-1,0.30046010017395
13,3,1,9,-3,3,0,0.850461483001709,1,1,1,1,0.383784055709839
13,3,1,10,81,81,1,0.550910949707031,-1,-1,1,1,0.600461483001709
13,3,1,11,-9,9,0,0.733797073364258,1,1,-1,-1,0.300910949707031
13,3,1,12,9,9,1,0.600463151931763,-1,-1,1,1,0.483797073364258
13,3,1,13,-9,9,0,0.717133045196533,1,1,-1,-1,0.350463151931763
13,3,1,14,9,9,1,0.517132997512817,-1,-1,1,1,0.467133045196533
13,3,1,15,-9,9,1,0.617156505584717,1,1,-1,-1,0.267132997512817
13,3,1,16,9,9,1,0.667115211486816,-1,1,1,1,0.367156505584717
13,3,1,17,3,3,1,0.717123746871948,1,1,1,-1,0.417115211486816
13,3,1,18,-0,0,1,0.667575120925903,1,1,1,1,0.467123746871948
13,3,1,19,27,27,1,0.584259986877441,-1,1,1,1,0.417575120925903
13,3,1,20,-9,9,0,0.550489187240601,1,1,1,-1,0.334259986877441
13,3,1,21,-27,27,0,0.584251880645752,-1,-1,1,1,0.300489187240601
13,3,1,22,3,3,1,0.517160892486572,-1,-1,-1,-1,0.334251880645752
13,3,1,23,-81,81,0,0.350944995880127,1,1,-1,-1,0.267160892486572
13,3,1,24,-9,9,0,0.817203044891357,-1,-1,1,1,0.100944995880127
13,3,1,25,3,3,1,0.7342529296875,-1,-1,-1,-1,0.567203044891357
13,3,1,26,3,3,0,0.667166948318481,1,1,-1,-1,0.4842529296875
13,3,1,27,-27,27,0,0.567627906799316,1,-1,1,1,0.417166948318481
13,3,1,28,81,81,1,0.517158031463623,-1,-1,-1,1,0.317627906799316
13,3,1,29,-27,27,0,0.484258890151978,1,1,-1,-1,0.267158031463623
13,3,1,30,81,81,1,0.534277439117432,-1,-1,1,1,0.234258890151978
13,3,1,31,3,3,1,0.667213201522827,1,1,-1,-1,0.284277439117432
13,3,1,32,-3,3,0,0.650928735733032,1,1,1,1,0.417213201522827
13,3,1,33,0,0,1,0.700922966003418,-1,-1,1,1,0.400928735733032
13,3,1,34,-0,0,0,0.583795070648193,1,1,-1,-1,0.450922966003418
13,3,1,35,81,81,1,0.483790159225464,-1,-1,1,1,0.333795070648193
13,3,1,36,-0,0,0,0.58424186706543,1,1,-1,-1,0.233790159225464
13,3,1,37,-3,3,1,0.650917053222656,-1,-1,1,1,0.33424186706543
13,3,1,38,-3,3,1,0.70048999786377,-1,1,-1,-1,0.400917053222656
13,3,1,39,81,81,1,0.600920915603638,-1,1,1,-1,0.45048999786377
13,3,1,40,-3,3,0,0.867573976516724,1,1,1,-1,0.350920915603638
13,3,1,41,9,9,1,0.850939035415649,-1,-1,1,1,0.617573976516724
13,3,1,42,27,27,1,0.567600250244141,1,1,-1,-1,0.600939035415649
13,3,1,43,3,3,1,0.650473594665527,1,1,1,1,0.317600250244141
13,3,1,44,-3,3,0,0.667596101760864,1,1,1,1,0.400473594665527
13,3,1,45,0,0,0,0.817110538482666,-1,-1,1,1,0.417596101760864
13,3,1,46,-81,81,0,0.550910234451294,1,-1,-1,-1,0.567110538482666
13,3,1,47,3,3,1,0.900444269180298,-1,-1,-1,1,0.300910234451294
13,3,1,48,-27,27,0,0.567146062850952,1,1,-1,-1,0.650444269180298
13,3,1,49,27,27,1,0.583800077438354,-1,-1,1,1,0.317146062850952
13,3,1,50,-27,27,0,0.500465869903564,1,1,-1,-1,0.333800077438354
13,3,1,51,9,9,0,0.58379340171814,-1,-1,1,1,0.250465869903564
13,3,1,52,-27,27,0,0.817132234573364,1,-1,-1,-1,0.33379340171814
13,3,1,53,3,3,0,0.717577934265137,-1,-1,-1,1,0.567132234573364
13,3,1,54,-27,27,1,0.767605066299438,1,-1,-1,-1,0.467577934265137
13,3,1,55,-9,9,1,0.917140960693359,-1,1,-1,1,0.517605066299438
13,3,1,56,0,0,0,0.60090184211731,-1,1,1,-1,0.667140960693359
13,3,1,57,-3,3,1,0.650455236434937,1,-1,1,-1,0.35090184211731
13,3,1,58,81,81,1,0.667124032974243,-1,1,-1,1,0.400455236434937
13,3,1,59,-3,3,0,0.850534200668335,1,1,1,-1,0.417124032974243
13,3,1,60,3,3,1,0.65114164352417,-1,-1,1,1,0.600534200668335
13,3,1,61,-9,9,1,0.734338045120239,1,1,-1,-1,0.40114164352417
13,3,1,62,27,27,1,0.617143392562866,-1,1,1,1,0.484338045120239
13,3,1,63,-0,0,0,0.717596054077148,1,1,1,-1,0.367143392562866
13,3,1,64,9,9,1,0.667551517486572,-1,-1,1,1,0.467596054077148
13,3,1,65,-3,3,0,0.767570495605469,1,1,-1,-1,0.417551517486572
13,3,1,66,81,81,1,0.550469160079956,-1,-1,1,1,0.517570495605469
13,3,1,67,-81,81,0,0.550454139709473,1,1,-1,-1,0.300469160079956
13,3,1,68,-3,3,1,0.63471531867981,-1,-1,1,1,0.300454139709473
13,3,1,69,9,9,1,0.583791494369507,-1,1,-1,-1,0.38471531867981
13,3,1,70,-27,27,0,0.584253787994385,1,1,1,-1,0.333791494369507
13,3,1,71,27,27,1,0.667121410369873,-1,-1,1,1,0.334253787994385
13,3,1,72,-3,3,0,0.517575263977051,1,1,-1,-1,0.417121410369873
13,3,1,73,-0,0,1,0.517763137817383,-1,-1,1,1,0.267575263977051
13,3,1,74,27,27,1,0.400487422943115,-1,1,-1,-1,0.267763137817383
13,3,1,75,-81,81,0,0.467150926589966,1,1,1,-1,0.150487422943115
13,3,1,76,27,27,1,0.467610120773315,-1,-1,1,1,0.217150926589966
13,3,1,77,-81,81,0,0.367580890655518,1,1,-1,-1,0.217610120773315
13,3,1,78,-9,9,0,0.733802556991577,-1,-1,1,1,0.117580890655518
13,3,1,79,3,3,1,0.617126941680908,-1,-1,-1,-1,0.483802556991577
13,3,1,80,-81,81,0,0.550465822219849,1,1,-1,-1,0.367126941680908
13,3,1,81,27,27,1,0.567126989364624,-1,-1,1,1,0.300465822219849
13,3,1,82,81,81,1,0.500459909439087,1,1,-1,-1,0.317126989364624
13,3,1,83,-27,27,0,0.600930690765381,1,1,1,1,0.250459909439087
13,3,1,84,27,27,1,0.483809947967529,-1,-1,1,1,0.350930690765381
13,3,1,85,-27,27,0,0.46759295463562,1,1,-1,-1,0.233809947967529
13,3,1,86,-0,0,1,0.784290313720703,-1,-1,1,1,0.21759295463562
13,3,1,87,27,27,1,0.58381199836731,-1,1,-1,-1,0.534290313720703
13,3,1,88,-81,81,0,0.400459289550781,1,1,1,-1,0.33381199836731
13,3,1,89,9,9,1,0.633787870407104,-1,-1,1,1,0.150459289550781
13,3,1,90,81,81,1,0.5508873462677,1,1,-1,-1,0.383787870407104
13,3,1,91,-27,27,0,0.500492811203003,1,1,1,1,0.3008873462677
13,3,1,92,9,9,1,0.450896024703979,-1,-1,1,1,0.250492811203003
13,3,1,96,81,81,1,0.433838129043579,-1,-1,1,1,0.283790826797485
13,3,1,97,-81,81,0,0.534250736236572,1,1,-1,-1,0.183838129043579
13,3,1,98,81,81,1,0.567592620849609,-1,-1,1,1,0.284250736236572
13,3,1,99,-0,0,0,0.634248495101929,1,1,-1,-1,0.317592620849609
13,3,2,2,3,3,0,0.60046911239624,-1,-1,1,1,0.617337942123413
13,3,2,3,-81,81,0,0.58379864692688,1,-1,-1,-1,0.35046911239624
13,3,2,4,81,81,1,0.483794927597046,-1,-1,-1,1,0.33379864692688
13,3,2,5,-81,81,0,0.567139863967896,1,1,-1,-1,0.233794927597046
13,3,2,6,9,9,1,0.767135858535767,-1,-1,1,1,0.317139863967896
13,3,2,7,-9,9,1,0.917121887207031,1,1,-1,-1,0.517135858535767
13,3,2,8,27,27,1,0.550490140914917,-1,1,1,1,0.667121887207031
13,3,2,9,-3,3,0,0.834240913391113,1,1,1,-1,0.300490140914917
13,3,2,10,3,3,1,0.617159128189087,-1,-1,1,1,0.584240913391113
13,3,2,11,27,27,1,0.600878953933716,1,1,-1,-1,0.367159128189087
13,3,2,12,-3,3,0,0.567126035690308,1,1,1,1,0.350878953933716
13,3,2,13,9,9,1,0.650466680526733,-1,-1,1,1,0.317126035690308
13,3,2,14,-0,0,0,0.517164945602417,1,1,-1,-1,0.400466680526733
13,3,2,15,81,81,1,0.550485610961914,-1,-1,1,1,0.267164945602417
13,3,2,16,-81,81,0,0.367159605026245,1,1,-1,-1,0.300485610961914
13,3,2,17,3,3,1,0.517155885696411,-1,-1,1,1,0.117159605026245
13,3,2,18,3,3,1,0.450924158096313,1,1,-1,-1,0.267155885696411
13,3,2,19,-27,27,0,0.383814811706543,1,1,1,1,0.200924158096313
13,3,2,20,9,9,1,0.617132902145386,-1,-1,1,1,0.133814811706543
13,3,2,21,-81,81,0,0.317604541778564,1,1,-1,-1,0.367132902145386
13,3,2,22,-0,0,1,0.533806562423706,-1,-1,1,1,0.0676045417785645
13,3,2,23,-0,0,1,0.734289884567261,-1,1,-1,-1,0.283806562423706
13,3,2,24,9,9,1,0.400938987731934,-1,1,1,-1,0.484289884567261
13,3,2,25,-81,81,0,0.384262800216675,1,1,1,-1,0.150938987731934
13,3,2,26,27,27,1,0.41715407371521,-1,-1,1,1,0.134262800216675
13,3,2,27,-3,3,0,0.700470924377441,1,1,-1,-1,0.16715407371521
13,3,2,28,-3,3,1,0.517967939376831,-1,-1,1,1,0.450470924377441
13,3,2,29,9,9,1,0.500937938690186,-1,1,-1,-1,0.267967939376831
13,3,2,30,-27,27,0,0.633790016174316,1,1,1,-1,0.250937938690186
13,3,2,31,9,9,1,0.450892925262451,-1,-1,1,1,0.383790016174316
13,3,2,32,-81,81,0,0.550490856170654,1,1,-1,-1,0.200892925262451
13,3,2,33,-3,3,1,0.550931215286255,-1,-1,1,1,0.300490856170654
13,3,2,34,-81,81,0,0.583803176879883,-1,1,-1,-1,0.300931215286255
13,3,2,35,81,81,1,0.350479364395142,-1,-1,1,-1,0.333803176879883
13,3,2,36,-27,27,0,0.600478172302246,1,1,-1,-1,0.100479364395142
13,3,2,37,-81,81,0,0.617112398147583,-1,-1,1,1,0.350478172302246
13,3,2,38,3,3,1,0.484272956848145,-1,-1,-1,-1,0.367112398147583
13,3,2,39,-81,81,0,0.600987911224365,1,1,-1,-1,0.234272956848145
13,3,2,40,-3,3,1,0.617592096328735,-1,-1,1,1,0.350987911224365
13,3,2,41,81,81,1,0.583836555480957,-1,1,-1,-1,0.367592096328735
13,3,2,42,-27,27,0,0.850915193557739,1,1,1,-1,0.333836555480957
13,3,2,43,3,3,1,0.483860731124878,-1,-1,1,1,0.600915193557739
13,3,2,44,-27,27,0,0.634248971939087,1,1,-1,-1,0.233860731124878
13,3,2,45,81,81,1,0.367141962051392,-1,-1,1,1,0.384248971939087
13,3,2,46,-81,81,0,0.350481986999512,1,1,-1,-1,0.117141962051392
13,3,2,47,3,3,1,0.467128992080688,-1,-1,1,1,0.100481986999512
13,3,2,48,-9,9,1,0.75047492980957,1,1,-1,-1,0.217128992080688
13,3,2,49,-27,27,0,0.583878993988037,-1,1,1,1,0.50047492980957
13,3,2,50,81,81,1,0.400464296340942,-1,-1,1,-1,0.333878993988037
13,3,2,51,-27,27,0,0.517130851745605,1,1,-1,-1,0.150464296340942
13,3,2,52,27,27,1,0.783795118331909,-1,-1,1,1,0.267130851745605
13,3,2,53,-9,9,1,0.733797073364258,1,1,-1,-1,0.533795118331909
13,3,2,54,27,27,1,0.683807134628296,-1,1,1,1,0.483797073364258
13,3,2,55,-3,3,0,0.817164421081543,1,1,1,-1,0.433807134628296
13,3,2,56,-81,81,0,0.583859443664551,-1,-1,1,1,0.567164421081543
13,3,2,57,3,3,1,0.550475120544434,-1,-1,-1,-1,0.333859443664551
13,3,2,58,-27,27,0,0.533792495727539,1,1,-1,-1,0.300475120544434
13,3,2,59,0,0,1,0.634225368499756,-1,-1,1,1,0.283792495727539
13,3,2,60,-9,9,0,0.700487375259399,1,1,-1,-1,0.384225368499756
13,3,2,61,27,27,1,0.500472068786621,-1,-1,1,1,0.450487375259399
13,3,2,62,-27,27,0,0.550461292266846,1,1,-1,-1,0.250472068786621
13,3,2,63,81,81,1,0.550888776779175,-1,-1,1,1,0.300461292266846
13,3,2,64,-27,27,0,0.467143058776855,1,1,-1,-1,0.300888776779175
13,3,2,65,81,81,1,0.267747163772583,-1,-1,1,1,0.217143058776855
13,3,2,66,-3,3,0,0.800885438919067,1,1,-1,-1,0.017747163772583
13,3,2,67,-9,9,1,0.717939138412476,-1,-1,1,1,0.550885438919067
13,3,2,68,-0,0,1,0.733823776245117,-1,1,-1,-1,0.467939138412476
13,3,2,69,3,3,0,0.900464773178101,-1,1,1,-1,0.483823776245117
13,3,2,70,-81,81,0,0.633816003799438,1,-1,1,-1,0.650464773178101
13,3,2,71,3,3,1,0.633809089660645,-1,-1,-1,1,0.383816003799438
13,3,2,72,-3,3,1,1.03379106521606,1,1,-1,-1,0.383809089660645
13,3,2,73,81,81,1,0.550482034683228,-1,1,1,1,0.783791065216064
13,3,2,74,-3,3,0,0.550932168960571,1,1,1,-1,0.300482034683228
13,3,2,75,9,9,0,0.434257507324219,-1,-1,1,1,0.300932168960571
13,3,2,76,-27,27,1,0.550920009613037,1,-1,-1,-1,0.184257507324219
13,3,2,77,0,0,1,0.483792304992676,-1,1,-1,1,0.300920009613037
13,3,2,78,-0,0,1,0.700891494750977,1,1,1,-1,0.233792304992676
13,3,2,79,9,9,1,0.550946950912476,-1,1,1,1,0.450891494750977
13,3,2,80,-9,9,1,0.634323835372925,1,1,1,-1,0.300946950912476
13,3,2,81,-9,9,1,0.600476980209351,-1,1,1,1,0.384323835372925
13,3,2,82,9,9,0,0.883796453475952,-1,1,1,-1,0.350476980209351
13,3,2,83,-9,9,1,0.400537967681885,1,-1,1,-1,0.633796453475952
13,3,2,84,9,9,1,0.60045313835144,-1,1,-1,1,0.150537967681885
13,3,2,85,-27,27,0,0.600888013839722,1,1,1,-1,0.35045313835144
13,3,2,86,81,81,1,0.267137050628662,-1,-1,1,1,0.350888013839722
13,3,2,87,-27,27,0,0.417594194412231,1,1,-1,-1,0.0171370506286621
13,3,2,88,9,9,1,0.717141389846802,-1,-1,1,1,0.167594194412231
13,3,2,89,-0,0,0,1.23423600196838,1,1,-1,-1,0.467141389846802
13,3,2,90,27,27,1,0.483838796615601,-1,-1,1,1,0.984236001968384
13,3,2,91,-27,27,0,0.683809041976929,1,1,-1,-1,0.233838796615601
13,3,2,92,0,0,1,0.650460243225098,-1,-1,1,1,0.433809041976929
13,3,2,93,-0,0,1,0.567115545272827,1,1,-1,-1,0.400460243225098
13,3,2,97,-9,9,0,0.634257078170776,1,1,-1,-1,0.300462961196899
13,3,2,98,-3,3,0,0.767120361328125,-1,-1,1,1,0.384257078170776
13,3,2,99,9,9,1,0.600486278533936,-1,-1,-1,-1,0.517120361328125
13,3,3,2,-3,3,1,0.817124843597412,1,1,1,1,0.350673913955688
13,3,3,3,-81,81,0,0.65045952796936,-1,1,1,1,0.567124843597412
13,3,3,4,27,27,1,0.467131853103638,-1,-1,1,-1,0.40045952796936
13,3,3,5,-9,9,1,0.634268045425415,1,1,-1,-1,0.217131853103638
13,3,3,6,81,81,1,0.617171764373779,-1,1,1,1,0.384268045425415
13,3,3,7,-3,3,0,0.784209012985229,1,1,1,-1,0.367171764373779
13,3,3,8,-3,3,0,0.950906991958618,-1,-1,1,1,0.534209012985229
13,3,3,9,-9,9,0,0.650911808013916,-1,-1,-1,-1,0.700906991958618
13,3,3,10,9,9,1,0.717122554779053,-1,-1,-1,-1,0.400911808013916
13,3,3,11,-9,9,0,0.800461053848267,1,1,-1,-1,0.467122554779053
13,3,3,12,-81,81,0,0.61715292930603,-1,-1,1,1,0.550461053848267
13,3,3,13,-3,3,0,0.650466203689575,-1,-1,-1,-1,0.36715292930603
13,3,3,14,-81,81,0,0.600493192672729,-1,-1,-1,-1,0.400466203689575
13,3,3,15,81,81,1,0.267154932022095,-1,-1,-1,-1,0.350493192672729
13,3,3,16,27,27,1,0.400926113128662,1,1,-1,-1,0.0171549320220947
13,3,3,17,-27,27,0,0.567145586013794,1,1,1,1,0.150926113128662
13,3,3,18,-0,0,1,0.500470876693726,-1,-1,1,1,0.317145586013794
13,3,3,19,-27,27,0,0.367151975631714,-1,1,-1,-1,0.250470876693726
13,3,3,20,-27,27,0,0.467555522918701,-1,-1,1,-1,0.117151975631714
13,3,3,24,3,3,1,0.300476789474487,-1,-1,-1,-1,0.16756796836853
13,3,3,25,-9,9,1,0.533802032470703,1,1,-1,-1,0.0504767894744873
13,3,3,26,27,27,1,0.383814811706543,-1,1,1,1,0.283802032470703
13,3,3,27,9,9,1,0.383806943893433,1,1,1,-1,0.133814811706543
13,3,3,28,0,0,1,0.417145013809204,1,1,1,1,0.133806943893433
13,3,3,29,81,81,1,0.40047287940979,1,1,1,1,0.167145013809204
13,3,3,30,-81,81,0,0.517146110534668,1,1,1,1,0.15047287940979
13,3,3,31,-0,0,0,0.601165294647217,-1,-1,1,1,0.267146110534668
13,3,3,32,3,3,1,0.467142105102539,-1,-1,-1,-1,0.351165294647217
13,3,3,33,0,0,0,0.567615032196045,1,1,-1,-1,0.217142105102539
13,3,3,34,9,9,1,0.484251976013184,1,-1,1,1,0.317615032196045
13,3,3,35,9,9,1,0.450493812561035,1,1,-1,1,0.234251976013184
13,3,3,36,27,27,1,0.48383092880249,1,1,1,1,0.200493812561035
13,3,3,37,-3,3,1,0.533805370330811,1,1,1,1,0.23383092880249
13,3,3,38,-0,0,0,0.550473213195801,-1,1,1,1,0.283805370330811
13,3,3,39,-27,27,0,0.650932312011719,-1,-1,1,-1,0.300473213195801
13,3,3,40,-3,3,0,0.600471019744873,-1,-1,-1,-1,0.400932312011719
13,3,3,41,-27,27,0,0.633816957473755,-1,-1,-1,-1,0.350471019744873
13,3,3,42,9,9,1,0.400489091873169,-1,-1,-1,-1,0.383816957473755
13,3,3,43,3,3,1,0.53425669670105,1,1,-1,-1,0.150489091873169
13,3,3,44,81,81,1,0.400466203689575,1,1,1,1,0.28425669670105
13,3,3,45,9,9,1,0.517147064208984,1,1,1,1,0.150466203689575
13,3,3,46,-9,9,0,0.550467014312744,1,1,1,1,0.267147064208984
13,3,3,47,-9,9,1,0.48426628112793,-1,-1,1,1,0.300467014312744
13,3,3,48,81,81,1,0.350473880767822,-1,1,-1,-1,0.23426628112793
13,3,3,49,-27,27,0,0.40090537071228,1,1,1,-1,0.100473880767822
13,3,3,50,-81,81,0,0.600470066070557,-1,-1,1,1,0.15090537071228
13,3,3,51,-3,3,0,0.583791017532349,-1,-1,-1,-1,0.350470066070557
13,3,3,52,-9,9,0,0.467591524124146,-1,-1,-1,-1,0.333791017532349
13,3,3,53,-27,27,0,0.433813095092773,-1,-1,-1,-1,0.217591524124146
13,3,3,54,-81,81,0,0.601170301437378,-1,-1,-1,-1,0.183813095092773
13,3,3,55,-81,81,0,0.583804130554199,-1,-1,-1,-1,0.351170301437378
13,3,3,56,-0,0,0,0.934246063232422,-1,-1,-1,-1,0.333804130554199
13,3,3,57,-27,27,0,0.467135190963745,-1,-1,-1,-1,0.684246063232422
13,3,3,58,-27,27,0,0.567123174667358,-1,-1,-1,-1,0.217135190963745
13,3,3,59,-3,3,1,0.584233045578003,-1,-1,-1,-1,0.317123174667358
13,3,3,60,81,81,1,0.284271955490112,-1,1,-1,-1,0.334233045578003
13,3,3,61,-9,9,1,0.86777138710022,1,1,1,-1,0.0342719554901123
13,3,3,62,-3,3,0,0.66758918762207,-1,1,1,1,0.61777138710022
13,3,3,63,0,0,1,0.734247207641602,-1,-1,1,-1,0.41758918762207
13,3,3,64,0,0,0,0.783819913864136,1,1,-1,-1,0.484247207641602
13,3,3,65,9,9,1,0.550451993942261,1,-1,1,1,0.533819913864136
13,3,3,66,-0,0,1,0.517131090164185,1,1,-1,1,0.300451993942261
13,3,3,67,0,0,1,0.683806180953979,-1,1,1,1,0.267131090164185
13,3,3,68,-27,27,0,0.65047550201416,1,1,1,-1,0.433806180953979
13,3,3,69,-27,27,0,0.600934028625488,-1,-1,1,1,0.40047550201416
13,3,3,70,81,81,1,0.583791971206665,-1,-1,-1,-1,0.350934028625488
13,3,3,71,27,27,1,0.60089111328125,1,1,-1,-1,0.333791971206665
13,3,3,72,-27,27,0,0.750880002975464,1,1,1,1,0.35089111328125
13,3,3,73,27,27,1,0.634244680404663,-1,-1,1,1,0.500880002975464
13,3,3,74,-3,3,1,0.550462484359741,1,1,-1,-1,0.384244680404663
13,3,3,75,81,81,1,0.534281969070435,-1,1,1,1,0.300462484359741
13,3,3,76,-3,3,0,0.667582988739014,1,1,1,-1,0.284281969070435
13,3,3,77,9,9,0,0.683816909790039,-1,-1,1,1,0.417582988739014
13,3,3,78,-27,27,0,0.334270000457764,1,-1,-1,-1,0.433816909790039
13,3,3,79,3,3,1,0.533883810043335,-1,-1,-1,1,0.0842700004577637
13,3,3,80,-9,9,0,0.600900173187256,1,1,-1,-1,0.283883810043335
13,3,3,81,27,27,1,0.334264993667603,-1,-1,1,1,0.350900173187256
13,3,3,82,3,3,1,0.450930118560791,1,1,-1,-1,0.0842649936676025
13,3,3,83,-3,3,0,0.383816242218018,1,1,1,1,0.200930118560791
13,3,3,84,-81,81,0,0.750893354415894,-1,-1,1,1,0.133816242218018
13,3,3,85,-3,3,1,0.600899219512939,-1,-1,-1,-1,0.500893354415894
13,3,3,86,-0,0,1,0.584246873855591,-1,1,-1,-1,0.350899219512939
13,3,3,87,-3,3,1,0.600912094116211,-1,1,1,-1,0.334246873855591
13,3,3,88,-81,81,0,0.650909900665283,-1,1,1,-1,0.350912094116211
13,3,3,89,9,9,1,0.55048131942749,-1,-1,1,-1,0.400909900665283
13,3,3,90,-3,3,0,0.867142915725708,1,1,-1,-1,0.30048131942749
13,3,3,91,3,3,1,0.601847171783447,-1,-1,1,1,0.617142915725708
13,3,3,92,81,81,1,0.533794164657593,1,1,-1,-1,0.351847171783447
13,3,3,93,-9,9,0,0.684258460998535,1,1,1,1,0.283794164657593
13,3,3,94,81,81,1,0.66761302947998,-1,-1,1,1,0.434258460998535
13,3,3,95,81,81,1,0.583826065063477,1,1,-1,-1,0.41761302947998
13,3,3,96,-9,9,0,0.767157077789307,1,1,1,1,0.333826065063477
13,3,3,97,9,9,1,0.617613077163696,-1,-1,1,1,0.517157077789307
13,3,3,98,-27,27,0,0.483806371688843,1,1,-1,-1,0.367613077163696
13,3,3,99,9,9,1,0.483835220336914,-1,-1,1,1,0.233806371688843
13,3,4,2,81,81,1,0.600916147232056,-1,-1,1,1,0.984439134597778
13,3,4,3,9,9,1,0.550925970077515,1,1,-1,-1,0.350916147232056
13,3,4,4,3,3,1,0.567604303359985,1,1,1,1,0.300925970077515
13,3,4,5,9,9,1,0.43422794342041,1,1,1,1,0.317604303359985
13,3,4,6,0,0,1,0.467582941055298,1,1,1,1,0.18422794342041
13,3,4,7,81,81,1,0.601097106933594,1,1,1,1,0.217582941055298
13,3,4,8,-9,9,1,0.533801794052124,1,1,1,1,0.351097106933594
13,3,4,9,9,9,1,0.534247875213623,-1,1,1,1,0.283801794052124
13,3,4,10,9,9,1,0.60088324546814,1,1,1,-1,0.284247875213623
13,3,4,11,81,81,1,0.417187213897705,1,1,1,1,0.35088324546814
13,3,4,12,27,27,1,0.333806753158569,1,1,1,1,0.167187213897705
13,3,4,13,9,9,1,0.400927066802979,1,1,1,1,0.0838067531585693
13,3,4,14,-0,0,1,0.483794212341309,1,1,1,1,0.150927066802979
13,3,4,15,-9,9,0,0.500930070877075,-1,1,1,1,0.233794212341309
13,3,4,16,-81,81,0,0.600461959838867,-1,-1,1,-1,0.250930070877075
13,3,4,17,-9,9,0,0.600452184677124,-1,-1,-1,-1,0.350461959838867
13,3,4,18,-0,0,1,0.567142963409424,-1,-1,-1,-1,0.350452184677124
13,3,4,19,-9,9,0,0.500492095947266,-1,1,-1,-1,0.317142963409424
13,3,4,20,-3,3,0,0.533815145492554,-1,-1,1,-1,0.250492095947266
13,3,4,21,-27,27,0,0.701203107833862,-1,-1,-1,-1,0.283815145492554
13,3,4,22,-81,81,0,0.417153120040894,-1,-1,-1,-1,0.451203107833862
13,3,4,23,3,3,1,0.917129993438721,-1,-1,-1,-1,0.167153120040894
13,3,4,24,27,27,1,0.600452184677124,1,1,-1,-1,0.667129993438721
13,3,4,25,9,9,1,0.467124938964844,1,1,1,1,0.350452184677124
13,3,4,26,-27,27,0,0.58427357673645,1,1,1,1,0.217124938964844
13,3,4,30,-27,27,0,0.434257984161377,-1,1,-1,-1,0.38427996635437
13,3,4,31,-81,81,0,0.600465297698975,-1,-1,1,-1,0.184257984161377
13,3,4,32,-81,81,0,0.534249782562256,-1,-1,-1,-1,0.350465297698975
13,3,4,33,-27,27,0,0.517565488815308,-1,-1,-1,-1,0.284249782562256
13,3,4,34,-81,81,0,0.567177057266235,-1,-1,-1,-1,0.267565488815308
13,3,4,35,-27,27,0,0.650465488433838,-1,-1,-1,-1,0.317177057266235
13,3,4,36,-3,3,1,0.450923919677734,-1,-1,-1,-1,0.400465488433838
13,3,4,37,-27,27,0,0.384263038635254,-1,1,-1,-1,0.200923919677734
13,3,4,38,-27,27,0,0.417157173156738,-1,-1,1,-1,0.134263038635254
13,3,4,39,-3,3,1,0.501461029052734,-1,-1,-1,-1,0.167157173156738
13,3,4,40,-81,81,0,0.633805513381958,-1,1,-1,-1,0.251461029052734
13,3,4,41,-3,3,0,0.733810186386108,-1,-1,1,-1,0.383805513381958
13,3,4,42,-81,81,0,0.617586135864258,-1,-1,-1,-1,0.483810186386108
13,3,4,43,-0,0,1,0.667168140411377,-1,-1,-1,-1,0.367586135864258
13,3,4,44,9,9,1,0.567111968994141,-1,1,-1,-1,0.417168140411377
13,3,4,45,81,81,1,0.767161130905151,1,1,1,-1,0.317111968994141
13,3,4,46,9,9,1,0.917125225067139,1,1,1,1,0.517161130905151
13,3,4,47,0,0,1,0.501161098480225,1,1,1,1,0.667125225067139
13,3,4,48,3,3,1,0.417151212692261,1,1,1,1,0.251161098480225
13,3,4,49,81,81,1,0.534224033355713,1,1,1,1,0.167151212692261
13,3,4,50,-3,3,1,0.383816003799438,1,1,1,1,0.284224033355713
13,3,4,51,-81,81,0,0.533801794052124,-1,1,1,1,0.133816003799438
13,3,4,52,-0,0,1,0.667142152786255,-1,-1,1,-1,0.283801794052124
13,3,4,53,9,9,1,0.433809280395508,-1,1,-1,-1,0.417142152786255
13,3,4,54,-27,27,1,0.633822917938232,1,1,1,-1,0.183809280395508
13,3,4,55,-3,3,1,0.417598962783813,-1,1,1,1,0.383822917938232
13,3,4,56,-3,3,1,0.400479078292847,-1,1,1,-1,0.167598962783813
13,3,4,57,0,0,0,0.734213352203369,-1,1,1,-1,0.150479078292847
13,3,4,58,27,27,1,0.667575359344482,1,-1,1,-1,0.484213352203369
13,3,4,59,0,0,1,0.633801937103271,1,1,-1,1,0.417575359344482
13,3,4,60,9,9,1,0.433785676956177,1,1,1,1,0.383801937103271
13,3,4,61,9,9,1,0.650459051132202,1,1,1,1,0.183785676956177
13,3,4,62,81,81,1,0.600897073745728,1,1,1,1,0.400459051132202
13,3,4,63,3,3,1,0.583806037902832,1,1,1,1,0.350897073745728
13,3,4,64,27,27,1,0.750457286834717,1,1,1,1,0.333806037902832
13,3,4,65,0,0,0,0.517141103744507,1,1,1,1,0.500457286834717
13,3,4,66,-81,81,0,0.617139101028442,1,-1,1,1,0.267141103744507
13,3,4,67,27,27,1,0.417129278182983,-1,-1,-1,1,0.367139101028442
13,3,4,68,3,3,1,0.467145919799805,1,1,-1,-1,0.167129278182983
13,3,4,69,-81,81,0,0.584259033203125,1,1,1,1,0.217145919799805
13,3,4,70,-27,27,0,0.383800268173218,-1,-1,1,1,0.334259033203125
13,3,4,71,-3,3,0,0.433824062347412,-1,-1,-1,-1,0.133800268173218
13,3,4,72,-27,27,0,0.4171462059021,-1,-1,-1,-1,0.183824062347412
13,3,4,73,-3,3,1,0.417584180831909,-1,-1,-1,-1,0.1671462059021
13,3,4,74,-9,9,1,0.667155981063843,-1,1,-1,-1,0.167584180831909
13,3,4,75,3,3,0,0.734245300292969,-1,1,1,-1,0.417155981063843
13,3,4,76,81,81,1,0.634230375289917,1,-1,1,-1,0.484245300292969
13,3,4,77,-3,3,0,0.63381814956665,1,1,-1,1,0.384230375289917
13,3,4,78,-27,27,0,0.734239101409912,-1,-1,1,1,0.38381814956665
13,3,4,79,-27,27,0,0.684746265411377,-1,-1,-1,-1,0.484239101409912
13,3,4,80,-3,3,1,0.700445652008057,-1,-1,-1,-1,0.434746265411377
13,3,4,81,-3,3,0,0.583812236785889,-1,1,-1,-1,0.450445652008057
13,3,4,82,-9,9,1,0.483809947967529,-1,-1,1,-1,0.333812236785889
13,3,4,83,-27,27,0,0.650468111038208,-1,1,-1,-1,0.233809947967529
13,3,4,84,-3,3,1,0.684246301651001,-1,-1,1,-1,0.400468111038208
13,3,4,85,-9,9,1,0.56713604927063,-1,1,-1,-1,0.434246301651001
13,3,4,86,-81,81,0,0.400935173034668,-1,1,1,-1,0.31713604927063
13,3,4,87,-9,9,1,0.617589950561523,-1,-1,1,-1,0.150935173034668
13,3,4,88,0,0,1,0.601118564605713,-1,1,-1,-1,0.367589950561523
13,3,4,89,0,0,1,0.634292840957642,1,1,1,-1,0.351118564605713
13,3,4,90,81,81,1,0.583792209625244,1,1,1,1,0.384292840957642
13,3,4,91,27,27,1,0.601120948791504,1,1,1,1,0.333792209625244
13,3,4,92,-81,81,0,0.534230947494507,1,1,1,1,0.351120948791504
13,3,4,93,-3,3,1,0.518898010253906,-1,-1,1,1,0.284230947494507
13,3,4,94,-9,9,0,0.733829975128174,-1,1,-1,-1,0.268898010253906
13,3,4,95,-3,3,0,0.700455188751221,-1,-1,1,-1,0.483829975128174
13,3,4,96,81,81,1,0.517171859741211,-1,-1,-1,-1,0.450455188751221
13,3,4,97,27,27,1,0.434268474578857,1,1,-1,-1,0.267171859741211
13,3,4,98,81,81,1,0.317163944244385,1,1,1,1,0.184268474578857
13,3,4,99,9,9,1,0.784249067306519,1,1,1,1,0.0671639442443848
13,3,5,2,27,27,1,0.30046010017395,-1,-1,1,1,0.46735405921936
13,3,5,3,0,0,0,0.883779048919678,1,1,-1,-1,0.0504601001739502
13,3,5,4,9,9,0,0.567142009735107,1,-1,1,1,0.633779048919678
13,3,5,5,-3,3,1,0.517577886581421,1,-1,-1,1,0.317142009735107
13,3,5,6,-27,27,0,0.533808946609497,-1,1,-1,1,0.267577886581421
13,3,5,7,-3,3,1,0.600898742675781,-1,-1,1,-1,0.283808946609497
13,3,5,8,-27,27,0,0.484259843826294,-1,1,-1,-1,0.350898742675781
13,3,5,9,-9,9,1,0.600468635559082,-1,-1,1,-1,0.234259843826294
13,3,5,10,9,9,0,0.583801031112671,-1,1,-1,-1,0.350468635559082
13,3,5,11,81,81,1,0.450469017028809,1,-1,1,-1,0.333801031112671
13,3,5,12,81,81,1,0.250959157943726,1,1,-1,1,0.200469017028809
13,3,5,13,9,9,1,0.583795070648193,1,1,1,1,0.000959157943725586
13,3,5,14,-81,81,0,0.284269094467163,1,1,1,1,0.333795070648193
13,3,5,15,81,81,1,0.617585897445679,-1,-1,1,1,0.0342690944671631
13,3,5,16,3,3,0,0.767132997512817,1,1,-1,-1,0.367585897445679
13,3,5,17,81,81,1,0.31759786605835,1,-1,1,1,0.517132997512817
13,3,5,21,0,0,0,0.617581844329834,1,1,1,1,0.450463771820068
13,3,5,22,9,9,1,0.600478172302246,1,-1,1,1,0.367581844329834
13,3,5,23,81,81,1,0.48380184173584,1,1,-1,1,0.350478172302246
13,3,5,24,81,81,1,0.600959062576294,1,1,1,1,0.23380184173584
13,3,5,25,3,3,1,0.550917863845825,1,1,1,1,0.350959062576294
13,3,5,26,-81,81,0,0.317135095596313,1,1,1,1,0.300917863845825
13,3,5,27,3,3,1,0.534261226654053,-1,-1,1,1,0.0671350955963135
13,3,5,28,27,27,1,0.417132377624512,1,1,-1,-1,0.284261226654053
13,3,5,29,27,27,1,0.533797025680542,1,1,1,1,0.167132377624512
13,3,5,30,9,9,1,0.650482654571533,1,1,1,1,0.283797025680542
13,3,5,31,3,3,1,0.500477075576782,1,1,1,1,0.400482654571533
13,3,5,32,81,81,1,0.350962162017822,1,1,1,1,0.250477075576782
13,3,5,33,3,3,1,0.584272146224976,1,1,1,1,0.100962162017822
13,3,5,34,27,27,1,0.467175245285034,1,1,1,1,0.334272146224976
13,3,5,35,0,0,1,0.633825063705444,1,1,1,1,0.217175245285034
13,3,5,36,9,9,1,0.500461339950562,1,1,1,1,0.383825063705444
13,3,5,37,27,27,1,0.483806371688843,1,1,1,1,0.250461339950562
13,3,5,38,27,27,1,0.383799076080322,1,1,1,1,0.233806371688843
13,3,5,39,3,3,1,0.433809041976929,1,1,1,1,0.133799076080322
13,3,5,40,-27,27,0,1.15044832229614,1,1,1,1,0.183809041976929
13,3,5,41,-81,81,0,0.550482034683228,-1,-1,1,1,0.900448322296143
13,3,5,42,9,9,1,0.55048131942749,-1,-1,-1,-1,0.300482034683228
13,3,5,43,-0,0,0,0.600458145141602,1,1,-1,-1,0.30048131942749
13,3,5,44,-3,3,1,0.36756706237793,-1,-1,1,1,0.350458145141602
13,3,5,45,-9,9,0,0.567144155502319,-1,1,-1,-1,0.11756706237793
13,3,5,46,-9,9,1,0.667151927947998,-1,-1,1,-1,0.317144155502319
13,3,5,47,-27,27,0,0.500923156738281,-1,1,-1,-1,0.417151927947998
13,3,5,48,-0,0,0,0.417567253112793,-1,-1,1,-1,0.250923156738281
13,3,5,52,-27,27,0,0.350473880767822,-1,-1,1,-1,0.550471067428589
13,3,5,53,0,0,0,0.650460958480835,-1,-1,-1,-1,0.100473880767822
13,3,5,54,3,3,1,0.483811140060425,1,-1,-1,-1,0.400460958480835
13,3,5,55,-3,3,0,0.317138195037842,1,1,-1,1,0.233811140060425
13,3,5,56,-27,27,0,0.383816957473755,-1,-1,1,1,0.0671381950378418
13,3,5,57,-81,81,0,0.267146110534668,-1,-1,-1,-1,0.133816957473755
13,3,5,58,-9,9,0,0.567576169967651,-1,-1,-1,-1,0.017146110534668
13,3,5,59,-3,3,0,0.517140865325928,-1,-1,-1,-1,0.317576169967651
13,3,5,60,-0,0,0,0.633805274963379,-1,-1,-1,-1,0.267140865325928
13,3,5,61,-81,81,0,0.56713604927063,-1,-1,-1,-1,0.383805274963379
13,3,5,62,-3,3,0,0.617573499679565,-1,-1,-1,-1,0.31713604927063
13,3,5,63,27,27,1,0.450499057769775,-1,-1,-1,-1,0.367573499679565
13,3,5,64,-9,9,1,0.483807802200317,1,1,-1,-1,0.200499057769775
13,3,5,65,-27,27,0,0.467132329940796,-1,1,1,1,0.233807802200317
13,3,5,66,-81,81,0,0.684272050857544,-1,-1,1,-1,0.217132329940796
13,3,5,67,-81,81,0,0.650947093963623,-1,-1,-1,-1,0.434272050857544
13,3,5,68,-9,9,0,0.667586088180542,-1,-1,-1,-1,0.400947093963623
13,3,5,69,-0,0,0,0.967142105102539,-1,-1,-1,-1,0.417586088180542
13,3,5,70,-27,27,0,0.667153835296631,-1,-1,-1,-1,0.717142105102539
13,3,5,71,-27,27,0,0.617128133773804,-1,-1,-1,-1,0.417153835296631
13,3,5,72,-81,81,0,0.600913286209106,-1,-1,-1,-1,0.367128133773804
13,3,5,73,-27,27,0,0.450955390930176,-1,-1,-1,-1,0.350913286209106
13,3,5,74,-9,9,1,0.633809089660645,-1,-1,-1,-1,0.200955390930176
13,3,5,75,-27,27,0,0.700487852096558,-1,1,-1,-1,0.383809089660645
13,3,5,76,-0,0,0,0.550968885421753,-1,-1,1,-1,0.450487852096558
13,3,5,77,-9,9,1,0.467676639556885,-1,-1,-1,-1,0.300968885421753
13,3,5,78,-3,3,1,0.600480794906616,-1,1,-1,-1,0.217676639556885
13,3,5,79,-3,3,0,0.550481081008911,-1,1,1,-1,0.350480794906616
13,3,5,80,-81,81,0,0.68424129486084,-1,-1,1,-1,0.300481081008911
13,3,5,81,-3,3,0,0.800915002822876,-1,-1,-1,-1,0.43424129486084
13,3,5,82,-3,3,0,0.417133092880249,-1,-1,-1,-1,0.550915002822876
13,3,5,83,-27,27,0,0.667171955108643,-1,-1,-1,-1,0.167133092880249
13,3,5,84,27,27,1,0.550494194030762,-1,-1,-1,-1,0.417171955108643
13,3,5,85,81,81,1,0.384472370147705,1,1,-1,-1,0.300494194030762
13,3,5,86,9,9,0,0.717121124267578,1,1,1,1,0.134472370147705
13,3,5,87,-27,27,0,0.634233951568604,1,-1,1,1,0.467121124267578
13,3,5,88,-3,3,0,0.55091404914856,-1,-1,-1,1,0.384233951568604
13,3,5,89,-9,9,0,0.400933027267456,-1,-1,-1,-1,0.30091404914856
13,3,5,90,-9,9,0,0.450964450836182,-1,-1,-1,-1,0.150933027267456
13,3,5,91,-81,81,0,0.600461959838867,-1,-1,-1,-1,0.200964450836182
13,3,5,92,-9,9,0,0.484225988388062,-1,-1,-1,-1,0.350461959838867
13,3,5,93,-81,81,0,0.60047435760498,-1,-1,-1,-1,0.234225988388062
13,3,5,94,-3,3,0,0.617135047912598,-1,-1,-1,-1,0.35047435760498
13,3,5,95,-3,3,0,0.583826303482056,-1,-1,-1,-1,0.367135047912598
13,3,5,96,27,27,1,0.767132043838501,-1,-1,-1,-1,0.333826303482056
13,3,5,97,-0,0,1,0.68380880355835,1,1,-1,-1,0.517132043838501
13,3,5,98,-3,3,1,0.601318120956421,-1,1,1,1,0.43380880355835
13,3,5,99,9,9,1,0.567162036895752,-1,1,1,-1,0.351318120956421
13,3,6,2,-27,27,0,0.567747831344604,-1,1,-1,-1,0.800671815872192
13,3,6,3,3,3,1,0.583817958831787,-1,-1,1,-1,0.317747831344604
13,3,6,4,27,27,1,0.450472116470337,1,1,-1,-1,0.333817958831787
13,3,6,5,0,0,1,0.633803844451904,1,1,1,1,0.200472116470337
13,3,6,6,-3,3,1,0.717134237289429,1,1,1,1,0.383803844451904
13,3,6,7,81,81,1,0.567617177963257,-1,1,1,1,0.467134237289429
13,3,6,8,27,27,1,0.650451898574829,1,1,1,-1,0.317617177963257
13,3,6,9,-3,3,1,0.717107772827148,1,1,1,1,0.400451898574829
13,3,6,10,9,9,0,0.767969131469727,-1,1,1,1,0.467107772827148
13,3,6,11,27,27,1,0.550461053848267,1,-1,1,-1,0.517969131469727
13,3,6,12,81,81,1,0.334259033203125,1,1,-1,1,0.300461053848267
13,3,6,13,81,81,1,0.384263038635254,1,1,1,1,0.084259033203125
13,3,6,14,9,9,1,0.80048680305481,1,1,1,1,0.134263038635254
13,3,6,15,-81,81,0,0.56714129447937,1,1,1,1,0.55048680305481
13,3,6,16,81,81,1,0.433807849884033,-1,-1,1,1,0.31714129447937
13,3,6,17,3,3,0,0.500480890274048,1,1,-1,-1,0.183807849884033
13,3,6,18,-0,0,1,0.800485849380493,1,-1,1,1,0.250480890274048
13,3,6,19,-9,9,1,0.533791303634644,-1,1,-1,1,0.550485849380493
13,3,6,20,27,27,1,0.433806896209717,-1,1,1,-1,0.283791303634644
13,3,6,21,9,9,1,0.6004638671875,1,1,1,-1,0.183806896209717
13,3,6,22,3,3,1,0.684266805648804,1,1,1,1,0.3504638671875
13,3,6,23,9,9,1,0.500473976135254,1,1,1,1,0.434266805648804
13,3,6,24,-3,3,0,0.717133045196533,1,1,1,1,0.250473976135254
13,3,6,25,27,27,1,0.400945901870728,-1,-1,1,1,0.467133045196533
13,3,6,26,0,0,1,0.617138147354126,1,1,-1,-1,0.150945901870728
13,3,6,27,-0,0,1,0.417152881622314,1,1,1,1,0.367138147354126
13,3,6,28,3,3,1,0.46759033203125,-1,1,1,1,0.167152881622314
13,3,6,29,27,27,1,0.400477886199951,1,1,1,-1,0.21759033203125
13,3,6,30,-27,27,0,0.500923871994019,1,1,1,1,0.150477886199951
13,3,6,31,-3,3,1,0.550925254821777,-1,-1,1,1,0.250923871994019
13,3,6,32,27,27,1,0.483793258666992,-1,1,-1,-1,0.300925254821777
13,3,6,33,3,3,0,0.600477933883667,1,1,1,-1,0.233793258666992
13,3,6,34,3,3,1,0.433804988861084,1,-1,1,1,0.350477933883667
13,3,6,35,0,0,1,0.333807229995728,1,1,-1,1,0.183804988861084
13,3,6,36,27,27,1,0.333820104598999,1,1,1,1,0.0838072299957275
13,3,6,37,27,27,1,0.467595100402832,1,1,1,1,0.083820104598999
13,3,6,38,81,81,1,0.584249973297119,1,1,1,1,0.217595100402832
13,3,6,39,-9,9,1,0.900465965270996,1,1,1,1,0.334249973297119
13,3,6,40,-81,81,0,0.317142486572266,-1,1,1,1,0.650465965270996
13,3,6,41,-3,3,1,0.667126178741455,-1,-1,1,-1,0.0671424865722656
13,3,6,42,-27,27,0,0.284237146377563,-1,1,-1,-1,0.417126178741455
13,3,6,43,9,9,1,0.417604207992554,-1,-1,1,-1,0.0342371463775635
13,3,6,44,-27,27,0,0.433811187744141,1,1,-1,-1,0.167604207992554
13,3,6,45,81,81,1,0.450940132141113,-1,-1,1,1,0.183811187744141
13,3,6,49,81,81,1,0.384284257888794,1,1,-1,-1,0.0338370800018311
13,3,6,50,3,3,1,0.484266996383667,1,1,1,1,0.134284257888794
13,3,6,51,-27,27,0,0.267147064208984,1,1,1,1,0.234266996383667
13,3,6,52,9,9,1,0.350480079650879,-1,-1,1,1,0.0171470642089844
13,3,6,53,3,3,1,0.483808994293213,1,1,-1,-1,0.100480079650879
13,3,6,54,-0,0,1,0.517595529556274,1,1,1,1,0.233808994293213
13,3,6,58,0,0,0,0.333818197250366,-1,1,1,1,0.550451517105103
13,3,6,59,-9,9,0,0.418023109436035,1,-1,1,-1,0.0838181972503662
13,3,6,60,3,3,1,0.317153692245483,-1,-1,-1,1,0.168023109436035
13,3,6,61,-9,9,1,0.334257125854492,1,1,-1,-1,0.0671536922454834
13,3,6,62,9,9,1,0.500923871994019,-1,1,1,1,0.0842571258544922
13,3,6,63,0,0,1,0.383856058120728,1,1,1,-1,0.250923871994019
13,3,6,64,-81,81,0,0.367137908935547,1,1,1,1,0.133856058120728
13,3,6,65,-0,0,1,0.684219360351562,-1,-1,1,1,0.117137908935547
13,3,6,66,3,3,0,0.600467443466187,-1,1,-1,-1,0.434219360351562
13,3,6,67,-81,81,0,0.600963354110718,1,-1,1,-1,0.350467443466187
13,3,6,68,3,3,1,0.717556476593018,-1,-1,-1,1,0.350963354110718
13,3,6,69,81,81,1,0.583790063858032,1,1,-1,-1,0.467556476593018
13,3,6,70,3,3,1,0.567142963409424,1,1,1,1,0.333790063858032
13,3,6,71,-27,27,0,0.600478172302246,1,1,1,1,0.317142963409424
13,3,6,72,-81,81,0,0.250946998596191,-1,-1,1,1,0.350478172302246
13,3,6,73,-3,3,1,0.517998218536377,-1,-1,-1,-1,0.000946998596191406
13,3,6,74,9,9,1,0.284331321716309,-1,1,-1,-1,0.267998218536377
13,3,6,75,81,81,1,0.284277677536011,1,1,1,-1,0.0343313217163086
13,3,6,76,9,9,1,0.483876943588257,1,1,1,1,0.0342776775360107
13,3,6,77,81,81,1,0.633796691894531,1,1,1,1,0.233876943588257
13,3,6,78,27,27,1,0.467864036560059,1,1,1,1,0.383796691894531
13,3,6,79,27,27,1,0.367571592330933,1,1,1,1,0.217864036560059
13,3,6,80,9,9,1,0.384262084960938,1,1,1,1,0.117571592330933
13,3,6,81,81,81,1,0.61712908744812,1,1,1,1,0.134262084960938
13,3,6,82,-9,9,0,0.717117309570312,1,1,1,1,0.36712908744812
13,3,6,83,81,81,1,0.633809089660645,-1,-1,1,1,0.467117309570312
13,3,6,84,81,81,1,0.450488090515137,1,1,-1,-1,0.383809089660645
13,3,6,85,-9,9,1,0.467145919799805,1,1,1,1,0.200488090515137
13,3,6,86,0,0,1,0.483818769454956,-1,1,1,1,0.217145919799805
13,3,6,87,-9,9,0,0.500471830368042,1,1,1,-1,0.233818769454956
13,3,6,88,-9,9,1,0.600919008255005,-1,-1,1,1,0.250471830368042
13,3,6,89,-27,27,0,0.584256887435913,-1,1,-1,-1,0.350919008255005
13,3,6,90,9,9,0,0.567594051361084,-1,-1,1,-1,0.334256887435913
13,3,6,91,-3,3,1,0.450475931167603,1,-1,-1,-1,0.317594051361084
13,3,6,92,-9,9,1,0.418084621429443,-1,1,-1,1,0.200475931167603
13,3,6,93,-81,81,0,0.634226083755493,-1,1,1,-1,0.168084621429443
13,3,6,94,9,9,1,0.450937032699585,-1,-1,1,-1,0.384226083755493
13,3,6,95,-0,0,1,0.45046329498291,1,1,-1,-1,0.200937032699585
13,3,6,96,-27,27,0,0.567162036895752,-1,1,1,1,0.20046329498291
13,3,6,97,-3,3,1,0.450991153717041,-1,-1,1,-1,0.317162036895752
13,3,6,98,3,3,1,0.700536251068115,-1,1,-1,-1,0.200991153717041
13,3,6,99,-27,27,0,0.5678551197052,1,1,1,-1,0.450536251068115
14,1,1,2,81,81,1,0.417151927947998,1,-1,-1,-1,0.434000015258789
14,1,1,3,27,27,1,0.550469875335693,1,1,-1,1,0.167151927947998
14,1,1,4,3,3,1,0.33423924446106,1,1,1,1,0.300469875335693
14,1,1,5,0,0,1,0.400978326797485,1,1,1,1,0.0842392444610596
14,1,1,6,-81,81,0,0.35046124458313,1,1,1,1,0.150978326797485
14,1,1,7,-27,27,0,0.517604351043701,-1,-1,1,1,0.10046124458313
14,1,1,8,-27,27,0,0.400922060012817,-1,-1,-1,-1,0.267604351043701
14,1,1,9,-9,9,0,0.384275197982788,-1,-1,-1,-1,0.150922060012817
14,1,1,10,-3,3,0,0.450525999069214,-1,-1,-1,-1,0.134275197982788
14,1,1,11,-3,3,0,0.583803176879883,-1,-1,-1,-1,0.200525999069214
14,1,1,12,-9,9,1,0.467587947845459,-1,-1,-1,-1,0.333803176879883
14,1,1,13,9,9,0,0.484334945678711,-1,1,-1,-1,0.217587947845459
14,1,1,14,3,3,0,0.584277868270874,1,-1,1,-1,0.234334945678711
14,1,1,15,-0,0,0,0.467155933380127,1,-1,-1,1,0.334277868270874
14,1,1,16,-27,27,0,0.48383092880249,-1,-1,-1,1,0.217155933380127
14,1,1,17,-81,81,0,0.250940799713135,-1,-1,-1,-1,0.23383092880249
14,1,1,18,9,9,0,0.583801984786987,-1,-1,-1,-1,0.000940799713134766
14,1,1,19,0,0,0,0.517136096954346,1,-1,-1,-1,0.333801984786987
14,1,1,20,-0,0,0,0.683793783187866,1,-1,-1,1,0.267136096954346
14,1,1,21,0,0,0,0.434257030487061,-1,-1,-1,1,0.433793783187866
14,1,1,22,9,9,0,0.50092601776123,1,-1,-1,-1,0.184257030487061
14,1,1,23,3,3,0,0.600919961929321,1,-1,-1,1,0.25092601776123
14,1,1,24,27,27,0,0.950445175170898,1,-1,-1,1,0.350919961929321
14,1,1,25,27,27,1,0.467142105102539,1,-1,-1,1,0.700445175170898
14,1,1,26,81,81,1,0.317589998245239,1,1,-1,1,0.217142105102539
14,1,1,27,27,27,1,0.351172924041748,1,1,1,1,0.0675899982452393
14,1,1,28,9,9,1,0.483809947967529,1,1,1,1,0.101172924041748
14,1,1,29,9,9,0,0.60045599937439,1,1,1,1,0.233809947967529
14,1,1,30,-27,27,1,0.617156744003296,1,-1,1,1,0.35045599937439
14,1,1,31,-9,9,0,0.6004638671875,-1,1,-1,1,0.367156744003296
14,1,1,32,-9,9,1,0.600924253463745,-1,-1,1,-1,0.3504638671875
14,1,1,33,-0,0,0,0.651741981506348,-1,1,-1,-1,0.350924253463745
14,1,1,34,-0,0,0,0.783792972564697,-1,-1,1,-1,0.401741981506348
14,1,1,35,-3,3,1,0.850481033325195,-1,-1,-1,-1,0.533792972564697
14,1,1,36,0,0,0,0.667577981948853,-1,1,-1,-1,0.600481033325195
14,1,1,37,27,27,1,0.617188215255737,1,-1,1,-1,0.417577981948853
14,1,1,38,0,0,1,0.850904941558838,1,1,-1,1,0.367188215255737
14,1,1,39,27,27,1,0.517135143280029,1,1,1,1,0.600904941558838
14,1,1,40,81,81,1,0.467592000961304,1,1,1,1,0.267135143280029
14,1,1,41,27,27,1,0.568324089050293,1,1,1,1,0.217592000961304
14,1,1,42,81,81,1,0.317151069641113,1,1,1,1,0.318324089050293
14,1,1,43,27,27,1,0.583827972412109,1,1,1,1,0.0671510696411133
14,1,1,44,3,3,0,0.567116022109985,1,1,1,1,0.333827972412109
14,1,1,45,3,3,1,0.583804845809937,1,-1,1,1,0.317116022109985
14,1,1,46,3,3,1,0.367138147354126,1,1,-1,1,0.333804845809937
14,1,1,47,3,3,0,0.51714015007019,1,1,1,1,0.117138147354126
14,1,1,48,27,27,1,0.567595243453979,1,-1,1,1,0.26714015007019
14,1,1,57,9,9,1,0.383816957473755,1,-1,1,1,0.150472164154053
14,1,1,58,27,27,1,0.28423810005188,1,1,-1,1,0.133816957473755
14,1,1,59,9,9,0,0.317130088806152,1,1,1,1,0.0342381000518799
14,1,1,60,9,9,0,0.28380823135376,1,-1,1,1,0.0671300888061523
14,1,1,61,9,9,1,0.283798217773438,1,-1,-1,1,0.0338082313537598
14,1,1,62,3,3,0,0.400936603546143,1,1,-1,1,0.0337982177734375
14,1,1,63,3,3,1,0.400896787643433,1,-1,1,1,0.150936603546143
14,1,1,64,81,81,1,0.26714301109314,1,1,-1,1,0.150896787643433
14,1,1,68,-81,81,0,0.317144155502319,1,1,1,1,0.100918054580688
14,1,1,69,-3,3,0,0.667602062225342,-1,-1,1,1,0.0671441555023193
14,1,1,75,-9,9,0,0.350475788116455,-1,-1,-1,-1,0.150925874710083
14,1,1,76,-81,81,0,0.267151832580566,-1,-1,-1,-1,0.100475788116455
14,1,1,80,-9,9,0,0.567121028900146,-1,-1,-1,-1,0.28382396697998
14,1,1,84,-3,3,1,0.483827114105225,-1,-1,-1,-1,0.33380913734436
14,1,1,85,9,9,1,0.550923824310303,-1,1,-1,-1,0.233827114105225
14,1,1,86,27,27,1,0.567131996154785,1,1,1,-1,0.300923824310303
14,1,1,87,3,3,1,0.484246969223022,1,1,1,1,0.317131996154785
14,1,1,88,0,0,1,0.434252977371216,1,1,1,1,0.234246969223022
14,1,1,89,81,81,1,0.267168045043945,1,1,1,1,0.184252977371216
14,1,1,90,-27,27,0,0.467133045196533,1,1,1,1,0.0171680450439453
14,1,1,91,-3,3,1,0.317596912384033,-1,-1,1,1,0.217133045196533
14,1,1,92,-3,3,0,0.400473833084106,-1,1,-1,-1,0.0675969123840332
14,1,1,93,27,27,1,0.434252262115479,-1,-1,1,-1,0.150473833084106
14,1,1,94,3,3,1,0.534241914749146,1,1,-1,-1,0.184252262115479
14,1,1,95,81,81,1,0.267145872116089,1,1,1,1,0.284241914749146
14,1,1,96,-81,81,0,0.250505208969116,1,1,1,1,0.0171458721160889
14,1,1,97,-3,3,1,0.56715989112854,-1,-1,1,1,0.000505208969116211
14,1,1,98,-81,81,0,0.434261083602905,-1,1,-1,-1,0.31715989112854
14,1,1,99,-81,81,0,0.45093297958374,-1,-1,1,-1,0.184261083602905
14,1,2,2,-81,81,0,0.50092601776123,1,-1,1,1,0.401129245758057
14,1,2,3,3,3,1,0.667577981948853,-1,-1,-1,1,0.25092601776123
14,1,2,4,-81,81,0,0.317127227783203,1,1,-1,-1,0.417577981948853
14,1,2,5,3,3,0,0.384257793426514,-1,-1,1,1,0.0671272277832031
14,1,2,6,-81,81,0,0.533857107162476,1,-1,-1,-1,0.134257793426514
14,1,2,7,0,0,0,0.650928497314453,-1,-1,-1,1,0.283857107162476
14,1,2,8,-9,9,1,0.650944948196411,1,-1,-1,-1,0.400928497314453
14,1,2,9,27,27,1,0.600925922393799,-1,1,-1,1,0.400944948196411
14,1,2,10,-9,9,1,0.567135095596313,1,1,1,-1,0.350925922393799
14,1,2,11,-81,81,0,0.517131090164185,-1,1,1,1,0.317135095596313
14,1,2,12,9,9,0,0.484280109405518,-1,-1,1,-1,0.267131090164185
14,1,2,13,27,27,1,0.583787679672241,1,-1,-1,-1,0.234280109405518
14,1,2,14,-9,9,0,0.383807182312012,1,1,-1,1,0.333787679672241
14,1,2,18,-3,3,0,0.467585802078247,1,1,-1,-1,0.51755690574646
14,1,2,19,0,0,0,0.583799839019775,-1,-1,1,1,0.217585802078247
14,1,2,20,-3,3,0,0.567178010940552,1,-1,-1,-1,0.333799839019775
14,1,2,21,81,81,1,0.500953197479248,-1,-1,-1,1,0.317178010940552
14,1,2,22,-81,81,0,0.550477266311646,1,1,-1,-1,0.250953197479248
14,1,2,23,3,3,1,0.600464344024658,-1,-1,1,1,0.300477266311646
14,1,2,24,-81,81,0,0.434256553649902,1,1,-1,-1,0.350464344024658
14,1,2,25,27,27,1,0.48445463180542,-1,-1,1,1,0.184256553649902
14,1,2,26,9,9,0,0.500463962554932,1,1,-1,-1,0.23445463180542
14,1,2,27,-9,9,0,0.733893156051636,1,-1,1,1,0.250463962554932
14,1,2,28,81,81,1,0.667137145996094,-1,-1,-1,1,0.483893156051636
14,1,2,29,-9,9,0,0.533824443817139,1,1,-1,-1,0.417137145996094
14,1,2,30,9,9,1,0.517625331878662,-1,-1,1,1,0.283824443817139
14,1,2,31,-9,9,0,0.550917387008667,1,1,-1,-1,0.267625331878662
14,1,2,32,-0,0,1,0.517153024673462,-1,-1,1,1,0.300917387008667
14,1,2,33,-3,3,0,0.76714301109314,-1,1,-1,-1,0.267153024673462
14,1,2,34,81,81,1,0.517212867736816,-1,-1,1,-1,0.51714301109314
14,1,2,35,-9,9,0,0.317133903503418,1,1,-1,-1,0.267212867736816
14,1,2,36,27,27,1,0.700889110565186,-1,-1,1,1,0.067133903503418
14,1,2,37,-3,3,1,0.350947618484497,1,1,-1,-1,0.450889110565186
14,1,2,38,81,81,1,0.517143249511719,-1,1,1,1,0.100947618484497
14,1,2,39,-81,81,0,0.517595767974854,1,1,1,-1,0.267143249511719
14,1,2,40,9,9,1,0.617122173309326,-1,-1,1,1,0.267595767974854
14,1,2,41,-9,9,1,0.467583894729614,1,1,-1,-1,0.367122173309326
14,1,2,42,81,81,1,0.334280252456665,-1,1,1,1,0.217583894729614
14,1,2,43,81,81,1,0.550458192825317,1,1,1,-1,0.084280252456665
14,1,2,44,-3,3,1,0.600895166397095,1,1,1,1,0.300458192825317
14,1,2,45,0,0,0,0.583800315856934,-1,1,1,1,0.350895166397095
14,1,2,46,-81,81,0,0.450466871261597,1,-1,1,-1,0.333800315856934
14,1,2,47,3,3,0,0.450474977493286,-1,-1,-1,1,0.200466871261597
14,1,2,48,-27,27,0,0.55092716217041,1,-1,-1,-1,0.200474977493286
14,1,2,49,27,27,1,0.517132043838501,-1,-1,-1,1,0.30092716217041
14,1,2,50,-27,27,0,0.45050048828125,1,1,-1,-1,0.267132043838501
14,1,2,51,3,3,1,0.300934791564941,-1,-1,1,1,0.20050048828125
14,1,2,55,3,3,1,0.967544078826904,-1,-1,-1,1,0.167168378829956
14,1,2,56,-81,81,0,0.55047345161438,1,1,-1,-1,0.717544078826904
14,1,2,57,-27,27,1,0.584255218505859,-1,-1,1,1,0.30047345161438
14,1,2,58,0,0,1,1.00090432167053,-1,1,-1,-1,0.334255218505859
14,1,2,59,-27,27,0,0.700926065444946,1,1,1,-1,0.750904321670532
14,1,2,60,-81,81,0,0.533789873123169,-1,-1,1,1,0.450926065444946
14,1,2,61,-27,27,0,0.6004638671875,-1,-1,-1,-1,0.283789873123169
14,1,2,62,9,9,1,0.567152976989746,-1,-1,-1,-1,0.3504638671875
14,1,2,66,-81,81,0,0.517555236816406,-1,1,1,1,0.25045108795166
14,1,2,67,27,27,1,0.383825063705444,-1,-1,1,-1,0.267555236816406
14,1,2,68,-27,27,0,0.500456094741821,1,1,-1,-1,0.133825063705444
14,1,2,72,-3,3,1,0.767548084259033,1,-1,1,-1,0.400461912155151
14,1,2,73,9,9,0,0.550920248031616,-1,1,-1,1,0.517548084259033
14,1,2,74,-3,3,0,0.667127847671509,1,-1,1,-1,0.300920248031616
14,1,2,75,-0,0,0,0.683784008026123,-1,-1,-1,1,0.417127847671509
14,1,2,76,-9,9,0,0.534242630004883,-1,-1,-1,-1,0.433784008026123
14,1,2,77,81,81,0,0.38398003578186,-1,-1,-1,-1,0.284242630004883
14,1,2,78,-0,0,0,0.800925016403198,1,-1,-1,-1,0.13398003578186
14,1,2,79,-9,9,0,0.950968027114868,-1,-1,-1,1,0.550925016403198
14,1,2,80,0,0,0,0.750468254089355,-1,-1,-1,-1,0.700968027114868
14,1,2,81,-3,3,0,0.733821153640747,1,-1,-1,-1,0.500468254089355
14,1,2,82,3,3,0,1.01713299751282,-1,-1,-1,1,0.483821153640747
14,1,2,83,-3,3,0,0.9504554271698,1,-1,-1,-1,0.767132997512817
14,1,2,84,0,0,1,0.867542743682861,-1,-1,-1,1,0.7004554271698
14,1,2,85,-81,81,0,0.517585277557373,1,1,-1,-1,0.617542743682861
14,1,2,86,27,27,1,0.600467681884766,-1,-1,1,1,0.267585277557373
14,1,2,87,0,0,1,0.634455919265747,1,1,-1,-1,0.350467681884766
14,1,2,88,-27,27,0,0.467594146728516,1,1,1,1,0.384455919265747
14,1,2,89,-3,3,1,0.750913381576538,-1,-1,1,1,0.217594146728516
14,1,2,90,27,27,1,0.717130899429321,-1,1,-1,-1,0.500913381576538
14,1,2,91,-9,9,0,1.10045289993286,1,1,1,-1,0.467130899429321
14,1,2,92,-9,9,0,0.951774120330811,-1,-1,1,1,0.850452899932861
14,1,2,93,3,3,0,0.750476598739624,-1,-1,-1,-1,0.701774120330811
14,1,2,94,-3,3,0,1.05094909667969,1,-1,-1,-1,0.500476598739624
14,1,2,95,81,81,1,0.634232997894287,-1,-1,-1,1,0.800949096679688
14,1,2,96,-27,27,1,0.850918054580688,1,1,-1,-1,0.384232997894287
14,1,2,97,27,27,1,0.317133188247681,-1,1,1,1,0.600918054580688
14,1,2,98,-27,27,0,0.450474977493286,1,1,1,-1,0.0671331882476807
14,1,2,99,27,27,1,0.833776950836182,-1,-1,1,1,0.200474977493286
14,1,3,2,27,27,0,0.80090594291687,-1,-1,-1,-1,0.467832565307617
14,1,3,3,27,27,0,0.817571878433228,1,-1,-1,-1,0.55090594291687
14,1,3,4,-0,0,1,0.61713695526123,1,-1,-1,1,0.567571878433228
14,1,3,5,27,27,0,0.683784961700439,-1,1,-1,1,0.36713695526123
14,1,3,6,-81,81,0,0.467136144638062,1,-1,1,-1,0.433784961700439
14,1,3,7,-9,9,0,0.550467252731323,-1,-1,-1,1,0.217136144638062
14,1,3,8,3,3,0,0.383805990219116,-1,-1,-1,-1,0.300467252731323
14,1,3,9,-81,81,0,0.417117834091187,1,-1,-1,-1,0.133805990219116
14,1,3,10,-27,27,0,0.733810901641846,-1,-1,-1,1,0.167117834091187
14,1,3,11,-9,9,0,0.850454807281494,-1,-1,-1,-1,0.483810901641846
14,1,3,12,81,81,1,0.417589902877808,-1,-1,-1,-1,0.600454807281494
14,1,3,13,-0,0,1,0.81712007522583,1,1,-1,-1,0.167589902877808
14,1,3,14,-0,0,1,1.05044198036194,-1,1,1,1,0.56712007522583
14,1,3,15,0,0,1,0.783794164657593,-1,1,1,-1,0.800441980361938
14,1,3,16,27,27,0,0.500954151153564,1,1,1,-1,0.533794164657593
14,1,3,17,81,81,1,0.484588146209717,1,-1,1,1,0.250954151153564
14,1,3,18,-9,9,1,0.600917100906372,1,1,-1,1,0.234588146209717
14,1,3,19,9,9,0,0.78424596786499,-1,1,1,1,0.350917100906372
14,1,3,20,-3,3,0,0.883799076080322,1,-1,1,-1,0.53424596786499
14,1,3,21,27,27,1,0.567579984664917,-1,-1,-1,1,0.633799076080322
14,1,3,22,27,27,1,0.550551891326904,1,1,-1,-1,0.317579984664917
14,1,3,23,-27,27,0,0.384262084960938,1,1,1,1,0.300551891326904
14,1,3,24,3,3,1,0.834244012832642,-1,-1,1,1,0.134262084960938
14,1,3,25,27,27,1,0.700922012329102,1,1,-1,-1,0.584244012832642
14,1,3,26,-9,9,0,0.800472974777222,1,1,1,1,0.450922012329102
14,1,3,27,81,81,1,0.567128896713257,-1,-1,1,1,0.550472974777222
14,1,3,28,-9,9,0,0.567119121551514,1,1,-1,-1,0.317128896713257
14,1,3,29,0,0,0,0.71713924407959,-1,-1,1,1,0.317119121551514
14,1,3,30,9,9,1,0.667582035064697,1,-1,-1,-1,0.46713924407959
14,1,3,31,0,0,0,0.90045690536499,1,1,-1,1,0.417582035064697
14,1,3,32,-3,3,0,0.584249258041382,1,-1,1,1,0.65045690536499
14,1,3,33,9,9,0,0.467565536499023,-1,-1,-1,1,0.334249258041382
14,1,3,34,-81,81,0,0.500915288925171,1,-1,-1,-1,0.217565536499023
14,1,3,35,9,9,0,0.567604064941406,-1,-1,-1,1,0.250915288925171
14,1,3,36,9,9,0,0.667128801345825,1,-1,-1,-1,0.317604064941406
14,1,3,37,-27,27,0,0.600884199142456,1,-1,-1,1,0.417128801345825
14,1,3,38,3,3,0,0.567152261734009,-1,-1,-1,1,0.350884199142456
14,1,3,39,-9,9,0,0.567135095596313,1,-1,-1,-1,0.317152261734009
14,1,3,40,-3,3,1,0.400477647781372,-1,-1,-1,1,0.317135095596313
14,1,3,41,-9,9,1,0.600886106491089,-1,1,-1,-1,0.150477647781372
14,1,3,42,3,3,0,0.717589139938354,-1,1,1,-1,0.350886106491089
14,1,3,43,81,81,1,0.383806228637695,1,-1,1,-1,0.467589139938354
14,1,3,44,-81,81,0,0.400484085083008,1,1,-1,1,0.133806228637695
14,1,3,45,3,3,1,0.650950908660889,-1,-1,1,1,0.150484085083008
14,1,3,46,27,27,1,0.650491952896118,1,1,-1,-1,0.400950908660889
14,1,3,47,0,0,0,0.834243774414062,1,1,1,1,0.400491952896118
14,1,3,48,81,81,1,0.617588758468628,1,-1,1,1,0.584243774414062
14,1,3,49,-81,81,0,0.300473928451538,1,1,-1,1,0.367588758468628
14,1,3,50,-0,0,1,0.617607116699219,-1,-1,1,1,0.0504739284515381
14,1,3,51,-27,27,0,0.650467157363892,-1,1,-1,-1,0.367607116699219
14,1,3,52,-3,3,0,0.450459241867065,-1,-1,1,-1,0.400467157363892
14,1,3,53,-81,81,0,0.250946044921875,-1,-1,-1,-1,0.200459241867065
14,1,3,54,-3,3,1,0.784250974655151,-1,-1,-1,-1,0.000946044921875
14,1,3,55,27,27,0,0.534242153167725,-1,1,-1,-1,0.534250974655151
14,1,3,56,81,81,1,0.550920963287354,1,-1,1,-1,0.284242153167725
14,1,3,60,-27,27,0,0.467159032821655,1,-1,-1,1,0.434244871139526
14,1,3,61,81,81,1,0.434263229370117,-1,-1,-1,1,0.217159032821655
14,1,3,62,3,3,0,0.950993061065674,1,1,-1,-1,0.184263229370117
14,1,3,63,-0,0,0,0.617126226425171,1,-1,1,1,0.700993061065674
14,1,3,64,27,27,1,0.950452327728271,-1,-1,-1,1,0.367126226425171
14,1,3,65,-81,81,0,0.483803987503052,1,1,-1,-1,0.700452327728271
14,1,3,66,-81,81,0,0.433787822723389,-1,-1,1,1,0.233803987503052
14,1,3,67,-81,81,0,0.350903272628784,-1,-1,-1,-1,0.183787822723389
14,1,3,68,-9,9,0,0.650920152664185,-1,-1,-1,-1,0.100903272628784
14,1,3,69,27,27,0,0.567611217498779,-1,-1,-1,-1,0.400920152664185
14,1,3,70,27,27,0,0.517128467559814,1,-1,-1,-1,0.317611217498779
14,1,3,71,-81,81,0,0.417133569717407,1,-1,-1,1,0.267128467559814
14,1,3,72,3,3,1,0.634243011474609,-1,-1,-1,1,0.167133569717407
14,1,3,73,3,3,0,0.684266090393066,1,1,-1,-1,0.384243011474609
14,1,3,74,81,81,1,0.400467872619629,1,-1,1,1,0.434266090393066
14,1,3,75,-27,27,0,0.350903987884521,1,1,-1,1,0.150467872619629
14,1,3,76,-27,27,0,0.733792066574097,-1,-1,1,1,0.100903987884521
14,1,3,77,-9,9,0,0.600495100021362,-1,-1,-1,-1,0.483792066574097
14,1,3,78,-3,3,0,0.550465106964111,-1,-1,-1,-1,0.350495100021362
14,1,3,79,81,81,1,0.400465250015259,-1,-1,-1,-1,0.300465106964111
14,1,3,80,9,9,1,0.617120981216431,1,1,-1,-1,0.150465250015259
14,1,3,81,-9,9,1,0.833807945251465,1,1,1,1,0.367120981216431
14,1,3,82,3,3,1,0.667114973068237,-1,1,1,1,0.583807945251465
14,1,3,83,27,27,0,0.784216165542603,1,1,1,-1,0.417114973068237
14,1,3,87,-3,3,1,0.550925016403198,1,1,1,1,0.600447416305542
14,1,3,88,-0,0,0,0.40092396736145,-1,1,1,1,0.300925016403198
14,1,3,89,9,9,0,0.584232330322266,-1,-1,1,-1,0.15092396736145
14,1,3,90,-3,3,1,0.684257745742798,1,-1,-1,-1,0.334232330322266
14,1,3,91,-9,9,1,0.667582988739014,-1,1,-1,1,0.434257745742798
14,1,3,92,-9,9,0,0.483804225921631,-1,1,1,-1,0.417582988739014
14,1,3,93,3,3,1,0.517126083374023,-1,-1,1,-1,0.233804225921631
14,1,3,94,27,27,1,0.317615270614624,1,1,-1,-1,0.267126083374023
14,1,3,95,-3,3,1,0.884239196777344,1,1,1,1,0.067615270614624
14,1,3,96,81,81,1,0.284254789352417,-1,1,1,1,0.634239196777344
14,1,3,97,3,3,0,0.467582225799561,1,1,1,-1,0.034254789352417
14,1,3,98,-9,9,1,0.650956153869629,1,-1,1,1,0.217582225799561
14,1,3,99,-9,9,0,0.583786964416504,-1,1,-1,1,0.400956153869629
14,1,4,2,3,3,1,0.767130136489868,-1,1,1,1,0.58400821685791
14,1,4,3,-9,9,1,0.784214973449707,1,1,1,-1,0.517130136489868
14,1,4,4,9,9,1,0.90092396736145,-1,1,1,1,0.534214973449707
14,1,4,5,-3,3,1,0.600924968719482,1,1,1,-1,0.65092396736145
14,1,4,6,-9,9,0,0.834257125854492,-1,1,1,1,0.350924968719482
14,1,4,7,3,3,1,0.867569208145142,-1,-1,1,-1,0.584257125854492
14,1,4,8,-27,27,1,0.717142820358276,1,1,-1,-1,0.617569208145142
14,1,4,9,9,9,1,0.817119359970093,-1,1,1,1,0.467142820358276
14,1,4,10,81,81,0,0.401026964187622,1,1,1,-1,0.567119359970093
14,1,4,11,81,81,0,0.500460863113403,1,-1,1,1,0.151026964187622
14,1,4,15,3,3,0,0.567134141921997,-1,-1,1,-1,0.0671272277832031
14,1,4,16,3,3,1,0.584259033203125,1,-1,-1,-1,0.317134141921997
14,1,4,17,81,81,1,0.418059825897217,1,1,-1,1,0.334259033203125
14,1,4,18,9,9,0,0.567131042480469,1,1,1,1,0.168059825897217
14,1,4,19,-81,81,0,0.367557525634766,1,-1,1,1,0.317131042480469
14,1,4,20,-81,81,0,0.400913000106812,-1,-1,-1,1,0.117557525634766
14,1,4,21,9,9,1,0.700900793075562,-1,-1,-1,-1,0.150913000106812
14,1,4,22,-81,81,0,0.417132139205933,1,1,-1,-1,0.450900793075562
14,1,4,23,9,9,0,0.550918817520142,-1,-1,1,1,0.167132139205933
14,1,4,24,27,27,1,0.684247970581055,1,-1,-1,-1,0.300918817520142
14,1,4,25,-81,81,0,0.250930070877075,1,1,-1,1,0.434247970581055
14,1,4,26,0,0,0,0.650458812713623,-1,-1,1,1,0.000930070877075195
14,1,4,27,-27,27,0,0.551702737808228,1,-1,-1,-1,0.400458812713623
14,1,4,28,81,81,1,0.517135143280029,-1,-1,-1,1,0.301702737808228
14,1,4,29,-0,0,0,0.567158460617065,1,1,-1,-1,0.267135143280029
14,1,4,30,-9,9,0,0.434262990951538,-1,-1,1,1,0.317158460617065
14,1,4,31,9,9,0,0.617119789123535,-1,-1,-1,-1,0.184262990951538
14,1,4,32,-27,27,0,0.383804321289062,1,-1,-1,-1,0.367119789123535
14,1,4,33,-81,81,0,0.517154932022095,-1,-1,-1,1,0.133804321289062
14,1,4,34,9,9,0,0.567596197128296,-1,-1,-1,-1,0.267154932022095
14,1,4,35,-3,3,1,0.650920152664185,1,-1,-1,-1,0.317596197128296
14,1,4,36,-0,0,0,0.550922155380249,-1,1,-1,1,0.400920152664185
14,1,4,37,81,81,1,0.417563199996948,-1,-1,1,-1,0.300922155380249
14,1,4,38,27,27,1,0.450461149215698,1,1,-1,-1,0.167563199996948
14,1,4,39,0,0,1,0.417160987854004,1,1,1,1,0.200461149215698
14,1,4,40,-27,27,0,0.700908184051514,1,1,1,1,0.167160987854004
14,1,4,41,-3,3,0,0.767127752304077,-1,-1,1,1,0.450908184051514
14,1,4,42,0,0,0,0.700477123260498,-1,-1,-1,-1,0.517127752304077
14,1,4,43,9,9,0,0.717125415802002,1,-1,-1,-1,0.450477123260498
14,1,4,44,27,27,1,0.784240245819092,1,-1,-1,1,0.467125415802002
14,1,4,45,9,9,0,0.517143249511719,1,1,-1,1,0.534240245819092
14,1,4,46,3,3,0,0.668081045150757,1,-1,1,1,0.267143249511719
14,1,4,47,27,27,1,0.633846044540405,1,-1,-1,1,0.418081045150757
14,1,4,48,27,27,1,0.467143058776855,1,1,-1,1,0.383846044540405
14,1,4,49,0,0,0,0.350921154022217,1,1,1,1,0.217143058776855
14,1,4,56,9,9,0,0.350452184677124,-1,-1,-1,-1,0.0676209926605225
14,1,4,61,-81,81,0,0.250936985015869,-1,-1,-1,-1,0.10047721862793
14,1,4,68,27,27,0,0.533802032470703,-1,-1,-1,1,0.250500440597534
14,1,4,69,3,3,0,0.650923252105713,1,-1,-1,-1,0.283802032470703
14,1,4,70,-9,9,0,0.567596912384033,1,-1,-1,1,0.400923252105713
14,1,4,71,0,0,0,0.700989484786987,-1,-1,-1,1,0.317596912384033
14,1,4,72,3,3,0,0.83421516418457,1,-1,-1,-1,0.450989484786987
14,1,4,73,81,81,1,0.433798313140869,1,-1,-1,1,0.58421516418457
14,1,4,74,27,27,1,0.517551422119141,1,1,-1,1,0.183798313140869
14,1,4,75,-27,27,0,0.483820915222168,1,1,1,1,0.267551422119141
14,1,4,76,81,81,1,0.317176580429077,-1,-1,1,1,0.233820915222168
14,1,4,77,9,9,1,0.36834716796875,1,1,-1,-1,0.0671765804290771
14,1,4,78,9,9,1,0.567138910293579,1,1,1,1,0.11834716796875
14,1,4,79,-81,81,0,0.300491333007812,1,1,1,1,0.317138910293579
14,1,4,80,81,81,1,0.33383584022522,-1,-1,1,1,0.0504913330078125
14,1,4,81,-3,3,1,0.600461006164551,1,1,-1,-1,0.0838358402252197
14,1,4,82,-27,27,1,0.600926876068115,-1,1,1,1,0.350461006164551
14,1,4,83,3,3,1,0.617136001586914,-1,1,1,-1,0.350926876068115
14,1,4,84,3,3,1,0.417606353759766,1,1,1,-1,0.367136001586914
14,1,4,85,0,0,1,0.317137002944946,1,1,1,1,0.167606353759766
14,1,4,86,0,0,1,0.38377833366394,1,1,1,1,0.0671370029449463
14,1,4,87,81,81,1,0.300537109375,1,1,1,1,0.13377833366394
14,1,4,88,-3,3,0,0.400467157363892,1,1,1,1,0.050537109375
14,1,4,89,-3,3,1,0.3005530834198,-1,-1,1,1,0.150467157363892
14,1,4,90,-3,3,1,0.533815622329712,-1,1,-1,-1,0.0505530834197998
14,1,4,91,-9,9,1,0.600903034210205,-1,1,1,-1,0.283815622329712
14,1,4,92,-0,0,0,0.700894832611084,-1,1,1,-1,0.350903034210205
14,1,4,93,-9,9,1,0.583793878555298,-1,-1,1,-1,0.450894832611084
14,1,4,94,27,27,1,0.683815956115723,-1,1,-1,-1,0.333793878555298
14,1,4,95,-27,27,0,0.434276342391968,1,1,1,-1,0.433815956115723
14,1,4,96,-27,27,0,0.434259176254272,-1,-1,1,1,0.184276342391968
14,1,4,97,-3,3,0,0.517609119415283,-1,-1,-1,-1,0.184259176254272
14,1,4,98,-9,9,0,0.717125177383423,-1,-1,-1,-1,0.267609119415283
14,1,4,99,3,3,1,0.683801889419556,-1,-1,-1,-1,0.467125177383423
14,1,5,2,-27,27,0,0.484249114990234,-1,-1,-1,-1,0.785237073898315
14,1,5,3,-81,81,0,0.284246921539307,-1,-1,-1,-1,0.234249114990234
14,1,5,4,-27,27,0,0.333801984786987,-1,-1,-1,-1,0.0342469215393066
14,1,5,5,-81,81,0,0.250909090042114,-1,-1,-1,-1,0.0838019847869873
14,1,5,6,-27,27,0,0.567131996154785,-1,-1,-1,-1,0.000909090042114258
14,1,5,7,9,9,1,0.483788728713989,-1,-1,-1,-1,0.317131996154785
14,1,5,8,9,9,1,0.550923824310303,1,1,-1,-1,0.233788728713989
14,1,5,9,3,3,1,0.517131805419922,1,1,1,1,0.300923824310303
14,1,5,10,27,27,1,0.717594623565674,1,1,1,1,0.267131805419922
14,1,5,11,9,9,1,0.633795976638794,1,1,1,1,0.467594623565674
14,1,5,12,-3,3,0,0.7342529296875,1,1,1,1,0.383795976638794
14,1,5,13,-3,3,1,0.667149066925049,-1,-1,1,1,0.4842529296875
14,1,5,14,27,27,0,0.667610883712769,-1,1,-1,-1,0.417149066925049
14,1,5,15,3,3,1,0.683879137039185,1,-1,1,-1,0.417610883712769
14,1,5,16,27,27,1,0.517158031463623,1,1,-1,1,0.433879137039185
14,1,5,17,3,3,0,0.567828416824341,1,1,1,1,0.267158031463623
14,1,5,18,27,27,1,0.584255933761597,1,-1,1,1,0.317828416824341
14,1,5,19,9,9,1,0.500473022460938,1,1,-1,1,0.334255933761597
14,1,5,20,27,27,1,0.683884382247925,1,1,1,1,0.250473022460938
14,1,5,21,9,9,1,0.933792114257812,1,1,1,1,0.433884382247925
14,1,5,22,-9,9,1,0.884256839752197,1,1,1,1,0.683792114257812
14,1,5,23,3,3,1,0.71712589263916,-1,1,1,1,0.634256839752197
14,1,5,24,-0,0,1,0.835018873214722,1,1,1,-1,0.46712589263916
14,1,5,25,-3,3,0,0.833783864974976,-1,1,1,1,0.585018873214722
14,1,5,26,-9,9,1,0.550925254821777,-1,-1,1,-1,0.583783864974976
14,1,5,27,-3,3,0,0.55048394203186,-1,1,-1,-1,0.300925254821777
14,1,5,28,-9,9,0,0.600501537322998,-1,-1,1,-1,0.30048394203186
14,1,5,29,-9,9,0,0.533786058425903,-1,-1,-1,-1,0.350501537322998
14,1,5,30,-9,9,1,0.517586708068848,-1,-1,-1,-1,0.283786058425903
14,1,5,31,0,0,1,0.650467872619629,-1,1,-1,-1,0.267586708068848
14,1,5,32,81,81,1,0.517585515975952,1,1,1,-1,0.400467872619629
14,1,5,33,81,81,1,0.383797168731689,1,1,1,1,0.267585515975952
14,1,5,34,27,27,1,0.517125606536865,1,1,1,1,0.133797168731689
14,1,5,38,-81,81,0,0.450492858886719,1,1,1,1,0.450451850891113
14,1,5,42,27,27,1,0.800504684448242,1,1,1,1,0.25091814994812
14,1,5,43,3,3,1,0.784238338470459,1,1,1,1,0.550504684448242
14,1,5,44,81,81,1,0.583788394927979,1,1,1,1,0.534238338470459
14,1,5,45,0,0,1,0.817586898803711,1,1,1,1,0.333788394927979
14,1,5,46,27,27,1,0.517132759094238,1,1,1,1,0.567586898803711
14,1,5,47,27,27,1,0.817587852478027,1,1,1,1,0.267132759094238
14,1,5,48,3,3,1,0.684244394302368,1,1,1,1,0.567587852478027
14,1,5,49,-81,81,0,0.51713490486145,1,1,1,1,0.434244394302368
14,1,5,50,-81,81,0,0.400451421737671,-1,-1,1,1,0.26713490486145
14,1,5,51,-27,27,0,0.283838272094727,-1,-1,-1,-1,0.150451421737671
14,1,5,52,-9,9,0,0.567121028900146,-1,-1,-1,-1,0.0338382720947266
14,1,5,53,-27,27,0,0.283814430236816,-1,-1,-1,-1,0.317121028900146
14,1,5,54,-9,9,0,0.434242725372314,-1,-1,-1,-1,0.0338144302368164
14,1,5,55,9,9,1,0.58425498008728,-1,-1,-1,-1,0.184242725372314
14,1,5,56,3,3,0,0.48377537727356,1,1,-1,-1,0.33425498008728
14,1,5,57,9,9,1,0.584254503250122,1,-1,1,1,0.23377537727356
14,1,5,58,0,0,0,0.717129230499268,1,1,-1,1,0.334254503250122
14,1,5,59,3,3,0,0.767577171325684,1,-1,1,1,0.467129230499268
14,1,5,60,-81,81,0,0.400454044342041,1,-1,-1,1,0.517577171325684
14,1,5,61,-81,81,0,0.401302337646484,-1,-1,-1,1,0.150454044342041
14,1,5,62,-27,27,0,0.600467205047607,-1,-1,-1,-1,0.151302337646484
14,1,5,63,-3,3,0,0.633789777755737,-1,-1,-1,-1,0.350467205047607
14,1,5,64,-81,81,0,0.517142534255981,-1,-1,-1,-1,0.383789777755737
14,1,5,65,-3,3,0,0.817155599594116,-1,-1,-1,-1,0.267142534255981
14,1,5,66,-0,0,0,0.650914192199707,-1,-1,-1,-1,0.567155599594116
14,1,5,67,-0,0,0,0.667558193206787,-1,-1,-1,-1,0.400914192199707
14,1,5,68,-81,81,0,0.484258651733398,-1,-1,-1,-1,0.417558193206787
14,1,5,69,-81,81,0,0.334274053573608,-1,-1,-1,-1,0.234258651733398
14,1,5,70,-3,3,0,0.500918865203857,-1,-1,-1,-1,0.0842740535736084
14,1,5,71,9,9,0,0.434321880340576,-1,-1,-1,-1,0.250918865203857
14,1,5,72,3,3,1,0.567122459411621,1,-1,-1,-1,0.184321880340576
14,1,5,73,9,9,1,0.600485324859619,1,1,-1,1,0.317122459411621
14,1,5,74,3,3,1,0.633800983428955,1,1,1,1,0.350485324859619
14,1,5,75,81,81,1,0.55046558380127,1,1,1,1,0.383800983428955
14,1,5,76,3,3,1,0.633791208267212,1,1,1,1,0.30046558380127
14,1,5,77,3,3,1,0.650485754013062,1,1,1,1,0.383791208267212
14,1,5,78,-9,9,1,0.650471925735474,1,1,1,1,0.400485754013062
14,1,5,79,-9,9,1,0.500934362411499,-1,1,1,1,0.400471925735474
14,1,5,80,-27,27,0,0.433806180953979,-1,1,1,-1,0.250934362411499
14,1,5,81,-27,27,0,0.433822154998779,-1,-1,1,-1,0.183806180953979
14,1,5,82,-0,0,0,0.467490196228027,-1,-1,-1,-1,0.183822154998779
14,1,5,83,-27,27,0,0.550473928451538,-1,-1,-1,-1,0.217490196228027
14,1,5,84,-3,3,0,0.333794116973877,-1,-1,-1,-1,0.300473928451538
14,1,5,85,-9,9,0,0.450879335403442,-1,-1,-1,-1,0.083794116973877
14,1,5,86,81,81,1,0.334238290786743,-1,-1,-1,-1,0.200879335403442
14,1,5,87,81,81,1,0.434257984161377,1,1,-1,-1,0.0842382907867432
14,1,5,88,9,9,1,0.400901794433594,1,1,1,1,0.184257984161377
14,1,5,89,3,3,1,0.517132043838501,1,1,1,1,0.150901794433594
14,1,5,90,0,0,1,0.517617225646973,1,1,1,1,0.267132043838501
14,1,5,91,0,0,1,0.533816337585449,1,1,1,1,0.267617225646973
14,1,5,92,81,81,1,0.483830213546753,1,1,1,1,0.283816337585449
14,1,5,93,0,0,1,0.300930976867676,1,1,1,1,0.233830213546753
14,1,5,94,27,27,1,0.517589330673218,1,1,1,1,0.0509309768676758
14,1,5,95,81,81,1,0.450466394424438,1,1,1,1,0.267589330673218
14,1,5,96,-9,9,1,0.467574834823608,1,1,1,1,0.200466394424438
14,1,6,2,-3,3,0,0.617127895355225,1,-1,1,1,0.584469318389893
14,1,6,3,81,81,1,0.333806037902832,-1,-1,-1,1,0.367127895355225
14,1,6,4,-3,3,1,0.701512098312378,1,1,-1,-1,0.083806037902832
14,1,6,5,3,3,1,0.733820915222168,-1,1,1,1,0.451512098312378
14,1,6,6,-3,3,1,0.700921773910522,1,1,1,-1,0.483820915222168
14,1,6,7,-0,0,0,0.534895896911621,-1,1,1,1,0.450921773910522
14,1,6,8,9,9,1,0.484309911727905,-1,-1,1,-1,0.284895896911621
14,1,6,9,-27,27,0,0.550925016403198,1,1,-1,-1,0.234309911727905
14,1,6,10,3,3,1,0.33381724357605,-1,-1,1,1,0.300925016403198
14,1,6,11,-27,27,0,0.467588901519775,1,1,-1,-1,0.0838172435760498
14,1,6,12,-81,81,0,0.53423285484314,-1,-1,1,1,0.217588901519775
14,1,6,13,27,27,1,0.85045599937439,-1,-1,-1,-1,0.28423285484314
14,1,6,14,-9,9,0,0.500453233718872,1,1,-1,-1,0.60045599937439
14,1,6,15,81,81,1,0.467595815658569,-1,-1,1,1,0.250453233718872
14,1,6,16,-81,81,0,0.300470113754272,1,1,-1,-1,0.217595815658569
14,1,6,17,3,3,1,0.333807945251465,-1,-1,1,1,0.0504701137542725
14,1,6,18,-3,3,0,0.483794927597046,1,1,-1,-1,0.0838079452514648
14,1,6,19,81,81,1,0.583828926086426,-1,-1,1,1,0.233794927597046
14,1,6,20,-3,3,0,0.600448846817017,1,1,-1,-1,0.333828926086426
14,1,6,21,9,9,0,0.634276628494263,-1,-1,1,1,0.350448846817017
14,1,6,22,-27,27,0,0.434299945831299,1,-1,-1,-1,0.384276628494263
14,1,6,23,3,3,0,0.633791923522949,-1,-1,-1,1,0.184299945831299
14,1,6,24,-27,27,0,0.5171959400177,1,-1,-1,-1,0.383791923522949
14,1,6,25,0,0,1,0.600947856903076,-1,-1,-1,1,0.2671959400177
14,1,6,26,-81,81,0,0.483795166015625,1,1,-1,-1,0.350947856903076
14,1,6,27,27,27,1,0.667129039764404,-1,-1,1,1,0.233795166015625
14,1,6,28,-27,27,0,0.55050802230835,1,1,-1,-1,0.417129039764404
14,1,6,29,9,9,1,0.583799362182617,-1,-1,1,1,0.30050802230835
14,1,6,30,-81,81,0,0.41759204864502,1,1,-1,-1,0.333799362182617
14,1,6,31,81,81,1,0.51758074760437,-1,-1,1,1,0.16759204864502
14,1,6,32,-0,0,1,0.550919055938721,1,1,-1,-1,0.26758074760437
14,1,6,33,27,27,1,0.400938034057617,-1,1,1,1,0.300919055938721
14,1,6,34,-0,0,1,0.583797216415405,1,1,1,-1,0.150938034057617
14,1,6,35,27,27,1,0.533796787261963,-1,1,1,1,0.333797216415405
14,1,6,36,-81,81,0,0.400919198989868,1,1,1,-1,0.283796787261963
14,1,6,37,9,9,1,0.634346961975098,-1,-1,1,1,0.150919198989868
14,1,6,38,-27,27,1,0.684255599975586,1,1,-1,-1,0.384346961975098
14,1,6,39,-9,9,0,0.600915908813477,-1,1,1,1,0.434255599975586
14,1,6,40,-3,3,1,0.584253311157227,-1,-1,1,-1,0.350915908813477
14,1,6,41,9,9,0,0.50047492980957,-1,1,-1,-1,0.334253311157227
14,1,6,42,-81,81,0,0.300468444824219,1,-1,1,-1,0.25047492980957
14,1,6,43,81,81,1,0.383827924728394,-1,-1,-1,1,0.0504684448242188
14,1,6,44,-3,3,1,0.567147016525269,1,1,-1,-1,0.133827924728394
14,1,6,45,9,9,0,0.484278202056885,-1,1,1,1,0.317147016525269
14,1,6,46,-27,27,0,0.550488948822021,1,-1,1,-1,0.234278202056885
14,1,6,47,81,81,1,0.484263896942139,-1,-1,-1,1,0.300488948822021
14,1,6,48,-0,0,0,0.584246635437012,1,1,-1,-1,0.234263896942139
14,1,6,49,0,0,0,0.517585039138794,-1,-1,1,1,0.334246635437012
14,1,6,50,-9,9,0,0.550466299057007,1,-1,-1,-1,0.267585039138794
14,1,6,51,-0,0,0,0.734251022338867,-1,-1,-1,1,0.300466299057007
14,1,6,52,0,0,0,0.617175579071045,-1,-1,-1,-1,0.484251022338867
14,1,6,53,-3,3,0,0.533845186233521,1,-1,-1,-1,0.367175579071045
14,1,6,54,3,3,0,0.583807229995728,-1,-1,-1,1,0.283845186233521
14,1,6,55,-3,3,1,0.550473213195801,1,-1,-1,-1,0.333807229995728
14,1,6,56,27,27,1,0.583850145339966,-1,1,-1,1,0.300473213195801
14,1,6,57,81,81,1,0.567174911499023,1,1,1,-1,0.333850145339966
14,1,6,58,-0,0,1,0.550468683242798,1,1,1,1,0.317174911499023
14,1,6,59,27,27,1,0.384298324584961,-1,1,1,1,0.300468683242798
14,1,6,60,-3,3,1,0.567131996154785,1,1,1,-1,0.134298324584961
14,1,6,61,9,9,1,0.450920104980469,-1,1,1,1,0.317131996154785
14,1,6,62,-9,9,1,0.467597007751465,1,1,1,-1,0.200920104980469
14,1,6,63,27,27,1,0.600937366485596,-1,1,1,1,0.217597007751465
14,1,6,64,-81,81,0,0.417161226272583,1,1,1,-1,0.350937366485596
14,1,6,65,81,81,1,0.435131788253784,-1,-1,1,1,0.167161226272583
14,1,6,69,0,0,0,0.450927972793579,-1,-1,-1,1,0.250445365905762
14,1,6,70,-9,9,0,0.333802223205566,1,-1,-1,-1,0.200927972793579
14,1,6,71,27,27,0,0.433825016021729,-1,-1,-1,1,0.0838022232055664
14,1,6,75,3,3,0,0.617160081863403,-1,1,1,1,0.400916814804077
14,1,6,76,-0,0,0,0.55151104927063,1,-1,1,-1,0.367160081863403
14,1,6,77,81,81,1,0.550943851470947,-1,-1,-1,1,0.30151104927063
14,1,6,78,-81,81,0,0.4342360496521,1,1,-1,-1,0.300943851470947
14,1,6,79,27,27,1,0.583788156509399,-1,-1,1,1,0.1842360496521
14,1,6,80,-27,27,1,0.517145395278931,1,1,-1,-1,0.333788156509399
14,1,6,81,-9,9,1,0.750452280044556,-1,1,1,1,0.267145395278931
14,1,6,82,81,81,1,0.450936079025269,-1,1,1,-1,0.500452280044556
14,1,6,83,-81,81,0,0.367117643356323,1,1,1,-1,0.200936079025269
14,1,6,84,27,27,1,0.535026073455811,-1,-1,1,1,0.117117643356323
14,1,6,85,3,3,1,0.533820152282715,1,1,-1,-1,0.285026073455811
14,1,6,86,9,9,1,0.484263181686401,1,1,1,1,0.283820152282715
14,1,6,87,-81,81,0,0.333853960037231,1,1,1,1,0.234263181686401
14,1,6,88,9,9,0,0.417175054550171,-1,-1,1,1,0.0838539600372314
14,1,6,89,-3,3,1,0.367140293121338,1,-1,-1,-1,0.167175054550171
14,1,6,90,81,81,1,0.567133903503418,-1,1,-1,1,0.117140293121338
14,1,6,91,-27,27,1,0.617157936096191,1,1,1,-1,0.317133903503418
14,1,6,92,-3,3,1,0.550488233566284,-1,1,1,1,0.367157936096191
14,1,6,93,9,9,1,0.36714506149292,-1,1,1,-1,0.300488233566284
14,1,6,94,-27,27,0,0.400490283966064,1,1,1,-1,0.11714506149292
14,1,6,95,3,3,1,0.517126798629761,-1,-1,1,1,0.150490283966064
14,1,6,96,-9,9,0,0.283794164657593,1,1,-1,-1,0.267126798629761
14,1,6,97,9,9,1,0.584278583526611,-1,-1,1,1,0.0337941646575928
14,1,6,98,-81,81,0,0.500884771347046,1,1,-1,-1,0.334278583526611
14,1,6,99,3,3,1,0.517588376998901,-1,-1,1,1,0.250884771347046
14,2,1,2,-3,3,0,0.80049204826355,1,-1,-1,1,0.70071816444397
14,2,1,3,-81,81,0,0.500499725341797,-1,-1,-1,1,0.55049204826355
14,2,1,4,-81,81,0,0.484256982803345,-1,-1,-1,-1,0.250499725341797
14,2,1,5,-27,27,0,0.667123556137085,-1,-1,-1,-1,0.234256982803345
14,2,1,6,27,27,1,0.617118120193481,-1,-1,-1,-1,0.417123556137085
14,2,1,7,-3,3,0,0.600466966629028,1,1,-1,-1,0.367118120193481
14,2,1,8,9,9,1,0.817573070526123,-1,-1,1,1,0.350466966629028
14,2,1,9,-9,9,1,0.683840036392212,1,1,-1,-1,0.567573070526123
14,2,1,10,9,9,1,0.634257793426514,-1,1,1,1,0.433840036392212
14,2,1,11,0,0,1,0.550976991653442,1,1,1,-1,0.384257793426514
14,2,1,12,-81,81,0,0.450468778610229,1,1,1,1,0.300976991653442
14,2,1,13,81,81,1,0.383820533752441,-1,-1,1,1,0.200468778610229
14,2,1,14,27,27,1,0.6337890625,1,1,-1,-1,0.133820533752441
14,2,1,15,3,3,1,0.550874710083008,1,1,1,1,0.3837890625
14,2,1,16,-81,81,0,0.517123222351074,1,1,1,1,0.300874710083008
14,2,1,17,0,0,1,0.600461006164551,-1,-1,1,1,0.267123222351074
14,2,1,18,27,27,1,0.583825588226318,1,1,-1,-1,0.350461006164551
14,2,1,19,9,9,1,0.650453567504883,1,1,1,1,0.333825588226318
14,2,1,20,-27,27,0,0.517148494720459,1,1,1,1,0.400453567504883
14,2,1,21,-27,27,1,0.533850431442261,-1,-1,1,1,0.267148494720459
14,2,1,22,-3,3,1,0.533982992172241,-1,1,-1,-1,0.283850431442261
14,2,1,23,-9,9,0,0.618044137954712,-1,1,1,-1,0.283982992172241
14,2,1,24,0,0,1,0.583782196044922,-1,-1,1,-1,0.368044137954712
14,2,1,25,-27,27,0,0.534228086471558,1,1,-1,-1,0.333782196044922
14,2,1,26,9,9,1,0.534266948699951,-1,-1,1,1,0.284228086471558
14,2,1,27,-27,27,0,0.667579889297485,1,1,-1,-1,0.284266948699951
14,2,1,28,27,27,1,0.584246873855591,-1,-1,1,1,0.417579889297485
14,2,1,29,-81,81,0,0.500463008880615,1,1,-1,-1,0.334246873855591
14,2,1,30,81,81,1,0.484219312667847,-1,-1,1,1,0.250463008880615
14,2,1,31,9,9,1,0.667140007019043,1,1,-1,-1,0.234219312667847
14,2,1,32,81,81,1,0.417129993438721,1,1,1,1,0.417140007019043
14,2,1,33,-27,27,1,0.600909233093262,1,1,1,1,0.167129993438721
14,2,1,34,-81,81,0,0.517586946487427,-1,1,1,1,0.350909233093262
14,2,1,35,9,9,1,0.833844184875488,-1,-1,1,-1,0.267586946487427
14,2,1,36,-3,3,1,0.66754674911499,1,1,-1,-1,0.583844184875488
14,2,1,37,9,9,1,0.833781719207764,-1,1,1,1,0.41754674911499
14,2,1,38,-81,81,0,0.517146110534668,1,1,1,-1,0.583781719207764
14,2,1,39,-3,3,1,0.850913047790527,-1,-1,1,1,0.267146110534668
14,2,1,40,-9,9,0,0.650880813598633,-1,1,-1,-1,0.600913047790527
14,2,1,41,3,3,1,0.584255933761597,-1,-1,1,-1,0.400880813598633
14,2,1,42,-27,27,0,0.500922918319702,1,1,-1,-1,0.334255933761597
14,2,1,43,-27,27,0,0.533808946609497,-1,-1,1,1,0.250922918319702
14,2,1,44,-0,0,1,0.63425874710083,-1,-1,-1,-1,0.283808946609497
14,2,1,45,81,81,1,0.417145967483521,-1,1,-1,-1,0.38425874710083
14,2,1,46,81,81,1,0.36716103553772,1,1,1,-1,0.167145967483521
14,2,1,47,3,3,1,0.600918054580688,1,1,1,1,0.11716103553772
14,2,1,48,-9,9,0,0.534227132797241,1,1,1,1,0.350918054580688
14,2,1,49,-27,27,0,0.250915050506592,-1,-1,1,1,0.284227132797241
14,2,1,50,-0,0,1,0.534219026565552,-1,-1,-1,-1,0.000915050506591797
14,2,1,51,-27,27,0,0.567174434661865,-1,1,-1,-1,0.284219026565552
14,2,1,52,-0,0,1,0.467117071151733,-1,-1,1,-1,0.317174434661865
14,2,1,53,81,81,1,0.383844375610352,-1,1,-1,-1,0.217117071151733
14,2,1,54,-27,27,1,0.63379693031311,1,1,1,-1,0.133844375610352
14,2,1,55,-81,81,0,0.450464963912964,-1,1,1,1,0.38379693031311
14,2,1,56,9,9,1,0.65044903755188,-1,-1,1,-1,0.200464963912964
14,2,1,57,9,9,1,0.71713399887085,1,1,-1,-1,0.40044903755188
14,2,1,58,9,9,1,0.767597913742065,1,1,1,1,0.46713399887085
14,2,1,59,-81,81,0,0.51758599281311,1,1,1,1,0.517597913742065
14,2,1,60,0,0,1,0.78426718711853,-1,-1,1,1,0.26758599281311
14,2,1,61,-81,81,0,0.433794021606445,1,1,-1,-1,0.53426718711853
14,2,1,62,81,81,1,0.467155933380127,-1,-1,1,1,0.183794021606445
14,2,1,63,-27,27,0,0.367584228515625,1,1,-1,-1,0.217155933380127
14,2,1,64,81,81,1,0.384245157241821,-1,-1,1,1,0.117584228515625
14,2,1,65,-9,9,1,0.600921869277954,1,1,-1,-1,0.134245157241821
14,2,1,66,-3,3,1,0.534276008605957,-1,1,1,1,0.350921869277954
14,2,1,67,-27,27,1,0.36714506149292,-1,1,1,-1,0.284276008605957
14,2,1,68,-3,3,0,0.550935983657837,-1,1,1,-1,0.11714506149292
14,2,1,69,-9,9,1,0.533806085586548,-1,-1,1,-1,0.300935983657837
14,2,1,70,-3,3,1,0.550924062728882,-1,1,-1,-1,0.283806085586548
14,2,1,71,-9,9,0,0.633803129196167,-1,1,1,-1,0.300924062728882
14,2,1,72,-3,3,0,0.650928020477295,-1,-1,1,-1,0.383803129196167
14,2,1,73,-0,0,0,0.850908279418945,-1,-1,-1,-1,0.400928020477295
14,2,1,74,-3,3,1,0.600919961929321,-1,-1,-1,-1,0.600908279418945
14,2,1,75,3,3,0,0.917582988739014,-1,1,-1,-1,0.350919961929321
14,2,1,76,-81,81,0,0.534265995025635,1,-1,1,-1,0.667582988739014
14,2,1,77,9,9,1,0.733798980712891,-1,-1,-1,1,0.284265995025635
14,2,1,78,-0,0,1,0.600454092025757,1,1,-1,-1,0.483798980712891
14,2,1,79,3,3,1,0.817583322525024,-1,1,1,1,0.350454092025757
14,2,1,80,9,9,1,0.834267139434814,1,1,1,-1,0.567583322525024
14,2,1,81,3,3,1,0.667582988739014,1,1,1,1,0.584267139434814
14,2,1,82,3,3,1,0.517122030258179,1,1,1,1,0.417582988739014
14,2,1,83,-27,27,0,0.58442497253418,1,1,1,1,0.267122030258179
14,2,1,84,27,27,1,0.667565107345581,-1,-1,1,1,0.33442497253418
14,2,1,85,-9,9,1,0.617577314376831,1,1,-1,-1,0.417565107345581
14,2,1,86,27,27,0,0.783796072006226,-1,1,1,1,0.367577314376831
14,2,1,87,-3,3,0,0.650918960571289,1,-1,1,-1,0.533796072006226
14,2,1,88,-81,81,0,0.517152309417725,-1,-1,-1,1,0.400918960571289
14,2,1,89,-9,9,1,0.533834934234619,-1,-1,-1,-1,0.267152309417725
14,2,1,90,81,81,1,0.400483846664429,-1,1,-1,-1,0.283834934234619
14,2,1,91,81,81,1,0.383798122406006,1,1,1,-1,0.150483846664429
14,2,1,92,0,0,1,0.600926876068115,1,1,1,1,0.133798122406006
14,2,1,93,0,0,1,0.550489902496338,1,1,1,1,0.350926876068115
14,2,1,94,-27,27,0,0.517741203308105,1,1,1,1,0.300489902496338
14,2,1,95,-3,3,0,0.684403896331787,-1,-1,1,1,0.267741203308105
14,2,1,96,3,3,1,0.384313821792603,-1,-1,-1,-1,0.434403896331787
14,2,1,97,-3,3,1,0.56712818145752,1,1,-1,-1,0.134313821792603
14,2,1,98,3,3,1,0.433828830718994,-1,1,1,1,0.31712818145752
14,2,1,99,27,27,0,0.367588996887207,1,1,1,-1,0.183828830718994
14,2,2,2,3,3,0,0.484499454498291,1,1,-1,-1,0.350727796554565
14,2,2,3,0,0,0,0.534778118133545,1,-1,1,1,0.234499454498291
14,2,2,4,3,3,0,0.867569208145142,1,-1,-1,1,0.284778118133545
14,2,2,5,9,9,1,0.784244060516357,1,-1,-1,1,0.617569208145142
14,2,2,6,81,81,1,0.567147970199585,1,1,-1,1,0.534244060516357
14,2,2,7,27,27,1,0.583812713623047,1,1,1,1,0.317147970199585
14,2,2,8,3,3,1,0.650978803634644,1,1,1,1,0.333812713623047
14,2,2,9,0,0,1,0.617970943450928,1,1,1,1,0.400978803634644
14,2,2,10,9,9,0,0.667585134506226,1,1,1,1,0.367970943450928
14,2,2,11,3,3,1,0.634252071380615,1,-1,1,1,0.417585134506226
14,2,2,12,81,81,1,0.650456666946411,1,1,-1,1,0.384252071380615
14,2,2,13,9,9,1,0.800944566726685,1,1,1,1,0.400456666946411
14,2,2,14,3,3,0,0.717599153518677,1,1,1,1,0.550944566726685
14,2,2,15,27,27,1,0.367645263671875,1,-1,1,1,0.467599153518677
14,2,2,16,81,81,1,0.583801984786987,1,1,-1,1,0.117645263671875
14,2,2,17,3,3,1,0.733807802200317,1,1,1,1,0.333801984786987
14,2,2,18,-9,9,0,0.617127895355225,1,1,1,1,0.483807802200317
14,2,2,19,9,9,1,0.500925064086914,-1,-1,1,1,0.367127895355225
14,2,2,20,27,27,1,0.667112112045288,1,1,-1,-1,0.250925064086914
14,2,2,21,-9,9,1,0.800869226455688,1,1,1,1,0.417112112045288
14,2,2,22,-81,81,0,0.451709985733032,-1,1,1,1,0.550869226455688
14,2,2,23,-9,9,0,0.617592096328735,-1,-1,1,-1,0.201709985733032
14,2,2,24,81,81,1,0.533830881118774,-1,-1,-1,-1,0.367592096328735
14,2,2,25,3,3,1,0.800558567047119,1,1,-1,-1,0.283830881118774
14,2,2,26,3,3,1,0.650461912155151,1,1,1,1,0.550558567047119
14,2,2,27,-27,27,0,0.50049614906311,1,1,1,1,0.400461912155151
14,2,2,28,-9,9,1,0.650485515594482,-1,-1,1,1,0.25049614906311
14,2,2,29,-27,27,0,0.517143487930298,-1,1,-1,-1,0.400485515594482
14,2,2,30,-3,3,0,0.434275150299072,-1,-1,1,-1,0.267143487930298
14,2,2,31,-3,3,0,0.633814811706543,-1,-1,-1,-1,0.184275150299072
14,2,2,32,-3,3,0,0.800921201705933,-1,-1,-1,-1,0.383814811706543
14,2,2,33,-27,27,0,0.600474119186401,-1,-1,-1,-1,0.550921201705933
14,2,2,34,-9,9,0,0.517564058303833,-1,-1,-1,-1,0.350474119186401
14,2,2,35,-81,81,0,0.501044034957886,-1,-1,-1,-1,0.267564058303833
14,2,2,36,-9,9,1,0.600980043411255,-1,-1,-1,-1,0.251044034957886
14,2,2,37,-3,3,1,0.917562961578369,-1,1,-1,-1,0.350980043411255
14,2,2,38,-3,3,0,1.017174243927,-1,1,1,-1,0.667562961578369
14,2,2,39,-27,27,0,0.650920152664185,-1,-1,1,-1,0.767174243927002
14,2,2,40,-27,27,0,0.683830976486206,-1,-1,-1,-1,0.400920152664185
14,2,2,41,-0,0,0,0.517116546630859,-1,-1,-1,-1,0.433830976486206
14,2,2,42,-0,0,0,0.700446844100952,-1,-1,-1,-1,0.267116546630859
14,2,2,43,27,27,1,0.633814096450806,-1,-1,-1,-1,0.450446844100952
14,2,2,44,9,9,1,0.567600965499878,1,1,-1,-1,0.383814096450806
14,2,2,45,81,81,1,0.500453948974609,1,1,1,1,0.317600965499878
14,2,2,46,-27,27,1,0.450467348098755,1,1,1,1,0.250453948974609
14,2,2,47,-27,27,0,0.400498867034912,-1,1,1,1,0.200467348098755
14,2,2,48,-0,0,1,0.567168712615967,-1,-1,1,-1,0.150498867034912
14,2,2,49,-27,27,0,0.400919914245605,-1,1,-1,-1,0.317168712615967
14,2,2,50,-81,81,0,0.434266090393066,-1,-1,1,-1,0.150919914245605
14,2,2,51,-27,27,0,0.434920787811279,-1,-1,-1,-1,0.184266090393066
14,2,2,52,-0,0,1,0.567596912384033,-1,-1,-1,-1,0.184920787811279
14,2,2,53,-81,81,0,0.350472211837769,-1,1,-1,-1,0.317596912384033
14,2,2,54,27,27,1,0.51761794090271,-1,-1,1,-1,0.100472211837769
14,2,2,55,9,9,1,0.6004638671875,1,1,-1,-1,0.26761794090271
14,2,2,56,0,0,1,0.73497486114502,1,1,1,1,0.3504638671875
14,2,2,57,9,9,0,0.733825206756592,1,1,1,1,0.48497486114502
14,2,2,58,81,81,1,0.533826112747192,1,-1,1,1,0.483825206756592
14,2,2,59,3,3,1,0.633785963058472,1,1,-1,1,0.283826112747192
14,2,2,60,9,9,1,0.667572498321533,1,1,1,1,0.383785963058472
14,2,2,61,27,27,1,0.567593812942505,1,1,1,1,0.417572498321533
14,2,2,62,27,27,1,0.700976133346558,1,1,1,1,0.317593812942505
14,2,2,63,81,81,1,0.633789777755737,1,1,1,1,0.450976133346558
14,2,2,64,27,27,1,0.80101203918457,1,1,1,1,0.383789777755737
14,2,2,65,3,3,0,0.833788871765137,1,1,1,1,0.55101203918457
14,2,2,66,0,0,1,0.733787298202515,1,-1,1,1,0.583788871765137
14,2,2,67,81,81,1,0.58382511138916,1,1,-1,1,0.483787298202515
14,2,2,68,3,3,0,0.517160892486572,1,1,1,1,0.33382511138916
14,2,2,69,0,0,1,0.583805561065674,1,-1,1,1,0.267160892486572
14,2,2,70,27,27,1,0.467158079147339,1,1,-1,1,0.333805561065674
14,2,2,71,9,9,1,0.550456047058105,1,1,1,1,0.217158079147339
14,2,2,72,81,81,1,0.517138957977295,1,1,1,1,0.300456047058105
14,2,2,73,81,81,1,0.517139196395874,1,1,1,1,0.267138957977295
14,2,2,74,-0,0,1,0.633806228637695,1,1,1,1,0.267139196395874
14,2,2,75,-3,3,1,0.634279489517212,-1,1,1,1,0.383806228637695
14,2,2,76,-27,27,0,0.500465869903564,-1,1,1,-1,0.384279489517212
14,2,2,77,-81,81,0,0.467122077941895,-1,-1,1,-1,0.250465869903564
14,2,2,78,-3,3,1,0.750465154647827,-1,-1,-1,-1,0.217122077941895
14,2,2,79,-3,3,1,0.90046763420105,-1,1,-1,-1,0.500465154647827
14,2,2,80,-81,81,0,0.550477981567383,-1,1,1,-1,0.65046763420105
14,2,2,81,-9,9,1,0.600912094116211,-1,-1,1,-1,0.300477981567383
14,2,2,82,-81,81,0,0.317167997360229,-1,1,-1,-1,0.350912094116211
14,2,2,83,-81,81,0,0.533803939819336,-1,-1,1,-1,0.0671679973602295
14,2,2,84,9,9,1,0.71776270866394,-1,-1,-1,-1,0.283803939819336
14,2,2,85,-9,9,1,0.634251117706299,1,1,-1,-1,0.46776270866394
14,2,2,86,-9,9,0,0.734261989593506,-1,1,1,1,0.384251117706299
14,2,2,87,-27,27,0,0.617612838745117,-1,-1,1,-1,0.484261989593506
14,2,2,88,-81,81,0,0.550481796264648,-1,-1,-1,-1,0.367612838745117
14,2,2,89,-3,3,0,0.750903844833374,-1,-1,-1,-1,0.300481796264648
14,2,2,90,-9,9,0,0.633794069290161,-1,-1,-1,-1,0.500903844833374
14,2,2,91,-27,27,0,0.600465059280396,-1,-1,-1,-1,0.383794069290161
14,2,2,92,3,3,1,0.617137908935547,-1,-1,-1,-1,0.350465059280396
14,2,2,93,0,0,1,0.617593288421631,1,1,-1,-1,0.367137908935547
14,2,2,94,-81,81,0,0.600490570068359,1,1,1,1,0.367593288421631
14,2,2,95,81,81,1,0.550979852676392,-1,-1,1,1,0.350490570068359
14,2,2,96,27,27,1,0.734223127365112,1,1,-1,-1,0.300979852676392
14,2,2,97,9,9,1,0.767132043838501,1,1,1,1,0.484223127365112
14,2,2,98,-3,3,1,0.717117071151733,1,1,1,1,0.517132043838501
14,2,2,99,-9,9,0,0.53449559211731,-1,1,1,1,0.467117071151733
14,2,3,2,27,27,1,0.85045599937439,1,-1,-1,1,0.634465217590332
14,2,3,3,-3,3,0,0.733814001083374,1,1,-1,1,0.60045599937439
14,2,3,4,0,0,0,0.617161750793457,-1,-1,1,1,0.483814001083374
14,2,3,5,9,9,1,0.600919008255005,1,-1,-1,-1,0.367161750793457
14,2,3,6,-9,9,0,0.700914859771729,1,1,-1,1,0.350919008255005
14,2,3,7,3,3,1,0.550472974777222,-1,-1,1,1,0.450914859771729
14,2,3,8,-81,81,0,0.350924968719482,1,1,-1,-1,0.300472974777222
14,2,3,9,3,3,1,0.550463914871216,-1,-1,1,1,0.100924968719482
14,2,3,10,0,0,1,0.56712794303894,1,1,-1,-1,0.300463914871216
14,2,3,11,0,0,1,0.650469779968262,1,1,1,1,0.31712794303894
14,2,3,12,-81,81,0,0.483810901641846,1,1,1,1,0.400469779968262
14,2,3,13,81,81,1,0.50092887878418,-1,-1,1,1,0.233810901641846
14,2,3,14,-27,27,0,0.450930833816528,1,1,-1,-1,0.25092887878418
14,2,3,15,-81,81,0,0.500930070877075,-1,-1,1,1,0.200930833816528
14,2,3,16,3,3,1,0.48380184173584,-1,-1,-1,-1,0.250930070877075
14,2,3,17,0,0,1,0.617634057998657,1,1,-1,-1,0.23380184173584
14,2,3,18,9,9,1,0.683805227279663,1,1,1,1,0.367634057998657
14,2,3,19,-9,9,0,0.650883913040161,1,1,1,1,0.433805227279663
14,2,3,20,-81,81,0,0.550914287567139,-1,-1,1,1,0.400883913040161
14,2,3,21,-9,9,1,0.533805131912231,-1,-1,-1,-1,0.300914287567139
14,2,3,22,3,3,0,0.683786153793335,-1,1,-1,-1,0.283805131912231
14,2,3,23,3,3,1,0.467139959335327,1,-1,1,-1,0.433786153793335
14,2,3,24,-3,3,0,0.583858013153076,1,1,-1,1,0.217139959335327
14,2,3,25,-81,81,0,0.467136144638062,-1,-1,1,1,0.333858013153076
14,2,3,26,-3,3,1,0.734244108200073,-1,-1,-1,-1,0.217136144638062
14,2,3,27,-3,3,0,0.584240198135376,-1,1,-1,-1,0.484244108200073
14,2,3,28,27,27,1,0.534274101257324,-1,-1,1,-1,0.334240198135376
14,2,3,29,81,81,1,0.51758599281311,1,1,-1,-1,0.284274101257324
14,2,3,30,-9,9,1,0.533828973770142,1,1,1,1,0.26758599281311
14,2,3,31,27,27,0,0.433815002441406,-1,1,1,1,0.283828973770142
14,2,3,32,81,81,1,0.450934171676636,1,-1,1,-1,0.183815002441406
14,2,3,33,81,81,1,0.36714506149292,1,1,-1,1,0.200934171676636
14,2,3,34,-81,81,0,0.451704978942871,1,1,1,1,0.11714506149292
14,2,3,35,-3,3,0,0.533796072006226,-1,-1,1,1,0.201704978942871
14,2,3,36,27,27,1,0.733819961547852,-1,-1,-1,-1,0.283796072006226
14,2,3,37,9,9,1,0.48380708694458,1,1,-1,-1,0.483819961547852
14,2,3,38,-27,27,0,0.334234237670898,1,1,1,1,0.23380708694458
14,2,3,39,3,3,1,0.601402044296265,-1,-1,1,1,0.0842342376708984
14,2,3,40,-0,0,0,0.483803987503052,1,1,-1,-1,0.351402044296265
14,2,3,41,27,27,1,0.467607975006104,-1,-1,1,1,0.233803987503052
14,2,3,42,3,3,0,0.533814191818237,1,1,-1,-1,0.217607975006104
14,2,3,43,-3,3,0,0.467160940170288,1,-1,1,1,0.283814191818237
14,2,3,44,3,3,1,0.483808040618896,-1,-1,-1,1,0.217160940170288
14,2,3,45,27,27,1,0.534978866577148,1,1,-1,-1,0.233808040618896
14,2,3,46,81,81,1,0.367594003677368,1,1,1,1,0.284978866577148
14,2,3,47,-3,3,1,0.600524187088013,1,1,1,1,0.117594003677368
14,2,3,48,-81,81,0,0.250907182693481,-1,1,1,1,0.350524187088013
14,2,3,49,9,9,1,0.550467014312744,-1,-1,1,-1,0.000907182693481445
14,2,3,50,-3,3,0,0.367965936660767,1,1,-1,-1,0.300467014312744
14,2,3,51,-3,3,0,0.433820962905884,-1,-1,1,1,0.117965936660767
14,2,3,52,-9,9,1,0.567123174667358,-1,-1,-1,-1,0.183820962905884
14,2,3,53,9,9,0,0.533787965774536,-1,1,-1,-1,0.317123174667358
14,2,3,54,27,27,1,0.550485849380493,1,-1,1,-1,0.283787965774536
14,2,3,55,-81,81,0,0.417134046554565,1,1,-1,1,0.300485849380493
14,2,3,56,-27,27,0,0.517202138900757,-1,-1,1,1,0.167134046554565
14,2,3,57,27,27,1,0.617136001586914,-1,-1,-1,-1,0.267202138900757
14,2,3,58,-0,0,1,0.70048713684082,1,1,-1,-1,0.367136001586914
14,2,3,59,9,9,1,0.767587184906006,-1,1,1,1,0.45048713684082
14,2,3,60,27,27,0,0.617584943771362,1,1,1,-1,0.517587184906006
14,2,3,61,27,27,1,0.517586946487427,1,-1,1,1,0.367584943771362
14,2,3,62,27,27,1,0.500928163528442,1,1,-1,1,0.267586946487427
14,2,3,63,-9,9,1,0.6842200756073,1,1,1,1,0.250928163528442
14,2,3,64,-81,81,0,0.400936126708984,-1,1,1,1,0.4342200756073
14,2,3,65,-9,9,1,0.65045952796936,-1,-1,1,-1,0.150936126708984
14,2,3,66,81,81,1,0.40047287940979,-1,1,-1,-1,0.40045952796936
14,2,3,67,3,3,1,0.567827939987183,1,1,1,-1,0.15047287940979
14,2,3,68,9,9,0,0.733800888061523,1,1,1,1,0.317827939987183
14,2,3,69,-81,81,0,0.400931119918823,1,-1,1,1,0.483800888061523
14,2,3,70,27,27,1,0.650957107543945,-1,-1,-1,1,0.150931119918823
14,2,3,71,-81,81,0,0.383800983428955,1,1,-1,-1,0.400957107543945
14,2,3,72,3,3,1,0.634260177612305,-1,-1,1,1,0.133800983428955
14,2,3,73,-9,9,1,0.567148923873901,1,1,-1,-1,0.384260177612305
14,2,3,74,81,81,1,0.51712703704834,-1,1,1,1,0.317148923873901
14,2,3,75,9,9,0,0.467567205429077,1,1,1,-1,0.26712703704834
14,2,3,76,-3,3,1,0.651111125946045,1,-1,1,1,0.217567205429077
14,2,3,77,0,0,1,0.517139196395874,-1,1,-1,1,0.401111125946045
14,2,3,78,-27,27,0,0.583806037902832,1,1,1,-1,0.267139196395874
14,2,3,79,0,0,1,0.550468921661377,-1,-1,1,1,0.333806037902832
14,2,3,80,-27,27,0,0.534260272979736,1,1,-1,-1,0.300468921661377
14,2,3,81,81,81,1,0.500916004180908,-1,-1,1,1,0.284260272979736
14,2,3,82,0,0,0,0.417133808135986,1,1,-1,-1,0.250916004180908
14,2,3,83,-0,0,0,0.600466012954712,1,-1,1,1,0.167133808135986
14,2,3,84,-9,9,0,0.650461196899414,-1,-1,-1,1,0.350466012954712
14,2,3,85,-9,9,1,0.93425178527832,-1,-1,-1,-1,0.400461196899414
14,2,3,86,-27,27,0,0.5347900390625,-1,1,-1,-1,0.68425178527832
14,2,3,87,27,27,0,0.584305763244629,-1,-1,1,-1,0.2847900390625
14,2,3,88,81,81,1,0.417593955993652,1,-1,-1,-1,0.334305763244629
14,2,3,89,81,81,1,0.600450754165649,1,1,-1,1,0.167593955993652
14,2,3,90,-9,9,1,0.534255981445312,1,1,1,1,0.350450754165649
14,2,3,91,-3,3,0,0.301496982574463,-1,1,1,1,0.284255981445312
14,2,3,92,27,27,0,0.383806943893433,-1,-1,1,-1,0.0514969825744629
14,2,3,93,-0,0,0,0.334625959396362,1,-1,-1,-1,0.133806943893433
14,2,3,94,27,27,0,0.600921869277954,-1,-1,-1,1,0.0846259593963623
14,2,3,95,9,9,0,0.450489044189453,1,-1,-1,-1,0.350921869277954
14,2,3,96,81,81,1,0.467128038406372,1,-1,-1,1,0.200489044189453
14,2,3,97,3,3,1,0.567148923873901,1,1,-1,1,0.217128038406372
14,2,3,98,-27,27,0,0.400493144989014,1,1,1,1,0.317148923873901
14,2,3,99,9,9,0,0.417152881622314,-1,-1,1,1,0.150493144989014
14,2,4,2,-9,9,0,0.700460195541382,1,-1,1,1,0.685033082962036
14,2,4,3,81,81,1,0.550471067428589,-1,-1,-1,1,0.450460195541382
14,2,4,4,-27,27,0,0.400497913360596,1,1,-1,-1,0.300471067428589
14,2,4,5,81,81,1,0.317154169082642,-1,-1,1,1,0.150497913360596
14,2,4,6,-3,3,1,0.517584085464478,1,1,-1,-1,0.0671541690826416
14,2,4,7,-9,9,0,0.467585325241089,-1,1,1,1,0.267584085464478
14,2,4,8,0,0,1,0.433809995651245,-1,-1,1,-1,0.217585325241089
14,2,4,9,-27,27,0,0.350926876068115,1,1,-1,-1,0.183809995651245
14,2,4,10,-0,0,0,0.767125844955444,-1,-1,1,1,0.100926876068115
14,2,4,11,-9,9,0,0.533828020095825,-1,-1,-1,-1,0.517125844955444
14,2,4,12,81,81,1,0.500892162322998,-1,-1,-1,-1,0.283828020095825
14,2,4,13,-9,9,1,0.55088996887207,1,1,-1,-1,0.250892162322998
14,2,4,14,81,81,1,0.400928974151611,-1,1,1,1,0.30088996887207
14,2,4,15,-3,3,1,0.617591857910156,1,1,1,-1,0.150928974151611
14,2,4,16,9,9,1,0.850450992584229,-1,1,1,1,0.367591857910156
14,2,4,17,-81,81,0,0.400493144989014,1,1,1,-1,0.600450992584229
14,2,4,18,0,0,0,0.567550897598267,-1,-1,1,1,0.150493144989014
14,2,4,19,-81,81,0,0.450899839401245,1,-1,-1,-1,0.317550897598267
14,2,4,20,9,9,1,0.683817148208618,-1,-1,-1,1,0.200899839401245
14,2,4,21,-81,81,0,0.317227840423584,1,1,-1,-1,0.433817148208618
14,2,4,22,-27,27,0,0.350474119186401,-1,-1,1,1,0.067227840423584
14,2,4,23,9,9,1,0.433793067932129,-1,-1,-1,-1,0.100474119186401
14,2,4,24,-81,81,0,0.317137002944946,1,1,-1,-1,0.183793067932129
14,2,4,25,3,3,1,0.467587947845459,-1,-1,1,1,0.0671370029449463
14,2,4,26,3,3,0,0.417137384414673,1,1,-1,-1,0.217587947845459
14,2,4,27,-9,9,0,0.517155885696411,1,-1,1,1,0.167137384414673
14,2,4,28,-27,27,0,0.517135143280029,-1,-1,-1,1,0.267155885696411
14,2,4,29,3,3,1,0.350475072860718,-1,-1,-1,-1,0.267135143280029
14,2,4,30,-9,9,1,0.600460052490234,1,1,-1,-1,0.100475072860718
14,2,4,31,81,81,1,0.534249305725098,-1,1,1,1,0.350460052490234
14,2,4,32,81,81,1,0.500473976135254,1,1,1,-1,0.284249305725098
14,2,4,33,-81,81,0,0.301198244094849,1,1,1,1,0.250473976135254
14,2,4,34,9,9,1,0.584251165390015,-1,-1,1,1,0.0511982440948486
14,2,4,35,3,3,0,0.501204490661621,1,1,-1,-1,0.334251165390015
14,2,4,36,-27,27,0,0.467586040496826,1,-1,1,1,0.251204490661621
14,2,4,37,9,9,1,0.484261035919189,-1,-1,-1,1,0.217586040496826
14,2,4,38,-0,0,1,0.533835172653198,1,1,-1,-1,0.234261035919189
14,2,4,39,0,0,0,0.56712532043457,-1,1,1,1,0.283835172653198
14,2,4,40,-27,27,0,0.350931167602539,1,-1,1,-1,0.31712532043457
14,2,4,41,27,27,1,0.417197942733765,-1,-1,-1,1,0.100931167602539
14,2,4,42,27,27,1,0.533809185028076,1,1,-1,-1,0.167197942733765
14,2,4,43,3,3,1,0.450516223907471,1,1,1,1,0.283809185028076
14,2,4,44,3,3,1,0.500462055206299,1,1,1,1,0.200516223907471
14,2,4,45,-27,27,0,0.60088038444519,1,1,1,1,0.250462055206299
14,2,4,46,9,9,1,0.617567300796509,-1,-1,1,1,0.35088038444519
14,2,4,47,-27,27,0,0.434260845184326,1,1,-1,-1,0.367567300796509
14,2,4,48,27,27,1,0.650915622711182,-1,-1,1,1,0.184260845184326
14,2,4,49,-3,3,1,0.617132902145386,1,1,-1,-1,0.400915622711182
14,2,4,50,81,81,1,0.367164850234985,-1,1,1,1,0.367132902145386
14,2,4,51,-3,3,0,0.500478982925415,1,1,1,-1,0.117164850234985
14,2,4,52,-27,27,0,0.433835029602051,-1,-1,1,1,0.250478982925415
14,2,4,53,0,0,0,0.500468969345093,-1,-1,-1,-1,0.183835029602051
14,2,4,54,-3,3,1,0.617584228515625,1,-1,-1,-1,0.250468969345093
14,2,4,55,-3,3,1,0.650913000106812,-1,1,-1,1,0.367584228515625
14,2,4,56,27,27,1,0.650526285171509,-1,1,1,-1,0.400913000106812
14,2,4,57,-3,3,0,0.667577266693115,1,1,1,-1,0.400526285171509
14,2,4,58,-81,81,0,0.467582941055298,-1,-1,1,1,0.417577266693115
14,2,4,59,81,81,1,0.533796310424805,-1,-1,-1,-1,0.217582941055298
14,2,4,60,-27,27,0,0.550467967987061,1,1,-1,-1,0.283796310424805
14,2,4,64,-9,9,0,0.667134284973145,1,1,-1,-1,0.267158269882202
14,2,4,65,-9,9,0,0.450479984283447,-1,-1,1,1,0.417134284973145
14,2,4,66,81,81,1,0.533817768096924,-1,-1,-1,-1,0.200479984283447
14,2,4,67,-9,9,1,0.550913095474243,1,1,-1,-1,0.283817768096924
14,2,4,68,81,81,1,0.500464677810669,-1,1,1,1,0.300913095474243
14,2,4,69,-27,27,0,0.467134952545166,1,1,1,-1,0.250464677810669
14,2,4,70,27,27,1,0.500905275344849,-1,-1,1,1,0.217134952545166
14,2,4,71,-81,81,0,0.383803606033325,1,1,-1,-1,0.250905275344849
14,2,4,72,9,9,1,0.550487041473389,-1,-1,1,1,0.133803606033325
14,2,4,73,-3,3,1,0.500911235809326,1,1,-1,-1,0.300487041473389
14,2,4,74,81,81,1,0.383800983428955,-1,1,1,1,0.250911235809326
14,2,4,75,-0,0,1,0.634243965148926,1,1,1,-1,0.133800983428955
14,2,4,76,27,27,1,0.550461530685425,-1,1,1,1,0.384243965148926
14,2,4,77,-0,0,0,0.433810234069824,1,1,1,-1,0.300461530685425
14,2,4,78,3,3,0,0.650914907455444,-1,-1,1,1,0.183810234069824
14,2,4,79,-9,9,0,0.617133617401123,1,-1,-1,-1,0.400914907455444
14,2,4,80,0,0,1,0.633800029754639,-1,-1,-1,1,0.367133617401123
14,2,4,81,-3,3,0,0.617589950561523,1,1,-1,-1,0.383800029754639
14,2,4,82,9,9,1,0.534252405166626,-1,-1,1,1,0.367589950561523
14,2,4,83,-3,3,1,0.634284257888794,1,1,-1,-1,0.284252405166626
14,2,4,84,-3,3,1,0.517183065414429,-1,1,1,1,0.384284257888794
14,2,4,85,0,0,0,0.41756796836853,-1,1,1,-1,0.267183065414429
14,2,4,86,-81,81,0,0.350939989089966,1,-1,1,-1,0.16756796836853
14,2,4,87,27,27,1,0.601730108261108,-1,-1,-1,1,0.100939989089966
14,2,4,88,-27,27,0,0.400980949401855,1,1,-1,-1,0.351730108261108
14,2,4,89,3,3,0,0.400474071502686,-1,-1,1,1,0.150980949401855
14,2,4,90,0,0,1,0.483821153640747,1,-1,-1,-1,0.150474071502686
14,2,4,91,-3,3,0,0.60045599937439,1,1,-1,1,0.233821153640747
14,2,4,92,3,3,1,0.617146015167236,-1,-1,1,1,0.35045599937439
14,2,4,93,-27,27,0,0.45047402381897,1,1,-1,-1,0.367146015167236
14,2,4,94,-27,27,0,0.433806896209717,-1,-1,1,1,0.20047402381897
14,2,4,95,9,9,1,0.300485849380493,-1,-1,-1,-1,0.183806896209717
14,2,4,96,-27,27,0,0.367586374282837,1,1,-1,-1,0.0504858493804932
14,2,4,97,9,9,1,0.500466108322144,-1,-1,1,1,0.117586374282837
14,2,4,98,-3,3,0,0.484253168106079,1,1,-1,-1,0.250466108322144
14,2,4,99,81,81,1,0.534241199493408,-1,-1,1,1,0.234253168106079
14,2,5,2,-81,81,0,0.550532817840576,-1,-1,-1,-1,0.384850978851318
14,2,5,3,27,27,1,0.567143678665161,-1,-1,-1,-1,0.300532817840576
14,2,5,4,3,3,1,0.550933837890625,1,1,-1,-1,0.317143678665161
14,2,5,5,-81,81,0,0.567551851272583,1,1,1,1,0.300933837890625
14,2,5,6,-81,81,0,0.550456047058105,-1,-1,1,1,0.317551851272583
14,2,5,7,-9,9,0,0.633795976638794,-1,-1,-1,-1,0.300456047058105
14,2,5,8,-9,9,0,0.750916957855225,-1,-1,-1,-1,0.383795976638794
14,2,5,9,-27,27,0,0.567162990570068,-1,-1,-1,-1,0.500916957855225
14,2,5,10,-27,27,1,0.550491809844971,-1,-1,-1,-1,0.317162990570068
14,2,5,11,-3,3,0,0.618249416351318,-1,1,-1,-1,0.300491809844971
14,2,5,12,-9,9,1,0.600917816162109,-1,-1,1,-1,0.368249416351318
14,2,5,13,-27,27,0,0.700914859771729,-1,1,-1,-1,0.350917816162109
14,2,5,14,-27,27,0,0.700468063354492,-1,-1,1,-1,0.450914859771729
14,2,5,15,9,9,0,0.83378791809082,-1,-1,-1,-1,0.450468063354492
14,2,5,16,3,3,1,0.41759991645813,1,-1,-1,-1,0.58378791809082
14,2,5,17,9,9,1,0.584244966506958,1,1,-1,1,0.16759991645813
14,2,5,18,-81,81,0,0.583791971206665,1,1,1,1,0.334244966506958
14,2,5,19,-27,27,0,0.584259748458862,-1,-1,1,1,0.333791971206665
14,2,5,20,-3,3,1,0.45048975944519,-1,-1,-1,-1,0.334259748458862
14,2,5,21,-81,81,0,0.550462007522583,-1,1,-1,-1,0.20048975944519
14,2,5,22,-27,27,1,0.434255123138428,-1,-1,1,-1,0.300462007522583
14,2,5,23,-3,3,0,0.550546884536743,-1,1,-1,-1,0.184255123138428
14,2,5,24,-0,0,1,0.4837965965271,-1,-1,1,-1,0.300546884536743
14,2,5,25,81,81,1,0.45047664642334,-1,1,-1,-1,0.2337965965271
14,2,5,26,3,3,1,0.300920248031616,1,1,1,-1,0.20047664642334
14,2,5,27,27,27,1,0.283811092376709,1,1,1,1,0.0509202480316162
14,2,5,28,3,3,1,0.534260034561157,1,1,1,1,0.033811092376709
14,2,5,29,81,81,1,0.384257078170776,1,1,1,1,0.284260034561157
14,2,5,30,-81,81,0,0.533806085586548,1,1,1,1,0.134257078170776
14,2,5,31,-3,3,1,0.350890159606934,-1,-1,1,1,0.283806085586548
14,2,5,32,-9,9,0,0.417142152786255,-1,1,-1,-1,0.100890159606934
14,2,5,33,-0,0,1,0.433803796768188,-1,-1,1,-1,0.167142152786255
14,2,5,34,-27,27,0,0.533862113952637,-1,1,-1,-1,0.183803796768188
14,2,5,35,-3,3,1,0.450955390930176,-1,-1,1,-1,0.283862113952637
14,2,5,36,-81,81,0,0.350495338439941,-1,1,-1,-1,0.200955390930176
14,2,5,37,-3,3,0,0.500592231750488,-1,-1,1,-1,0.100495338439941
14,2,5,38,0,0,1,0.417128086090088,-1,-1,-1,-1,0.250592231750488
14,2,5,39,9,9,1,0.433813095092773,1,1,-1,-1,0.167128086090088
14,2,5,40,0,0,1,0.484256982803345,1,1,1,1,0.183813095092773
14,2,5,41,-81,81,0,0.517135858535767,1,1,1,1,0.234256982803345
14,2,5,42,27,27,1,0.467156887054443,-1,-1,1,1,0.267135858535767
14,2,5,43,3,3,1,0.450912237167358,1,1,-1,-1,0.217156887054443
14,2,5,44,-9,9,1,0.43424916267395,1,1,1,1,0.200912237167358
14,2,5,45,81,81,1,0.334267139434814,-1,1,1,1,0.18424916267395
14,2,5,46,-3,3,1,0.367589950561523,1,1,1,-1,0.0842671394348145
14,2,5,47,-3,3,1,0.6004798412323,-1,1,1,1,0.117589950561523
14,2,5,48,-9,9,0,0.533821821212769,-1,1,1,-1,0.3504798412323
14,2,5,49,-3,3,1,0.383801221847534,-1,-1,1,-1,0.283821821212769
14,2,5,50,-3,3,0,0.651614665985107,-1,1,-1,-1,0.133801221847534
14,2,5,51,-27,27,0,0.767114162445068,-1,-1,1,-1,0.401614665985107
14,2,5,52,-0,0,0,0.667558193206787,-1,-1,-1,-1,0.517114162445068
14,2,5,53,-9,9,0,0.600489854812622,-1,-1,-1,-1,0.417558193206787
14,2,5,54,-9,9,1,0.600477695465088,-1,-1,-1,-1,0.350489854812622
14,2,5,55,-81,81,0,0.550456285476685,-1,1,-1,-1,0.350477695465088
14,2,5,56,-27,27,0,0.517161130905151,-1,-1,1,-1,0.300456285476685
14,2,5,57,-81,81,0,0.400918006896973,-1,-1,-1,-1,0.267161130905151
14,2,5,58,-81,81,0,0.400481224060059,-1,-1,-1,-1,0.150918006896973
14,2,5,59,-27,27,1,0.550517320632935,-1,-1,-1,-1,0.150481224060059
14,2,5,60,27,27,0,0.533800840377808,-1,1,-1,-1,0.300517320632935
14,2,5,61,9,9,0,0.467145919799805,1,-1,1,-1,0.283800840377808
14,2,5,62,3,3,0,0.6338050365448,1,-1,-1,1,0.217145919799805
14,2,5,63,3,3,1,0.617136001586914,1,-1,-1,1,0.3838050365448
14,2,5,64,9,9,1,0.600476264953613,1,1,-1,1,0.367136001586914
14,2,5,65,-9,9,1,0.550922155380249,1,1,1,1,0.350476264953613
14,2,5,66,0,0,1,0.717118501663208,-1,1,1,1,0.300922155380249
14,2,5,67,27,27,1,0.617121696472168,1,1,1,-1,0.467118501663208
14,2,5,68,81,81,1,0.550467967987061,1,1,1,1,0.367121696472168
14,2,5,69,81,81,1,0.450919389724731,1,1,1,1,0.300467967987061
14,2,5,70,81,81,1,0.517136812210083,1,1,1,1,0.200919389724731
14,2,5,71,-0,0,1,0.634257078170776,1,1,1,1,0.267136812210083
14,2,5,72,-27,27,0,0.650475978851318,-1,1,1,1,0.384257078170776
14,2,5,73,-3,3,1,0.517132043838501,-1,-1,1,-1,0.400475978851318
14,2,5,74,-9,9,1,0.483786106109619,-1,1,-1,-1,0.267132043838501
14,2,5,75,-27,27,1,0.533818006515503,-1,1,1,-1,0.233786106109619
14,2,5,76,27,27,1,0.517579555511475,-1,1,1,-1,0.283818006515503
14,2,5,77,3,3,1,0.650456428527832,1,1,1,-1,0.267579555511475
14,2,5,78,9,9,1,0.350918292999268,1,1,1,1,0.400456428527832
14,2,5,79,0,0,0,0.46759819984436,1,1,1,1,0.100918292999268
14,2,5,80,-27,27,0,0.567137002944946,1,-1,1,1,0.21759819984436
14,2,5,81,-0,0,1,0.467152833938599,-1,-1,-1,1,0.317137002944946
14,2,5,82,-9,9,0,0.534533023834229,-1,1,-1,-1,0.217152833938599
14,2,5,83,-27,27,0,0.684244632720947,-1,-1,1,-1,0.284533023834229
14,2,5,84,81,81,1,0.500893115997314,-1,-1,-1,-1,0.434244632720947
14,2,5,85,27,27,1,0.450473070144653,1,1,-1,-1,0.250893115997314
14,2,5,86,81,81,1,0.267600059509277,1,1,1,1,0.200473070144653
14,2,5,87,9,9,1,0.467132091522217,1,1,1,1,0.0176000595092773
14,2,5,88,0,0,1,0.550490140914917,1,1,1,1,0.217132091522217
14,2,5,89,3,3,1,0.251023054122925,1,1,1,1,0.300490140914917
14,2,5,90,9,9,1,0.483809232711792,1,1,1,1,0.0010230541229248
14,2,5,91,9,9,1,0.483847141265869,1,1,1,1,0.233809232711792
14,2,5,92,-81,81,0,0.384269714355469,1,1,1,1,0.233847141265869
14,2,5,93,3,3,1,0.534256935119629,-1,-1,1,1,0.134269714355469
14,2,5,94,27,27,1,0.734245777130127,1,1,-1,-1,0.284256935119629
14,2,5,95,0,0,0,0.617120027542114,1,1,1,1,0.484245777130127
14,2,5,96,9,9,1,0.467157125473022,1,-1,1,1,0.367120027542114
14,2,5,97,9,9,1,0.550467967987061,1,1,-1,1,0.217157125473022
14,2,5,98,81,81,1,0.367568969726562,1,1,1,1,0.300467967987061
14,2,5,99,-3,3,0,0.601320743560791,1,1,1,1,0.117568969726562
14,2,6,2,9,9,0,1.01711797714233,-1,-1,1,-1,0.484648704528809
14,2,6,3,-9,9,0,0.667590856552124,1,-1,-1,-1,0.767117977142334
14,2,6,4,0,0,0,0.917577028274536,-1,-1,-1,1,0.417590856552124
14,2,6,5,-3,3,0,0.850941896438599,1,-1,-1,-1,0.667577028274536
14,2,6,6,0,0,1,0.784852504730225,-1,-1,-1,1,0.600941896438599
14,2,6,7,-3,3,0,0.850466966629028,1,1,-1,-1,0.534852504730225
14,2,6,8,81,81,1,0.717132091522217,-1,-1,1,1,0.600466966629028
14,2,6,9,-0,0,0,0.667127132415771,1,1,-1,-1,0.467132091522217
14,2,6,10,3,3,0,0.817103147506714,-1,-1,1,1,0.417127132415771
14,2,6,11,-9,9,0,0.850445032119751,1,-1,-1,-1,0.567103147506714
14,2,6,12,81,81,1,0.533810138702393,-1,-1,-1,1,0.600445032119751
14,2,6,13,0,0,0,0.850469827651978,1,1,-1,-1,0.283810138702393
14,2,6,14,-81,81,0,0.533782005310059,1,-1,1,1,0.600469827651978
14,2,6,15,-27,27,0,0.700460910797119,-1,-1,-1,1,0.283782005310059
14,2,6,16,-3,3,1,0.567126989364624,-1,-1,-1,-1,0.450460910797119
14,2,6,17,27,27,1,0.633825063705444,-1,1,-1,-1,0.317126989364624
14,2,6,18,-9,9,1,0.550534248352051,1,1,1,-1,0.383825063705444
14,2,6,19,0,0,1,0.383810997009277,-1,1,1,1,0.300534248352051
14,2,6,20,81,81,1,0.417582988739014,1,1,1,-1,0.133810997009277
14,2,6,21,3,3,1,0.633791923522949,1,1,1,1,0.167582988739014
14,2,6,22,-81,81,0,0.50092077255249,1,1,1,1,0.383791923522949
14,2,6,23,81,81,1,0.500924587249756,-1,-1,1,1,0.25092077255249
14,2,6,24,-3,3,0,0.70052433013916,1,1,-1,-1,0.250924587249756
14,2,6,25,9,9,1,0.783797979354858,-1,-1,1,1,0.45052433013916
14,2,6,26,-9,9,0,0.667581796646118,1,1,-1,-1,0.533797979354858
14,2,6,27,9,9,1,0.733808040618896,-1,-1,1,1,0.417581796646118
14,2,6,28,-27,27,0,0.7342848777771,1,1,-1,-1,0.483808040618896
14,2,6,29,81,81,1,0.350933074951172,-1,-1,1,1,0.4842848777771
14,2,6,30,-27,27,0,0.500923871994019,1,1,-1,-1,0.100933074951172
14,2,6,31,27,27,1,0.60092830657959,-1,-1,1,1,0.250923871994019
14,2,6,32,-3,3,1,0.667603969573975,1,1,-1,-1,0.35092830657959
14,2,6,33,0,0,1,0.550455093383789,-1,1,1,1,0.417603969573975
14,2,6,34,-3,3,0,0.667590141296387,1,1,1,-1,0.300455093383789
14,2,6,35,27,27,1,0.400491237640381,-1,-1,1,1,0.417590141296387
14,2,6,36,-9,9,1,0.650473117828369,1,1,-1,-1,0.150491237640381
14,2,6,37,81,81,1,0.333868026733398,-1,1,1,1,0.400473117828369
14,2,6,38,-0,0,1,0.367137908935547,1,1,1,-1,0.0838680267333984
14,2,6,39,3,3,1,0.400492668151855,-1,1,1,1,0.117137908935547
14,2,6,40,-0,0,1,0.483822107315063,1,1,1,-1,0.150492668151855
14,2,6,41,27,27,1,0.567126512527466,-1,1,1,1,0.233822107315063
14,2,6,42,-9,9,0,0.600444555282593,1,1,1,-1,0.317126512527466
14,2,6,43,81,81,1,0.484256982803345,-1,-1,1,1,0.350444555282593
14,2,6,44,9,9,0,0.684244155883789,1,1,-1,-1,0.234256982803345
14,2,6,45,-0,0,1,0.667130947113037,1,-1,1,1,0.434244155883789
14,2,6,46,3,3,1,0.317597150802612,-1,1,-1,1,0.417130947113037
14,2,6,47,-3,3,1,0.450469017028809,1,1,1,-1,0.0675971508026123
14,2,6,48,3,3,1,0.450464248657227,-1,1,1,1,0.200469017028809
14,2,6,49,-3,3,1,0.484263896942139,1,1,1,-1,0.200464248657227
14,2,6,50,9,9,0,0.733808279037476,-1,1,1,1,0.234263896942139
14,2,6,51,-27,27,0,0.701013803482056,1,-1,1,-1,0.483808279037476
14,2,6,52,9,9,1,0.484247446060181,-1,-1,-1,1,0.451013803482056
14,2,6,53,-27,27,0,0.483785152435303,1,1,-1,-1,0.234247446060181
14,2,6,54,81,81,1,0.517140865325928,-1,-1,1,1,0.233785152435303
14,2,6,55,-9,9,0,0.534218311309814,1,1,-1,-1,0.267140865325928
14,2,6,56,0,0,0,0.46758246421814,-1,-1,1,1,0.284218311309814
14,2,6,57,-9,9,0,0.550901174545288,1,-1,-1,-1,0.21758246421814
14,2,6,58,81,81,1,0.417175531387329,-1,-1,-1,1,0.300901174545288
14,2,6,59,-27,27,0,0.534248352050781,1,1,-1,-1,0.167175531387329
14,2,6,60,81,81,1,0.317167282104492,-1,-1,1,1,0.284248352050781
14,2,6,61,-27,27,0,0.650464057922363,1,1,-1,-1,0.0671672821044922
14,2,6,62,9,9,1,0.500454902648926,-1,-1,1,1,0.400464057922363
14,2,6,63,-3,3,0,0.533804178237915,1,1,-1,-1,0.250454902648926
14,2,6,64,27,27,1,0.684253931045532,-1,-1,1,1,0.283804178237915
14,2,6,65,-0,0,1,0.517543315887451,1,1,-1,-1,0.434253931045532
14,2,6,66,81,81,1,0.550926923751831,-1,1,1,1,0.267543315887451
14,2,6,67,-3,3,1,0.567591905593872,1,1,1,-1,0.300926923751831
14,2,6,68,3,3,1,0.550469160079956,-1,1,1,1,0.317591905593872
14,2,6,69,9,9,1,0.617126226425171,1,1,1,-1,0.300469160079956
14,2,6,70,-27,27,0,0.333813190460205,1,1,1,1,0.367126226425171
14,2,6,71,3,3,0,0.61714506149292,-1,-1,1,1,0.0838131904602051
14,2,6,72,-27,27,1,0.733819961547852,1,-1,-1,-1,0.36714506149292
14,2,6,73,3,3,1,0.684255123138428,-1,1,-1,1,0.483819961547852
14,2,6,74,-81,81,0,0.567124366760254,1,1,1,-1,0.434255123138428
14,2,6,75,9,9,0,0.517153024673462,-1,-1,1,1,0.317124366760254
14,2,6,76,-81,81,0,0.284282207489014,1,-1,-1,-1,0.267153024673462
14,2,6,77,3,3,1,0.68379020690918,-1,-1,-1,1,0.0342822074890137
14,2,6,78,-27,27,0,0.517586708068848,1,1,-1,-1,0.43379020690918
14,2,6,79,27,27,1,0.517150402069092,-1,-1,1,1,0.267586708068848
14,2,6,80,-3,3,0,0.617181062698364,1,1,-1,-1,0.267150402069092
14,2,6,81,-9,9,1,0.400499105453491,-1,-1,1,1,0.367181062698364
14,2,6,82,27,27,0,0.550936460494995,-1,1,-1,-1,0.150499105453491
14,2,6,83,-81,81,0,0.483800888061523,1,-1,1,-1,0.300936460494995
14,2,6,84,27,27,1,0.484260559082031,-1,-1,-1,1,0.233800888061523
14,2,6,85,-9,9,0,0.800890684127808,1,1,-1,-1,0.234260559082031
14,2,6,86,27,27,0,0.617185831069946,-1,-1,1,1,0.550890684127808
14,2,6,87,-81,81,0,0.500486612319946,1,-1,-1,-1,0.367185831069946
14,2,6,88,3,3,0,0.734234809875488,-1,-1,-1,1,0.250486612319946
14,2,6,89,-81,81,0,0.55087947845459,1,-1,-1,-1,0.484234809875488
14,2,6,90,81,81,1,0.617572069168091,-1,-1,-1,1,0.30087947845459
14,2,6,91,-81,81,0,0.400924205780029,1,1,-1,-1,0.367572069168091
14,2,6,92,81,81,1,0.484285116195679,-1,-1,1,1,0.150924205780029
14,2,6,93,-27,27,0,0.517593383789062,1,1,-1,-1,0.234285116195679
14,2,6,94,27,27,1,0.451035022735596,-1,-1,1,1,0.267593383789062
14,2,6,95,-81,81,0,0.317145824432373,1,1,-1,-1,0.201035022735596
14,2,6,96,27,27,1,0.384260892868042,-1,-1,1,1,0.067145824432373
14,2,6,97,-9,9,0,0.567158937454224,1,1,-1,-1,0.134260892868042
14,2,6,98,9,9,1,0.33380389213562,-1,-1,1,1,0.317158937454224
14,2,6,99,-9,9,1,0.384343862533569,1,1,-1,-1,0.0838038921356201
14,3,1,2,-27,27,0,0.600479125976562,-1,-1,-1,-1,0.567816972732544
14,3,1,3,0,0,1,0.617140054702759,-1,-1,-1,-1,0.350479125976562
14,3,1,4,-27,27,0,0.50046706199646,1,1,-1,-1,0.367140054702759
14,3,1,5,9,9,1,0.48422908782959,-1,-1,1,1,0.25046706199646
14,3,1,6,0,0,1,0.450919151306152,1,1,-1,-1,0.23422908782959
14,3,1,7,3,3,1,0.600474119186401,1,1,1,1,0.200919151306152
14,3,1,8,-81,81,0,0.400920867919922,1,1,1,1,0.350474119186401
14,3,1,9,-3,3,1,0.483799934387207,-1,-1,1,1,0.150920867919922
14,3,1,10,-81,81,0,0.48429012298584,-1,1,-1,-1,0.233799934387207
14,3,1,11,81,81,1,0.500895977020264,-1,-1,1,-1,0.23429012298584
14,3,1,12,-3,3,1,0.584238290786743,1,1,-1,-1,0.250895977020264
14,3,1,13,0,0,1,0.667555093765259,-1,1,1,1,0.334238290786743
14,3,1,14,9,9,1,0.700929164886475,1,1,1,-1,0.417555093765259
14,3,1,15,81,81,1,0.501434087753296,1,1,1,1,0.450929164886475
14,3,1,16,27,27,1,0.600915908813477,1,1,1,1,0.251434087753296
14,3,1,17,-27,27,1,0.600491046905518,1,1,1,1,0.350915908813477
14,3,1,18,81,81,1,0.367126941680908,-1,1,1,1,0.350491046905518
14,3,1,19,-27,27,0,0.41758394241333,1,1,1,-1,0.117126941680908
14,3,1,20,-81,81,0,0.334270238876343,-1,-1,1,1,0.16758394241333
14,3,1,21,-3,3,1,0.334261894226074,-1,-1,-1,-1,0.0842702388763428
14,3,1,22,81,81,1,0.250938892364502,-1,1,-1,-1,0.0842618942260742
14,3,1,23,-27,27,0,0.350463151931763,1,1,1,-1,0.000938892364501953
14,3,1,24,9,9,0,0.333819150924683,-1,-1,1,1,0.100463151931763
14,3,1,25,81,81,1,0.317131042480469,1,-1,-1,-1,0.0838191509246826
14,3,1,26,-3,3,1,0.484251976013184,1,1,-1,1,0.0671310424804688
14,3,1,27,81,81,1,0.41758918762207,-1,1,1,1,0.234251976013184
14,3,1,28,3,3,1,0.517194271087646,1,1,1,-1,0.16758918762207
14,3,1,29,-27,27,0,0.367146015167236,1,1,1,1,0.267194271087646
14,3,1,30,27,27,1,0.750481843948364,-1,-1,1,1,0.117146015167236
14,3,1,31,81,81,1,0.617577075958252,1,1,-1,-1,0.500481843948364
14,3,1,32,27,27,1,0.567153930664062,1,1,1,1,0.367577075958252
14,3,1,33,81,81,1,0.41713809967041,1,1,1,1,0.317153930664062
14,3,1,34,-9,9,1,0.800445318222046,1,1,1,1,0.16713809967041
14,3,1,35,0,0,1,0.750457048416138,-1,1,1,1,0.550445318222046
14,3,1,36,27,27,1,0.63425612449646,1,1,1,-1,0.500457048416138
14,3,1,37,9,9,1,0.750878095626831,1,1,1,1,0.38425612449646
14,3,1,38,3,3,0,0.517155885696411,1,1,1,1,0.500878095626831
14,3,1,39,-0,0,1,0.467623949050903,1,-1,1,1,0.267155885696411
14,3,1,40,81,81,1,0.384259939193726,-1,1,-1,1,0.217623949050903
14,3,1,41,-81,81,0,0.300490140914917,1,1,1,-1,0.134259939193726
14,3,1,42,0,0,1,0.450516223907471,-1,-1,1,1,0.050490140914917
14,3,1,43,-3,3,0,0.534256219863892,1,1,-1,-1,0.200516223907471
14,3,1,44,3,3,1,0.367138147354126,-1,-1,1,1,0.284256219863892
14,3,1,45,3,3,1,0.533797025680542,1,1,-1,-1,0.117138147354126
14,3,1,46,9,9,1,0.534235000610352,1,1,1,1,0.283797025680542
14,3,1,47,9,9,1,0.584279775619507,1,1,1,1,0.284235000610352
14,3,1,48,81,81,1,0.317602396011353,1,1,1,1,0.334279775619507
14,3,1,49,9,9,1,0.450474977493286,1,1,1,1,0.0676023960113525
14,3,1,50,-3,3,1,0.483802080154419,1,1,1,1,0.200474977493286
14,3,1,51,9,9,1,0.484313011169434,-1,1,1,1,0.233802080154419
14,3,1,52,-3,3,1,0.384259939193726,1,1,1,-1,0.234313011169434
14,3,1,53,81,81,1,0.434253215789795,-1,1,1,1,0.134259939193726
14,3,1,54,-3,3,1,0.467118263244629,1,1,1,-1,0.184253215789795
14,3,1,55,27,27,1,0.300929307937622,-1,1,1,1,0.217118263244629
14,3,1,56,-3,3,1,0.56713604927063,1,1,1,-1,0.0509293079376221
14,3,1,57,0,0,1,0.53380298614502,-1,1,1,1,0.31713604927063
14,3,1,58,-0,0,1,0.567584991455078,1,1,1,-1,0.28380298614502
14,3,1,59,-27,27,1,0.450943946838379,-1,1,1,1,0.317584991455078
14,3,1,60,-81,81,0,0.334262847900391,-1,1,1,-1,0.200943946838379
14,3,1,61,-9,9,1,0.533797025680542,-1,-1,1,-1,0.0842628479003906
14,3,1,62,27,27,1,0.334253072738647,-1,1,-1,-1,0.283797025680542
14,3,1,63,-27,27,0,0.317600965499878,1,1,1,-1,0.0842530727386475
14,3,1,64,-0,0,0,0.300478935241699,-1,-1,1,1,0.0676009654998779
14,3,1,65,3,3,0,0.317569017410278,-1,-1,-1,-1,0.0504789352416992
14,3,1,66,-9,9,1,0.367138147354126,1,-1,-1,-1,0.0675690174102783
14,3,1,67,-0,0,1,0.467154502868652,-1,1,-1,1,0.117138147354126
14,3,1,68,-3,3,1,0.367154598236084,-1,1,1,-1,0.217154502868652
14,3,1,69,-81,81,0,0.283814907073975,-1,1,1,-1,0.117154598236084
14,3,1,70,81,81,1,0.300928115844727,-1,-1,1,-1,0.0338149070739746
14,3,1,71,3,3,0,0.383810043334961,1,1,-1,-1,0.0509281158447266
14,3,1,72,-3,3,0,0.333839178085327,1,-1,1,1,0.133810043334961
14,3,1,73,-9,9,1,0.350494146347046,-1,-1,-1,1,0.0838391780853271
14,3,1,74,9,9,1,0.351530075073242,-1,1,-1,-1,0.100494146347046
14,3,1,78,3,3,1,0.367150545120239,-1,1,-1,1,0.0842580795288086
14,3,1,79,-81,81,0,0.267142057418823,1,1,1,-1,0.117150545120239
14,3,1,80,81,81,1,0.434233903884888,-1,-1,1,1,0.0171420574188232
14,3,1,81,81,81,1,0.434226036071777,1,1,-1,-1,0.184233903884888
14,3,1,82,27,27,1,0.48380184173584,1,1,1,1,0.184226036071777
14,3,1,83,-81,81,0,0.317140102386475,1,1,1,1,0.23380184173584
14,3,1,84,-9,9,0,0.400471687316895,-1,-1,1,1,0.0671401023864746
14,3,1,85,-27,27,0,0.383814096450806,-1,-1,-1,-1,0.150471687316895
14,3,1,86,3,3,1,0.3009033203125,-1,-1,-1,-1,0.133814096450806
14,3,1,87,9,9,1,0.26714301109314,1,1,-1,-1,0.0509033203125
14,3,1,88,27,27,1,0.267597913742065,1,1,1,1,0.0171430110931396
14,3,1,89,-9,9,0,0.283838987350464,1,1,1,1,0.0175979137420654
14,3,1,90,9,9,1,0.400979042053223,-1,-1,1,1,0.0338389873504639
14,3,1,94,-27,27,1,0.568059921264648,1,-1,1,-1,0.167152166366577
14,3,1,95,9,9,1,0.433813810348511,-1,1,-1,1,0.318059921264648
14,3,1,96,3,3,0,0.550920009613037,1,1,1,-1,0.183813810348511
14,3,1,97,-9,9,1,0.500458955764771,1,-1,1,1,0.300920009613037
14,3,1,98,-27,27,1,0.517128944396973,-1,1,-1,1,0.250458955764771
14,3,1,99,-27,27,0,0.617629051208496,-1,1,1,-1,0.267128944396973
14,3,2,2,-3,3,0,0.500893354415894,-1,1,1,-1,0.484498023986816
14,3,2,3,-81,81,0,0.384256839752197,-1,-1,1,-1,0.250893354415894
14,3,2,4,-0,0,1,0.283835887908936,-1,-1,-1,-1,0.134256839752197
14,3,2,5,-9,9,0,0.43433690071106,-1,1,-1,-1,0.0338358879089355
14,3,2,6,-0,0,0,0.617137670516968,-1,-1,1,-1,0.18433690071106
14,3,2,7,-27,27,0,0.550460815429688,-1,-1,-1,-1,0.367137670516968
14,3,2,8,27,27,0,0.550944805145264,-1,-1,-1,-1,0.300460815429688
14,3,2,9,9,9,1,0.385022163391113,1,-1,-1,-1,0.300944805145264
14,3,2,10,-27,27,0,0.517592668533325,1,1,-1,1,0.135022163391113
14,3,2,11,-0,0,1,0.483796834945679,-1,-1,1,1,0.267592668533325
14,3,2,15,-27,27,0,0.517151594161987,-1,-1,-1,-1,0.100894212722778
14,3,2,16,-9,9,0,0.334268569946289,-1,-1,-1,-1,0.267151594161987
14,3,2,17,3,3,0,0.433811902999878,-1,-1,-1,-1,0.0842685699462891
14,3,2,18,0,0,1,0.467142105102539,1,-1,-1,-1,0.183811902999878
14,3,2,19,-0,0,1,0.600488901138306,1,1,-1,1,0.217142105102539
14,3,2,20,-3,3,1,0.400922775268555,-1,1,1,1,0.350488901138306
14,3,2,21,-3,3,1,0.600471019744873,-1,1,1,-1,0.150922775268555
14,3,2,22,-81,81,0,0.417552947998047,-1,1,1,-1,0.350471019744873
14,3,2,23,-3,3,1,0.550940990447998,-1,-1,1,-1,0.167552947998047
14,3,2,24,-27,27,1,0.617159366607666,-1,1,-1,-1,0.300940990447998
14,3,2,25,27,27,1,0.584246873855591,-1,1,1,-1,0.367159366607666
14,3,2,26,-3,3,1,0.417593955993652,1,1,1,-1,0.334246873855591
14,3,2,27,-9,9,1,0.350470542907715,-1,1,1,1,0.167593955993652
14,3,2,28,-27,27,0,0.35049295425415,-1,1,1,-1,0.100470542907715
14,3,2,29,-0,0,1,0.400468111038208,-1,-1,1,-1,0.10049295425415
14,3,2,30,-3,3,1,0.550484895706177,-1,1,-1,-1,0.150468111038208
14,3,2,31,-27,27,1,0.550490856170654,-1,1,1,-1,0.300484895706177
14,3,2,32,-9,9,1,0.283802270889282,-1,1,1,-1,0.300490856170654
14,3,2,33,-27,27,0,0.350926399230957,-1,1,1,-1,0.0338022708892822
14,3,2,34,0,0,1,0.450546979904175,-1,-1,1,-1,0.100926399230957
14,3,2,35,81,81,1,0.334234714508057,1,1,-1,-1,0.200546979904175
14,3,2,36,3,3,1,0.583812236785889,1,1,1,1,0.0842347145080566
14,3,2,37,27,27,1,0.467138051986694,1,1,1,1,0.333812236785889
14,3,2,38,-0,0,1,0.500892400741577,1,1,1,1,0.217138051986694
14,3,2,39,27,27,1,0.484256982803345,-1,1,1,1,0.250892400741577
14,3,2,40,81,81,1,0.417597770690918,1,1,1,-1,0.234256982803345
14,3,2,41,9,9,1,0.467595338821411,1,1,1,1,0.167597770690918
14,3,2,42,81,81,1,0.300497055053711,1,1,1,1,0.217595338821411
14,3,2,43,27,27,1,0.450894594192505,1,1,1,1,0.0504970550537109
14,3,2,44,81,81,1,0.300930023193359,1,1,1,1,0.200894594192505
14,3,2,45,-9,9,1,0.517583608627319,1,1,1,1,0.0509300231933594
14,3,2,46,81,81,1,0.533792495727539,-1,1,1,1,0.267583608627319
14,3,2,47,27,27,1,0.450470924377441,1,1,1,-1,0.283792495727539
14,3,2,48,27,27,1,0.55047082901001,1,1,1,1,0.200470924377441
14,3,2,49,27,27,1,0.500475883483887,1,1,1,1,0.30047082901001
14,3,2,50,-9,9,1,0.467164039611816,1,1,1,1,0.250475883483887
14,3,2,51,-81,81,0,0.267149448394775,-1,1,1,1,0.217164039611816
14,3,2,52,-3,3,0,0.484253883361816,-1,-1,1,-1,0.0171494483947754
14,3,2,53,-3,3,1,0.468222379684448,-1,-1,-1,-1,0.234253883361816
14,3,2,54,-3,3,1,0.450924873352051,-1,1,-1,-1,0.218222379684448
14,3,2,55,-81,81,0,0.300485134124756,-1,1,1,-1,0.200924873352051
14,3,2,56,9,9,1,0.350463151931763,-1,-1,1,-1,0.0504851341247559
14,3,2,57,-9,9,1,0.483832120895386,1,1,-1,-1,0.100463151931763
14,3,2,58,-3,3,0,0.43497896194458,-1,1,1,1,0.233832120895386
14,3,2,59,-9,9,1,0.400474071502686,-1,-1,1,-1,0.18497896194458
14,3,2,60,-3,3,1,0.534252882003784,-1,1,-1,-1,0.150474071502686
14,3,2,61,81,81,1,0.417128324508667,-1,1,1,-1,0.284252882003784
14,3,2,62,-9,9,1,0.450921535491943,1,1,1,-1,0.167128324508667
14,3,2,67,-27,27,0,0.283808946609497,-1,1,-1,-1,0.267152786254883
14,3,2,68,-0,0,1,0.550477981567383,-1,-1,1,-1,0.0338089466094971
14,3,2,69,-3,3,1,0.583788394927979,-1,1,-1,-1,0.300477981567383
14,3,2,70,-27,27,0,0.31760835647583,-1,1,1,-1,0.333788394927979
14,3,2,71,27,27,1,0.434262275695801,-1,-1,1,-1,0.0676083564758301
14,3,2,72,0,0,1,0.53422737121582,1,1,-1,-1,0.184262275695801
14,3,2,73,-9,9,1,0.501182079315186,1,1,1,1,0.28422737121582
14,3,2,74,-81,81,0,0.367600917816162,-1,1,1,1,0.251182079315186
14,3,2,75,-9,9,1,0.517141103744507,-1,-1,1,-1,0.117600917816162
14,3,2,76,81,81,1,0.467145681381226,-1,1,-1,-1,0.267141103744507
14,3,2,77,3,3,1,0.467190265655518,1,1,1,-1,0.217145681381226
14,3,2,78,27,27,1,0.500470876693726,1,1,1,1,0.217190265655518
14,3,2,79,81,81,1,0.367154359817505,1,1,1,1,0.250470876693726
14,3,2,80,3,3,1,0.583810091018677,1,1,1,1,0.117154359817505
14,3,2,81,81,81,1,0.517130851745605,1,1,1,1,0.333810091018677
14,3,2,82,81,81,1,0.483806133270264,1,1,1,1,0.267130851745605
14,3,2,83,-3,3,1,0.434257984161377,1,1,1,1,0.233806133270264
14,3,2,84,9,9,1,0.500463485717773,-1,1,1,1,0.184257984161377
14,3,2,85,27,27,1,0.433802843093872,1,1,1,-1,0.250463485717773
14,3,2,86,81,81,1,0.300480842590332,1,1,1,1,0.183802843093872
14,3,2,87,27,27,1,0.434237957000732,1,1,1,1,0.050480842590332
14,3,2,88,81,81,1,0.367596864700317,1,1,1,1,0.184237957000732
14,3,2,89,81,81,1,0.333828926086426,1,1,1,1,0.117596864700317
14,3,2,90,9,9,1,0.583802938461304,1,1,1,1,0.0838289260864258
14,3,2,91,3,3,1,0.417593002319336,1,1,1,1,0.333802938461304
14,3,2,92,3,3,0,0.383814096450806,1,1,1,1,0.167593002319336
14,3,2,93,-9,9,0,0.467589378356934,1,-1,1,1,0.133814096450806
14,3,2,94,81,81,1,0.400896310806274,-1,-1,-1,1,0.217589378356934
14,3,2,95,81,81,1,0.317214250564575,1,1,-1,-1,0.150896310806274
14,3,2,96,-27,27,0,0.300942420959473,1,1,1,1,0.0672142505645752
14,3,2,97,-9,9,0,0.300928592681885,-1,-1,1,1,0.0509424209594727
14,3,2,98,-9,9,1,0.250945091247559,-1,-1,-1,-1,0.0509285926818848
14,3,2,99,-9,9,1,0.267653465270996,-1,1,-1,-1,0.000945091247558594
14,3,3,2,-3,3,0,0.467136144638062,1,1,-1,-1,0.301135301589966
14,3,3,3,27,27,0,0.61721396446228,-1,-1,1,1,0.217136144638062
14,3,3,4,-0,0,1,0.334280967712402,1,-1,-1,-1,0.36721396446228
14,3,3,5,-81,81,0,0.300943851470947,-1,1,-1,1,0.0842809677124023
14,3,3,6,3,3,1,0.300992250442505,-1,-1,1,-1,0.0509438514709473
14,3,3,7,-9,9,0,0.283824920654297,1,1,-1,-1,0.0509922504425049
14,3,3,8,81,81,1,0.40050482749939,-1,-1,1,1,0.0338249206542969
14,3,3,9,-3,3,1,0.417194128036499,1,1,-1,-1,0.15050482749939
14,3,3,10,-9,9,1,0.433812618255615,-1,1,1,1,0.167194128036499
14,3,3,11,3,3,0,0.517596006393433,-1,1,1,-1,0.183812618255615
14,3,3,12,-27,27,0,0.350484609603882,1,-1,1,-1,0.267596006393433
14,3,3,13,81,81,1,0.517161846160889,-1,-1,-1,1,0.100484609603882
14,3,3,14,-27,27,0,0.350922822952271,1,1,-1,-1,0.267161846160889
14,3,3,15,9,9,0,0.451681852340698,-1,-1,1,1,0.100922822952271
14,3,3,16,27,27,0,0.650918006896973,1,-1,-1,-1,0.201681852340698
14,3,3,17,0,0,1,0.367146492004395,1,-1,-1,1,0.400918006896973
14,3,3,18,81,81,1,0.467121124267578,1,1,-1,1,0.117146492004395
14,3,3,19,9,9,1,0.38383412361145,1,1,1,1,0.217121124267578
14,3,3,20,81,81,1,0.317131042480469,1,1,1,1,0.13383412361145
14,3,3,21,0,0,1,0.500480890274048,1,1,1,1,0.0671310424804688
14,3,3,22,-81,81,0,0.350474119186401,1,1,1,1,0.250480890274048
14,3,3,23,-81,81,0,0.333814144134521,-1,-1,1,1,0.100474119186401
14,3,3,24,9,9,1,0.367149591445923,-1,-1,-1,-1,0.0838141441345215
14,3,3,25,-3,3,0,0.41716480255127,1,1,-1,-1,0.117149591445923
14,3,3,31,-9,9,1,0.383807897567749,-1,-1,-1,1,0.0342519283294678
14,3,3,32,-9,9,1,0.334257125854492,-1,1,-1,-1,0.133807897567749
14,3,3,33,-27,27,1,0.300888538360596,-1,1,1,-1,0.0842571258544922
14,3,3,34,-9,9,1,0.484266519546509,-1,1,1,-1,0.0508885383605957
14,3,3,35,3,3,0,0.350476026535034,-1,1,1,-1,0.234266519546509
14,3,3,36,-27,27,0,0.617587089538574,1,-1,1,-1,0.100476026535034
14,3,3,37,3,3,0,0.550474643707275,-1,-1,-1,1,0.367587089538574
14,3,3,38,3,3,1,0.617551326751709,1,-1,-1,-1,0.300474643707275
14,3,3,39,-9,9,0,0.384234189987183,1,1,-1,1,0.367551326751709
14,3,3,40,-3,3,1,0.500935077667236,-1,-1,1,1,0.134234189987183
14,3,3,41,0,0,0,0.417585849761963,-1,1,-1,-1,0.250935077667236
14,3,3,42,27,27,1,0.500472068786621,1,-1,1,-1,0.167585849761963
14,3,3,43,-9,9,0,0.417135000228882,1,1,-1,1,0.250472068786621
14,3,3,44,-9,9,1,0.350973129272461,-1,-1,1,1,0.167135000228882
14,3,3,45,-3,3,1,0.400921106338501,-1,1,-1,-1,0.100973129272461
14,3,3,46,3,3,1,0.350472211837769,-1,1,1,-1,0.150921106338501
14,3,3,47,-27,27,0,0.333858013153076,1,1,1,-1,0.100472211837769
14,3,3,48,3,3,1,0.600472927093506,-1,-1,1,1,0.0838580131530762
14,3,3,49,-81,81,0,0.367176055908203,1,1,-1,-1,0.350472927093506
14,3,3,50,9,9,1,0.400917053222656,-1,-1,1,1,0.117176055908203
14,3,3,51,0,0,1,0.367138624191284,1,1,-1,-1,0.150917053222656
14,3,3,52,-3,3,1,0.383813142776489,1,1,1,1,0.117138624191284
14,3,3,53,-0,0,1,0.300927877426147,-1,1,1,1,0.133813142776489
14,3,3,54,-27,27,0,0.617548942565918,-1,1,1,-1,0.0509278774261475
14,3,3,55,-9,9,1,0.334259986877441,-1,-1,1,-1,0.367548942565918
14,3,3,56,0,0,1,0.350479125976562,-1,1,-1,-1,0.0842599868774414
14,3,3,57,-3,3,1,0.600465774536133,1,1,1,-1,0.100479125976562
14,3,3,58,-81,81,0,0.43425989151001,-1,1,1,1,0.350465774536133
14,3,3,59,-0,0,0,0.433819055557251,-1,-1,1,-1,0.18425989151001
14,3,3,60,9,9,1,0.517591238021851,-1,-1,-1,-1,0.183819055557251
14,3,3,61,81,81,1,0.451158285140991,1,1,-1,-1,0.267591238021851
14,3,3,62,27,27,1,0.500473976135254,1,1,1,1,0.201158285140991
14,3,3,63,81,81,1,0.350468158721924,1,1,1,1,0.250473976135254
14,3,3,64,-9,9,1,0.267140865325928,1,1,1,1,0.100468158721924
14,3,3,65,-3,3,1,0.400470018386841,-1,1,1,1,0.0171408653259277
14,3,3,66,0,0,1,0.383803844451904,-1,1,1,-1,0.150470018386841
14,3,3,67,-81,81,0,0.417113304138184,1,1,1,-1,0.133803844451904
14,3,3,68,-81,81,0,0.5175940990448,-1,-1,1,1,0.167113304138184
14,3,3,69,-3,3,1,0.400951147079468,-1,-1,-1,-1,0.2675940990448
14,3,3,70,81,81,1,0.384261846542358,-1,1,-1,-1,0.150951147079468
14,3,3,71,9,9,1,0.500475883483887,1,1,1,-1,0.134261846542358
14,3,3,72,27,27,1,0.433809995651245,1,1,1,1,0.250475883483887
14,3,3,73,3,3,1,0.533815860748291,1,1,1,1,0.183809995651245
14,3,3,74,27,27,1,0.517124652862549,1,1,1,1,0.283815860748291
14,3,3,75,27,27,1,0.250942945480347,1,1,1,1,0.267124652862549
14,3,3,76,81,81,1,0.267572641372681,1,1,1,1,0.00094294548034668
14,3,3,77,-3,3,1,0.317147254943848,1,1,1,1,0.0175726413726807
14,3,3,78,-0,0,1,0.283825635910034,-1,1,1,1,0.0671472549438477
14,3,3,79,-27,27,0,0.383809328079224,-1,1,1,-1,0.0338256359100342
14,3,3,80,3,3,1,0.300910234451294,-1,-1,1,-1,0.133809328079224
14,3,3,81,81,81,1,0.267562627792358,1,1,-1,-1,0.0509102344512939
14,3,3,82,-81,81,0,0.300475120544434,1,1,1,1,0.0175626277923584
14,3,3,83,-81,81,0,0.334417104721069,-1,-1,1,1,0.0504751205444336
14,3,3,84,-27,27,0,0.533800840377808,-1,-1,-1,-1,0.0844171047210693
14,3,3,85,-27,27,1,0.28433084487915,-1,-1,-1,-1,0.283800840377808
14,3,3,86,-81,81,0,0.417171001434326,-1,1,-1,-1,0.0343308448791504
14,3,3,87,3,3,0,0.467590093612671,-1,-1,1,-1,0.167171001434326
14,3,3,88,81,81,1,0.333857297897339,1,-1,-1,-1,0.217590093612671
14,3,3,89,27,27,1,0.300935983657837,1,1,-1,1,0.0838572978973389
14,3,3,90,-27,27,1,0.517593860626221,1,1,1,1,0.0509359836578369
14,3,3,91,-9,9,1,0.350934982299805,-1,1,1,1,0.267593860626221
14,3,3,92,-3,3,1,0.250998020172119,-1,1,1,-1,0.100934982299805
14,3,3,93,-27,27,0,0.28426194190979,-1,1,1,-1,0.000998020172119141
14,3,3,94,9,9,0,0.450531959533691,-1,-1,1,-1,0.03426194190979
14,3,3,95,-3,3,0,0.55048394203186,1,-1,-1,-1,0.200531959533691
14,3,3,96,-0,0,0,0.500465154647827,-1,-1,-1,1,0.30048394203186
14,3,3,97,-9,9,0,0.55094051361084,-1,-1,-1,-1,0.250465154647827
14,3,3,98,-27,27,0,0.417593002319336,-1,-1,-1,-1,0.30094051361084
14,3,3,99,-27,27,0,0.517136096954346,-1,-1,-1,-1,0.167593002319336
14,3,4,2,27,27,1,0.367594003677368,1,1,-1,1,0.434051036834717
14,3,4,3,-3,3,1,0.467612504959106,1,1,1,1,0.117594003677368
14,3,4,4,0,0,1,0.384231328964233,-1,1,1,1,0.217612504959106
14,3,4,5,-81,81,0,0.333795785903931,1,1,1,-1,0.134231328964233
14,3,4,6,81,81,1,0.36759090423584,-1,-1,1,1,0.0837957859039307
14,3,4,7,-3,3,0,0.383803129196167,1,1,-1,-1,0.11759090423584
14,3,4,8,9,9,1,0.367126941680908,-1,-1,1,1,0.133803129196167
14,3,4,9,-3,3,1,0.367598056793213,1,1,-1,-1,0.117126941680908
14,3,4,10,81,81,1,0.333810091018677,-1,1,1,1,0.117598056793213
14,3,4,11,9,9,1,0.384227991104126,1,1,1,-1,0.0838100910186768
14,3,4,12,-3,3,1,0.467139959335327,1,1,1,1,0.134227991104126
14,3,4,13,9,9,1,0.434231996536255,-1,1,1,1,0.217139959335327
14,3,4,14,-0,0,1,0.317139148712158,1,1,1,-1,0.184231996536255
14,3,4,15,9,9,1,0.400902032852173,-1,1,1,1,0.0671391487121582
14,3,4,16,-27,27,0,0.333806991577148,1,1,1,-1,0.150902032852173
14,3,4,17,-81,81,0,0.250938177108765,-1,-1,1,1,0.0838069915771484
14,3,4,18,3,3,1,0.433879137039185,-1,-1,-1,-1,0.000938177108764648
14,3,4,19,-81,81,0,0.317130088806152,1,1,-1,-1,0.183879137039185
14,3,4,20,3,3,0,0.33426308631897,-1,-1,1,1,0.0671300888061523
14,3,4,27,81,81,1,0.517148971557617,-1,-1,-1,1,0.117135763168335
14,3,4,28,-27,27,0,0.417596101760864,1,1,-1,-1,0.267148971557617
14,3,4,29,81,81,1,0.434261083602905,-1,-1,1,1,0.167596101760864
14,3,4,30,3,3,0,0.383825778961182,1,1,-1,-1,0.184261083602905
14,3,4,34,-3,3,1,0.633792161941528,1,-1,-1,-1,0.250468015670776
14,3,4,35,-81,81,0,0.267169952392578,-1,1,-1,1,0.383792161941528
14,3,4,36,81,81,1,0.650463342666626,-1,-1,1,-1,0.0171699523925781
14,3,4,37,0,0,0,0.750447273254395,1,1,-1,-1,0.400463342666626
14,3,4,38,-81,81,0,0.500923871994019,1,-1,1,1,0.500447273254395
14,3,4,39,27,27,1,0.467583417892456,-1,-1,-1,1,0.250923871994019
14,3,4,40,0,0,1,0.46757698059082,1,1,-1,-1,0.217583417892456
14,3,4,41,-9,9,1,0.550474882125854,1,1,1,1,0.21757698059082
14,3,4,42,-3,3,1,0.534252405166626,-1,1,1,1,0.300474882125854
14,3,4,43,9,9,1,0.567595958709717,-1,1,1,-1,0.284252405166626
14,3,4,44,-27,27,1,0.584404945373535,1,1,1,-1,0.317595958709717
14,3,4,45,9,9,1,0.700443267822266,-1,1,1,1,0.334404945373535
14,3,4,46,-9,9,0,0.550462961196899,1,1,1,-1,0.450443267822266
14,3,4,47,81,81,1,0.450893878936768,-1,-1,1,1,0.300462961196899
14,3,4,48,3,3,1,0.650467872619629,1,1,-1,-1,0.200893878936768
14,3,4,49,-81,81,0,0.383814096450806,1,1,1,1,0.400467872619629
14,3,4,50,-3,3,0,0.550490140914917,-1,-1,1,1,0.133814096450806
14,3,4,51,27,27,0,0.500930070877075,-1,-1,-1,-1,0.300490140914917
14,3,4,52,27,27,1,0.484255790710449,1,-1,-1,-1,0.250930070877075
14,3,4,53,-81,81,0,0.417593955993652,1,1,-1,1,0.234255790710449
14,3,4,54,27,27,1,0.617116928100586,-1,-1,1,1,0.167593955993652
14,3,4,55,3,3,1,0.467594623565674,1,1,-1,-1,0.367116928100586
14,3,4,56,-3,3,1,0.40094780921936,1,1,1,1,0.217594623565674
14,3,4,57,81,81,1,0.567125797271729,-1,1,1,1,0.15094780921936
14,3,4,58,-9,9,1,0.517143964767456,1,1,1,-1,0.317125797271729
14,3,4,59,-0,0,0,0.383836030960083,-1,1,1,1,0.267143964767456
14,3,4,60,81,81,1,0.484258890151978,-1,-1,1,-1,0.133836030960083
14,3,4,61,-81,81,0,0.367161989212036,1,1,-1,-1,0.234258890151978
14,3,4,62,3,3,1,0.400898933410645,-1,-1,1,1,0.117161989212036
14,3,4,63,81,81,1,0.467144966125488,1,1,-1,-1,0.150898933410645
14,3,4,64,-81,81,0,0.367600917816162,1,1,1,1,0.217144966125488
14,3,4,65,-27,27,1,0.467142105102539,-1,-1,1,1,0.117600917816162
14,3,4,66,9,9,0,0.317130327224731,-1,1,-1,-1,0.217142105102539
14,3,4,67,-9,9,0,0.350916862487793,1,-1,1,-1,0.0671303272247314
14,3,4,68,0,0,1,0.400919198989868,-1,-1,-1,1,0.100916862487793
14,3,4,69,-9,9,0,0.384282827377319,1,1,-1,-1,0.150919198989868
14,3,4,70,-81,81,0,0.300467252731323,-1,-1,1,1,0.134282827377319
14,3,4,71,0,0,1,0.334277868270874,-1,-1,-1,-1,0.0504672527313232
14,3,4,72,-27,27,0,0.450923204421997,1,1,-1,-1,0.084277868270874
14,3,4,73,81,81,1,0.50047779083252,-1,-1,1,1,0.200923204421997
14,3,4,74,-9,9,1,0.31836199760437,1,1,-1,-1,0.25047779083252
14,3,4,75,27,27,1,0.500916957855225,-1,1,1,1,0.0683619976043701
14,3,4,76,-3,3,1,0.45096230506897,1,1,1,-1,0.250916957855225
14,3,4,77,27,27,1,0.483821153640747,-1,1,1,1,0.20096230506897
14,3,4,78,-0,0,1,0.567566156387329,1,1,1,-1,0.233821153640747
14,3,4,79,9,9,1,0.567583084106445,-1,1,1,1,0.317566156387329
14,3,4,80,-27,27,0,0.750477313995361,1,1,1,-1,0.317583084106445
14,3,4,81,27,27,1,0.450891017913818,-1,-1,1,1,0.500477313995361
14,3,4,82,9,9,0,0.583805084228516,1,1,-1,-1,0.200891017913818
14,3,4,83,3,3,1,0.483791351318359,1,-1,1,1,0.333805084228516
14,3,4,84,-3,3,1,0.567580461502075,1,1,-1,1,0.233791351318359
14,3,4,85,3,3,1,0.600491046905518,-1,1,1,1,0.317580461502075
14,3,4,86,-9,9,1,0.667126178741455,1,1,1,-1,0.350491046905518
14,3,4,87,27,27,0,0.517732381820679,-1,1,1,1,0.417126178741455
14,3,4,88,9,9,1,0.500473022460938,1,-1,1,-1,0.267732381820679
14,3,4,89,-9,9,0,0.483811378479004,1,1,-1,1,0.250473022460938
14,3,4,90,3,3,0,0.501463174819946,-1,-1,1,1,0.233811378479004
14,3,4,91,-27,27,1,0.433798789978027,1,-1,-1,-1,0.251463174819946
14,3,4,92,27,27,1,0.684221029281616,-1,1,-1,1,0.183798789978027
14,3,4,93,-3,3,0,0.367172241210938,1,1,1,-1,0.434221029281616
14,3,4,94,9,9,0,0.500468969345093,-1,-1,1,1,0.117172241210938
14,3,4,95,9,9,1,0.350497245788574,1,-1,-1,-1,0.250468969345093
14,3,4,96,81,81,1,0.467126846313477,1,1,-1,1,0.100497245788574
14,3,4,97,-3,3,0,0.4338059425354,1,1,1,1,0.217126846313477
14,3,4,98,0,0,0,0.550496101379395,-1,-1,1,1,0.1838059425354
14,3,4,99,0,0,0,0.467138290405273,1,-1,-1,-1,0.300496101379395
14,3,5,2,27,27,1,0.450953006744385,1,-1,-1,-1,0.451118469238281
14,3,5,3,9,9,1,0.433818340301514,1,1,-1,1,0.200953006744385
14,3,5,4,-3,3,1,0.550453901290894,1,1,1,1,0.183818340301514
14,3,5,5,-3,3,1,0.450468778610229,-1,1,1,1,0.300453901290894
14,3,5,6,-81,81,0,0.48381495475769,-1,1,1,-1,0.200468778610229
14,3,5,7,-81,81,0,0.467584133148193,-1,-1,1,-1,0.23381495475769
14,3,5,8,-27,27,0,0.467720985412598,-1,-1,-1,-1,0.217584133148193
14,3,5,9,-9,9,1,0.600919961929321,-1,-1,-1,-1,0.217720985412598
14,3,5,10,27,27,1,0.484251976013184,-1,1,-1,-1,0.350919961929321
14,3,5,11,9,9,1,0.450924873352051,1,1,1,-1,0.234251976013184
14,3,5,12,3,3,1,0.517138242721558,1,1,1,1,0.200924873352051
14,3,5,13,9,9,1,0.300472974777222,1,1,1,1,0.267138242721558
14,3,5,14,-0,0,1,0.367591142654419,1,1,1,1,0.0504729747772217
14,3,5,15,81,81,1,0.400903940200806,-1,1,1,1,0.117591142654419
14,3,5,16,3,3,1,0.317592144012451,1,1,1,-1,0.150903940200806
14,3,5,17,-0,0,1,0.550884962081909,1,1,1,1,0.0675921440124512
14,3,5,18,-9,9,1,0.467121839523315,-1,1,1,1,0.300884962081909
14,3,5,19,-81,81,0,0.300470113754272,-1,1,1,-1,0.217121839523315
14,3,5,20,-81,81,0,0.300477027893066,-1,-1,1,-1,0.0504701137542725
14,3,5,21,-3,3,1,0.350932836532593,-1,-1,-1,-1,0.0504770278930664
14,3,5,22,-0,0,1,0.467149496078491,-1,1,-1,-1,0.100932836532593
14,3,5,23,81,81,1,0.367627382278442,-1,1,1,-1,0.217149496078491
14,3,5,24,0,0,1,0.250955104827881,1,1,1,-1,0.117627382278442
14,3,5,25,27,27,1,0.434265375137329,1,1,1,1,0.000955104827880859
14,3,5,29,0,0,1,0.450473070144653,1,1,1,1,0.283863067626953
14,3,5,30,3,3,1,0.401577949523926,1,1,1,1,0.200473070144653
14,3,5,31,27,27,1,0.334271192550659,1,1,1,1,0.151577949523926
14,3,5,32,27,27,1,0.350478172302246,1,1,1,1,0.0842711925506592
14,3,5,33,0,0,1,0.268299341201782,1,1,1,1,0.100478172302246
14,3,5,34,-9,9,1,0.284258127212524,1,1,1,1,0.0182993412017822
14,3,5,35,-9,9,1,0.533788204193115,-1,1,1,1,0.0342581272125244
14,3,5,36,-3,3,1,0.33380651473999,-1,1,1,-1,0.283788204193115
14,3,5,37,-3,3,1,0.317139863967896,-1,1,1,-1,0.0838065147399902
14,3,5,38,-81,81,0,0.35096001625061,-1,1,1,-1,0.0671398639678955
14,3,5,39,-3,3,1,0.317142963409424,-1,-1,1,-1,0.10096001625061
14,3,5,40,-0,0,0,0.367572784423828,-1,1,-1,-1,0.0671429634094238
14,3,5,41,-27,27,0,0.36757755279541,-1,-1,1,-1,0.117572784423828
14,3,5,45,-81,81,0,0.467557907104492,-1,-1,1,-1,0.117133378982544
14,3,5,46,81,81,1,0.284262895584106,-1,-1,-1,-1,0.217557907104492
14,3,5,47,3,3,0,0.334379911422729,1,1,-1,-1,0.0342628955841064
14,3,5,48,9,9,1,0.283812046051025,1,-1,1,1,0.0843799114227295
14,3,5,49,81,81,1,0.333837985992432,1,1,-1,1,0.0338120460510254
14,3,5,50,9,9,1,0.38381290435791,1,1,1,1,0.0838379859924316
14,3,5,51,3,3,1,0.317165374755859,1,1,1,1,0.13381290435791
14,3,5,52,3,3,0,0.400929927825928,1,1,1,1,0.0671653747558594
14,3,5,53,81,81,1,0.350476026535034,1,-1,1,1,0.150929927825928
14,3,5,54,9,9,1,0.38426399230957,1,1,-1,1,0.100476026535034
14,3,5,55,9,9,1,0.350478172302246,1,1,1,1,0.13426399230957
14,3,5,56,81,81,1,0.317129373550415,1,1,1,1,0.100478172302246
14,3,5,57,27,27,1,0.384270191192627,1,1,1,1,0.067129373550415
14,3,5,58,27,27,1,0.350984811782837,1,1,1,1,0.134270191192627
14,3,5,59,27,27,1,0.267152309417725,1,1,1,1,0.100984811782837
14,3,5,60,-81,81,0,0.350455284118652,1,1,1,1,0.0171523094177246
14,3,5,64,27,27,1,0.283810138702393,1,-1,1,1,0.0171749591827393
14,3,5,65,27,27,1,0.384246349334717,1,1,-1,1,0.0338101387023926
14,3,5,66,81,81,1,0.417593002319336,1,1,1,1,0.134246349334717
14,3,5,67,3,3,1,0.333810091018677,1,1,1,1,0.167593002319336
14,3,5,68,9,9,1,0.433797359466553,1,1,1,1,0.0838100910186768
14,3,5,69,27,27,1,0.300930023193359,1,1,1,1,0.183797359466553
14,3,5,70,9,9,0,0.350481033325195,1,1,1,1,0.0509300231933594
14,3,5,74,-3,3,1,0.284237861633301,-1,-1,-1,-1,0.217135190963745
14,3,5,75,-9,9,1,0.433796405792236,-1,1,-1,-1,0.0342378616333008
14,3,5,76,-81,81,0,0.517135858535767,-1,1,1,-1,0.183796405792236
14,3,5,77,-3,3,1,0.317567110061646,-1,-1,1,-1,0.267135858535767
14,3,5,78,-9,9,1,0.334249496459961,-1,1,-1,-1,0.0675671100616455
14,3,5,79,81,81,1,0.467587232589722,-1,1,1,-1,0.0842494964599609
14,3,5,80,27,27,1,0.383820533752441,1,1,1,-1,0.217587232589722
14,3,5,81,9,9,1,0.517590999603271,1,1,1,1,0.133820533752441
14,3,5,82,-3,3,1,0.334962844848633,1,1,1,1,0.267590999603271
14,3,5,83,-27,27,0,0.333837985992432,-1,1,1,1,0.0849628448486328
14,3,5,84,-0,0,1,0.500465154647827,-1,-1,1,-1,0.0838379859924316
14,3,5,85,-27,27,0,0.417153835296631,-1,1,-1,-1,0.250465154647827
14,3,5,86,0,0,1,0.501330137252808,-1,-1,1,-1,0.167153835296631
14,3,5,87,81,81,1,0.400937080383301,1,1,-1,-1,0.251330137252808
14,3,5,88,27,27,1,0.684258937835693,1,1,1,1,0.150937080383301
14,3,5,89,0,0,0,0.45049524307251,1,1,1,1,0.434258937835693
14,3,5,90,3,3,1,0.533806085586548,1,-1,1,1,0.20049524307251
14,3,5,91,27,27,1,0.550462007522583,1,1,-1,1,0.283806085586548
14,3,5,92,81,81,1,0.467136383056641,1,1,1,1,0.300462007522583
14,3,5,93,-9,9,0,0.40047812461853,1,1,1,1,0.217136383056641
14,3,5,94,3,3,1,0.33422327041626,-1,-1,1,1,0.15047812461853
14,3,5,95,81,81,1,0.417590856552124,1,1,-1,-1,0.0842232704162598
14,3,5,96,3,3,1,0.417152166366577,1,1,1,1,0.167590856552124
14,3,5,97,-81,81,0,0.284898996353149,1,1,1,1,0.167152166366577
14,3,5,98,-9,9,1,0.417126417160034,-1,-1,1,1,0.0348989963531494
14,3,5,99,-27,27,0,0.384233474731445,-1,1,-1,-1,0.167126417160034
14,3,6,2,-9,9,0,0.567581176757812,1,-1,1,1,0.434010982513428
14,3,6,3,3,3,0,0.584264755249023,-1,-1,-1,1,0.317581176757812
14,3,6,4,81,81,1,0.383822917938232,1,-1,-1,-1,0.334264755249023
14,3,6,5,-27,27,0,0.384233951568604,1,1,-1,1,0.133822917938232
14,3,6,6,0,0,1,0.417126893997192,-1,-1,1,1,0.134233951568604
14,3,6,7,-27,27,0,0.433808088302612,1,1,-1,-1,0.167126893997192
14,3,6,8,9,9,1,0.334264039993286,-1,-1,1,1,0.183808088302612
14,3,6,9,9,9,1,0.400897026062012,1,1,-1,-1,0.0842640399932861
14,3,6,10,-81,81,0,0.46758508682251,1,1,1,1,0.150897026062012
14,3,6,11,81,81,1,0.401726961135864,-1,-1,1,1,0.21758508682251
14,3,6,12,-81,81,0,0.334302186965942,1,1,-1,-1,0.151726961135864
14,3,6,13,27,27,1,0.517141103744507,-1,-1,1,1,0.0843021869659424
14,3,6,14,-3,3,1,0.433792114257812,1,1,-1,-1,0.267141103744507
14,3,6,15,0,0,0,0.500931739807129,-1,1,1,1,0.183792114257812
14,3,6,16,-9,9,1,0.417125701904297,1,-1,1,-1,0.250931739807129
14,3,6,17,27,27,1,0.384267091751099,-1,1,-1,1,0.167125701904297
14,3,6,18,-81,81,0,0.450467109680176,1,1,1,-1,0.134267091751099
14,3,6,19,27,27,1,0.383815050125122,-1,-1,1,1,0.200467109680176
14,3,6,20,3,3,0,0.417153835296631,1,1,-1,-1,0.133815050125122
14,3,6,21,-81,81,0,0.334259033203125,1,-1,1,1,0.167153835296631
14,3,6,22,-81,81,0,0.484256982803345,-1,-1,-1,1,0.084259033203125
14,3,6,23,27,27,1,0.450911998748779,-1,-1,-1,-1,0.234256982803345
14,3,6,24,-9,9,1,0.30049204826355,1,1,-1,-1,0.200911998748779
14,3,6,25,-27,27,0,0.500453233718872,-1,1,1,1,0.0504920482635498
14,3,6,26,9,9,1,0.283806085586548,-1,-1,1,-1,0.250453233718872
14,3,6,27,-0,0,1,0.417157888412476,1,1,-1,-1,0.0338060855865479
14,3,6,28,3,3,1,0.334268808364868,-1,1,1,1,0.167157888412476
14,3,6,29,-27,27,0,0.284236907958984,1,1,1,-1,0.0842688083648682
14,3,6,33,-9,9,0,0.334250450134277,1,1,1,-1,0.167144060134888
14,3,6,34,3,3,1,0.283830881118774,-1,-1,1,1,0.0842504501342773
14,3,6,35,-9,9,1,0.433806180953979,1,1,-1,-1,0.0338308811187744
14,3,6,36,3,3,0,0.500488758087158,-1,1,1,1,0.183806180953979
14,3,6,37,-9,9,0,0.433812856674194,1,-1,1,-1,0.250488758087158
14,3,6,38,27,27,1,0.567573070526123,-1,-1,-1,1,0.183812856674194
14,3,6,39,-81,81,0,0.400953054428101,1,1,-1,-1,0.317573070526123
14,3,6,40,9,9,1,0.400926113128662,-1,-1,1,1,0.150953054428101
14,3,6,41,-81,81,0,0.450936317443848,1,1,-1,-1,0.150926113128662
14,3,6,42,3,3,1,0.367163896560669,-1,-1,1,1,0.200936317443848
14,3,6,43,-81,81,0,0.417156934738159,1,1,-1,-1,0.117163896560669
14,3,6,44,9,9,1,0.3009033203125,-1,-1,1,1,0.167156934738159
14,3,6,45,-81,81,0,0.317181348800659,1,1,-1,-1,0.0509033203125
14,3,6,46,0,0,1,0.284281969070435,-1,-1,1,1,0.0671813488006592
14,3,6,47,-9,9,0,0.350508213043213,1,1,-1,-1,0.0342819690704346
14,3,6,48,81,81,1,0.383800029754639,-1,-1,1,1,0.100508213043213
14,3,6,49,-27,27,0,0.467598915100098,1,1,-1,-1,0.133800029754639
14,3,6,50,-81,81,0,0.36757230758667,-1,-1,1,1,0.217598915100098
14,3,6,51,-9,9,1,0.317161083221436,-1,-1,-1,-1,0.11757230758667
14,3,6,52,-3,3,1,0.317160129547119,-1,1,-1,-1,0.0671610832214355
14,3,6,53,0,0,1,0.250960111618042,-1,1,1,-1,0.0671601295471191
14,3,6,54,-9,9,0,0.250941038131714,1,1,1,-1,0.000960111618041992
14,3,6,55,9,9,0,0.384253978729248,-1,-1,1,1,0.000941038131713867
14,3,6,56,-3,3,1,0.400492191314697,1,-1,-1,-1,0.134253978729248
14,3,6,57,81,81,1,0.367144107818604,-1,1,-1,1,0.150492191314697
14,3,6,58,-0,0,1,0.350924968719482,1,1,1,-1,0.117144107818604
14,3,6,59,27,27,1,0.334232091903687,-1,1,1,1,0.100924968719482
14,3,6,63,9,9,1,0.284232139587402,-1,1,1,1,0.0671441555023193
14,3,6,68,-3,3,1,0.550458192825317,-1,1,1,1,0.284258127212524
14,3,6,69,27,27,1,0.534231185913086,-1,1,1,-1,0.300458192825317
14,3,6,70,-3,3,0,0.433806896209717,1,1,1,-1,0.284231185913086
14,3,6,71,3,3,1,0.367133855819702,-1,-1,1,1,0.183806896209717
14,3,6,72,-0,0,1,0.383804082870483,1,1,-1,-1,0.117133855819702
14,3,6,73,27,27,1,0.317156314849854,-1,1,1,1,0.133804082870483
14,3,6,74,-81,81,0,0.417581081390381,1,1,1,-1,0.0671563148498535
14,3,6,75,0,0,1,0.351136207580566,-1,-1,1,1,0.167581081390381
14,3,6,76,-3,3,0,0.384262084960938,1,1,-1,-1,0.101136207580566
14,3,6,77,3,3,1,0.301197528839111,-1,-1,1,1,0.134262084960938
14,3,6,78,-9,9,0,0.31758713722229,1,1,-1,-1,0.0511975288391113
14,3,6,82,27,27,1,0.500943183898926,1,1,1,-1,0.234259128570557
14,3,6,83,-81,81,0,0.283819198608398,1,1,1,1,0.250943183898926
14,3,6,84,0,0,1,0.400469064712524,-1,-1,1,1,0.0338191986083984
14,3,6,85,-27,27,0,0.483799934387207,1,1,-1,-1,0.150469064712524
14,3,6,86,27,27,1,0.450493812561035,-1,-1,1,1,0.233799934387207
14,3,6,87,-81,81,0,0.517597913742065,1,1,-1,-1,0.200493812561035
14,3,6,88,3,3,1,0.367601633071899,-1,-1,1,1,0.267597913742065
14,3,6,89,27,27,1,0.334233999252319,1,1,-1,-1,0.117601633071899
14,3,6,90,-9,9,1,0.483826160430908,1,1,1,1,0.0842339992523193
14,3,6,91,-0,0,1,0.55051589012146,-1,1,1,1,0.233826160430908
14,3,6,92,3,3,1,0.583827972412109,-1,1,1,-1,0.30051589012146
14,3,6,93,81,81,1,0.450929164886475,1,1,1,-1,0.333827972412109
14,3,6,94,-81,81,0,0.417616844177246,1,1,1,1,0.200929164886475
14,3,6,95,81,81,1,0.450478076934814,-1,-1,1,1,0.167616844177246
14,3,6,96,-27,27,0,0.417157888412476,1,1,-1,-1,0.200478076934814
14,3,6,97,9,9,1,0.26769495010376,-1,-1,1,1,0.167157888412476
14,3,6,98,-9,9,0,0.350472927093506,1,1,-1,-1,0.0176949501037598
14,3,6,99,9,9,1,0.300928115844727,-1,-1,1,1,0.100472927093506
15,1,1,2,-3,3,1,0.917108774185181,-1,1,1,1,0.534489870071411
15,1,1,3,-9,9,0,0.483832359313965,-1,1,1,-1,0.667108774185181
15,1,1,4,-0,0,0,0.667538642883301,-1,-1,1,-1,0.233832359313965
15,1,1,5,9,9,0,0.56712007522583,-1,-1,-1,-1,0.417538642883301
15,1,1,6,27,27,0,0.534258842468262,1,-1,-1,-1,0.31712007522583
15,1,1,7,-27,27,0,0.467160224914551,1,-1,-1,1,0.284258842468262
15,1,1,8,-0,0,0,0.550506114959717,-1,-1,-1,1,0.217160224914551
15,1,1,9,-0,0,0,0.517154932022095,-1,-1,-1,-1,0.300506114959717
15,1,1,10,-3,3,0,0.700930118560791,-1,-1,-1,-1,0.267154932022095
15,1,1,11,27,27,1,0.350475072860718,-1,-1,-1,-1,0.450930118560791
15,1,1,12,9,9,0,0.617156982421875,1,1,-1,-1,0.100475072860718
15,1,1,13,81,81,1,0.284786939620972,1,-1,1,1,0.367156982421875
15,1,1,14,3,3,0,0.683788776397705,1,1,-1,1,0.0347869396209717
15,1,1,15,0,0,0,0.700468063354492,1,-1,1,1,0.433788776397705
15,1,1,16,-27,27,0,0.46712589263916,1,-1,-1,1,0.450468063354492
15,1,1,17,-3,3,0,0.633888006210327,-1,-1,-1,1,0.21712589263916
15,1,1,18,9,9,1,0.467140913009644,-1,-1,-1,-1,0.383888006210327
15,1,1,19,3,3,0,0.567107439041138,1,1,-1,-1,0.217140913009644
15,1,1,20,27,27,1,0.467259168624878,1,-1,1,1,0.317107439041138
15,1,1,21,81,81,1,0.300471067428589,1,1,-1,1,0.217259168624878
15,1,1,22,-9,9,0,0.61712121963501,1,1,1,1,0.0504710674285889
15,1,1,23,-9,9,0,0.550452947616577,-1,-1,1,1,0.36712121963501
15,1,1,24,-9,9,0,0.583797931671143,-1,-1,-1,-1,0.300452947616577
15,1,1,25,-3,3,1,0.383840560913086,-1,-1,-1,-1,0.333797931671143
15,1,1,26,-27,27,0,0.534275054931641,-1,1,-1,-1,0.133840560913086
15,1,1,27,-9,9,0,0.517189025878906,-1,-1,1,-1,0.284275054931641
15,1,1,28,-9,9,0,0.633787631988525,-1,-1,-1,-1,0.267189025878906
15,1,1,29,-81,81,0,0.467586994171143,-1,-1,-1,-1,0.383787631988525
15,1,1,30,-81,81,0,0.484523057937622,-1,-1,-1,-1,0.217586994171143
15,1,1,31,-0,0,0,0.550457239151001,-1,-1,-1,-1,0.234523057937622
15,1,1,32,-27,27,0,0.51757550239563,-1,-1,-1,-1,0.300457239151001
15,1,1,33,-3,3,0,0.567157983779907,-1,-1,-1,-1,0.26757550239563
15,1,1,34,-27,27,0,0.517136096954346,-1,-1,-1,-1,0.317157983779907
15,1,1,35,-3,3,0,0.517580270767212,-1,-1,-1,-1,0.267136096954346
15,1,1,36,-3,3,0,0.567118883132935,-1,-1,-1,-1,0.267580270767212
15,1,1,37,-3,3,0,0.517613172531128,-1,-1,-1,-1,0.317118883132935
15,1,1,38,-0,0,0,0.834242105484009,-1,-1,-1,-1,0.267613172531128
15,1,1,39,-27,27,0,0.51716136932373,-1,-1,-1,-1,0.584242105484009
15,1,1,40,-81,81,0,0.500925064086914,-1,-1,-1,-1,0.26716136932373
15,1,1,41,-3,3,0,0.500449419021606,-1,-1,-1,-1,0.250925064086914
15,1,1,42,81,81,1,0.367158889770508,-1,-1,-1,-1,0.250449419021606
15,1,1,43,3,3,0,0.700908660888672,1,1,-1,-1,0.117158889770508
15,1,1,44,81,81,1,0.50046706199646,1,-1,1,1,0.450908660888672
15,1,1,45,27,27,1,0.517132997512817,1,1,-1,1,0.25046706199646
15,1,1,46,3,3,1,0.467169046401978,1,1,1,1,0.267132997512817
15,1,1,47,-81,81,0,0.417218923568726,1,1,1,1,0.217169046401978
15,1,1,48,-27,27,0,0.400958061218262,-1,-1,1,1,0.167218923568726
15,1,1,49,-0,0,1,0.567573308944702,-1,-1,-1,-1,0.150958061218262
15,1,1,50,-9,9,0,0.500485420227051,-1,1,-1,-1,0.317573308944702
15,1,1,51,81,81,1,0.284341096878052,-1,-1,1,-1,0.250485420227051
15,1,1,52,3,3,0,0.617154121398926,1,1,-1,-1,0.0343410968780518
15,1,1,53,81,81,1,0.500464200973511,1,-1,1,1,0.367154121398926
15,1,1,54,9,9,1,0.91757607460022,1,1,-1,1,0.250464200973511
15,1,1,55,0,0,1,0.500494003295898,1,1,1,1,0.66757607460022
15,1,1,56,3,3,1,0.650887250900269,1,1,1,1,0.250494003295898
15,1,1,57,81,81,1,0.484426259994507,1,1,1,1,0.400887250900269
15,1,1,58,-9,9,0,0.551800966262817,1,1,1,1,0.234426259994507
15,1,1,59,81,81,1,0.367138862609863,-1,-1,1,1,0.301800966262817
15,1,1,60,0,0,1,0.484251260757446,1,1,-1,-1,0.117138862609863
15,1,1,61,3,3,1,0.417191028594971,1,1,1,1,0.234251260757446
15,1,1,62,9,9,1,0.684255123138428,1,1,1,1,0.167191028594971
15,1,1,63,27,27,1,0.534288883209229,1,1,1,1,0.434255123138428
15,1,1,64,81,81,1,0.36760401725769,1,1,1,1,0.284288883209229
15,1,1,65,-81,81,0,0.483804941177368,1,1,1,1,0.11760401725769
15,1,1,66,9,9,0,0.617157220840454,-1,-1,1,1,0.233804941177368
15,1,1,67,9,9,1,0.517160892486572,1,-1,-1,-1,0.367157220840454
15,1,1,68,9,9,0,0.633789539337158,1,1,-1,1,0.267160892486572
15,1,1,69,27,27,1,0.550934076309204,1,-1,1,1,0.383789539337158
15,1,1,70,-27,27,0,0.50114893913269,1,1,-1,1,0.300934076309204
15,1,1,71,-9,9,0,0.500943183898926,-1,-1,1,1,0.25114893913269
15,1,1,72,-3,3,0,0.53424596786499,-1,-1,-1,-1,0.250943183898926
15,1,1,73,-0,0,0,0.517586231231689,-1,-1,-1,-1,0.28424596786499
15,1,1,74,-9,9,0,0.567152500152588,-1,-1,-1,-1,0.267586231231689
15,1,1,75,-27,27,0,0.383855581283569,-1,-1,-1,-1,0.317152500152588
15,1,1,76,-3,3,0,0.50046706199646,-1,-1,-1,-1,0.133855581283569
15,1,1,77,-3,3,0,0.517138004302979,-1,-1,-1,-1,0.25046706199646
15,1,1,78,-3,3,0,0.550979137420654,-1,-1,-1,-1,0.267138004302979
15,1,1,79,-27,27,0,0.534265041351318,-1,-1,-1,-1,0.300979137420654
15,1,1,80,-27,27,0,0.48381495475769,-1,-1,-1,-1,0.284265041351318
15,1,1,81,-27,27,0,0.500988245010376,-1,-1,-1,-1,0.23381495475769
15,1,1,82,-81,81,0,0.417122602462769,-1,-1,-1,-1,0.250988245010376
15,1,1,83,-3,3,0,0.517137289047241,-1,-1,-1,-1,0.167122602462769
15,1,1,84,-9,9,0,0.700464487075806,-1,-1,-1,-1,0.267137289047241
15,1,1,85,-27,27,0,0.434287309646606,-1,-1,-1,-1,0.450464487075806
15,1,1,86,-81,81,0,0.384257793426514,-1,-1,-1,-1,0.184287309646606
15,1,1,87,-81,81,0,0.367144107818604,-1,-1,-1,-1,0.134257793426514
15,1,1,88,-27,27,0,0.483790159225464,-1,-1,-1,-1,0.117144107818604
15,1,1,89,-81,81,0,0.417590379714966,-1,-1,-1,-1,0.233790159225464
15,1,1,90,-81,81,0,0.450461149215698,-1,-1,-1,-1,0.167590379714966
15,1,1,91,-81,81,0,0.417587757110596,-1,-1,-1,-1,0.200461149215698
15,1,1,92,-27,27,0,0.467666864395142,-1,-1,-1,-1,0.167587757110596
15,1,1,93,-9,9,0,0.500913381576538,-1,-1,-1,-1,0.217666864395142
15,1,1,94,-81,81,0,0.550882339477539,-1,-1,-1,-1,0.250913381576538
15,1,1,95,81,81,1,0.667582035064697,-1,-1,-1,-1,0.300882339477539
15,1,1,96,27,27,1,0.267148971557617,1,1,-1,-1,0.417582035064697
15,1,1,97,9,9,1,0.500976085662842,1,1,1,1,0.0171489715576172
15,1,1,98,9,9,1,0.451115369796753,1,1,1,1,0.250976085662842
15,1,1,99,3,3,1,0.517578363418579,1,1,1,1,0.201115369796753
15,1,2,2,-0,0,0,0.500491142272949,-1,-1,-1,-1,0.317372798919678
15,1,2,3,-27,27,0,0.450469017028809,-1,-1,-1,-1,0.250491142272949
15,1,2,4,-81,81,0,0.400476932525635,-1,-1,-1,-1,0.200469017028809
15,1,2,5,-3,3,0,0.267590999603271,-1,-1,-1,-1,0.150476932525635
15,1,2,6,81,81,1,0.467578172683716,-1,-1,-1,-1,0.0175909996032715
15,1,2,7,0,0,1,0.617116212844849,1,1,-1,-1,0.217578172683716
15,1,2,8,-9,9,0,1.1004490852356,1,1,1,1,0.367116212844849
15,1,2,9,-27,27,0,0.467137098312378,-1,-1,1,1,0.850449085235596
15,1,2,10,9,9,0,0.583805799484253,-1,-1,-1,-1,0.217137098312378
15,1,2,11,81,81,1,0.450937032699585,1,-1,-1,-1,0.333805799484253
15,1,2,12,0,0,0,0.48380708694458,1,1,-1,1,0.200937032699585
15,1,2,13,9,9,1,0.501174926757812,1,-1,1,1,0.23380708694458
15,1,2,14,3,3,1,0.483810186386108,1,1,-1,1,0.251174926757812
15,1,2,15,-0,0,0,0.583800077438354,1,1,1,1,0.233810186386108
15,1,2,16,-3,3,1,0.633798837661743,-1,-1,1,1,0.333800077438354
15,1,2,17,-81,81,0,0.434300184249878,-1,1,-1,-1,0.383798837661743
15,1,2,18,-81,81,0,0.50092625617981,-1,-1,1,-1,0.184300184249878
15,1,2,19,-27,27,0,0.50047492980957,-1,-1,-1,-1,0.25092625617981
15,1,2,20,-9,9,0,0.467133283615112,-1,-1,-1,-1,0.25047492980957
15,1,2,21,-81,81,0,0.367601871490479,-1,-1,-1,-1,0.217133283615112
15,1,2,22,27,27,1,0.484248161315918,-1,-1,-1,-1,0.117601871490479
15,1,2,23,27,27,1,0.517576217651367,1,1,-1,-1,0.234248161315918
15,1,2,24,-27,27,0,0.500469923019409,1,1,1,1,0.267576217651367
15,1,2,25,-3,3,1,0.967586040496826,-1,-1,1,1,0.250469923019409
15,1,2,26,-3,3,0,0.433811902999878,-1,1,-1,-1,0.717586040496826
15,1,2,27,-27,27,0,0.500471591949463,-1,-1,1,-1,0.183811902999878
15,1,2,28,-81,81,0,0.434250831604004,-1,-1,-1,-1,0.250471591949463
15,1,2,29,-3,3,0,0.950913190841675,-1,-1,-1,-1,0.184250831604004
15,1,2,30,-0,0,1,0.534255027770996,-1,-1,-1,-1,0.700913190841675
15,1,2,31,81,81,1,0.600908756256104,-1,1,-1,-1,0.284255027770996
15,1,2,32,3,3,1,0.483793973922729,1,1,1,-1,0.350908756256104
15,1,2,33,9,9,1,0.583829164505005,1,1,1,1,0.233793973922729
15,1,2,34,3,3,1,0.517750978469849,1,1,1,1,0.333829164505005
15,1,2,35,3,3,0,0.600919008255005,1,1,1,1,0.267750978469849
15,1,2,36,9,9,1,0.383836030960083,1,-1,1,1,0.350919008255005
15,1,2,37,27,27,1,0.517596006393433,1,1,-1,1,0.133836030960083
15,1,2,38,81,81,1,0.450892210006714,1,1,1,1,0.267596006393433
15,1,2,39,0,0,0,0.467568874359131,1,1,1,1,0.200892210006714
15,1,2,40,27,27,1,0.367570161819458,1,-1,1,1,0.217568874359131
15,1,2,41,-81,81,0,0.617182016372681,1,1,-1,1,0.117570161819458
15,1,2,42,-0,0,1,0.33436918258667,-1,-1,1,1,0.367182016372681
15,1,2,43,-27,27,0,0.583805084228516,-1,1,-1,-1,0.0843691825866699
15,1,2,44,27,27,1,0.467578411102295,-1,-1,1,-1,0.333805084228516
15,1,2,45,-9,9,0,0.283805131912231,1,1,-1,-1,0.217578411102295
15,1,2,46,-3,3,1,0.567602872848511,-1,-1,1,1,0.0338051319122314
15,1,2,47,-81,81,0,0.533799171447754,-1,1,-1,-1,0.317602872848511
15,1,2,48,-9,9,0,0.434883117675781,-1,-1,1,-1,0.283799171447754
15,1,2,49,-0,0,1,0.500903129577637,-1,-1,-1,-1,0.184883117675781
15,1,2,50,-9,9,0,0.733783483505249,-1,1,-1,-1,0.250903129577637
15,1,2,51,27,27,1,0.467150211334229,-1,-1,1,-1,0.483783483505249
15,1,2,52,3,3,1,0.517159223556519,1,1,-1,-1,0.217150211334229
15,1,2,53,81,81,1,0.517144441604614,1,1,1,1,0.267159223556519
15,1,2,54,81,81,1,0.384255886077881,1,1,1,1,0.267144441604614
15,1,2,55,-9,9,0,0.633804082870483,1,1,1,1,0.134255886077881
15,1,2,56,-81,81,0,0.334275245666504,-1,-1,1,1,0.383804082870483
15,1,2,57,-9,9,1,0.500480175018311,-1,-1,-1,-1,0.0842752456665039
15,1,2,58,81,81,1,0.55045747756958,-1,1,-1,-1,0.250480175018311
15,1,2,59,-3,3,1,0.76763391494751,1,1,1,-1,0.30045747756958
15,1,2,60,-81,81,0,0.367148160934448,-1,1,1,1,0.51763391494751
15,1,2,61,-3,3,1,0.367581129074097,-1,-1,1,-1,0.117148160934448
15,1,2,62,3,3,1,0.450463056564331,-1,1,-1,-1,0.117581129074097
15,1,2,63,27,27,1,0.517141819000244,1,1,1,-1,0.200463056564331
15,1,2,64,9,9,1,0.567610740661621,1,1,1,1,0.267141819000244
15,1,2,65,9,9,1,0.500930786132812,1,1,1,1,0.317610740661621
15,1,2,66,-81,81,0,0.434247732162476,1,1,1,1,0.250930786132812
15,1,2,67,-81,81,0,0.50093150138855,-1,-1,1,1,0.184247732162476
15,1,2,68,-3,3,0,0.517562866210938,-1,-1,-1,-1,0.25093150138855
15,1,2,69,-9,9,0,0.317152976989746,-1,-1,-1,-1,0.267562866210938
15,1,2,70,-0,0,0,0.733834028244019,-1,-1,-1,-1,0.0671529769897461
15,1,2,71,-3,3,0,0.667135000228882,-1,-1,-1,-1,0.483834028244019
15,1,2,72,-81,81,0,0.484272241592407,-1,-1,-1,-1,0.417135000228882
15,1,2,73,-3,3,0,0.70047664642334,-1,-1,-1,-1,0.234272241592407
15,1,2,74,-9,9,1,0.383803367614746,-1,-1,-1,-1,0.45047664642334
15,1,2,75,-27,27,0,0.617597579956055,-1,1,-1,-1,0.133803367614746
15,1,2,76,3,3,0,0.467149972915649,-1,-1,1,-1,0.367597579956055
15,1,2,77,0,0,0,0.534305095672607,1,-1,-1,-1,0.217149972915649
15,1,2,78,81,81,1,0.417590856552124,1,-1,-1,1,0.284305095672607
15,1,2,79,3,3,1,0.4837965965271,1,1,-1,1,0.167590856552124
15,1,2,80,27,27,1,0.600466966629028,1,1,1,1,0.2337965965271
15,1,2,81,-3,3,0,0.65092134475708,1,1,1,1,0.350466966629028
15,1,2,82,-9,9,0,0.433809995651245,-1,-1,1,1,0.40092134475708
15,1,2,83,-9,9,0,0.550946950912476,-1,-1,-1,-1,0.183809995651245
15,1,2,84,-3,3,0,0.517554044723511,-1,-1,-1,-1,0.300946950912476
15,1,2,85,9,9,1,0.317142963409424,-1,-1,-1,-1,0.267554044723511
15,1,2,86,81,81,1,0.333805322647095,1,1,-1,-1,0.0671429634094238
15,1,2,87,0,0,1,0.467138051986694,1,1,1,1,0.0838053226470947
15,1,2,88,27,27,1,0.450474977493286,1,1,1,1,0.217138051986694
15,1,2,89,27,27,1,0.384257078170776,1,1,1,1,0.200474977493286
15,1,2,90,9,9,1,0.601476192474365,1,1,1,1,0.134257078170776
15,1,2,91,27,27,1,0.400470018386841,1,1,1,1,0.351476192474365
15,1,2,96,3,3,0,0.45047402381897,1,1,1,1,0.28379225730896
15,1,2,97,-81,81,0,0.333831071853638,1,-1,1,1,0.20047402381897
15,1,2,98,-27,27,0,0.63458514213562,-1,-1,-1,1,0.0838310718536377
15,1,2,99,-9,9,0,0.617154359817505,-1,-1,-1,-1,0.38458514213562
15,1,3,2,27,27,1,0.267606973648071,-1,-1,-1,-1,0.33403491973877
15,1,3,3,9,9,0,0.683794975280762,1,1,-1,-1,0.0176069736480713
15,1,3,4,-9,9,0,0.967123985290527,1,-1,1,1,0.433794975280762
15,1,3,5,27,27,1,0.684235095977783,-1,-1,-1,1,0.717123985290527
15,1,3,6,-3,3,0,0.400465965270996,1,1,-1,-1,0.434235095977783
15,1,3,7,3,3,1,0.583901882171631,-1,-1,1,1,0.150465965270996
15,1,3,8,81,81,1,0.317593097686768,1,1,-1,-1,0.333901882171631
15,1,3,9,-81,81,0,0.417586088180542,1,1,1,1,0.0675930976867676
15,1,3,10,3,3,1,0.667150020599365,-1,-1,1,1,0.167586088180542
15,1,3,11,-0,0,0,0.833791017532349,1,1,-1,-1,0.417150020599365
15,1,3,12,81,81,1,0.667577981948853,-1,-1,1,1,0.583791017532349
15,1,3,13,-27,27,0,0.567147731781006,1,1,-1,-1,0.417577981948853
15,1,3,14,3,3,1,0.45097017288208,-1,-1,1,1,0.317147731781006
15,1,3,15,-27,27,0,0.567135095596313,1,1,-1,-1,0.20097017288208
15,1,3,16,9,9,1,0.800444841384888,-1,-1,1,1,0.317135095596313
15,1,3,17,9,9,1,0.733788013458252,1,1,-1,-1,0.550444841384888
15,1,3,18,-0,0,0,0.300487279891968,1,1,1,1,0.483788013458252
15,1,3,19,9,9,1,0.767744779586792,-1,-1,1,1,0.0504872798919678
15,1,3,20,-81,81,0,0.300490856170654,1,1,-1,-1,0.517744779586792
15,1,3,21,-9,9,0,0.567144870758057,-1,-1,1,1,0.0504908561706543
15,1,3,22,27,27,1,0.517558097839355,-1,-1,-1,-1,0.317144870758057
15,1,3,23,3,3,1,0.767125844955444,1,1,-1,-1,0.267558097839355
15,1,3,24,-81,81,0,0.284334897994995,1,1,1,1,0.517125844955444
15,1,3,25,81,81,1,0.500962972640991,-1,-1,1,1,0.0343348979949951
15,1,3,26,9,9,0,0.617552042007446,1,1,-1,-1,0.250962972640991
15,1,3,27,-3,3,1,0.383805990219116,1,-1,1,1,0.367552042007446
15,1,3,28,81,81,1,0.500480890274048,-1,1,-1,1,0.133805990219116
15,1,3,29,-9,9,0,0.450468063354492,1,1,1,-1,0.250480890274048
15,1,3,30,-81,81,0,0.583801031112671,-1,-1,1,1,0.200468063354492
15,1,3,31,3,3,1,0.550455331802368,-1,-1,-1,-1,0.333801031112671
15,1,3,32,-0,0,0,0.584260940551758,1,1,-1,-1,0.300455331802368
15,1,3,33,81,81,1,0.617580413818359,-1,-1,1,1,0.334260940551758
15,1,3,34,9,9,1,0.517590045928955,1,1,-1,-1,0.367580413818359
15,1,3,35,27,27,1,0.267586469650269,1,1,1,1,0.267590045928955
15,1,3,39,9,9,1,0.533809185028076,-1,-1,-1,1,0.433774709701538
15,1,3,40,-0,0,0,0.784219980239868,1,1,-1,-1,0.283809185028076
15,1,3,41,3,3,1,0.784210920333862,-1,-1,1,1,0.534219980239868
15,1,3,42,-81,81,0,0.567196846008301,1,1,-1,-1,0.534210920333862
15,1,3,43,3,3,1,0.550498485565186,-1,-1,1,1,0.317196846008301
15,1,3,44,-3,3,0,0.500578165054321,1,1,-1,-1,0.300498485565186
15,1,3,45,-3,3,0,0.683799982070923,-1,-1,1,1,0.250578165054321
15,1,3,46,-81,81,0,0.600922107696533,-1,-1,-1,-1,0.433799982070923
15,1,3,47,81,81,1,0.433825969696045,-1,-1,-1,-1,0.350922107696533
15,1,3,48,9,9,0,0.500492811203003,1,1,-1,-1,0.183825969696045
15,1,3,49,3,3,0,0.434219598770142,1,-1,1,1,0.250492811203003
15,1,3,50,-27,27,0,0.417620897293091,1,-1,-1,1,0.184219598770142
15,1,3,51,27,27,1,0.367587804794312,-1,-1,-1,1,0.167620897293091
15,1,3,52,27,27,1,0.43422794342041,1,1,-1,-1,0.117587804794312
15,1,3,53,-27,27,0,0.517579317092896,1,1,1,1,0.18422794342041
15,1,3,54,9,9,1,0.517142057418823,-1,-1,1,1,0.267579317092896
15,1,3,55,27,27,0,0.484275817871094,1,1,-1,-1,0.267142057418823
15,1,3,56,9,9,0,1.26752352714539,1,-1,1,1,0.234275817871094
15,1,3,57,9,9,1,0.933801889419556,1,-1,-1,1,1.01752352714539
15,1,3,58,-81,81,0,0.484223365783691,1,1,-1,1,0.683801889419556
15,1,3,59,27,27,1,0.467149257659912,-1,-1,1,1,0.234223365783691
15,1,3,60,-3,3,0,0.467129468917847,1,1,-1,-1,0.217149257659912
15,1,3,61,27,27,1,0.717549324035645,-1,-1,1,1,0.217129468917847
15,1,3,62,-0,0,0,0.600463151931763,1,1,-1,-1,0.467549324035645
15,1,3,63,-3,3,0,0.467132329940796,-1,-1,1,1,0.350463151931763
15,1,3,64,-0,0,1,0.78387975692749,-1,-1,-1,-1,0.217132329940796
15,1,3,65,3,3,1,0.783783197402954,-1,1,-1,-1,0.53387975692749
15,1,3,66,-27,27,0,0.400499105453491,1,1,1,-1,0.533783197402954
15,1,3,67,81,81,1,0.650930166244507,-1,-1,1,1,0.150499105453491
15,1,3,68,9,9,0,0.617123126983643,1,1,-1,-1,0.400930166244507
15,1,3,69,-3,3,0,0.650470733642578,1,-1,1,1,0.367123126983643
15,1,3,70,9,9,1,0.434256792068481,-1,-1,-1,1,0.400470733642578
15,1,3,71,-27,27,0,0.533802032470703,1,1,-1,-1,0.184256792068481
15,1,3,72,81,81,1,0.517110347747803,-1,-1,1,1,0.283802032470703
15,1,3,73,-81,81,0,0.533782243728638,1,1,-1,-1,0.267110347747803
15,1,3,74,0,0,1,0.767127990722656,-1,-1,1,1,0.283782243728638
15,1,3,75,-3,3,0,0.50050950050354,1,1,-1,-1,0.517127990722656
15,1,3,76,27,27,1,0.60045313835144,-1,-1,1,1,0.25050950050354
15,1,3,77,9,9,1,0.667241096496582,1,1,-1,-1,0.35045313835144
15,1,3,78,27,27,1,0.900514125823975,1,1,1,1,0.417241096496582
15,1,3,79,-0,0,1,0.584264278411865,1,1,1,1,0.650514125823975
15,1,3,80,81,81,1,0.550472736358643,-1,1,1,1,0.334264278411865
15,1,3,81,-9,9,0,0.517128229141235,1,1,1,-1,0.300472736358643
15,1,3,82,9,9,0,0.68380880355835,-1,-1,1,1,0.267128229141235
15,1,3,83,81,81,1,0.600921154022217,1,-1,-1,-1,0.43380880355835
15,1,3,84,27,27,1,0.484275817871094,1,1,-1,1,0.350921154022217
15,1,3,85,-81,81,0,0.300942182540894,1,1,1,1,0.234275817871094
15,1,3,86,3,3,1,0.634214162826538,-1,-1,1,1,0.0509421825408936
15,1,3,87,-81,81,0,0.267139196395874,1,1,-1,-1,0.384214162826538
15,1,3,88,3,3,0,0.65091609954834,-1,-1,1,1,0.017139196395874
15,1,3,89,-3,3,0,0.567147970199585,1,-1,-1,-1,0.40091609954834
15,1,3,90,9,9,0,0.66713285446167,-1,-1,-1,1,0.317147970199585
15,1,3,91,-0,0,1,0.550945997238159,1,-1,-1,-1,0.41713285446167
15,1,3,92,3,3,0,0.517162084579468,-1,1,-1,1,0.300945997238159
15,1,3,93,-81,81,0,0.533800840377808,1,-1,1,-1,0.267162084579468
15,1,3,94,81,81,1,0.6671462059021,-1,-1,-1,1,0.283800840377808
15,1,3,95,-9,9,0,0.617582321166992,1,1,-1,-1,0.4171462059021
15,1,3,99,-0,0,0,0.517169237136841,1,1,-1,-1,0.26714301109314
15,1,4,2,-27,27,0,0.283807992935181,-1,-1,-1,-1,0.567798852920532
15,1,4,3,-81,81,0,0.467697858810425,-1,-1,-1,-1,0.0338079929351807
15,1,4,4,-3,3,0,0.350924968719482,-1,-1,-1,-1,0.217697858810425
15,1,4,5,-81,81,0,0.3175950050354,-1,-1,-1,-1,0.100924968719482
15,1,4,6,-9,9,0,0.350473880767822,-1,-1,-1,-1,0.0675950050354004
15,1,4,7,81,81,1,0.350462198257446,-1,-1,-1,-1,0.100473880767822
15,1,4,8,-3,3,0,0.401009559631348,1,1,-1,-1,0.100462198257446
15,1,4,9,27,27,1,0.350493907928467,-1,-1,1,1,0.151009559631348
15,1,4,10,-0,0,0,0.567585945129395,1,1,-1,-1,0.100493907928467
15,1,4,11,3,3,0,0.517138004302979,-1,-1,1,1,0.317585945129395
15,1,4,12,81,81,1,0.717582941055298,1,-1,-1,-1,0.267138004302979
15,1,4,13,3,3,1,0.684242010116577,1,1,-1,1,0.467582941055298
15,1,4,14,-81,81,0,0.284259080886841,1,1,1,1,0.434242010116577
15,1,4,15,-9,9,0,0.500491142272949,-1,-1,1,1,0.0342590808868408
15,1,4,16,27,27,1,0.500487804412842,-1,-1,-1,-1,0.250491142272949
15,1,4,17,27,27,1,0.284285545349121,1,1,-1,-1,0.250487804412842
15,1,4,18,-27,27,0,0.484258890151978,1,1,1,1,0.0342855453491211
15,1,4,19,-3,3,0,0.600533008575439,-1,-1,1,1,0.234258890151978
15,1,4,23,27,27,1,0.450926065444946,1,1,-1,-1,0.233793020248413
15,1,4,24,9,9,0,0.300926923751831,1,1,1,1,0.200926065444946
15,1,4,25,27,27,1,0.517149925231934,1,-1,1,1,0.0509269237518311
15,1,4,26,81,81,1,0.317619800567627,1,1,-1,1,0.267149925231934
15,1,4,27,-3,3,0,0.733814001083374,1,1,1,1,0.067619800567627
15,1,4,28,-3,3,1,0.28383207321167,-1,-1,1,1,0.483814001083374
15,1,4,29,-0,0,0,0.534241914749146,-1,1,-1,-1,0.0338320732116699
15,1,4,30,0,0,0,0.483835935592651,-1,-1,1,-1,0.284241914749146
15,1,4,31,9,9,1,0.583805799484253,1,-1,-1,-1,0.233835935592651
15,1,4,32,-27,27,0,0.400472164154053,1,1,-1,1,0.333805799484253
15,1,4,33,9,9,1,0.583793163299561,-1,-1,1,1,0.150472164154053
15,1,4,34,-27,27,0,0.433812141418457,1,1,-1,-1,0.333793163299561
15,1,4,35,81,81,1,0.50087833404541,-1,-1,1,1,0.183812141418457
15,1,4,36,0,0,0,0.333802700042725,1,1,-1,-1,0.25087833404541
15,1,4,37,27,27,1,1.36755323410034,1,-1,1,1,0.0838027000427246
15,1,4,38,-0,0,0,0.500914335250854,1,1,-1,1,1.11755323410034
15,1,4,39,81,81,1,0.500464916229248,-1,-1,1,1,0.250914335250854
15,1,4,40,-81,81,0,0.433797359466553,1,1,-1,-1,0.250464916229248
15,1,4,41,-81,81,0,0.467666149139404,-1,-1,1,1,0.183797359466553
15,1,4,42,81,81,1,0.36713433265686,-1,-1,-1,-1,0.217666149139404
15,1,4,43,9,9,0,0.450505971908569,1,1,-1,-1,0.11713433265686
15,1,4,44,3,3,1,0.450928688049316,1,-1,1,1,0.200505971908569
15,1,4,45,81,81,1,0.317198038101196,1,1,-1,1,0.200928688049316
15,1,4,50,-27,27,0,0.450473070144653,1,1,-1,-1,0.251147031784058
15,1,4,51,3,3,0,0.300927877426147,-1,-1,1,1,0.200473070144653
15,1,4,52,9,9,0,0.567128896713257,1,-1,-1,-1,0.0509278774261475
15,1,4,53,-3,3,0,0.517563104629517,1,-1,-1,1,0.317128896713257
15,1,4,54,-81,81,0,0.733795642852783,-1,-1,-1,1,0.267563104629517
15,1,4,55,-9,9,0,0.550929069519043,-1,-1,-1,-1,0.483795642852783
15,1,4,56,9,9,0,0.517143964767456,-1,-1,-1,-1,0.300929069519043
15,1,4,57,-27,27,0,0.383831739425659,1,-1,-1,-1,0.267143964767456
15,1,4,58,3,3,1,0.617113351821899,-1,-1,-1,1,0.133831739425659
15,1,4,59,-3,3,0,0.534247875213623,1,1,-1,-1,0.367113351821899
15,1,4,60,-9,9,1,0.567116975784302,-1,-1,1,1,0.284247875213623
15,1,4,61,27,27,1,0.350885391235352,-1,1,-1,-1,0.317116975784302
15,1,4,62,-81,81,0,0.467155694961548,1,1,1,-1,0.100885391235352
15,1,4,63,27,27,1,0.63379979133606,-1,-1,1,1,0.217155694961548
15,1,4,64,9,9,1,0.650926351547241,1,1,-1,-1,0.38379979133606
15,1,4,65,9,9,0,0.550496101379395,1,1,1,1,0.400926351547241
15,1,4,66,-81,81,0,0.550467967987061,1,-1,1,1,0.300496101379395
15,1,4,67,27,27,1,0.517590045928955,-1,-1,-1,1,0.300467967987061
15,1,4,68,-3,3,0,0.317593097686768,1,1,-1,-1,0.267590045928955
15,1,4,69,9,9,1,1.01757025718689,-1,-1,1,1,0.0675930976867676
15,1,4,70,9,9,0,0.333831071853638,1,1,-1,-1,0.76757025718689
15,1,4,71,0,0,0,0.400466918945312,1,-1,1,1,0.0838310718536377
15,1,4,72,-3,3,0,0.518011093139648,1,-1,-1,1,0.150466918945312
15,1,4,73,9,9,1,0.467590808868408,-1,-1,-1,1,0.268011093139648
15,1,4,74,-0,0,0,0.250938892364502,1,1,-1,-1,0.217590808868408
15,1,4,75,-27,27,0,0.300927639007568,-1,-1,1,1,0.000938892364501953
15,1,4,76,3,3,0,0.367138862609863,-1,-1,-1,-1,0.0509276390075684
15,1,4,77,3,3,0,0.817123651504517,1,-1,-1,-1,0.117138862609863
15,1,4,78,-9,9,0,0.467557430267334,1,-1,-1,1,0.567123651504517
15,1,4,79,9,9,0,0.701026439666748,-1,-1,-1,1,0.217557430267334
15,1,4,80,27,27,1,0.534255027770996,1,-1,-1,-1,0.451026439666748
15,1,4,81,3,3,1,0.383811950683594,1,1,-1,1,0.284255027770996
15,1,4,82,-3,3,0,0.767822027206421,1,1,1,1,0.133811950683594
15,1,4,83,9,9,1,0.633826971054077,-1,-1,1,1,0.517822027206421
15,1,4,84,0,0,1,0.4837965965271,1,1,-1,-1,0.383826971054077
15,1,4,85,9,9,1,0.517606973648071,1,1,1,1,0.2337965965271
15,1,4,86,-0,0,1,0.317950963973999,1,1,1,1,0.267606973648071
15,1,4,87,-3,3,0,0.717143297195435,-1,1,1,1,0.067950963973999
15,1,4,88,-81,81,0,0.4671950340271,-1,-1,1,-1,0.467143297195435
15,1,4,89,27,27,1,0.334489345550537,-1,-1,-1,-1,0.2171950340271
15,1,4,90,-27,27,0,0.467146158218384,1,1,-1,-1,0.0844893455505371
15,1,4,91,-81,81,0,0.350928068161011,-1,-1,1,1,0.217146158218384
15,1,4,95,3,3,0,0.533863067626953,1,1,-1,-1,0.0842609405517578
15,1,4,96,-81,81,0,0.534217596054077,1,-1,1,1,0.283863067626953
15,1,4,97,-27,27,0,0.434270858764648,-1,-1,-1,1,0.284217596054077
15,1,4,98,3,3,1,0.434256076812744,-1,-1,-1,-1,0.184270858764648
15,1,4,99,-81,81,0,0.634245634078979,1,1,-1,-1,0.184256076812744
15,1,5,2,81,81,1,0.283811807632446,-1,-1,-1,1,0.234463930130005
15,1,5,3,9,9,1,0.550469160079956,1,1,-1,-1,0.0338118076324463
15,1,5,4,-0,0,1,0.700484037399292,1,1,1,1,0.300469160079956
15,1,5,5,81,81,1,0.733787775039673,-1,1,1,1,0.450484037399292
15,1,5,6,27,27,1,0.534440040588379,1,1,1,-1,0.483787775039673
15,1,5,7,-81,81,0,0.284233093261719,1,1,1,1,0.284440040588379
15,1,5,8,81,81,1,0.633801937103271,-1,-1,1,1,0.0342330932617188
15,1,5,9,9,9,1,0.817137956619263,1,1,-1,-1,0.383801937103271
15,1,5,10,-9,9,0,0.934278964996338,1,1,1,1,0.567137956619263
15,1,5,11,3,3,1,0.433811902999878,-1,-1,1,1,0.684278964996338
15,1,5,12,3,3,0,0.75089693069458,1,1,-1,-1,0.183811902999878
15,1,5,13,-81,81,0,0.617886066436768,1,-1,1,1,0.50089693069458
15,1,5,14,27,27,1,0.433859825134277,-1,-1,-1,1,0.367886066436768
15,1,5,15,-27,27,1,0.467148065567017,1,1,-1,-1,0.183859825134277
15,1,5,16,81,81,1,0.450944423675537,-1,1,1,1,0.217148065567017
15,1,5,17,27,27,1,0.434269189834595,1,1,1,-1,0.200944423675537
15,1,5,18,9,9,0,0.767114162445068,1,1,1,1,0.184269189834595
15,1,5,19,-27,27,0,0.550471067428589,1,-1,1,1,0.517114162445068
15,1,5,20,3,3,1,0.833814144134521,-1,-1,-1,1,0.300471067428589
15,1,5,21,-27,27,0,0.36759614944458,1,1,-1,-1,0.583814144134521
15,1,5,25,-27,27,0,0.917133092880249,1,1,-1,-1,0.150925159454346
15,1,5,26,3,3,0,0.83379602432251,-1,-1,1,1,0.667133092880249
15,1,5,27,-27,27,0,0.483880996704102,1,-1,-1,-1,0.58379602432251
15,1,5,28,81,81,1,0.384262084960938,-1,-1,-1,1,0.233880996704102
15,1,5,29,-0,0,0,0.600902318954468,1,1,-1,-1,0.134262084960938
15,1,5,30,81,81,1,0.834235906600952,-1,-1,1,1,0.350902318954468
15,1,5,31,-9,9,0,0.583810567855835,1,1,-1,-1,0.584235906600952
15,1,5,32,27,27,1,0.267175436019897,-1,-1,1,1,0.333810567855835
15,1,5,33,-27,27,0,0.683801174163818,1,1,-1,-1,0.0171754360198975
15,1,5,34,9,9,1,0.317583084106445,-1,-1,1,1,0.433801174163818
15,1,5,35,-9,9,0,0.533812999725342,1,1,-1,-1,0.0675830841064453
15,1,5,36,3,3,1,0.384261131286621,-1,-1,1,1,0.283812999725342
15,1,5,37,-9,9,0,0.833791971206665,1,1,-1,-1,0.134261131286621
15,1,5,38,-27,27,0,0.300483226776123,-1,-1,1,1,0.583791971206665
15,1,5,39,3,3,1,0.48383092880249,-1,-1,-1,-1,0.050483226776123
15,1,5,40,-0,0,1,0.417143106460571,1,1,-1,-1,0.23383092880249
15,1,5,41,-9,9,0,0.517133951187134,-1,1,1,1,0.167143106460571
15,1,5,42,9,9,1,0.718087196350098,-1,-1,1,-1,0.267133951187134
15,1,5,43,-9,9,0,0.78379487991333,1,1,-1,-1,0.468087196350098
15,1,5,44,3,3,0,0.750449895858765,-1,-1,1,1,0.53379487991333
15,1,5,45,-0,0,0,0.517135143280029,1,-1,-1,-1,0.500449895858765
15,1,5,46,3,3,0,0.617586135864258,-1,-1,-1,1,0.267135143280029
15,1,5,47,-81,81,0,0.550483226776123,1,-1,-1,-1,0.367586135864258
15,1,5,48,9,9,1,0.867818117141724,-1,-1,-1,1,0.300483226776123
15,1,5,49,-3,3,0,0.533787965774536,1,1,-1,-1,0.617818117141724
15,1,5,50,0,0,0,1.08421611785889,-1,-1,1,1,0.283787965774536
15,1,5,51,-3,3,1,0.467581987380981,1,-1,-1,-1,0.834216117858887
15,1,5,52,27,27,1,0.450477123260498,-1,1,-1,1,0.217581987380981
15,1,5,53,-27,27,0,0.384261131286621,1,1,1,-1,0.200477123260498
15,1,5,54,3,3,1,0.517609119415283,-1,-1,1,1,0.134261131286621
15,1,5,55,81,81,1,0.48426079750061,1,1,-1,-1,0.267609119415283
15,1,5,56,-81,81,0,0.250941276550293,1,1,1,1,0.23426079750061
15,1,5,57,3,3,1,0.783805370330811,-1,-1,1,1,0.000941276550292969
15,1,5,58,9,9,1,0.267590999603271,1,1,-1,-1,0.533805370330811
15,1,5,59,-81,81,0,0.500923156738281,1,1,1,1,0.0175909996032715
15,1,5,60,-27,27,0,0.384257078170776,-1,-1,1,1,0.250923156738281
15,1,5,61,81,81,1,0.317131042480469,-1,-1,-1,-1,0.134257078170776
15,1,5,62,-0,0,0,0.86712908744812,1,1,-1,-1,0.0671310424804688
15,1,5,63,9,9,1,0.900937080383301,-1,-1,1,1,0.61712908744812
15,1,5,64,-81,81,0,0.5004723072052,1,1,-1,-1,0.650937080383301
15,1,5,65,81,81,1,0.500460147857666,-1,-1,1,1,0.2504723072052
15,1,5,66,-3,3,1,0.534268140792847,1,1,-1,-1,0.250460147857666
15,1,5,67,27,27,1,0.500925064086914,-1,1,1,1,0.284268140792847
15,1,5,68,-9,9,0,0.617594242095947,1,1,1,-1,0.250925064086914
15,1,5,69,3,3,0,0.534259080886841,-1,-1,1,1,0.367594242095947
15,1,5,70,-3,3,0,0.567646026611328,1,-1,-1,-1,0.284259080886841
15,1,5,71,-3,3,1,0.584263801574707,-1,-1,-1,1,0.317646026611328
15,1,5,72,81,81,1,0.600458383560181,-1,1,-1,-1,0.334263801574707
15,1,5,73,-81,81,0,0.467159986495972,1,1,1,-1,0.350458383560181
15,1,5,74,-81,81,0,0.384264945983887,-1,-1,1,1,0.217159986495972
15,1,5,75,27,27,1,0.467143297195435,-1,-1,-1,-1,0.134264945983887
15,1,5,76,-9,9,0,0.500466346740723,1,1,-1,-1,0.217143297195435
15,1,5,77,0,0,1,0.583817005157471,-1,-1,1,1,0.250466346740723
15,1,5,78,3,3,0,0.900450468063354,1,1,-1,-1,0.333817005157471
15,1,5,79,-27,27,0,0.533798694610596,1,-1,1,1,0.650450468063354
15,1,5,80,-9,9,0,0.417140960693359,-1,-1,-1,1,0.283798694610596
15,1,5,81,-27,27,0,0.433818101882935,-1,-1,-1,-1,0.167140960693359
15,1,5,82,-3,3,0,0.450476169586182,-1,-1,-1,-1,0.183818101882935
15,1,5,83,3,3,0,0.667581081390381,-1,-1,-1,-1,0.200476169586182
15,1,5,84,27,27,1,0.517125844955444,1,-1,-1,-1,0.417581081390381
15,1,5,85,-9,9,0,0.650914907455444,1,1,-1,1,0.267125844955444
15,1,5,86,3,3,1,0.867133855819702,-1,-1,1,1,0.400914907455444
15,1,5,87,-81,81,0,0.600470304489136,1,1,-1,-1,0.617133855819702
15,1,5,91,-27,27,0,0.350488185882568,1,1,-1,-1,0.733801126480103
15,1,5,92,-0,0,0,1.25118923187256,-1,-1,1,1,0.100488185882568
15,1,5,93,3,3,1,0.800883293151855,-1,-1,-1,-1,1.00118923187256
15,1,5,94,-27,27,0,0.534487247467041,1,1,-1,-1,0.550883293151855
15,1,5,95,0,0,1,0.533809185028076,-1,-1,1,1,0.284487247467041
15,1,5,96,-9,9,0,0.700493097305298,1,1,-1,-1,0.283809185028076
15,1,5,97,9,9,0,0.467165470123291,-1,-1,1,1,0.450493097305298
15,1,5,98,-9,9,0,0.900927066802979,1,-1,-1,-1,0.217165470123291
15,1,5,99,0,0,0,0.400942087173462,-1,-1,-1,1,0.650927066802979
15,1,6,2,81,81,1,0.350474834442139,1,-1,-1,-1,0.33404803276062
15,1,6,3,81,81,1,0.433822870254517,1,1,-1,1,0.100474834442139
15,1,6,4,-27,27,0,0.434515953063965,1,1,1,1,0.183822870254517
15,1,6,5,-27,27,0,0.567135810852051,-1,-1,1,1,0.184515953063965
15,1,6,6,-27,27,0,0.517607927322388,-1,-1,-1,-1,0.317135810852051
15,1,6,7,81,81,1,0.50092601776123,-1,-1,-1,-1,0.267607927322388
15,1,6,8,-0,0,0,0.76758599281311,1,1,-1,-1,0.25092601776123
15,1,6,9,81,81,1,0.517129898071289,-1,-1,1,1,0.51758599281311
15,1,6,10,-0,0,1,0.584278583526611,1,1,-1,-1,0.267129898071289
15,1,6,11,9,9,1,0.567135810852051,-1,1,1,1,0.334278583526611
15,1,6,12,-9,9,0,0.450457096099854,1,1,1,-1,0.317135810852051
15,1,6,13,-9,9,0,0.767205953598022,-1,-1,1,1,0.200457096099854
15,1,6,14,0,0,1,0.71756386756897,-1,-1,-1,-1,0.517205953598022
15,1,6,15,-27,27,0,0.517114400863647,1,1,-1,-1,0.46756386756897
15,1,6,16,27,27,1,0.350470066070557,-1,-1,1,1,0.267114400863647
15,1,6,17,3,3,1,0.434252977371216,1,1,-1,-1,0.100470066070557
15,1,6,18,-81,81,0,0.383798122406006,1,1,1,1,0.184252977371216
15,1,6,19,0,0,0,0.601037979125977,-1,-1,1,1,0.133798122406006
15,1,6,20,-9,9,0,0.450467824935913,1,-1,-1,-1,0.351037979125977
15,1,6,21,0,0,1,0.633813858032227,-1,-1,-1,1,0.200467824935913
15,1,6,25,3,3,1,0.433809995651245,-1,-1,-1,1,0.28422474861145
15,1,6,26,0,0,1,0.550926923751831,1,1,-1,-1,0.183809995651245
15,1,6,27,0,0,0,0.417160272598267,1,1,1,1,0.300926923751831
15,1,6,28,27,27,1,0.334239959716797,1,-1,1,1,0.167160272598267
15,1,6,29,-3,3,0,0.46720290184021,1,1,-1,1,0.0842399597167969
15,1,6,30,-9,9,1,0.300460577011108,-1,-1,1,1,0.21720290184021
15,1,6,31,-81,81,0,0.367550611495972,-1,1,-1,-1,0.0504605770111084
15,1,6,32,-27,27,0,0.433831930160522,-1,-1,1,-1,0.117550611495972
15,1,6,33,3,3,0,0.484224557876587,-1,-1,-1,-1,0.183831930160522
15,1,6,34,-3,3,0,0.467593193054199,1,-1,-1,-1,0.234224557876587
15,1,6,35,-27,27,0,0.484254121780396,-1,-1,-1,1,0.217593193054199
15,1,6,36,-9,9,0,0.468060970306396,-1,-1,-1,-1,0.234254121780396
15,1,6,37,-27,27,0,0.317153930664062,-1,-1,-1,-1,0.218060970306396
15,1,6,38,3,3,0,0.434253215789795,-1,-1,-1,-1,0.0671539306640625
15,1,6,39,-81,81,0,0.417598247528076,1,-1,-1,-1,0.184253215789795
15,1,6,40,-3,3,0,0.383820056915283,-1,-1,-1,1,0.167598247528076
15,1,6,41,-3,3,0,0.317171096801758,-1,-1,-1,-1,0.133820056915283
15,1,6,42,9,9,1,0.583803176879883,-1,-1,-1,-1,0.0671710968017578
15,1,6,43,9,9,1,0.500920295715332,1,1,-1,-1,0.333803176879883
15,1,6,44,27,27,1,0.283807992935181,1,1,1,1,0.250920295715332
15,1,6,45,-81,81,0,0.300480127334595,1,1,1,1,0.0338079929351807
15,1,6,46,0,0,0,0.284255266189575,-1,-1,1,1,0.0504801273345947
15,1,6,47,9,9,1,0.51714301109314,1,-1,-1,-1,0.0342552661895752
15,1,6,48,-81,81,0,0.317580938339233,1,1,-1,1,0.26714301109314
15,1,6,49,81,81,1,0.300935983657837,-1,-1,1,1,0.0675809383392334
15,1,6,50,27,27,1,0.333797931671143,1,1,-1,-1,0.0509359836578369
15,1,6,51,-81,81,0,0.500461101531982,1,1,1,1,0.0837979316711426
15,1,6,52,-3,3,1,0.717554092407227,-1,-1,1,1,0.250461101531982
15,1,6,53,-27,27,0,0.90045166015625,-1,1,-1,-1,0.467554092407227
15,1,6,54,-9,9,0,0.4504714012146,-1,-1,1,-1,0.65045166015625
15,1,6,55,3,3,0,0.36714768409729,-1,-1,-1,-1,0.2004714012146
15,1,6,56,-27,27,0,0.333798170089722,1,-1,-1,-1,0.11714768409729
15,1,6,57,-3,3,0,0.550493001937866,-1,-1,-1,1,0.0837981700897217
15,1,6,58,-81,81,0,0.333798408508301,-1,-1,-1,-1,0.300493001937866
15,1,6,59,9,9,1,0.534275054931641,-1,-1,-1,-1,0.0837984085083008
15,1,6,63,9,9,1,0.584256410598755,1,1,-1,-1,0.217592000961304
15,1,6,64,-27,27,0,0.450896978378296,1,1,1,1,0.334256410598755
15,1,6,65,-3,3,1,0.500481843948364,-1,-1,1,1,0.200896978378296
15,1,6,66,-3,3,1,0.500919818878174,-1,1,-1,-1,0.250481843948364
15,1,6,67,-81,81,0,0.334237575531006,-1,1,1,-1,0.250919818878174
15,1,6,68,-3,3,1,0.367591381072998,-1,-1,1,-1,0.0842375755310059
15,1,6,69,3,3,1,0.384294271469116,-1,1,-1,-1,0.117591381072998
15,1,6,70,3,3,1,0.400452375411987,1,1,1,-1,0.134294271469116
15,1,6,71,-27,27,0,0.35088849067688,1,1,1,1,0.150452375411987
15,1,6,72,9,9,1,0.484251260757446,-1,-1,1,1,0.10088849067688
15,1,6,73,3,3,1,0.450505971908569,1,1,-1,-1,0.234251260757446
15,1,6,74,-81,81,0,0.383832931518555,1,1,1,1,0.200505971908569
15,1,6,75,0,0,1,0.517129182815552,-1,-1,1,1,0.133832931518555
15,1,6,76,81,81,1,0.56711483001709,1,1,-1,-1,0.267129182815552
15,1,6,77,-81,81,0,0.384262800216675,1,1,1,1,0.31711483001709
15,1,6,78,81,81,1,0.533812046051025,-1,-1,1,1,0.134262800216675
15,1,6,79,-27,27,0,0.517556190490723,1,1,-1,-1,0.283812046051025
15,1,6,80,81,81,1,0.283820152282715,-1,-1,1,1,0.267556190490723
15,1,6,81,-9,9,0,0.38379955291748,1,1,-1,-1,0.0338201522827148
15,1,6,85,27,27,1,0.550938129425049,1,1,1,1,0.167143106460571
15,1,6,86,-27,27,0,0.567597150802612,1,1,1,1,0.300938129425049
15,1,6,87,-9,9,0,0.750444173812866,-1,-1,1,1,0.317597150802612
15,1,6,88,-0,0,1,0.50048828125,-1,-1,-1,-1,0.500444173812866
15,1,6,89,3,3,1,0.267154216766357,-1,1,-1,-1,0.25048828125
15,1,6,90,81,81,1,0.450911283493042,1,1,1,-1,0.0171542167663574
15,1,6,91,-9,9,0,0.467170238494873,1,1,1,1,0.200911283493042
15,1,6,92,9,9,1,0.267595291137695,-1,-1,1,1,0.217170238494873
15,1,6,93,-9,9,0,0.417194843292236,1,1,-1,-1,0.0175952911376953
15,1,6,94,9,9,1,0.434313297271729,-1,-1,1,1,0.167194843292236
15,1,6,95,0,0,1,0.517610311508179,1,1,-1,-1,0.184313297271729
15,1,6,99,-27,27,0,0.400919914245605,1,1,-1,-1,0.835120439529419
15,2,1,2,-9,9,0,0.867134094238281,-1,-1,-1,1,0.300747871398926
15,2,1,3,0,0,0,0.517157316207886,-1,-1,-1,-1,0.617134094238281
15,2,1,4,27,27,1,0.617676019668579,1,-1,-1,-1,0.267157316207886
15,2,1,5,-27,27,0,0.400457859039307,1,1,-1,1,0.367676019668579
15,2,1,6,3,3,1,0.500921010971069,-1,-1,1,1,0.150457859039307
15,2,1,7,9,9,0,0.350898265838623,1,1,-1,-1,0.250921010971069
15,2,1,8,-9,9,0,0.583802461624146,1,-1,1,1,0.100898265838623
15,2,1,9,9,9,1,0.433848857879639,-1,-1,-1,1,0.333802461624146
15,2,1,10,-81,81,0,0.483807802200317,1,1,-1,-1,0.183848857879639
15,2,1,11,0,0,1,0.517148971557617,-1,-1,1,1,0.233807802200317
15,2,1,12,-3,3,0,0.467150688171387,1,1,-1,-1,0.267148971557617
15,2,1,13,9,9,0,0.301018953323364,-1,-1,1,1,0.217150688171387
15,2,1,14,0,0,0,0.534243106842041,1,-1,-1,-1,0.0510189533233643
15,2,1,15,-3,3,0,0.517593860626221,1,-1,-1,1,0.284243106842041
15,2,1,16,9,9,0,0.500464200973511,-1,-1,-1,1,0.267593860626221
15,2,1,17,-27,27,0,0.40046501159668,1,-1,-1,-1,0.250464200973511
15,2,1,18,0,0,0,0.417147159576416,-1,-1,-1,1,0.15046501159668
15,2,1,19,-3,3,1,0.801000833511353,1,-1,-1,-1,0.167147159576416
15,2,1,20,27,27,1,0.650470018386841,-1,1,-1,1,0.551000833511353
15,2,1,21,-81,81,0,0.500932455062866,1,1,1,-1,0.400470018386841
15,2,1,22,3,3,0,0.767138957977295,-1,-1,1,1,0.250932455062866
15,2,1,23,-9,9,0,0.450680732727051,1,-1,-1,-1,0.517138957977295
15,2,1,24,-27,27,0,0.383838891983032,-1,-1,-1,1,0.200680732727051
15,2,1,25,-3,3,0,0.467142105102539,-1,-1,-1,-1,0.133838891983032
15,2,1,26,81,81,1,0.484267473220825,-1,-1,-1,-1,0.217142105102539
15,2,1,27,-0,0,0,0.467587947845459,1,1,-1,-1,0.234267473220825
15,2,1,28,27,27,1,0.53380274772644,-1,-1,1,1,0.217587947845459
15,2,1,29,-3,3,0,0.350460052490234,1,1,-1,-1,0.28380274772644
15,2,1,30,81,81,1,0.434258937835693,-1,-1,1,1,0.100460052490234
15,2,1,31,-9,9,0,0.433881044387817,1,1,-1,-1,0.184258937835693
15,2,1,32,81,81,1,0.600440740585327,-1,-1,1,1,0.183881044387817
15,2,1,33,-3,3,0,0.551717042922974,1,1,-1,-1,0.350440740585327
15,2,1,34,27,27,1,0.30095100402832,-1,-1,1,1,0.301717042922974
15,2,1,35,27,27,0,0.550462007522583,1,1,-1,-1,0.0509510040283203
15,2,1,36,-27,27,0,0.517138004302979,1,-1,1,1,0.300462007522583
15,2,1,37,-81,81,0,0.633810520172119,-1,-1,-1,1,0.267138004302979
15,2,1,38,27,27,1,0.484228610992432,-1,-1,-1,-1,0.383810520172119
15,2,1,42,-27,27,0,0.484262228012085,-1,-1,-1,1,0.217591047286987
15,2,1,43,3,3,0,0.500483274459839,-1,-1,-1,-1,0.234262228012085
15,2,1,44,-0,0,0,0.433839082717896,1,-1,-1,-1,0.250483274459839
15,2,1,45,9,9,0,0.333863019943237,-1,-1,-1,1,0.183839082717896
15,2,1,46,-27,27,0,0.483803033828735,1,-1,-1,-1,0.0838630199432373
15,2,1,47,3,3,0,0.63387131690979,-1,-1,-1,1,0.233803033828735
15,2,1,48,-27,27,0,0.434249877929688,1,-1,-1,-1,0.38387131690979
15,2,1,49,9,9,0,0.584251642227173,-1,-1,-1,1,0.184249877929688
15,2,1,50,-9,9,0,0.484641075134277,1,-1,-1,-1,0.334251642227173
15,2,1,51,27,27,1,0.433797836303711,-1,-1,-1,1,0.234641075134277
15,2,1,52,-3,3,0,0.600919485092163,1,1,-1,-1,0.183797836303711
15,2,1,53,27,27,1,0.350465536117554,-1,-1,1,1,0.350919485092163
15,2,1,54,-0,0,1,0.433873653411865,1,1,-1,-1,0.100465536117554
15,2,1,55,27,27,1,0.500896453857422,-1,1,1,1,0.183873653411865
15,2,1,56,-81,81,0,0.367119073867798,1,1,1,-1,0.250896453857422
15,2,1,57,-3,3,0,0.417144060134888,-1,-1,1,1,0.117119073867798
15,2,1,58,9,9,1,0.750452041625977,-1,-1,-1,-1,0.167144060134888
15,2,1,59,-81,81,0,0.46718692779541,1,1,-1,-1,0.500452041625977
15,2,1,60,27,27,1,0.73379373550415,-1,-1,1,1,0.21718692779541
15,2,1,61,81,81,1,0.333788394927979,1,1,-1,-1,0.48379373550415
15,2,1,62,-3,3,0,0.434257030487061,1,1,1,1,0.0837883949279785
15,2,1,63,81,81,1,0.300463914871216,-1,-1,1,1,0.184257030487061
15,2,1,64,-3,3,0,0.301103115081787,1,1,-1,-1,0.0504639148712158
15,2,1,65,-81,81,0,0.667611598968506,-1,-1,1,1,0.0511031150817871
15,2,1,66,81,81,1,0.517124176025391,-1,-1,-1,-1,0.417611598968506
15,2,1,67,-0,0,0,0.333893060684204,1,1,-1,-1,0.267124176025391
15,2,1,68,81,81,1,0.501797914505005,-1,-1,1,1,0.0838930606842041
15,2,1,69,-0,0,0,0.317143201828003,1,1,-1,-1,0.251797914505005
15,2,1,70,3,3,1,0.617119073867798,-1,-1,1,1,0.0671432018280029
15,2,1,71,-9,9,0,0.350492000579834,1,1,-1,-1,0.367119073867798
15,2,1,72,27,27,1,0.317151784896851,-1,-1,1,1,0.100492000579834
15,2,1,76,9,9,1,0.31715202331543,-1,-1,-1,1,0.367591857910156
15,2,1,77,-3,3,0,0.467170000076294,1,1,-1,-1,0.0671520233154297
15,2,1,78,9,9,1,0.484257936477661,-1,-1,1,1,0.217170000076294
15,2,1,79,-27,27,0,0.450930118560791,1,1,-1,-1,0.234257936477661
15,2,1,80,3,3,0,0.650469779968262,-1,-1,1,1,0.200930118560791
15,2,1,81,-27,27,0,0.467154026031494,1,-1,-1,-1,0.400469779968262
15,2,1,82,81,81,1,0.400937080383301,-1,-1,-1,1,0.217154026031494
15,2,1,83,-81,81,0,0.383841037750244,1,1,-1,-1,0.150937080383301
15,2,1,84,-81,81,0,0.517128944396973,-1,-1,1,1,0.133841037750244
15,2,1,85,-3,3,0,0.517582893371582,-1,-1,-1,-1,0.267128944396973
15,2,1,86,81,81,1,0.50095009803772,-1,-1,-1,-1,0.267582893371582
15,2,1,87,-9,9,0,0.500476121902466,1,1,-1,-1,0.25095009803772
15,2,1,88,0,0,0,0.567590951919556,-1,-1,1,1,0.250476121902466
15,2,1,89,-9,9,0,0.383810997009277,1,-1,-1,-1,0.317590951919556
15,2,1,90,-81,81,0,0.333822250366211,-1,-1,-1,1,0.133810997009277
15,2,1,91,3,3,1,0.567139148712158,-1,-1,-1,-1,0.0838222503662109
15,2,1,92,-9,9,0,0.450888395309448,1,1,-1,-1,0.317139148712158
15,2,1,93,81,81,1,0.550501108169556,-1,-1,1,1,0.200888395309448
15,2,1,94,27,27,1,0.917140245437622,1,1,-1,-1,0.300501108169556
15,2,1,95,-9,9,0,1.23377799987793,1,1,1,1,0.667140245437622
15,2,1,96,3,3,0,0.534260749816895,-1,-1,1,1,0.98377799987793
15,2,1,97,-3,3,0,0.450489044189453,1,-1,-1,-1,0.284260749816895
15,2,1,98,-81,81,0,0.500483751296997,-1,-1,-1,1,0.200489044189453
15,2,1,99,0,0,0,0.467589855194092,-1,-1,-1,-1,0.250483751296997
15,2,2,2,81,81,1,0.450476169586182,-1,-1,-1,1,0.400707960128784
15,2,2,3,-81,81,0,0.483837127685547,1,1,-1,-1,0.200476169586182
15,2,2,4,9,9,1,0.484227418899536,-1,-1,1,1,0.233837127685547
15,2,2,5,-81,81,0,0.567589044570923,1,1,-1,-1,0.234227418899536
15,2,2,6,3,3,1,0.733799934387207,-1,-1,1,1,0.317589044570923
15,2,2,7,-3,3,1,0.467133760452271,1,1,-1,-1,0.483799934387207
15,2,2,8,9,9,1,0.950939178466797,-1,1,1,1,0.217133760452271
15,2,2,9,-3,3,0,0.700976848602295,1,1,1,-1,0.700939178466797
15,2,2,10,9,9,1,0.250946044921875,-1,-1,1,1,0.450976848602295
15,2,2,11,-3,3,1,0.467128753662109,1,1,-1,-1,0.000946044921875
15,2,2,12,3,3,0,0.750905752182007,-1,1,1,1,0.217128753662109
15,2,2,13,-81,81,0,0.567151069641113,1,-1,1,-1,0.500905752182007
15,2,2,14,0,0,1,0.317166805267334,-1,-1,-1,1,0.317151069641113
15,2,2,15,-3,3,0,0.767114400863647,1,1,-1,-1,0.067166805267334
15,2,2,16,-3,3,0,0.434262037277222,-1,-1,1,1,0.517114400863647
15,2,2,17,9,9,1,0.517139196395874,-1,-1,-1,-1,0.184262037277222
15,2,2,18,-0,0,1,0.433805227279663,1,1,-1,-1,0.267139196395874
15,2,2,19,-0,0,0,0.367595911026001,-1,1,1,1,0.183805227279663
15,2,2,20,-9,9,0,0.650918006896973,-1,-1,1,-1,0.117595911026001
15,2,2,21,27,27,1,0.350496292114258,-1,-1,-1,-1,0.400918006896973
15,2,2,22,3,3,1,0.400483846664429,1,1,-1,-1,0.100496292114258
15,2,2,23,-9,9,1,0.350456953048706,1,1,1,1,0.150483846664429
15,2,2,24,81,81,1,0.467157125473022,-1,1,1,1,0.100456953048706
15,2,2,25,-0,0,0,0.450472116470337,1,1,1,-1,0.217157125473022
15,2,2,26,9,9,0,0.667113065719604,-1,-1,1,1,0.200472116470337
15,2,2,27,-81,81,0,0.533801317214966,1,-1,-1,-1,0.417113065719604
15,2,2,28,3,3,0,0.734251022338867,-1,-1,-1,1,0.283801317214966
15,2,2,29,-0,0,0,0.517128944396973,1,-1,-1,-1,0.484251022338867
15,2,2,30,9,9,1,0.400480031967163,-1,-1,-1,1,0.267128944396973
15,2,2,31,-27,27,0,0.317589044570923,1,1,-1,-1,0.150480031967163
15,2,2,32,81,81,1,0.383801221847534,-1,-1,1,1,0.0675890445709229
15,2,2,33,-27,27,0,0.417596101760864,1,1,-1,-1,0.133801221847534
15,2,2,34,-3,3,0,0.367141008377075,-1,-1,1,1,0.167596101760864
15,2,2,35,9,9,0,0.383797168731689,-1,-1,-1,-1,0.117141008377075
15,2,2,36,-3,3,0,0.383804798126221,1,-1,-1,-1,0.133797168731689
15,2,2,37,3,3,0,0.534253358840942,-1,-1,-1,1,0.133804798126221
15,2,2,38,-3,3,0,0.583820819854736,1,-1,-1,-1,0.284253358840942
15,2,2,39,81,81,1,0.267144918441772,-1,-1,-1,1,0.333820819854736
15,2,2,40,-27,27,0,0.400923013687134,1,1,-1,-1,0.0171449184417725
15,2,2,41,3,3,0,0.517170906066895,-1,-1,1,1,0.150923013687134
15,2,2,46,-3,3,0,0.767113924026489,1,1,1,1,0.283794164657593
15,2,2,47,27,27,1,0.533807992935181,-1,-1,1,1,0.517113924026489
15,2,2,48,-0,0,1,0.500957012176514,1,1,-1,-1,0.283807992935181
15,2,2,49,9,9,1,0.550925970077515,-1,1,1,1,0.250957012176514
15,2,2,50,-27,27,0,0.583801984786987,1,1,1,-1,0.300925970077515
15,2,2,51,27,27,1,0.600471973419189,-1,-1,1,1,0.333801984786987
15,2,2,52,-0,0,0,0.800462961196899,1,1,-1,-1,0.350471973419189
15,2,2,53,9,9,1,0.567139863967896,-1,-1,1,1,0.550462961196899
15,2,2,54,-81,81,0,0.500497102737427,1,1,-1,-1,0.317139863967896
15,2,2,55,-81,81,0,0.500896215438843,-1,-1,1,1,0.250497102737427
15,2,2,56,-27,27,0,0.567157983779907,-1,-1,-1,-1,0.250896215438843
15,2,2,57,27,27,1,0.367599964141846,-1,-1,-1,-1,0.317157983779907
15,2,2,58,81,81,1,0.600913763046265,1,1,-1,-1,0.117599964141846
15,2,2,59,-27,27,0,0.368051767349243,1,1,1,1,0.350913763046265
15,2,2,60,27,27,1,0.500927925109863,-1,-1,1,1,0.118051767349243
15,2,2,61,-0,0,1,0.784246921539307,1,1,-1,-1,0.250927925109863
15,2,2,62,9,9,1,0.750482082366943,-1,1,1,1,0.534246921539307
15,2,2,63,-9,9,0,0.334258079528809,1,1,1,-1,0.500482082366943
15,2,2,64,9,9,1,0.550467252731323,-1,-1,1,1,0.0842580795288086
15,2,2,65,-27,27,0,0.683800458908081,1,1,-1,-1,0.300467252731323
15,2,2,66,0,0,0,0.700460195541382,-1,-1,1,1,0.433800458908081
15,2,2,67,-27,27,0,0.383807897567749,1,-1,-1,-1,0.450460195541382
15,2,2,71,-9,9,0,0.31714391708374,1,1,-1,-1,0.200512886047363
15,2,2,72,81,81,1,0.35095477104187,-1,-1,1,1,0.0671439170837402
15,2,2,73,-3,3,1,0.483803987503052,1,1,-1,-1,0.10095477104187
15,2,2,74,81,81,1,0.251002311706543,-1,1,1,1,0.233803987503052
15,2,2,78,27,27,1,0.600884199142456,1,-1,1,1,0.201035976409912
15,2,2,79,-3,3,0,0.683799982070923,1,1,-1,1,0.350884199142456
15,2,2,80,81,81,1,0.500924110412598,-1,-1,1,1,0.433799982070923
15,2,2,81,27,27,1,0.483804941177368,1,1,-1,-1,0.250924110412598
15,2,2,82,-9,9,0,0.4671471118927,1,1,1,1,0.233804941177368
15,2,2,83,81,81,1,0.450913190841675,-1,-1,1,1,0.2171471118927
15,2,2,84,-9,9,0,0.384268760681152,1,1,-1,-1,0.200913190841675
15,2,2,85,3,3,1,0.383870840072632,-1,-1,1,1,0.134268760681152
15,2,2,86,81,81,1,0.550926923751831,1,1,-1,-1,0.133870840072632
15,2,2,91,-0,0,1,0.550929069519043,1,1,-1,-1,0.300922155380249
15,2,2,92,81,81,1,0.617588043212891,-1,1,1,1,0.300929069519043
15,2,2,93,-9,9,0,0.467182874679565,1,1,1,-1,0.367588043212891
15,2,2,94,-81,81,0,0.317161083221436,-1,-1,1,1,0.217182874679565
15,2,2,95,9,9,0,0.500939607620239,-1,-1,-1,-1,0.0671610832214355
15,2,2,96,-27,27,0,0.350482225418091,1,-1,-1,-1,0.250939607620239
15,2,2,97,27,27,1,0.38424015045166,-1,-1,-1,1,0.100482225418091
15,2,2,98,-0,0,0,0.384281158447266,1,1,-1,-1,0.13424015045166
15,2,2,99,3,3,0,0.43428897857666,-1,-1,1,1,0.134281158447266
15,2,3,2,81,81,1,0.550470590591431,-1,-1,-1,-1,0.267889738082886
15,2,3,3,9,9,0,0.617160081863403,1,1,-1,-1,0.300470590591431
15,2,3,4,-3,3,1,0.933783292770386,1,-1,1,1,0.367160081863403
15,2,3,5,27,27,1,0.500927925109863,-1,1,-1,1,0.683783292770386
15,2,3,6,3,3,0,0.533817529678345,1,1,1,-1,0.250927925109863
15,2,3,7,-9,9,0,0.48382568359375,1,-1,1,1,0.283817529678345
15,2,3,8,81,81,1,0.533794641494751,-1,-1,-1,1,0.23382568359375
15,2,3,9,9,9,1,0.500946998596191,1,1,-1,-1,0.283794641494751
15,2,3,10,-0,0,0,0.317147970199585,1,1,1,1,0.250946998596191
15,2,3,11,-27,27,0,0.667580842971802,-1,-1,1,1,0.067147970199585
15,2,3,12,-81,81,0,0.400933980941772,-1,-1,-1,-1,0.417580842971802
15,2,3,13,-27,27,0,0.400470018386841,-1,-1,-1,-1,0.150933980941772
15,2,3,14,9,9,1,0.417140960693359,-1,-1,-1,-1,0.150470018386841
15,2,3,15,9,9,0,0.717149972915649,1,1,-1,-1,0.167140960693359
15,2,3,16,-81,81,0,0.467714786529541,1,-1,1,1,0.467149972915649
15,2,3,17,81,81,1,0.733781814575195,-1,-1,-1,1,0.217714786529541
15,2,3,18,-27,27,0,0.40049409866333,1,1,-1,-1,0.483781814575195
15,2,3,19,9,9,0,0.500929117202759,-1,-1,1,1,0.15049409866333
15,2,3,20,0,0,0,0.584256649017334,1,-1,-1,-1,0.250929117202759
15,2,3,21,-81,81,0,0.485106945037842,1,-1,-1,1,0.334256649017334
15,2,3,22,81,81,1,0.434280872344971,-1,-1,-1,1,0.235106945037842
15,2,3,23,3,3,0,0.633792161941528,1,1,-1,-1,0.184280872344971
15,2,3,24,-3,3,0,0.46714186668396,1,-1,1,1,0.383792161941528
15,2,3,25,-3,3,0,0.451756954193115,-1,-1,-1,1,0.21714186668396
15,2,3,26,-3,3,0,0.367602109909058,-1,-1,-1,-1,0.201756954193115
15,2,3,27,0,0,0,0.367158889770508,-1,-1,-1,-1,0.117602109909058
15,2,3,28,-27,27,0,0.333801031112671,1,-1,-1,-1,0.117158889770508
15,2,3,29,-0,0,0,0.317172527313232,-1,-1,-1,1,0.0838010311126709
15,2,3,30,27,27,1,0.283813953399658,-1,-1,-1,-1,0.0671725273132324
15,2,3,31,-9,9,0,0.75091028213501,1,1,-1,-1,0.0338139533996582
15,2,3,32,9,9,0,0.450929164886475,-1,-1,1,1,0.50091028213501
15,2,3,33,-3,3,0,0.55052661895752,1,-1,-1,-1,0.200929164886475
15,2,3,34,-3,3,0,0.334257125854492,-1,-1,-1,1,0.30052661895752
15,2,3,35,3,3,1,0.817144393920898,-1,-1,-1,-1,0.0842571258544922
15,2,3,36,9,9,0,0.48379111289978,1,1,-1,-1,0.567144393920898
15,2,3,37,3,3,0,0.600467920303345,1,-1,1,1,0.23379111289978
15,2,3,38,27,27,1,0.567568063735962,1,-1,-1,1,0.350467920303345
15,2,3,39,-0,0,0,0.400925159454346,1,1,-1,1,0.317568063735962
15,2,3,40,0,0,0,0.350473880767822,-1,-1,1,1,0.150925159454346
15,2,3,41,-27,27,1,0.484248161315918,1,-1,-1,-1,0.100473880767822
15,2,3,42,-3,3,0,0.384268045425415,-1,1,-1,1,0.234248161315918
15,2,3,43,-9,9,0,0.634246110916138,-1,-1,1,-1,0.134268045425415
15,2,3,44,81,81,1,0.767130851745605,-1,-1,-1,-1,0.384246110916138
15,2,3,45,3,3,0,0.517147302627563,1,1,-1,-1,0.517130851745605
15,2,3,46,-27,27,0,0.46712064743042,1,-1,1,1,0.267147302627563
15,2,3,47,27,27,1,0.484254598617554,-1,-1,-1,1,0.21712064743042
15,2,3,48,-0,0,0,0.517155885696411,1,1,-1,-1,0.234254598617554
15,2,3,49,9,9,1,0.500959873199463,-1,-1,1,1,0.267155885696411
15,2,3,50,-9,9,0,0.417133092880249,1,1,-1,-1,0.250959873199463
15,2,3,51,27,27,1,0.483789920806885,-1,-1,1,1,0.167133092880249
15,2,3,52,27,27,1,0.633814096450806,1,1,-1,-1,0.233789920806885
15,2,3,53,-27,27,0,0.50092077255249,1,1,1,1,0.383814096450806
15,2,3,54,-81,81,0,0.483804225921631,-1,-1,1,1,0.25092077255249
15,2,3,55,-81,81,0,0.550472021102905,-1,-1,-1,-1,0.233804225921631
15,2,3,56,-27,27,0,0.451064825057983,-1,-1,-1,-1,0.300472021102905
15,2,3,57,-27,27,0,0.267600774765015,-1,-1,-1,-1,0.201064825057983
15,2,3,58,-3,3,0,0.433804988861084,-1,-1,-1,-1,0.0176007747650146
15,2,3,59,-81,81,0,0.334288120269775,-1,-1,-1,-1,0.183804988861084
15,2,3,60,-81,81,0,0.484278678894043,-1,-1,-1,-1,0.0842881202697754
15,2,3,61,-3,3,0,0.534258127212524,-1,-1,-1,-1,0.234278678894043
15,2,3,62,-0,0,0,0.717596054077148,-1,-1,-1,-1,0.284258127212524
15,2,3,63,-3,3,0,0.250952959060669,-1,-1,-1,-1,0.467596054077148
15,2,3,64,-81,81,0,0.383797883987427,-1,-1,-1,-1,0.000952959060668945
15,2,3,65,27,27,1,0.450896978378296,-1,-1,-1,-1,0.133797883987427
15,2,3,66,81,81,1,0.317133903503418,1,1,-1,-1,0.200896978378296
15,2,3,67,81,81,1,0.317737817764282,1,1,1,1,0.067133903503418
15,2,3,68,3,3,0,0.750922203063965,1,1,1,1,0.0677378177642822
15,2,3,69,-81,81,0,0.400464057922363,1,-1,1,1,0.500922203063965
15,2,3,70,3,3,0,0.350896835327148,-1,-1,-1,1,0.150464057922363
15,2,3,71,-9,9,0,0.367191314697266,1,-1,-1,-1,0.100896835327148
15,2,3,72,-3,3,0,0.467585802078247,-1,-1,-1,1,0.117191314697266
15,2,3,73,81,81,1,0.467158079147339,-1,-1,-1,-1,0.217585802078247
15,2,3,74,27,27,1,0.584227323532104,1,1,-1,-1,0.217158079147339
15,2,3,75,3,3,1,0.450898170471191,1,1,1,1,0.334227323532104
15,2,3,76,81,81,1,0.417131900787354,1,1,1,1,0.200898170471191
15,2,3,77,27,27,1,0.434250831604004,1,1,1,1,0.167131900787354
15,2,3,78,27,27,1,0.383816003799438,1,1,1,1,0.184250831604004
15,2,3,79,-27,27,0,0.417129993438721,1,1,1,1,0.133816003799438
15,2,3,80,-0,0,0,0.517585754394531,-1,-1,1,1,0.167129993438721
15,2,3,81,-81,81,0,0.467124938964844,-1,-1,-1,-1,0.267585754394531
15,2,3,82,81,81,1,0.484258890151978,-1,-1,-1,-1,0.217124938964844
15,2,3,83,-9,9,0,0.434251308441162,1,1,-1,-1,0.234258890151978
15,2,3,84,0,0,0,0.267170190811157,-1,-1,1,1,0.184251308441162
15,2,3,85,9,9,0,0.567149639129639,1,-1,-1,-1,0.0171701908111572
15,2,3,86,9,9,0,0.683800935745239,1,-1,-1,1,0.317149639129639
15,2,3,87,9,9,1,0.534304857254028,1,-1,-1,1,0.433800935745239
15,2,3,88,-9,9,0,0.450475931167603,1,1,-1,1,0.284304857254028
15,2,3,89,-0,0,1,0.667126893997192,-1,-1,1,1,0.200475931167603
15,2,3,90,9,9,0,0.300475120544434,-1,1,-1,-1,0.417126893997192
15,2,3,91,27,27,1,0.450896024703979,1,-1,1,-1,0.0504751205444336
15,2,3,92,3,3,1,0.483824968338013,1,1,-1,1,0.200896024703979
15,2,3,93,-3,3,0,0.300937652587891,1,1,1,1,0.233824968338013
15,2,3,94,81,81,1,0.450927734375,-1,-1,1,1,0.0509376525878906
15,2,3,95,-9,9,1,0.96711802482605,1,1,-1,-1,0.200927734375
15,2,3,96,-9,9,0,0.317202806472778,-1,1,1,1,0.71711802482605
15,2,3,97,27,27,1,0.767116069793701,-1,-1,1,-1,0.0672028064727783
15,2,3,98,-9,9,0,0.451343059539795,1,1,-1,-1,0.517116069793701
15,2,3,99,-81,81,0,0.333837032318115,-1,-1,1,1,0.201343059539795
15,2,4,2,-3,3,0,0.66713809967041,-1,-1,-1,1,0.634041547775269
15,2,4,3,-3,3,0,0.517224550247192,-1,-1,-1,-1,0.41713809967041
15,2,4,4,-3,3,0,0.300934553146362,-1,-1,-1,-1,0.267224550247192
15,2,4,5,-81,81,0,0.383806467056274,-1,-1,-1,-1,0.0509345531463623
15,2,4,6,-3,3,0,0.500476121902466,-1,-1,-1,-1,0.133806467056274
15,2,4,7,-81,81,0,0.500921964645386,-1,-1,-1,-1,0.250476121902466
15,2,4,8,-9,9,0,0.333816051483154,-1,-1,-1,-1,0.250921964645386
15,2,4,9,-9,9,0,0.317169904708862,-1,-1,-1,-1,0.0838160514831543
15,2,4,10,-27,27,0,0.333800077438354,-1,-1,-1,-1,0.0671699047088623
15,2,4,11,-81,81,0,0.367596864700317,-1,-1,-1,-1,0.0838000774383545
15,2,4,12,-3,3,0,0.267147541046143,-1,-1,-1,-1,0.117596864700317
15,2,4,13,-27,27,0,0.300478458404541,-1,-1,-1,-1,0.0171475410461426
15,2,4,14,-9,9,0,0.433797836303711,-1,-1,-1,-1,0.050478458404541
15,2,4,15,-27,27,0,0.417609453201294,-1,-1,-1,-1,0.183797836303711
15,2,4,16,-3,3,0,0.367609977722168,-1,-1,-1,-1,0.167609453201294
15,2,4,17,-0,0,0,0.467152118682861,-1,-1,-1,-1,0.117609977722168
15,2,4,18,-9,9,0,0.417128324508667,-1,-1,-1,-1,0.217152118682861
15,2,4,19,81,81,1,0.284258127212524,-1,-1,-1,-1,0.167128324508667
15,2,4,20,81,81,1,0.333811044692993,1,1,-1,-1,0.0342581272125244
15,2,4,21,27,27,1,0.350935459136963,1,1,1,1,0.0838110446929932
15,2,4,22,-27,27,0,0.367592811584473,1,1,1,1,0.100935459136963
15,2,4,23,-81,81,0,0.300462007522583,-1,-1,1,1,0.117592811584473
15,2,4,24,-81,81,0,0.367598533630371,-1,-1,-1,-1,0.050462007522583
15,2,4,25,9,9,0,0.284250974655151,-1,-1,-1,-1,0.117598533630371
15,2,4,26,27,27,1,0.534266471862793,1,-1,-1,-1,0.0342509746551514
15,2,4,27,9,9,1,0.600914239883423,1,1,-1,1,0.284266471862793
15,2,4,28,9,9,1,0.650972843170166,1,1,1,1,0.350914239883423
15,2,4,29,81,81,1,0.417191743850708,1,1,1,1,0.400972843170166
15,2,4,30,81,81,1,0.334264755249023,1,1,1,1,0.167191743850708
15,2,4,31,81,81,1,0.467160940170288,1,1,1,1,0.0842647552490234
15,2,4,32,-27,27,0,0.800457954406738,1,1,1,1,0.217160940170288
15,2,4,33,3,3,0,0.550459384918213,-1,-1,1,1,0.550457954406738
15,2,4,34,-3,3,0,0.48385214805603,1,-1,-1,-1,0.300459384918213
15,2,4,35,-0,0,0,0.4171302318573,-1,-1,-1,1,0.23385214805603
15,2,4,36,0,0,0,0.517587900161743,-1,-1,-1,-1,0.1671302318573
15,2,4,37,-0,0,1,0.550552129745483,1,-1,-1,-1,0.267587900161743
15,2,4,38,-27,27,0,0.600461959838867,-1,1,-1,1,0.300552129745483
15,2,4,39,-0,0,0,0.334275007247925,-1,-1,1,-1,0.350461959838867
15,2,4,40,-81,81,0,0.400477170944214,-1,-1,-1,-1,0.0842750072479248
15,2,4,41,-3,3,0,0.317158937454224,-1,-1,-1,-1,0.150477170944214
15,2,4,42,-81,81,0,0.350924968719482,-1,-1,-1,-1,0.0671589374542236
15,2,4,43,-3,3,0,0.350483179092407,-1,-1,-1,-1,0.100924968719482
15,2,4,44,-81,81,0,0.551142930984497,-1,-1,-1,-1,0.100483179092407
15,2,4,45,-27,27,0,0.36754846572876,-1,-1,-1,-1,0.301142930984497
15,2,4,46,-3,3,0,0.367143392562866,-1,-1,-1,-1,0.11754846572876
15,2,4,47,-27,27,0,0.433839321136475,-1,-1,-1,-1,0.117143392562866
15,2,4,48,-0,0,0,0.417608022689819,-1,-1,-1,-1,0.183839321136475
15,2,4,49,-9,9,0,0.434265851974487,-1,-1,-1,-1,0.167608022689819
15,2,4,50,-0,0,0,0.617578029632568,-1,-1,-1,-1,0.184265851974487
15,2,4,51,9,9,1,0.5175940990448,-1,-1,-1,-1,0.367578029632568
15,2,4,52,27,27,1,0.51710844039917,1,1,-1,-1,0.2675940990448
15,2,4,56,-9,9,0,0.334298133850098,-1,-1,1,-1,0.0842599868774414
15,2,4,57,-81,81,0,0.283807516098022,-1,-1,-1,-1,0.0842981338500977
15,2,4,58,27,27,1,0.334220886230469,-1,-1,-1,-1,0.0338075160980225
15,2,4,59,27,27,1,0.517577886581421,1,1,-1,-1,0.0842208862304688
15,2,4,60,81,81,1,0.334573984146118,1,1,1,1,0.267577886581421
15,2,4,61,-0,0,0,0.483803749084473,1,1,1,1,0.0845739841461182
15,2,4,62,9,9,1,0.45048189163208,-1,-1,1,1,0.233803749084473
15,2,4,63,27,27,1,0.367126941680908,1,1,-1,-1,0.20048189163208
15,2,4,64,81,81,1,0.450491905212402,1,1,1,1,0.117126941680908
15,2,4,65,3,3,0,0.534263134002686,1,1,1,1,0.200491905212402
15,2,4,66,9,9,1,0.317625045776367,1,-1,1,1,0.284263134002686
15,2,4,67,-3,3,1,0.533799886703491,1,1,-1,1,0.0676250457763672
15,2,4,68,27,27,1,0.400471687316895,-1,1,1,1,0.283799886703491
15,2,4,69,-3,3,0,0.734251976013184,1,1,1,-1,0.150471687316895
15,2,4,70,81,81,1,0.334276914596558,-1,-1,1,1,0.484251976013184
15,2,4,74,9,9,1,0.633798360824585,1,-1,1,1,0.283804178237915
15,2,4,75,9,9,1,0.634244203567505,1,1,-1,1,0.383798360824585
15,2,4,76,9,9,0,0.368155002593994,1,1,1,1,0.384244203567505
15,2,4,77,-27,27,0,0.267154932022095,1,-1,1,1,0.118155002593994
15,2,4,78,9,9,1,0.267200946807861,-1,-1,-1,1,0.0171549320220947
15,2,4,79,27,27,1,0.267687082290649,1,1,-1,-1,0.0172009468078613
15,2,4,80,81,81,1,0.400486946105957,1,1,1,1,0.0176870822906494
15,2,4,81,3,3,1,0.567597627639771,1,1,1,1,0.150486946105957
15,2,4,82,0,0,0,0.400465965270996,1,1,1,1,0.317597627639771
15,2,4,83,-3,3,0,0.767578840255737,1,-1,1,1,0.150465965270996
15,2,4,84,-9,9,0,0.267601013183594,-1,-1,-1,1,0.517578840255737
15,2,4,85,3,3,0,0.483864068984985,-1,-1,-1,-1,0.0176010131835938
15,2,4,86,9,9,1,0.433799028396606,1,-1,-1,-1,0.233864068984985
15,2,4,87,81,81,1,0.367650032043457,1,1,-1,1,0.183799028396606
15,2,4,88,3,3,1,0.367559909820557,1,1,1,1,0.117650032043457
15,2,4,89,3,3,1,0.450475931167603,1,1,1,1,0.117559909820557
15,2,4,90,-27,27,0,0.567140102386475,1,1,1,1,0.200475931167603
15,2,4,91,-81,81,0,0.450465202331543,-1,-1,1,1,0.317140102386475
15,2,4,92,-27,27,0,0.41713809967041,-1,-1,-1,-1,0.200465202331543
15,2,4,96,-3,3,0,0.567124128341675,1,1,-1,-1,0.200480937957764
15,2,4,97,-9,9,0,0.534259080886841,-1,-1,1,1,0.317124128341675
15,2,4,98,27,27,1,0.817594766616821,-1,-1,-1,-1,0.284259080886841
15,2,4,99,9,9,0,0.550504446029663,1,1,-1,-1,0.567594766616821
15,2,5,2,9,9,0,0.667129993438721,1,1,1,1,0.600669860839844
15,2,5,3,-81,81,0,0.517130851745605,1,-1,1,1,0.417129993438721
15,2,5,4,3,3,0,0.850913763046265,-1,-1,-1,1,0.267130851745605
15,2,5,5,-81,81,0,0.317139863967896,1,-1,-1,-1,0.600913763046265
15,2,5,6,3,3,0,0.283798933029175,-1,-1,-1,1,0.0671398639678955
15,2,5,7,-3,3,0,0.651017427444458,1,-1,-1,-1,0.0337989330291748
15,2,5,8,81,81,1,0.850457906723022,-1,-1,-1,1,0.401017427444458
15,2,5,9,-9,9,0,0.650918960571289,1,1,-1,-1,0.600457906723022
15,2,5,10,-27,27,0,0.483796358108521,-1,-1,1,1,0.400918960571289
15,2,5,11,0,0,1,0.917165994644165,-1,-1,-1,-1,0.233796358108521
15,2,5,12,-81,81,0,0.467210054397583,1,1,-1,-1,0.667165994644165
15,2,5,13,-81,81,0,0.300936222076416,-1,-1,1,1,0.217210054397583
15,2,5,14,-81,81,0,0.350476741790771,-1,-1,-1,-1,0.050936222076416
15,2,5,15,9,9,1,0.383807182312012,-1,-1,-1,-1,0.100476741790771
15,2,5,16,-9,9,0,0.368365049362183,1,1,-1,-1,0.133807182312012
15,2,5,17,0,0,0,0.433791160583496,-1,-1,1,1,0.118365049362183
15,2,5,18,-3,3,1,0.483811616897583,1,-1,-1,-1,0.183791160583496
15,2,5,19,-81,81,0,0.433790922164917,-1,1,-1,1,0.233811616897583
15,2,5,20,81,81,1,0.433811187744141,-1,-1,1,-1,0.183790922164917
15,2,5,21,-9,9,0,0.81759786605835,1,1,-1,-1,0.183811187744141
15,2,5,22,27,27,1,0.600926160812378,-1,-1,1,1,0.56759786605835
15,2,5,23,81,81,1,0.63383960723877,1,1,-1,-1,0.350926160812378
15,2,5,24,-9,9,0,0.467594146728516,1,1,1,1,0.38383960723877
15,2,5,25,-27,27,0,0.600446939468384,-1,-1,1,1,0.217594146728516
15,2,5,26,-81,81,0,0.36758279800415,-1,-1,-1,-1,0.350446939468384
15,2,5,27,-27,27,0,0.250957727432251,-1,-1,-1,-1,0.11758279800415
15,2,5,28,-27,27,0,0.550461769104004,-1,-1,-1,-1,0.000957727432250977
15,2,5,29,-27,27,0,0.450475215911865,-1,-1,-1,-1,0.300461769104004
15,2,5,30,-9,9,0,0.350475072860718,-1,-1,-1,-1,0.200475215911865
15,2,5,31,-0,0,0,0.533814191818237,-1,-1,-1,-1,0.100475072860718
15,2,5,32,-81,81,0,0.433792114257812,-1,-1,-1,-1,0.283814191818237
15,2,5,33,-9,9,0,0.433830976486206,-1,-1,-1,-1,0.183792114257812
15,2,5,34,-3,3,0,0.433798789978027,-1,-1,-1,-1,0.183830976486206
15,2,5,35,-3,3,0,0.467135906219482,-1,-1,-1,-1,0.183798789978027
15,2,5,36,-27,27,0,0.550470113754272,-1,-1,-1,-1,0.217135906219482
15,2,5,37,3,3,1,0.45092511177063,-1,-1,-1,-1,0.300470113754272
15,2,5,38,-27,27,0,0.36760687828064,1,1,-1,-1,0.20092511177063
15,2,5,39,3,3,0,0.26720404624939,-1,-1,1,1,0.11760687828064
15,2,5,40,-9,9,0,0.284277439117432,1,-1,-1,-1,0.0172040462493896
15,2,5,41,-9,9,0,0.484251976013184,-1,-1,-1,1,0.0342774391174316
15,2,5,42,27,27,0,0.467130422592163,-1,-1,-1,-1,0.234251976013184
15,2,5,43,27,27,1,0.451291084289551,1,-1,-1,-1,0.217130422592163
15,2,5,44,-81,81,0,0.383809089660645,1,1,-1,1,0.201291084289551
15,2,5,45,3,3,0,0.767151355743408,-1,-1,1,1,0.133809089660645
15,2,5,46,-3,3,1,0.61712121963501,1,-1,-1,-1,0.517151355743408
15,2,5,47,-3,3,1,0.583822250366211,-1,1,-1,1,0.36712121963501
15,2,5,48,-0,0,0,0.483803033828735,-1,1,1,-1,0.333822250366211
15,2,5,49,27,27,1,0.467542409896851,-1,-1,1,-1,0.233803033828735
15,2,5,50,0,0,0,0.617134094238281,1,1,-1,-1,0.217542409896851
15,2,5,51,-9,9,0,0.45091986656189,1,-1,1,1,0.367134094238281
15,2,5,52,81,81,1,0.500468969345093,-1,-1,-1,1,0.20091986656189
15,2,5,53,27,27,1,0.683820247650146,1,1,-1,-1,0.250468969345093
15,2,5,54,-27,27,0,0.417603492736816,1,1,1,1,0.433820247650146
15,2,5,55,3,3,0,0.567634344100952,-1,-1,1,1,0.167603492736816
15,2,5,56,27,27,1,0.467546463012695,1,-1,-1,-1,0.317634344100952
15,2,5,57,9,9,1,0.300463199615479,1,1,-1,1,0.217546463012695
15,2,5,58,27,27,1,0.317549228668213,1,1,1,1,0.0504631996154785
15,2,5,59,27,27,1,0.533812761306763,1,1,1,1,0.0675492286682129
15,2,5,60,-3,3,1,0.600455284118652,1,1,1,1,0.283812761306763
15,2,5,61,81,81,1,0.517141819000244,-1,1,1,1,0.350455284118652
15,2,5,62,9,9,0,0.484538555145264,1,1,1,-1,0.267141819000244
15,2,5,63,-9,9,0,0.383807182312012,1,-1,1,1,0.234538555145264
15,2,5,64,-27,27,0,0.384259939193726,-1,-1,-1,1,0.133807182312012
15,2,5,65,-3,3,1,0.483798742294312,-1,-1,-1,-1,0.134259939193726
15,2,5,66,9,9,1,0.483795881271362,-1,1,-1,-1,0.233798742294312
15,2,5,67,0,0,0,0.617140769958496,1,1,1,-1,0.233795881271362
15,2,5,68,-81,81,0,0.500465869903564,1,-1,1,1,0.367140769958496
15,2,5,69,81,81,1,0.367615222930908,-1,-1,-1,1,0.250465869903564
15,2,5,70,-3,3,0,0.33380126953125,1,1,-1,-1,0.117615222930908
15,2,5,71,-81,81,0,0.334269046783447,-1,-1,1,1,0.08380126953125
15,2,5,72,27,27,1,0.633857727050781,-1,-1,-1,-1,0.0842690467834473
15,2,5,73,0,0,0,0.617572069168091,1,1,-1,-1,0.383857727050781
15,2,5,74,-9,9,0,0.250939130783081,1,-1,1,1,0.367572069168091
15,2,5,75,3,3,0,0.483792304992676,-1,-1,-1,1,0.000939130783081055
15,2,5,76,3,3,1,1.01714515686035,1,-1,-1,-1,0.233792304992676
15,2,5,77,-81,81,0,0.40093207359314,1,1,-1,1,0.767145156860352
15,2,5,78,3,3,0,0.300473928451538,-1,-1,1,1,0.15093207359314
15,2,5,79,9,9,1,0.300457715988159,1,-1,-1,-1,0.0504739284515381
15,2,5,80,-81,81,0,0.467593908309937,1,1,-1,1,0.0504577159881592
15,2,5,81,-0,0,1,0.317142963409424,-1,-1,1,1,0.217593908309937
15,2,5,82,27,27,0,0.450462341308594,-1,1,-1,-1,0.0671429634094238
15,2,5,83,-27,27,0,0.650479793548584,1,-1,1,-1,0.200462341308594
15,2,5,84,0,0,1,0.700989961624146,-1,-1,-1,1,0.400479793548584
15,2,5,85,-0,0,0,0.48379921913147,1,1,-1,-1,0.450989961624146
15,2,5,86,3,3,1,0.33381724357605,-1,-1,1,1,0.23379921913147
15,2,5,87,27,27,0,0.550925970077515,1,1,-1,-1,0.0838172435760498
15,2,5,88,-9,9,0,0.667109966278076,1,-1,1,1,0.300925970077515
15,2,5,89,81,81,1,0.450928926467896,-1,-1,-1,1,0.417109966278076
15,2,5,90,0,0,1,0.534229516983032,1,1,-1,-1,0.200928926467896
15,2,5,91,81,81,1,0.617580413818359,1,1,1,1,0.284229516983032
15,2,5,92,27,27,1,0.417115688323975,1,1,1,1,0.367580413818359
15,2,5,93,9,9,1,0.384482145309448,1,1,1,1,0.167115688323975
15,2,5,94,-9,9,1,0.517163038253784,1,1,1,1,0.134482145309448
15,2,5,95,3,3,1,0.550472974777222,-1,1,1,1,0.267163038253784
15,2,5,96,9,9,1,0.250908374786377,1,1,1,-1,0.300472974777222
15,2,5,97,-81,81,0,0.367599964141846,1,1,1,1,0.000908374786376953
15,2,5,98,3,3,0,0.567110300064087,-1,-1,1,1,0.117599964141846
15,2,5,99,9,9,1,0.567145824432373,1,-1,-1,-1,0.317110300064087
15,2,6,2,-81,81,0,0.36847996711731,-1,-1,1,1,0.334490776062012
15,2,6,3,-81,81,0,0.317146062850952,-1,-1,-1,-1,0.11847996711731
15,2,6,4,-81,81,0,0.50046181678772,-1,-1,-1,-1,0.0671460628509521
15,2,6,5,-3,3,0,0.400476932525635,-1,-1,-1,-1,0.25046181678772
15,2,6,6,-9,9,0,0.617141008377075,-1,-1,-1,-1,0.150476932525635
15,2,6,7,-9,9,0,0.367146015167236,-1,-1,-1,-1,0.367141008377075
15,2,6,8,0,0,0,0.383810043334961,-1,-1,-1,-1,0.117146015167236
15,2,6,9,0,0,0,0.317613840103149,1,-1,-1,-1,0.133810043334961
15,2,6,13,-81,81,0,0.300930023193359,-1,-1,-1,-1,0.13457202911377
15,2,6,14,-81,81,0,0.250949859619141,-1,-1,-1,-1,0.0509300231933594
15,2,6,15,-81,81,0,0.46756911277771,-1,-1,-1,-1,0.000949859619140625
15,2,6,16,-3,3,0,0.351226091384888,-1,-1,-1,-1,0.21756911277771
15,2,6,17,-27,27,0,0.600468158721924,-1,-1,-1,-1,0.101226091384888
15,2,6,18,81,81,1,0.450923919677734,-1,-1,-1,-1,0.350468158721924
15,2,6,19,0,0,0,0.317605972290039,1,1,-1,-1,0.200923919677734
15,2,6,20,81,81,1,0.467142105102539,1,-1,1,1,0.0676059722900391
15,2,6,21,9,9,0,0.367590188980103,1,1,-1,1,0.217142105102539
15,2,6,22,81,81,1,0.433824062347412,1,-1,1,1,0.117590188980103
15,2,6,23,27,27,1,0.600525140762329,1,1,-1,1,0.183824062347412
15,2,6,24,0,0,1,0.483832120895386,1,1,1,1,0.350525140762329
15,2,6,25,3,3,1,0.550892114639282,1,1,1,1,0.233832120895386
15,2,6,26,9,9,1,0.633792877197266,1,1,1,1,0.300892114639282
15,2,6,27,9,9,0,0.584260940551758,1,1,1,1,0.383792877197266
15,2,6,28,3,3,1,0.867609024047852,1,-1,1,1,0.334260940551758
15,2,6,29,81,81,1,0.517630100250244,1,1,-1,1,0.617609024047852
15,2,6,30,27,27,1,0.467586994171143,1,1,1,1,0.267630100250244
15,2,6,31,81,81,1,0.567128896713257,1,1,1,1,0.217586994171143
15,2,6,32,27,27,1,0.617595195770264,1,1,1,1,0.317128896713257
15,2,6,33,3,3,1,0.750461101531982,1,1,1,1,0.367595195770264
15,2,6,34,0,0,0,0.517201900482178,1,1,1,1,0.500461101531982
15,2,6,35,81,81,1,0.450484037399292,1,-1,1,1,0.267201900482178
15,2,6,36,9,9,0,0.483804225921631,1,1,-1,1,0.200484037399292
15,2,6,37,9,9,1,0.451792240142822,1,-1,1,1,0.233804225921631
15,2,6,38,0,0,1,0.500468015670776,1,1,-1,1,0.201792240142822
15,2,6,39,3,3,1,0.434250116348267,1,1,1,1,0.250468015670776
15,2,6,40,3,3,0,0.350471973419189,1,1,1,1,0.184250116348267
15,2,6,41,27,27,1,0.384237289428711,1,-1,1,1,0.100471973419189
15,2,6,42,81,81,1,0.58379864692688,1,1,-1,1,0.134237289428711
15,2,6,43,81,81,1,0.500473022460938,1,1,1,1,0.33379864692688
15,2,6,44,-81,81,0,0.40132212638855,1,1,1,1,0.250473022460938
15,2,6,45,9,9,0,0.817121267318726,-1,-1,1,1,0.15132212638855
15,2,6,46,-27,27,0,0.450471878051758,1,-1,-1,-1,0.567121267318726
15,2,6,47,0,0,0,0.617580890655518,-1,-1,-1,1,0.200471878051758
15,2,6,48,-27,27,0,0.300936698913574,1,-1,-1,-1,0.367580890655518
15,2,6,49,-81,81,0,0.433805227279663,-1,-1,-1,1,0.0509366989135742
15,2,6,50,-27,27,0,0.283817768096924,-1,-1,-1,-1,0.183805227279663
15,2,6,51,-9,9,0,0.583805084228516,-1,-1,-1,-1,0.0338177680969238
15,2,6,52,-9,9,0,0.417165994644165,-1,-1,-1,-1,0.333805084228516
15,2,6,53,-9,9,0,0.300516128540039,-1,-1,-1,-1,0.167165994644165
15,2,6,54,0,0,1,0.417563199996948,-1,-1,-1,-1,0.0505161285400391
15,2,6,55,27,27,1,0.533805131912231,1,1,-1,-1,0.167563199996948
15,2,6,56,3,3,1,0.450471162796021,1,1,1,1,0.283805131912231
15,2,6,57,-27,27,0,0.350484132766724,1,1,1,1,0.200471162796021
15,2,6,58,-27,27,0,0.267147064208984,-1,-1,1,1,0.100484132766724
15,2,6,59,-0,0,0,0.668445825576782,-1,-1,-1,-1,0.0171470642089844
15,2,6,60,-3,3,0,0.53435492515564,-1,-1,-1,-1,0.418445825576782
15,2,6,61,-27,27,0,0.267193794250488,-1,-1,-1,-1,0.28435492515564
15,2,6,62,-3,3,0,0.433796167373657,-1,-1,-1,-1,0.0171937942504883
15,2,6,63,-9,9,0,0.534804105758667,-1,-1,-1,-1,0.183796167373657
15,2,6,64,9,9,0,0.683804035186768,-1,-1,-1,-1,0.284804105758667
15,2,6,65,27,27,1,0.500457763671875,1,-1,-1,-1,0.433804035186768
15,2,6,66,27,27,1,0.617132186889648,1,1,-1,1,0.250457763671875
15,2,6,67,27,27,1,0.417142152786255,1,1,1,1,0.367132186889648
15,2,6,68,27,27,1,0.317151308059692,1,1,1,1,0.167142152786255
15,2,6,72,9,9,1,0.400922775268555,1,1,1,1,0.233899116516113
15,2,6,73,-27,27,0,0.700889825820923,1,1,1,1,0.150922775268555
15,2,6,74,-3,3,0,0.367150545120239,-1,-1,1,1,0.450889825820923
15,2,6,75,3,3,1,0.484220266342163,-1,-1,-1,-1,0.117150545120239
15,2,6,76,9,9,0,0.633786201477051,1,1,-1,-1,0.234220266342163
15,2,6,77,3,3,0,0.567182064056396,1,-1,1,1,0.383786201477051
15,2,6,78,81,81,1,0.500948190689087,1,-1,-1,1,0.317182064056396
15,2,6,79,81,81,1,0.483808994293213,1,1,-1,1,0.250948190689087
15,2,6,80,3,3,1,0.400492191314697,1,1,1,1,0.233808994293213
15,2,6,81,81,81,1,0.467170000076294,1,1,1,1,0.150492191314697
15,2,6,82,3,3,0,0.517574548721313,1,1,1,1,0.217170000076294
15,2,6,83,27,27,1,0.717620134353638,1,-1,1,1,0.267574548721313
15,2,6,84,9,9,0,0.367168188095093,1,1,-1,1,0.467620134353638
15,2,6,85,81,81,1,0.350957155227661,1,-1,1,1,0.117168188095093
15,2,6,86,27,27,1,0.484256029129028,1,1,-1,1,0.100957155227661
15,2,6,87,3,3,0,0.43381404876709,1,1,1,1,0.234256029129028
15,2,6,88,-9,9,1,0.500478982925415,1,-1,1,1,0.18381404876709
15,2,6,89,-3,3,1,0.434237241744995,-1,1,-1,1,0.250478982925415
15,2,6,90,3,3,0,0.500464200973511,-1,1,1,-1,0.184237241744995
15,2,6,91,-9,9,1,0.483812808990479,1,-1,1,-1,0.250464200973511
15,2,6,92,-81,81,0,0.500968933105469,-1,1,-1,1,0.233812808990479
15,2,6,93,-9,9,0,0.517124176025391,-1,-1,1,-1,0.250968933105469
15,2,6,94,-81,81,0,0.383808851242065,-1,-1,-1,-1,0.267124176025391
15,2,6,95,9,9,1,0.500494480133057,-1,-1,-1,-1,0.133808851242065
15,2,6,96,-0,0,1,0.533812999725342,1,1,-1,-1,0.250494480133057
15,2,6,97,-9,9,0,0.867137908935547,-1,1,1,1,0.283812999725342
15,2,6,98,-27,27,0,0.484267950057983,-1,-1,1,-1,0.617137908935547
15,2,6,99,3,3,1,0.500899076461792,-1,-1,-1,-1,0.234267950057983
15,3,1,2,9,9,0,0.483815908432007,-1,-1,1,1,0.500703811645508
15,3,1,3,-81,81,0,0.533884048461914,1,-1,-1,-1,0.233815908432007
15,3,1,4,27,27,1,0.500448942184448,-1,-1,-1,1,0.283884048461914
15,3,1,5,-81,81,0,0.550457715988159,1,1,-1,-1,0.250448942184448
15,3,1,6,81,81,1,0.500909090042114,-1,-1,1,1,0.300457715988159
15,3,1,7,-3,3,0,0.73424506187439,1,1,-1,-1,0.250909090042114
15,3,1,8,27,27,1,0.41722297668457,-1,-1,1,1,0.48424506187439
15,3,1,9,0,0,0,0.60049295425415,1,1,-1,-1,0.16722297668457
15,3,1,10,-0,0,0,0.850887298583984,1,-1,1,1,0.35049295425415
15,3,1,11,3,3,0,0.384253025054932,-1,-1,-1,1,0.600887298583984
15,3,1,12,27,27,1,0.634230852127075,1,-1,-1,-1,0.134253025054932
15,3,1,13,9,9,0,0.53425407409668,1,1,-1,1,0.384230852127075
15,3,1,14,-0,0,1,0.600475072860718,1,-1,1,1,0.28425407409668
15,3,1,15,3,3,0,0.667117834091187,-1,1,-1,1,0.350475072860718
15,3,1,16,9,9,0,0.450890064239502,1,-1,1,-1,0.417117834091187
15,3,1,17,0,0,1,0.800451993942261,1,-1,-1,1,0.200890064239502
15,3,1,18,27,27,1,0.467119932174683,1,1,-1,1,0.550451993942261
15,3,1,19,27,27,1,0.367172956466675,1,1,1,1,0.217119932174683
15,3,1,20,9,9,1,0.667151927947998,1,1,1,1,0.117172956466675
15,3,1,21,-9,9,0,0.450462102890015,1,1,1,1,0.417151927947998
15,3,1,22,81,81,1,0.550920724868774,-1,-1,1,1,0.200462102890015
15,3,1,23,-9,9,0,0.65046215057373,1,1,-1,-1,0.300920724868774
15,3,1,24,81,81,1,0.400467872619629,-1,-1,1,1,0.40046215057373
15,3,1,25,-81,81,0,0.383898973464966,1,1,-1,-1,0.150467872619629
15,3,1,26,3,3,0,0.500920295715332,-1,-1,1,1,0.133898973464966
15,3,1,27,-9,9,1,0.834239959716797,1,-1,-1,-1,0.250920295715332
15,3,1,28,27,27,1,0.667565107345581,-1,1,-1,1,0.584239959716797
15,3,1,29,-9,9,0,0.600902080535889,1,1,1,-1,0.417565107345581
15,3,1,30,9,9,0,0.81718111038208,-1,-1,1,1,0.350902080535889
15,3,1,31,-3,3,1,0.517121076583862,1,-1,-1,-1,0.56718111038208
15,3,1,32,3,3,0,0.584245681762695,-1,1,-1,1,0.267121076583862
15,3,1,33,81,81,1,0.467167139053345,1,-1,1,-1,0.334245681762695
15,3,1,34,-27,27,0,0.567800045013428,1,1,-1,1,0.217167139053345
15,3,1,35,81,81,1,0.533793926239014,-1,-1,1,1,0.317800045013428
15,3,1,36,-9,9,0,0.435106515884399,1,1,-1,-1,0.283793926239014
15,3,1,37,0,0,0,0.567589044570923,-1,-1,1,1,0.185106515884399
15,3,1,38,-3,3,1,0.634237766265869,1,-1,-1,-1,0.317589044570923
15,3,1,39,9,9,0,0.500463247299194,-1,1,-1,1,0.384237766265869
15,3,1,40,-3,3,1,0.784241914749146,1,-1,1,-1,0.250463247299194
15,3,1,41,81,81,1,0.517585039138794,-1,1,-1,1,0.534241914749146
15,3,1,42,-81,81,0,0.400957107543945,1,1,1,-1,0.267585039138794
15,3,1,43,3,3,1,0.834242105484009,-1,-1,1,1,0.150957107543945
15,3,1,44,-9,9,0,0.467144727706909,1,1,-1,-1,0.584242105484009
15,3,1,45,27,27,1,0.567198038101196,-1,-1,1,1,0.217144727706909
15,3,1,46,-81,81,0,0.48382043838501,1,1,-1,-1,0.317198038101196
15,3,1,47,-27,27,0,1.03379797935486,-1,-1,1,1,0.23382043838501
15,3,1,48,9,9,1,0.567543268203735,-1,-1,-1,-1,0.783797979354858
15,3,1,49,81,81,0,0.534253835678101,1,1,-1,-1,0.317543268203735
15,3,1,50,-81,81,0,0.550920009613037,1,-1,1,1,0.284253835678101
15,3,1,51,81,81,1,0.567582845687866,-1,-1,-1,1,0.300920009613037
15,3,1,52,-27,27,0,0.58426308631897,1,1,-1,-1,0.317582845687866
15,3,1,53,27,27,1,0.650470018386841,-1,-1,1,1,0.33426308631897
15,3,1,54,-27,27,0,0.550456762313843,1,1,-1,-1,0.400470018386841
15,3,1,55,3,3,1,0.933785915374756,-1,-1,1,1,0.300456762313843
15,3,1,56,-9,9,0,0.417577505111694,1,1,-1,-1,0.683785915374756
15,3,1,57,81,81,1,0.350469827651978,-1,-1,1,1,0.167577505111694
15,3,1,58,-27,27,0,0.400919198989868,1,1,-1,-1,0.100469827651978
15,3,1,59,3,3,0,0.867116928100586,-1,-1,1,1,0.150919198989868
15,3,1,60,27,27,1,0.883780717849731,1,-1,-1,-1,0.617116928100586
15,3,1,61,-27,27,0,0.417163133621216,1,1,-1,1,0.633780717849731
15,3,1,62,3,3,1,0.550926923751831,-1,-1,1,1,0.167163133621216
15,3,1,63,-81,81,0,0.55090594291687,1,1,-1,-1,0.300926923751831
15,3,1,64,-9,9,0,0.633816957473755,-1,-1,1,1,0.30090594291687
15,3,1,65,-3,3,0,0.367131233215332,-1,-1,-1,-1,0.383816957473755
15,3,1,66,81,81,1,0.533812046051025,-1,-1,-1,-1,0.117131233215332
15,3,1,67,-3,3,1,0.534317016601562,1,1,-1,-1,0.283812046051025
15,3,1,68,0,0,0,0.517581462860107,-1,1,1,1,0.284317016601562
15,3,1,69,-9,9,0,0.783780097961426,1,-1,1,-1,0.267581462860107
15,3,1,70,27,27,1,0.400471925735474,-1,-1,-1,1,0.533780097961426
15,3,1,71,-81,81,0,0.500909805297852,1,1,-1,-1,0.150471925735474
15,3,1,72,9,9,1,0.934248447418213,-1,-1,1,1,0.250909805297852
15,3,1,73,-3,3,0,0.484261035919189,1,1,-1,-1,0.684248447418213
15,3,1,74,81,81,1,0.633808851242065,-1,-1,1,1,0.234261035919189
15,3,1,75,-27,27,0,0.533791303634644,1,1,-1,-1,0.383808851242065
15,3,1,76,-0,0,1,0.634271860122681,-1,-1,1,1,0.283791303634644
15,3,1,77,3,3,1,0.334265470504761,-1,1,-1,-1,0.384271860122681
15,3,1,78,-3,3,0,0.500917196273804,1,1,1,-1,0.0842654705047607
15,3,1,79,81,81,1,0.750543832778931,-1,-1,1,1,0.250917196273804
15,3,1,80,9,9,1,0.450479984283447,1,1,-1,-1,0.500543832778931
15,3,1,81,-27,27,1,0.584847688674927,1,1,1,1,0.200479984283447
15,3,1,85,3,3,1,0.400477886199951,-1,-1,-1,1,0.333808183670044
15,3,1,86,-0,0,0,0.534241199493408,1,1,-1,-1,0.150477886199951
15,3,1,87,0,0,1,0.484254837036133,-1,-1,1,1,0.284241199493408
15,3,1,88,-3,3,0,0.334270000457764,1,1,-1,-1,0.234254837036133
15,3,1,92,-81,81,0,0.417160034179688,1,-1,-1,-1,0.200936079025269
15,3,1,93,81,81,1,0.367585182189941,-1,-1,-1,1,0.167160034179688
15,3,1,94,-0,0,1,0.334245920181274,1,1,-1,-1,0.117585182189941
15,3,1,95,0,0,0,0.66712474822998,-1,1,1,1,0.0842459201812744
15,3,1,96,-27,27,0,0.450917959213257,1,-1,1,-1,0.41712474822998
15,3,1,97,9,9,1,0.367592811584473,-1,-1,-1,1,0.200917959213257
15,3,1,98,-27,27,0,0.367591142654419,1,1,-1,-1,0.117592811584473
15,3,1,99,27,27,1,0.550462007522583,-1,-1,1,1,0.117591142654419
15,3,2,2,-81,81,0,0.400530099868774,-1,-1,1,1,0.267369031906128
15,3,2,3,-3,3,1,0.333791255950928,-1,-1,-1,-1,0.150530099868774
15,3,2,4,-81,81,0,0.484243154525757,-1,1,-1,-1,0.0837912559509277
15,3,2,5,27,27,1,0.385125160217285,-1,-1,1,-1,0.234243154525757
15,3,2,6,-9,9,0,0.300477027893066,1,1,-1,-1,0.135125160217285
15,3,2,7,-9,9,0,0.817121028900146,-1,-1,1,1,0.0504770278930664
15,3,2,8,-9,9,0,0.367186069488525,-1,-1,-1,-1,0.567121028900146
15,3,2,12,-3,3,0,0.500919103622437,-1,-1,-1,-1,0.250924110412598
15,3,2,13,-0,0,0,0.467155456542969,-1,-1,-1,-1,0.250919103622437
15,3,2,14,-3,3,0,0.717578887939453,-1,-1,-1,-1,0.217155456542969
15,3,2,15,-3,3,0,0.367566108703613,-1,-1,-1,-1,0.467578887939453
15,3,2,16,81,81,1,0.567584991455078,-1,-1,-1,-1,0.117566108703613
15,3,2,17,81,81,1,0.450481176376343,1,1,-1,-1,0.317584991455078
15,3,2,18,27,27,1,0.433800220489502,1,1,1,1,0.200481176376343
15,3,2,19,-0,0,1,0.500459909439087,1,1,1,1,0.183800220489502
15,3,2,20,-81,81,0,0.434251070022583,-1,1,1,1,0.250459909439087
15,3,2,21,-9,9,0,0.33425498008728,-1,-1,1,-1,0.184251070022583
15,3,2,22,-3,3,1,0.917145252227783,-1,-1,-1,-1,0.0842549800872803
15,3,2,23,81,81,1,0.550492525100708,-1,1,-1,-1,0.667145252227783
15,3,2,24,27,27,1,0.384263277053833,1,1,1,-1,0.300492525100708
15,3,2,25,-3,3,1,0.534247636795044,1,1,1,1,0.134263277053833
15,3,2,26,-3,3,0,0.534282922744751,-1,1,1,1,0.284247636795044
15,3,2,27,3,3,1,0.617148876190186,-1,-1,1,-1,0.284282922744751
15,3,2,28,3,3,1,0.417145013809204,1,1,-1,-1,0.367148876190186
15,3,2,29,-27,27,0,0.517584800720215,1,1,1,1,0.167145013809204
15,3,2,33,-3,3,1,0.33379602432251,-1,-1,-1,-1,0.0838284492492676
15,3,2,34,-27,27,0,0.250946998596191,-1,1,-1,-1,0.0837960243225098
15,3,2,35,-81,81,0,0.450486660003662,-1,-1,1,-1,0.000946998596191406
15,3,2,39,-27,27,0,0.284276247024536,1,1,1,1,0.283799886703491
15,3,2,40,-81,81,0,0.500921964645386,-1,-1,1,1,0.0342762470245361
15,3,2,41,-9,9,1,0.284281015396118,-1,-1,-1,-1,0.250921964645386
15,3,2,42,-3,3,0,0.500515222549438,-1,1,-1,-1,0.0342810153961182
15,3,2,43,-27,27,0,0.500925064086914,-1,-1,1,-1,0.250515222549438
15,3,2,44,-9,9,0,0.434280872344971,-1,-1,-1,-1,0.250925064086914
15,3,2,45,-81,81,0,0.317160844802856,-1,-1,-1,-1,0.184280872344971
15,3,2,46,-27,27,0,0.36759090423584,-1,-1,-1,-1,0.0671608448028564
15,3,2,47,-81,81,0,0.417590141296387,-1,-1,-1,-1,0.11759090423584
15,3,2,51,27,27,1,0.400937795639038,-1,-1,-1,-1,0.184239149093628
15,3,2,52,27,27,1,0.550927877426147,1,1,-1,-1,0.150937795639038
15,3,2,53,0,0,1,0.567126035690308,1,1,1,1,0.300927877426147
15,3,2,54,9,9,1,0.550880432128906,1,1,1,1,0.317126035690308
15,3,2,55,-9,9,0,0.433829784393311,1,1,1,1,0.300880432128906
15,3,2,56,-9,9,0,0.533815383911133,-1,-1,1,1,0.183829784393311
15,3,2,57,-81,81,0,0.517589330673218,-1,-1,-1,-1,0.283815383911133
15,3,2,58,81,81,1,0.55097222328186,-1,-1,-1,-1,0.267589330673218
15,3,2,59,9,9,1,0.517136573791504,1,1,-1,-1,0.30097222328186
15,3,2,60,-9,9,0,0.283812046051025,1,1,1,1,0.267136573791504
15,3,2,61,-3,3,0,0.433807849884033,-1,-1,1,1,0.0338120460510254
15,3,2,62,-27,27,1,0.500911235809326,-1,-1,-1,-1,0.183807849884033
15,3,2,63,27,27,1,0.484278917312622,-1,1,-1,-1,0.250911235809326
15,3,2,64,-3,3,0,0.783801078796387,1,1,1,-1,0.234278917312622
15,3,2,65,-9,9,0,0.500890970230103,-1,-1,1,1,0.533801078796387
15,3,2,66,9,9,0,0.484238862991333,-1,-1,-1,-1,0.250890970230103
15,3,2,67,81,81,1,0.534252166748047,1,-1,-1,-1,0.234238862991333
15,3,2,68,81,81,1,0.467165946960449,1,1,-1,1,0.284252166748047
15,3,2,69,9,9,1,0.533797979354858,1,1,1,1,0.217165946960449
15,3,2,70,27,27,1,0.467200040817261,1,1,1,1,0.283797979354858
15,3,2,71,3,3,1,0.517550468444824,1,1,1,1,0.217200040817261
15,3,2,72,3,3,0,0.4842848777771,1,1,1,1,0.267550468444824
15,3,2,73,3,3,1,0.700439214706421,1,-1,1,1,0.2342848777771
15,3,2,74,9,9,1,0.433816432952881,1,1,-1,1,0.450439214706421
15,3,2,75,3,3,1,0.567121267318726,1,1,1,1,0.183816432952881
15,3,2,76,0,0,1,0.500465154647827,1,1,1,1,0.317121267318726
15,3,2,77,3,3,1,0.717132091522217,1,1,1,1,0.250465154647827
15,3,2,78,0,0,0,0.300509929656982,1,1,1,1,0.467132091522217
15,3,2,79,9,9,1,0.433799982070923,1,-1,1,1,0.0505099296569824
15,3,2,80,-27,27,0,0.317193984985352,1,1,-1,1,0.183799982070923
15,3,2,81,3,3,0,0.500468969345093,-1,-1,1,1,0.0671939849853516
15,3,2,82,81,81,1,0.334271669387817,1,-1,-1,-1,0.250468969345093
15,3,2,83,27,27,1,0.534255981445312,1,1,-1,1,0.0842716693878174
15,3,2,84,9,9,1,0.517577886581421,1,1,1,1,0.284255981445312
15,3,2,85,3,3,1,0.600470066070557,1,1,1,1,0.267577886581421
15,3,2,86,3,3,1,0.367606163024902,1,1,1,1,0.350470066070557
15,3,2,87,0,0,1,0.467139005661011,1,1,1,1,0.117606163024902
15,3,2,88,9,9,0,0.667608022689819,1,1,1,1,0.217139005661011
15,3,2,89,-0,0,0,0.733802080154419,1,-1,1,1,0.417608022689819
15,3,2,90,-3,3,0,0.517146348953247,-1,-1,-1,1,0.483802080154419
15,3,2,91,-81,81,0,0.383842945098877,-1,-1,-1,-1,0.267146348953247
15,3,2,92,27,27,1,0.400921106338501,-1,-1,-1,-1,0.133842945098877
15,3,2,93,27,27,1,0.600482702255249,1,1,-1,-1,0.150921106338501
15,3,2,94,9,9,1,0.400944948196411,1,1,1,1,0.350482702255249
15,3,2,95,81,81,1,0.600932121276855,1,1,1,1,0.150944948196411
15,3,2,96,0,0,0,0.467126131057739,1,1,1,1,0.350932121276855
15,3,2,97,0,0,0,0.300487041473389,1,-1,1,1,0.217126131057739
15,3,2,98,27,27,1,0.367146968841553,1,-1,-1,1,0.0504870414733887
15,3,2,99,27,27,1,0.450462341308594,1,1,-1,1,0.117146968841553
15,3,3,2,-3,3,0,0.45057201385498,1,1,1,-1,0.600692987442017
15,3,3,3,-81,81,0,0.467592000961304,-1,-1,1,1,0.20057201385498
15,3,3,7,81,81,1,0.517615795135498,-1,-1,-1,-1,0.117125749588013
15,3,3,8,-9,9,0,0.500470638275146,1,1,-1,-1,0.267615795135498
15,3,3,9,-27,27,0,0.417165517807007,-1,-1,1,1,0.250470638275146
15,3,3,10,9,9,1,0.501659154891968,-1,-1,-1,-1,0.167165517807007
15,3,3,11,9,9,1,0.484495878219604,1,1,-1,-1,0.251659154891968
15,3,3,12,-3,3,0,0.250939846038818,1,1,1,1,0.234495878219604
15,3,3,13,3,3,0,0.500463008880615,-1,-1,1,1,0.000939846038818359
15,3,3,14,3,3,0,0.683791875839233,1,-1,-1,-1,0.250463008880615
15,3,3,15,-27,27,0,0.400473833084106,1,-1,-1,1,0.433791875839233
15,3,3,16,81,81,1,0.433797836303711,-1,-1,-1,1,0.150473833084106
15,3,3,17,0,0,0,0.384256839752197,1,1,-1,-1,0.183797836303711
15,3,3,21,-3,3,0,0.483819961547852,-1,-1,1,1,0.317583799362183
15,3,3,25,-81,81,0,0.484257936477661,-1,-1,-1,-1,0.0342679023742676
15,3,3,26,9,9,0,0.650452136993408,-1,-1,-1,-1,0.234257936477661
15,3,3,27,81,81,1,0.53383207321167,1,-1,-1,-1,0.400452136993408
15,3,3,28,81,81,1,0.767128944396973,1,1,-1,1,0.28383207321167
15,3,3,29,27,27,1,0.750455141067505,1,1,1,1,0.517128944396973
15,3,3,30,-3,3,1,1.33377289772034,1,1,1,1,0.500455141067505
15,3,3,31,-81,81,0,1.05044054985046,-1,1,1,1,1.08377289772034
15,3,3,32,-3,3,1,0.483799934387207,-1,-1,1,-1,0.800440549850464
15,3,3,33,-27,27,0,0.467593908309937,-1,1,-1,-1,0.233799934387207
15,3,3,34,0,0,0,0.550468921661377,-1,-1,1,-1,0.217593908309937
15,3,3,35,9,9,0,0.667123317718506,1,-1,-1,-1,0.300468921661377
15,3,3,36,-27,27,0,0.450928926467896,1,-1,-1,1,0.417123317718506
15,3,3,37,-9,9,0,0.584253072738647,-1,-1,-1,1,0.200928926467896
15,3,3,38,-0,0,0,0.417641878128052,-1,-1,-1,-1,0.334253072738647
15,3,3,39,0,0,0,0.767112255096436,-1,-1,-1,-1,0.167641878128052
15,3,3,40,27,27,1,0.53383207321167,1,-1,-1,-1,0.517112255096436
15,3,3,41,81,81,1,0.450921297073364,1,1,-1,1,0.28383207321167
15,3,3,42,0,0,1,0.418393135070801,1,1,1,1,0.200921297073364
15,3,3,46,-3,3,0,0.384252309799194,1,1,-1,1,0.250487089157104
15,3,3,47,-3,3,0,0.28381085395813,-1,-1,1,1,0.134252309799194
15,3,3,48,-27,27,0,0.500464916229248,-1,-1,-1,-1,0.0338108539581299
15,3,3,49,81,81,1,0.350942611694336,-1,-1,-1,-1,0.250464916229248
15,3,3,50,-3,3,0,0.367138147354126,1,1,-1,-1,0.100942611694336
15,3,3,51,9,9,1,0.53380012512207,-1,-1,1,1,0.117138147354126
15,3,3,52,27,27,1,0.367127180099487,1,1,-1,-1,0.28380012512207
15,3,3,53,3,3,1,0.733818054199219,1,1,1,1,0.117127180099487
15,3,3,54,-81,81,0,0.300470352172852,1,1,1,1,0.483818054199219
15,3,3,55,-0,0,0,0.484243154525757,-1,-1,1,1,0.0504703521728516
15,3,3,59,9,9,1,0.334275245666504,-1,-1,-1,-1,0.267128467559814
15,3,3,60,-81,81,0,0.400480031967163,1,1,-1,-1,0.0842752456665039
15,3,3,61,9,9,0,0.600459337234497,-1,-1,1,1,0.150480031967163
15,3,3,62,-9,9,0,0.367191076278687,1,-1,-1,-1,0.350459337234497
15,3,3,63,-27,27,0,0.367150783538818,-1,-1,-1,1,0.117191076278687
15,3,3,64,0,0,0,0.350929021835327,-1,-1,-1,-1,0.117150783538818
15,3,3,65,27,27,1,0.467559099197388,1,-1,-1,-1,0.100929021835327
15,3,3,66,9,9,1,0.5175621509552,1,1,-1,1,0.217559099197388
15,3,3,67,27,27,1,0.367162942886353,1,1,1,1,0.2675621509552
15,3,3,68,3,3,1,0.50047755241394,1,1,1,1,0.117162942886353
15,3,3,69,-81,81,0,0.334270000457764,1,1,1,1,0.25047755241394
15,3,3,70,-9,9,0,0.350887298583984,-1,-1,1,1,0.0842700004577637
15,3,3,71,-9,9,0,0.350925922393799,-1,-1,-1,-1,0.100887298583984
15,3,3,72,81,81,1,0.28380298614502,-1,-1,-1,-1,0.100925922393799
15,3,3,73,81,81,1,0.417608022689819,1,1,-1,-1,0.0338029861450195
15,3,3,74,9,9,0,0.267129898071289,1,1,1,1,0.167608022689819
15,3,3,75,3,3,1,0.600919961929321,1,-1,1,1,0.0171298980712891
15,3,3,76,-0,0,0,0.617588043212891,1,1,-1,1,0.350919961929321
15,3,3,77,81,81,1,0.567597150802612,-1,-1,1,1,0.367588043212891
15,3,3,78,-9,9,0,0.517144441604614,1,1,-1,-1,0.317597150802612
15,3,3,79,-27,27,0,0.683805465698242,-1,-1,1,1,0.267144441604614
15,3,3,80,3,3,0,0.317152976989746,-1,-1,-1,-1,0.433805465698242
15,3,3,81,-27,27,0,0.517649173736572,1,-1,-1,-1,0.0671529769897461
15,3,3,82,-27,27,0,0.75088906288147,-1,-1,-1,1,0.267649173736572
15,3,3,83,-3,3,0,0.433842182159424,-1,-1,-1,-1,0.50088906288147
15,3,3,84,81,81,1,0.517570495605469,-1,-1,-1,-1,0.183842182159424
15,3,3,85,3,3,1,0.533848285675049,1,1,-1,-1,0.267570495605469
15,3,3,86,3,3,1,0.400479793548584,1,1,1,1,0.283848285675049
15,3,3,87,3,3,0,0.467140913009644,1,1,1,1,0.150479793548584
15,3,3,88,9,9,1,0.550479173660278,1,-1,1,1,0.217140913009644
15,3,3,89,81,81,1,0.367141008377075,1,1,-1,1,0.300479173660278
15,3,3,90,0,0,0,0.383809089660645,1,1,1,1,0.117141008377075
15,3,3,91,-27,27,0,0.417595148086548,1,-1,1,1,0.133809089660645
15,3,3,92,-9,9,0,0.485005140304565,-1,-1,-1,1,0.167595148086548
15,3,3,93,-27,27,0,0.383819103240967,-1,-1,-1,-1,0.235005140304565
15,3,3,94,9,9,1,0.550462245941162,-1,-1,-1,-1,0.133819103240967
15,3,3,95,81,81,1,0.33431601524353,1,1,-1,-1,0.300462245941162
15,3,3,96,-27,27,0,0.400939464569092,1,1,1,1,0.0843160152435303
15,3,3,97,-81,81,0,0.450930118560791,-1,-1,1,1,0.150939464569092
15,3,3,98,9,9,1,0.683791160583496,-1,-1,-1,-1,0.200930118560791
15,3,3,99,-0,0,1,0.500484943389893,1,1,-1,-1,0.433791160583496
15,3,4,2,-3,3,1,0.267148971557617,1,1,-1,-1,0.301136493682861
15,3,4,3,3,3,1,0.450482130050659,-1,1,1,1,0.0171489715576172
15,3,4,4,27,27,1,0.317625522613525,1,1,1,-1,0.200482130050659
15,3,4,5,81,81,1,0.417142152786255,1,1,1,1,0.0676255226135254
15,3,4,6,-81,81,0,0.283830642700195,1,1,1,1,0.167142152786255
15,3,4,7,3,3,0,0.400474071502686,-1,-1,1,1,0.0338306427001953
15,3,4,8,-9,9,0,0.36756420135498,1,-1,-1,-1,0.150474071502686
15,3,4,9,27,27,1,0.333816051483154,-1,-1,-1,1,0.11756420135498
15,3,4,10,-81,81,0,0.400459289550781,1,1,-1,-1,0.0838160514831543
15,3,4,11,3,3,0,0.350498676300049,-1,-1,1,1,0.150459289550781
15,3,4,12,-27,27,0,0.334268093109131,1,-1,-1,-1,0.100498676300049
15,3,4,13,-9,9,0,0.367576122283936,-1,-1,-1,1,0.0842680931091309
15,3,4,14,-3,3,0,0.467175006866455,-1,-1,-1,-1,0.117576122283936
15,3,4,15,27,27,1,0.417587995529175,-1,-1,-1,-1,0.217175006866455
15,3,4,19,3,3,0,0.484263181686401,-1,-1,1,1,0.0671780109405518
15,3,4,20,-9,9,0,0.25093412399292,1,-1,-1,-1,0.234263181686401
15,3,4,21,27,27,1,0.400934934616089,-1,-1,-1,1,0.000934123992919922
15,3,4,22,-27,27,0,0.317585229873657,1,1,-1,-1,0.150934934616089
15,3,4,26,9,9,1,0.517129182815552,-1,-1,-1,1,0.233819961547852
15,3,4,27,-27,27,0,0.450467109680176,1,1,-1,-1,0.267129182815552
15,3,4,28,3,3,0,0.45048999786377,-1,-1,1,1,0.200467109680176
15,3,4,29,-27,27,0,0.300919055938721,1,-1,-1,-1,0.20048999786377
15,3,4,30,27,27,1,0.500488996505737,-1,-1,-1,1,0.0509190559387207
15,3,4,31,-81,81,0,0.317126035690308,1,1,-1,-1,0.250488996505737
15,3,4,32,3,3,0,0.533791303634644,-1,-1,1,1,0.0671260356903076
15,3,4,33,0,0,1,0.717570066452026,1,-1,-1,-1,0.283791303634644
15,3,4,34,-9,9,0,0.384225130081177,1,1,-1,1,0.467570066452026
15,3,4,35,81,81,1,0.38423752784729,-1,-1,1,1,0.134225130081177
15,3,4,36,9,9,1,0.46759295463562,1,1,-1,-1,0.13423752784729
15,3,4,37,-81,81,0,0.433805227279663,1,1,1,1,0.21759295463562
15,3,4,38,27,27,1,0.350955963134766,-1,-1,1,1,0.183805227279663
15,3,4,39,27,27,1,0.367130994796753,1,1,-1,-1,0.100955963134766
15,3,4,40,-27,27,0,0.350931167602539,1,1,1,1,0.117130994796753
15,3,4,41,81,81,1,0.417150020599365,-1,-1,1,1,0.100931167602539
15,3,4,42,-27,27,0,0.300472736358643,1,1,-1,-1,0.167150020599365
15,3,4,43,-81,81,0,0.267940998077393,-1,-1,1,1,0.0504727363586426
15,3,4,44,0,0,0,0.26714825630188,-1,-1,-1,-1,0.0179409980773926
15,3,4,45,-9,9,0,0.250937938690186,1,-1,-1,-1,0.0171482563018799
15,3,4,46,0,0,0,0.334259033203125,-1,-1,-1,1,0.000937938690185547
15,3,4,47,-3,3,0,0.433807849884033,1,-1,-1,-1,0.084259033203125
15,3,4,48,-27,27,0,0.600454807281494,-1,-1,-1,1,0.183807849884033
15,3,4,49,9,9,0,0.333817005157471,-1,-1,-1,-1,0.350454807281494
15,3,4,50,-0,0,0,0.350490093231201,1,-1,-1,-1,0.0838170051574707
15,3,4,51,9,9,1,0.350986242294312,-1,-1,-1,1,0.100490093231201
15,3,4,52,-81,81,0,0.317136287689209,1,1,-1,-1,0.100986242294312
15,3,4,53,3,3,0,0.400919198989868,-1,-1,1,1,0.067136287689209
15,3,4,54,-81,81,0,0.58381175994873,1,-1,-1,-1,0.150919198989868
15,3,4,55,9,9,1,0.517565011978149,-1,-1,-1,1,0.33381175994873
15,3,4,56,-3,3,1,0.600472927093506,1,1,-1,-1,0.267565011978149
15,3,4,57,27,27,0,0.501630067825317,-1,1,1,1,0.350472927093506
15,3,4,58,-9,9,0,0.484228134155273,1,-1,1,-1,0.251630067825317
15,3,4,59,9,9,1,0.483803033828735,-1,-1,-1,1,0.234228134155273
15,3,4,60,-81,81,0,0.534252882003784,1,1,-1,-1,0.233803033828735
15,3,4,61,27,27,1,0.333825826644897,-1,-1,1,1,0.284252882003784
15,3,4,62,-0,0,0,0.267667055130005,1,1,-1,-1,0.0838258266448975
15,3,4,63,3,3,0,0.584359884262085,-1,-1,1,1,0.0176670551300049
15,3,4,64,-0,0,0,0.517135143280029,1,-1,-1,-1,0.334359884262085
15,3,4,65,81,81,1,0.417120695114136,-1,-1,-1,1,0.267135143280029
15,3,4,66,-0,0,0,0.300492763519287,1,1,-1,-1,0.167120695114136
15,3,4,70,-81,81,0,0.350488185882568,1,1,-1,-1,0.201308965682983
15,3,4,71,81,81,1,0.45093297958374,-1,-1,1,1,0.100488185882568
15,3,4,72,9,9,1,0.51760196685791,1,1,-1,-1,0.20093297958374
15,3,4,73,-3,3,0,0.533782243728638,1,1,1,1,0.26760196685791
15,3,4,74,-3,3,1,0.567151069641113,-1,-1,1,1,0.283782243728638
15,3,4,75,-81,81,0,0.483837127685547,-1,1,-1,-1,0.317151069641113
15,3,4,79,-3,3,0,0.467620134353638,1,1,-1,-1,0.0671391487121582
15,3,4,80,81,81,1,0.317128896713257,-1,-1,1,1,0.217620134353638
15,3,4,81,-27,27,0,0.367163896560669,1,1,-1,-1,0.0671288967132568
15,3,4,82,81,81,1,0.383810997009277,-1,-1,1,1,0.117163896560669
15,3,4,83,-81,81,0,0.317161083221436,1,1,-1,-1,0.133810997009277
15,3,4,84,9,9,1,0.500906229019165,-1,-1,1,1,0.0671610832214355
15,3,4,85,-3,3,1,0.317582368850708,1,1,-1,-1,0.250906229019165
15,3,4,86,-9,9,0,0.517600059509277,-1,1,1,1,0.067582368850708
15,3,4,87,3,3,0,0.683804988861084,-1,-1,1,-1,0.267600059509277
15,3,4,88,-9,9,0,0.333812236785889,1,-1,-1,-1,0.433804988861084
15,3,4,89,81,81,1,0.717549085617065,-1,-1,-1,1,0.0838122367858887
15,3,4,90,-9,9,0,0.533826351165771,1,1,-1,-1,0.467549085617065
15,3,4,91,3,3,1,0.383791923522949,-1,-1,1,1,0.283826351165771
15,3,4,92,-81,81,0,0.250937938690186,1,1,-1,-1,0.133791923522949
15,3,4,93,9,9,0,0.333811521530151,-1,-1,1,1,0.000937938690185547
15,3,4,94,-0,0,0,0.667145013809204,1,-1,-1,-1,0.0838115215301514
15,3,4,95,81,81,1,0.583799839019775,-1,-1,-1,1,0.417145013809204
15,3,4,96,-3,3,1,0.467128038406372,1,1,-1,-1,0.333799839019775
15,3,4,97,0,0,1,0.617125749588013,-1,1,1,1,0.217128038406372
15,3,4,98,-3,3,0,0.450922966003418,1,1,1,-1,0.367125749588013
15,3,4,99,-27,27,0,0.50046443939209,-1,-1,1,1,0.200922966003418
15,3,5,2,81,81,1,0.650480985641479,-1,1,-1,-1,0.434012889862061
15,3,5,3,0,0,0,0.334226131439209,1,1,1,-1,0.400480985641479
15,3,5,4,-81,81,0,0.617553949356079,1,-1,1,1,0.084226131439209
15,3,5,5,9,9,0,0.433803081512451,-1,-1,-1,1,0.367553949356079
15,3,5,6,-81,81,0,0.500928163528442,1,-1,-1,-1,0.183803081512451
15,3,5,7,-81,81,0,0.400455236434937,-1,-1,-1,1,0.250928163528442
15,3,5,8,-9,9,0,0.484247922897339,-1,-1,-1,-1,0.150455236434937
15,3,5,9,3,3,1,0.533791065216064,-1,-1,-1,-1,0.234247922897339
15,3,5,10,-27,27,1,0.517154932022095,1,1,-1,-1,0.283791065216064
15,3,5,11,-27,27,0,0.534245252609253,-1,1,1,1,0.267154932022095
15,3,5,12,27,27,1,0.434505939483643,-1,-1,1,-1,0.284245252609253
15,3,5,13,3,3,0,0.750904083251953,1,1,-1,-1,0.184505939483643
15,3,5,14,81,81,1,0.90091609954834,1,-1,1,1,0.500904083251953
15,3,5,15,-27,27,0,0.450968980789185,1,1,-1,1,0.65091609954834
15,3,5,16,9,9,1,0.600450992584229,-1,-1,1,1,0.200968980789185
15,3,5,17,-0,0,0,0.717575073242188,1,1,-1,-1,0.350450992584229
15,3,5,18,81,81,1,0.667578220367432,-1,-1,1,1,0.467575073242188
15,3,5,19,0,0,1,0.650956153869629,1,1,-1,-1,0.417578220367432
15,3,5,20,9,9,1,0.284263849258423,1,1,1,1,0.400956153869629
15,3,5,21,-27,27,0,0.53424334526062,1,1,1,1,0.0342638492584229
15,3,5,22,-3,3,0,0.450467109680176,-1,-1,1,1,0.28424334526062
15,3,5,23,-0,0,0,0.367588996887207,-1,-1,-1,-1,0.200467109680176
15,3,5,24,3,3,0,0.600465059280396,-1,-1,-1,-1,0.117588996887207
15,3,5,25,3,3,1,0.26758885383606,1,-1,-1,-1,0.350465059280396
15,3,5,26,-27,27,0,0.500470876693726,1,1,-1,1,0.0175888538360596
15,3,5,27,-9,9,0,0.36758017539978,-1,-1,1,1,0.250470876693726
15,3,5,28,0,0,0,0.600471496582031,-1,-1,-1,-1,0.11758017539978
15,3,5,29,-9,9,0,0.533822059631348,1,-1,-1,-1,0.350471496582031
15,3,5,30,-81,81,0,0.701375961303711,-1,-1,-1,1,0.283822059631348
15,3,5,31,81,81,1,0.500946044921875,-1,-1,-1,-1,0.451375961303711
15,3,5,32,-27,27,0,0.567587852478027,1,1,-1,-1,0.250946044921875
15,3,5,33,-27,27,0,0.48383617401123,-1,-1,1,1,0.317587852478027
15,3,5,34,27,27,1,0.70045804977417,-1,-1,-1,-1,0.23383617401123
15,3,5,35,3,3,1,0.884244203567505,1,1,-1,-1,0.45045804977417
15,3,5,36,3,3,0,0.518484115600586,1,1,1,1,0.634244203567505
15,3,5,37,3,3,1,0.917586088180542,1,-1,1,1,0.268484115600586
15,3,5,38,81,81,1,0.483795166015625,1,1,-1,1,0.667586088180542
15,3,5,39,-9,9,0,0.683809280395508,1,1,1,1,0.233795166015625
15,3,5,40,-27,27,1,0.717114210128784,-1,-1,1,1,0.433809280395508
15,3,5,41,9,9,1,0.650460004806519,-1,1,-1,-1,0.467114210128784
15,3,5,42,-3,3,0,0.767158031463623,1,1,1,-1,0.400460004806519
15,3,5,43,-3,3,0,1.00090098381042,-1,-1,1,1,0.517158031463623
15,3,5,44,27,27,1,0.634251117706299,-1,-1,-1,-1,0.750900983810425
15,3,5,45,27,27,1,0.683794021606445,1,1,-1,-1,0.384251117706299
15,3,5,46,-27,27,0,0.450923204421997,1,1,1,1,0.433794021606445
15,3,5,47,-9,9,0,0.850905895233154,-1,-1,1,1,0.200923204421997
15,3,5,48,81,81,1,0.534255981445312,-1,-1,-1,-1,0.600905895233154
15,3,5,49,9,9,1,1.05088996887207,1,1,-1,-1,0.284255981445312
15,3,5,50,-0,0,1,0.467633008956909,1,1,1,1,0.80088996887207
15,3,5,51,-9,9,0,0.483801364898682,-1,1,1,1,0.217633008956909
15,3,5,52,3,3,1,0.950469017028809,-1,-1,1,-1,0.233801364898682
15,3,5,53,9,9,1,0.534228086471558,1,1,-1,-1,0.700469017028809
15,3,5,54,3,3,1,0.733803987503052,1,1,1,1,0.284228086471558
15,3,5,55,81,81,1,0.517590045928955,1,1,1,1,0.483803987503052
15,3,5,56,-9,9,0,0.584254026412964,1,1,1,1,0.267590045928955
15,3,5,57,0,0,0,0.550925016403198,-1,-1,1,1,0.334254026412964
15,3,5,58,-27,27,1,0.817123174667358,1,-1,-1,-1,0.300925016403198
15,3,5,59,81,81,1,0.650904417037964,-1,1,-1,1,0.567123174667358
15,3,5,60,9,9,0,0.617552995681763,1,1,1,-1,0.400904417037964
15,3,5,61,9,9,1,0.700464248657227,1,-1,1,1,0.367552995681763
15,3,5,62,-27,27,0,0.883804321289062,1,1,-1,1,0.450464248657227
15,3,5,63,3,3,1,0.483821153640747,-1,-1,1,1,0.633804321289062
15,3,5,64,81,81,1,0.534678220748901,1,1,-1,-1,0.233821153640747
15,3,5,65,-9,9,0,0.28385591506958,1,1,1,1,0.284678220748901
15,3,5,66,81,81,1,0.56712794303894,-1,-1,1,1,0.0338559150695801
15,3,5,67,3,3,1,0.483806133270264,1,1,-1,-1,0.31712794303894
15,3,5,68,81,81,1,0.300490856170654,1,1,1,1,0.233806133270264
15,3,5,69,0,0,1,0.434258937835693,1,1,1,1,0.0504908561706543
15,3,5,70,-81,81,0,0.533796310424805,1,1,1,1,0.184258937835693
15,3,5,71,-3,3,0,0.667591094970703,-1,-1,1,1,0.283796310424805
15,3,5,72,27,27,1,0.467631340026855,-1,-1,-1,-1,0.417591094970703
15,3,5,73,-9,9,1,0.65050220489502,1,1,-1,-1,0.217631340026855
15,3,5,74,-27,27,0,0.617548704147339,-1,1,1,1,0.40050220489502
15,3,5,75,-3,3,1,0.350922107696533,-1,-1,1,-1,0.367548704147339
15,3,5,76,-81,81,0,0.950888156890869,-1,1,-1,-1,0.100922107696533
15,3,5,77,81,81,1,0.517580032348633,-1,-1,1,-1,0.700888156890869
15,3,5,78,-81,81,0,0.333823204040527,1,1,-1,-1,0.267580032348633
15,3,5,79,-9,9,0,0.533795118331909,-1,-1,1,1,0.0838232040405273
15,3,5,80,9,9,1,0.483808040618896,-1,-1,-1,-1,0.283795118331909
15,3,5,81,-3,3,0,0.367148160934448,1,1,-1,-1,0.233808040618896
15,3,5,85,-81,81,0,0.46766209602356,1,-1,1,1,0.217148065567017
15,3,5,86,9,9,1,0.634258031845093,-1,-1,-1,1,0.21766209602356
15,3,5,87,-0,0,1,0.917572736740112,1,1,-1,-1,0.384258031845093
15,3,5,88,27,27,1,0.867111921310425,-1,1,1,1,0.667572736740112
15,3,5,89,-3,3,1,0.500473976135254,1,1,1,-1,0.617111921310425
15,3,5,90,81,81,1,0.56713604927063,-1,1,1,1,0.250473976135254
15,3,5,91,-27,27,0,0.6009361743927,1,1,1,-1,0.31713604927063
15,3,5,92,-27,27,1,0.633803367614746,-1,-1,1,1,0.3509361743927
15,3,5,93,-0,0,0,0.53380012512207,-1,1,-1,-1,0.383803367614746
15,3,5,94,27,27,1,0.500971078872681,-1,-1,1,-1,0.28380012512207
15,3,5,95,-3,3,1,0.483840703964233,1,1,-1,-1,0.250971078872681
15,3,5,96,-9,9,0,0.850910902023315,-1,1,1,1,0.233840703964233
15,3,5,97,-3,3,0,0.617595911026001,-1,-1,1,-1,0.600910902023315
15,3,5,98,-3,3,1,0.484264135360718,-1,-1,-1,-1,0.367595911026001
15,3,5,99,-9,9,0,0.400493144989014,-1,1,-1,-1,0.234264135360718
15,3,6,2,9,9,1,0.350491523742676,1,1,-1,-1,0.267796993255615
15,3,6,3,-81,81,0,0.550488948822021,1,1,1,1,0.100491523742676
15,3,6,4,27,27,1,0.500473976135254,-1,-1,1,1,0.300488948822021
15,3,6,5,27,27,1,0.767124891281128,1,1,-1,-1,0.250473976135254
15,3,6,6,81,81,1,0.517112016677856,1,1,1,1,0.517124891281128
15,3,6,7,81,81,1,0.483815908432007,1,1,1,1,0.267112016677856
15,3,6,8,81,81,1,0.350487232208252,1,1,1,1,0.233815908432007
15,3,6,9,9,9,1,0.534252166748047,1,1,1,1,0.100487232208252
15,3,6,10,81,81,1,0.400475978851318,1,1,1,1,0.284252166748047
15,3,6,11,-81,81,0,0.350928068161011,1,1,1,1,0.150475978851318
15,3,6,12,-3,3,0,0.383842945098877,-1,-1,1,1,0.100928068161011
15,3,6,13,3,3,1,0.317142963409424,-1,-1,-1,-1,0.133842945098877
15,3,6,14,-9,9,0,0.400468826293945,1,1,-1,-1,0.0671429634094238
15,3,6,15,3,3,0,0.283818006515503,-1,-1,1,1,0.150468826293945
15,3,6,16,-9,9,0,0.484224081039429,1,-1,-1,-1,0.0338180065155029
15,3,6,17,-81,81,0,0.917546033859253,-1,-1,-1,1,0.234224081039429
15,3,6,18,-27,27,0,0.483790159225464,-1,-1,-1,-1,0.667546033859253
15,3,6,19,3,3,0,0.317146778106689,-1,-1,-1,-1,0.233790159225464
15,3,6,20,-0,0,1,0.417124271392822,1,-1,-1,-1,0.0671467781066895
15,3,6,21,-9,9,0,0.600461483001709,-1,1,-1,1,0.167124271392822
15,3,6,22,-9,9,0,0.317590236663818,-1,-1,1,-1,0.350461483001709
15,3,6,23,-81,81,0,0.517203092575073,-1,-1,-1,-1,0.0675902366638184
15,3,6,24,-9,9,0,0.600474119186401,-1,-1,-1,-1,0.267203092575073
15,3,6,25,3,3,0,0.500532865524292,-1,-1,-1,-1,0.350474119186401
15,3,6,26,9,9,1,0.700451135635376,1,-1,-1,-1,0.250532865524292
15,3,6,27,81,81,1,1.05089807510376,1,1,-1,1,0.450451135635376
15,3,6,28,-3,3,0,0.33381986618042,1,1,1,1,0.80089807510376
15,3,6,29,-9,9,0,0.517132997512817,-1,-1,1,1,0.0838198661804199
15,3,6,30,-27,27,0,0.533815860748291,-1,-1,-1,-1,0.267132997512817
15,3,6,34,-3,3,0,0.600919008255005,-1,-1,-1,-1,0.0342450141906738
15,3,6,35,27,27,1,0.334230184555054,-1,-1,-1,-1,0.350919008255005
15,3,6,36,27,27,1,0.833809852600098,1,1,-1,-1,0.0842301845550537
15,3,6,37,3,3,0,0.650459051132202,1,1,1,1,0.583809852600098
15,3,6,38,3,3,0,0.434279918670654,1,-1,1,1,0.400459051132202
15,3,6,39,-3,3,1,0.350497961044312,1,-1,-1,1,0.184279918670654
15,3,6,40,-27,27,0,0.383810997009277,-1,1,-1,1,0.100497961044312
15,3,6,41,-27,27,0,0.450470685958862,-1,-1,1,-1,0.133810997009277
15,3,6,42,-0,0,1,0.333833932876587,-1,-1,-1,-1,0.200470685958862
15,3,6,43,-81,81,0,0.333806037902832,-1,1,-1,-1,0.0838339328765869
15,3,6,44,-27,27,0,0.450468063354492,-1,-1,1,-1,0.083806037902832
15,3,6,45,-81,81,0,0.417142152786255,-1,-1,-1,-1,0.200468063354492
15,3,6,46,-27,27,0,0.367179393768311,-1,-1,-1,-1,0.167142152786255
15,3,6,47,-0,0,0,0.267603158950806,-1,-1,-1,-1,0.117179393768311
15,3,6,48,-9,9,1,0.317564010620117,-1,-1,-1,-1,0.0176031589508057
15,3,6,49,3,3,0,0.700904130935669,-1,1,-1,-1,0.0675640106201172
15,3,6,50,-3,3,1,0.33423900604248,1,-1,1,-1,0.450904130935669
15,3,6,57,-27,27,0,0.467150449752808,-1,-1,-1,-1,0.450906276702881
15,3,6,58,-9,9,0,0.650913000106812,-1,-1,-1,-1,0.217150449752808
15,3,6,59,3,3,0,0.300488948822021,-1,-1,-1,-1,0.400913000106812
15,3,6,60,9,9,0,0.500924110412598,1,-1,-1,-1,0.0504889488220215
15,3,6,61,-3,3,1,0.783791303634644,1,-1,-1,1,0.250924110412598
15,3,6,62,-27,27,0,0.317135334014893,-1,1,-1,1,0.533791303634644
15,3,6,63,-81,81,0,0.38425612449646,-1,-1,1,-1,0.0671353340148926
15,3,6,64,-27,27,0,0.467638254165649,-1,-1,-1,-1,0.13425612449646
15,3,6,65,-27,27,0,0.450927019119263,-1,-1,-1,-1,0.217638254165649
15,3,6,66,3,3,0,0.300924777984619,-1,-1,-1,-1,0.200927019119263
15,3,6,67,81,81,1,0.600457906723022,1,-1,-1,-1,0.0509247779846191
15,3,6,68,27,27,1,0.600466012954712,1,1,-1,1,0.350457906723022
15,3,6,69,-27,27,0,0.267132997512817,1,1,1,1,0.350466012954712
15,3,6,70,3,3,0,0.733808040618896,-1,-1,1,1,0.0171329975128174
15,3,6,71,81,81,1,0.667125225067139,1,-1,-1,-1,0.483808040618896
15,3,6,72,3,3,0,0.617138147354126,1,1,-1,1,0.417125225067139
15,3,6,73,81,81,1,0.500477075576782,1,-1,1,1,0.367138147354126
15,3,6,74,-0,0,1,0.750463008880615,1,1,-1,1,0.250477075576782
15,3,6,75,0,0,1,0.400936126708984,-1,1,1,1,0.500463008880615
15,3,6,76,3,3,0,0.400914192199707,1,1,1,-1,0.150936126708984
15,3,6,77,81,81,1,0.384242296218872,1,-1,1,1,0.150914192199707
15,3,6,78,3,3,1,0.350937128067017,1,1,-1,1,0.134242296218872
15,3,6,79,81,81,1,0.467584848403931,1,1,1,1,0.100937128067017
15,3,6,80,9,9,1,0.484259843826294,1,1,1,1,0.217584848403931
15,3,6,81,9,9,1,0.350475788116455,1,1,1,1,0.234259843826294
15,3,6,82,0,0,1,0.550926208496094,1,1,1,1,0.100475788116455
15,3,6,83,81,81,1,0.517157077789307,1,1,1,1,0.300926208496094
15,3,6,90,9,9,1,0.617589950561523,1,1,-1,1,0.250919818878174
15,3,6,91,3,3,1,0.267601013183594,1,1,1,1,0.367589950561523
15,3,6,92,-9,9,0,0.450476169586182,1,1,1,1,0.0176010131835938
15,3,6,93,3,3,1,0.267125606536865,-1,-1,1,1,0.200476169586182
15,3,6,94,27,27,1,0.500927925109863,1,1,-1,-1,0.0171256065368652
15,3,6,95,-0,0,1,0.533807039260864,1,1,1,1,0.250927925109863
15,3,6,96,-9,9,0,0.383820056915283,-1,1,1,1,0.283807039260864
15,3,6,97,-81,81,0,0.417135953903198,-1,-1,1,-1,0.133820056915283
15,3,6,98,-9,9,0,0.334282159805298,-1,-1,-1,-1,0.167135953903198
15,3,6,99,-81,81,0,0.667131900787354,-1,-1,-1,-1,0.0842821598052979
16,1,1,2,9,9,0,1.26720929145813,1,-1,1,1,0.401428699493408
16,1,1,3,27,27,1,0.651133298873901,1,-1,-1,1,1.01720929145813
16,1,1,4,0,0,0,0.734511375427246,1,1,-1,1,0.401133298873901
16,1,1,5,-3,3,0,1.06810188293457,1,-1,1,1,0.484511375427246
16,1,1,6,27,27,1,0.767220497131348,-1,-1,-1,1,0.81810188293457
16,1,1,7,27,27,1,0.617752075195312,1,1,-1,-1,0.517220497131348
16,1,1,12,-0,0,0,0.400486469268799,-1,-1,-1,-1,0.901587247848511
16,1,1,13,9,9,1,1.0177595615387,-1,-1,-1,-1,0.150486469268799
16,1,1,14,9,9,1,0.983895063400269,1,1,-1,-1,0.767759561538696
16,1,1,15,81,81,1,1.10144925117493,1,1,1,1,0.733895063400269
16,1,1,16,-0,0,0,0.883837223052979,1,1,1,1,0.851449251174927
16,1,1,17,-0,0,0,0.867708444595337,-1,-1,1,1,0.633837223052979
16,1,1,21,-27,27,0,0.733826160430908,-1,-1,-1,-1,0.783858060836792
16,1,1,22,-3,3,1,0.867141246795654,-1,-1,-1,-1,0.483826160430908
16,1,1,23,-3,3,0,1.33449125289917,-1,1,-1,-1,0.617141246795654
16,1,1,24,81,81,1,0.583836078643799,-1,-1,1,-1,1.08449125289917
16,1,1,25,9,9,0,0.701065301895142,1,1,-1,-1,0.333836078643799
16,1,1,26,0,0,1,0.684266567230225,1,-1,1,1,0.451065301895142
16,1,1,27,0,0,1,0.683873414993286,1,1,-1,1,0.434266567230225
16,1,1,28,27,27,1,0.617850542068481,1,1,1,1,0.433873414993286
16,1,1,29,81,81,1,0.501099824905396,1,1,1,1,0.367850542068481
16,1,1,30,3,3,1,0.467846155166626,1,1,1,1,0.251099824905396
16,1,1,31,81,81,1,0.550491809844971,1,1,1,1,0.217846155166626
16,1,1,32,27,27,1,0.600552082061768,1,1,1,1,0.300491809844971
16,1,1,33,27,27,1,0.501322984695435,1,1,1,1,0.350552082061768
16,1,1,34,-9,9,0,0.633888721466064,1,1,1,1,0.251322984695435
16,1,1,35,-3,3,0,0.88381814956665,-1,-1,1,1,0.383888721466064
16,1,1,36,-9,9,1,1.26718258857727,-1,-1,-1,-1,0.63381814956665
16,1,1,37,-81,81,0,0.634697914123535,-1,1,-1,-1,1.01718258857727
16,1,1,38,-81,81,0,0.55115008354187,-1,-1,1,-1,0.384697914123535
16,1,1,43,-27,27,0,0.550562620162964,-1,-1,-1,-1,0.250957727432251
16,1,1,49,-81,81,0,0.65050220489502,-1,-1,1,1,0.985020637512207
16,1,1,50,81,81,1,0.717236757278442,-1,-1,-1,-1,0.40050220489502
16,1,1,51,81,81,1,0.583865642547607,1,1,-1,-1,0.467236757278442
16,1,1,52,9,9,1,0.817826747894287,1,1,1,1,0.333865642547607
16,1,1,53,27,27,1,0.601261615753174,1,1,1,1,0.567826747894287
16,1,1,65,-9,9,1,0.933862686157227,-1,-1,1,-1,1.1176745891571
16,1,1,66,-81,81,0,0.600536823272705,-1,1,-1,-1,0.683862686157227
16,1,1,67,-3,3,0,1.33381128311157,-1,-1,1,-1,0.350536823272705
16,1,1,68,9,9,0,0.918279647827148,-1,-1,-1,-1,1.08381128311157
16,1,1,69,3,3,1,0.750498056411743,1,-1,-1,-1,0.668279647827148
16,1,1,73,9,9,1,0.683884382247925,1,-1,1,1,1.20050168037415
16,1,1,74,-9,9,0,0.583827257156372,1,1,-1,1,0.433884382247925
16,1,1,75,27,27,1,0.600536584854126,-1,-1,1,1,0.333827257156372
16,1,1,76,81,81,1,0.50061559677124,1,1,-1,-1,0.350536584854126
16,1,1,77,3,3,0,1.00048494338989,1,1,1,1,0.25061559677124
16,1,1,78,-27,27,0,0.8510901927948,1,-1,1,1,0.750484943389893
16,1,1,79,3,3,1,0.750544786453247,-1,-1,-1,1,0.6010901927948
16,1,1,80,3,3,1,1.0172073841095,1,1,-1,-1,0.500544786453247
16,1,1,81,0,0,0,1.1505651473999,1,1,1,1,0.767207384109497
16,1,1,82,81,81,1,0.583888530731201,1,-1,1,1,0.900565147399902
16,1,1,83,-81,81,0,0.783904314041138,1,1,-1,1,0.333888530731201
16,1,1,84,-81,81,0,0.467208862304688,-1,-1,1,1,0.533904314041138
16,1,1,85,-27,27,1,0.933870077133179,-1,-1,-1,-1,0.217208862304688
16,1,1,86,-81,81,0,0.583830833435059,-1,1,-1,-1,0.683870077133179
16,1,1,87,-3,3,1,1.03436970710754,-1,-1,1,-1,0.333830833435059
16,1,1,88,-81,81,0,0.517216682434082,-1,1,-1,-1,0.784369707107544
16,1,1,89,-81,81,0,0.467818260192871,-1,-1,1,-1,0.267216682434082
16,1,1,93,3,3,0,0.533886671066284,1,1,-1,1,0.650994300842285
16,1,1,94,3,3,1,0.783878803253174,1,-1,1,1,0.283886671066284
16,1,1,95,81,81,1,0.884467124938965,1,1,-1,1,0.533878803253174
16,1,1,96,9,9,1,0.283844232559204,1,1,1,1,0.634467124938965
16,1,1,97,3,3,1,1.00133323669434,1,1,1,1,0.0338442325592041
16,1,1,98,9,9,1,0.833821058273315,1,1,1,1,0.751333236694336
16,1,1,99,3,3,1,1.43385720252991,1,1,1,1,0.583821058273315
16,1,2,2,9,9,1,1.08391523361206,-1,-1,-1,-1,1.00075936317444
16,1,2,10,-3,3,0,0.451163053512573,1,1,-1,-1,0.251092433929443
16,1,2,11,-9,9,1,0.767228126525879,-1,-1,1,1,0.201163053512573
16,1,2,12,0,0,0,1.11718130111694,-1,1,-1,-1,0.517228126525879
16,1,2,13,-9,9,1,0.817205429077148,1,-1,1,-1,0.867181301116943
16,1,2,14,3,3,0,0.917156457901001,-1,1,-1,1,0.567205429077148
16,1,2,15,27,27,1,1.45102858543396,1,-1,1,-1,0.667156457901001
16,1,2,16,-27,27,0,0.701078176498413,1,1,-1,1,1.20102858543396
16,1,2,17,9,9,1,0.901776313781738,-1,-1,1,1,0.451078176498413
16,1,2,18,27,27,1,0.683816432952881,1,1,-1,-1,0.651776313781738
16,1,2,19,-9,9,0,0.600502490997314,1,1,1,1,0.433816432952881
16,1,2,20,-9,9,1,0.801092147827148,-1,-1,1,1,0.350502490997314
16,1,2,21,27,27,1,0.934494256973267,-1,1,-1,-1,0.551092147827148
16,1,2,22,-27,27,0,0.701098203659058,1,1,1,-1,0.684494256973267
16,1,2,23,3,3,1,0.733869314193726,-1,-1,1,1,0.451098203659058
16,1,2,24,-27,27,0,0.600531339645386,1,1,-1,-1,0.483869314193726
16,1,2,25,3,3,1,0.501174211502075,-1,-1,1,1,0.350531339645386
16,1,2,26,-81,81,0,0.751514434814453,1,1,-1,-1,0.251174211502075
16,1,2,27,-27,27,0,0.617834329605103,-1,-1,1,1,0.501514434814453
16,1,2,28,27,27,1,0.633806467056274,-1,-1,-1,-1,0.367834329605103
16,1,2,29,-0,0,0,1.03385829925537,1,1,-1,-1,0.383806467056274
16,1,2,30,3,3,0,0.668237447738647,-1,-1,1,1,0.783858299255371
16,1,2,31,-81,81,0,0.717156887054443,1,-1,-1,-1,0.418237447738647
16,1,2,32,27,27,1,0.584812164306641,-1,-1,-1,1,0.467156887054443
16,1,2,33,-0,0,0,0.884271621704102,1,1,-1,-1,0.334812164306641
16,1,2,34,0,0,1,1.08385753631592,-1,-1,1,1,0.634271621704102
16,1,2,35,-3,3,1,1.30091953277588,1,1,-1,-1,0.833857536315918
16,1,2,36,3,3,0,1.01712417602539,-1,1,1,1,1.05091953277588
16,1,2,37,-9,9,0,1.10109257698059,1,-1,1,-1,0.767124176025391
16,1,2,38,3,3,0,0.700494766235352,-1,-1,-1,1,0.851092576980591
16,1,2,39,-27,27,0,0.950525760650635,1,-1,-1,-1,0.450494766235352
16,1,2,40,3,3,1,0.600503206253052,-1,-1,-1,1,0.700525760650635
16,1,2,41,-9,9,0,0.634449005126953,1,1,-1,-1,0.350503206253052
16,1,2,45,-27,27,0,0.767159700393677,1,1,-1,-1,0.584523677825928
16,1,2,46,-0,0,0,1.01714754104614,-1,-1,1,1,0.517159700393677
16,1,2,47,81,81,1,0.601189613342285,-1,-1,-1,-1,0.767147541046143
16,1,2,48,-3,3,0,0.984425067901611,1,1,-1,-1,0.351189613342285
16,1,2,49,3,3,0,0.850486993789673,-1,-1,1,1,0.734425067901611
16,1,2,50,3,3,1,0.968102216720581,1,-1,-1,-1,0.600486993789673
16,1,2,51,-81,81,0,0.934453725814819,1,1,-1,1,0.718102216720581
16,1,2,52,-81,81,0,0.634754419326782,-1,-1,1,1,0.684453725814819
16,1,2,53,81,81,1,0.583877325057983,-1,-1,-1,-1,0.384754419326782
16,1,2,54,-27,27,0,0.818616390228271,1,1,-1,-1,0.333877325057983
16,1,2,55,27,27,1,0.700488090515137,-1,-1,1,1,0.568616390228271
16,1,2,56,-27,27,0,0.967194080352783,1,1,-1,-1,0.450488090515137
16,1,2,57,9,9,0,0.801097393035889,-1,-1,1,1,0.717194080352783
16,1,2,58,-81,81,0,0.767735958099365,1,-1,-1,-1,0.551097393035889
16,1,2,59,0,0,0,0.967797756195068,-1,-1,-1,1,0.517735958099365
16,1,2,63,-81,81,0,0.717153310775757,1,1,1,1,0.583836317062378
16,1,2,64,3,3,0,1.01720261573792,-1,-1,1,1,0.467153310775757
16,1,2,65,81,81,1,0.634396553039551,1,-1,-1,-1,0.767202615737915
16,1,2,66,27,27,1,1.45108246803284,1,1,-1,1,0.384396553039551
16,1,2,67,-3,3,1,0.983815908432007,1,1,1,1,1.20108246803284
16,1,2,68,0,0,1,0.951147317886353,-1,1,1,1,0.733815908432007
16,1,2,72,-81,81,0,0.700990438461304,-1,-1,-1,1,0.800546646118164
16,1,2,73,81,81,1,0.567204713821411,-1,-1,-1,-1,0.450990438461304
16,1,2,77,-3,3,0,1.00047540664673,1,1,1,1,0.501083374023438
16,1,2,78,27,27,0,0.617158889770508,-1,-1,1,1,0.750475406646729
16,1,2,82,-27,27,0,0.683799028396606,1,-1,1,-1,0.584487199783325
16,1,2,83,81,81,1,1.26721954345703,-1,-1,-1,1,0.433799028396606
16,1,2,87,-81,81,1,0.734428405761719,1,-1,1,-1,0.484474420547485
16,1,2,94,-9,9,1,0.50052547454834,1,1,-1,-1,0.634412288665771
16,1,2,95,9,9,0,0.600493669509888,-1,1,1,1,0.25052547454834
16,1,2,96,-9,9,0,0.717198133468628,1,-1,1,-1,0.350493669509888
16,1,3,2,27,27,1,0.551008224487305,1,1,1,1,0.617444515228271
16,1,3,3,9,9,1,0.60115122795105,1,1,1,1,0.301008224487305
16,1,3,4,-81,81,0,0.484331369400024,1,1,1,1,0.35115122795105
16,1,3,5,81,81,1,0.567212343215942,-1,-1,1,1,0.234331369400024
16,1,3,6,-0,0,1,1.00108885765076,1,1,-1,-1,0.317212343215942
16,1,3,7,-0,0,0,0.717619657516479,-1,1,1,1,0.751088857650757
16,1,3,8,0,0,1,0.917922258377075,-1,-1,1,-1,0.467619657516479
16,1,3,9,-27,27,0,0.917145252227783,1,1,-1,-1,0.667922258377075
16,1,3,10,-0,0,0,0.567198514938354,-1,-1,1,1,0.667145252227783
16,1,3,11,81,81,1,1.00048828125,-1,-1,-1,-1,0.317198514938354
16,1,3,12,-3,3,1,1.08382320404053,1,1,-1,-1,0.75048828125
16,1,3,16,-81,81,0,0.867223262786865,1,-1,-1,-1,0.86718225479126
16,1,3,17,-9,9,1,0.950545310974121,-1,-1,-1,1,0.617223262786865
16,1,3,18,-81,81,0,0.567189693450928,-1,1,-1,-1,0.700545310974121
16,1,3,19,0,0,0,0.968546152114868,-1,-1,1,-1,0.317189693450928
16,1,3,23,-0,0,0,1.33386731147766,-1,-1,-1,-1,0.417586088180542
16,1,3,24,-27,27,0,0.600528717041016,-1,-1,-1,-1,1.08386731147766
16,1,3,25,3,3,1,0.768116474151611,-1,-1,-1,-1,0.350528717041016
16,1,3,29,9,9,0,1.05050420761108,-1,-1,1,1,0.550492286682129
16,1,3,30,-9,9,1,1.1671359539032,1,-1,-1,-1,0.800504207611084
16,1,3,31,-9,9,0,1.40097737312317,-1,1,-1,1,0.917135953903198
16,1,3,32,9,9,0,1.20047926902771,-1,-1,1,-1,1.15097737312317
16,1,3,33,27,27,1,0.718466997146606,1,-1,-1,-1,0.95047926902771
16,1,3,34,-81,81,0,0.767200231552124,1,1,-1,1,0.468466997146606
16,1,3,35,-27,27,0,1.28383016586304,-1,-1,1,1,0.517200231552124
16,1,3,36,81,81,1,0.834478616714478,-1,-1,-1,-1,1.03383016586304
16,1,3,37,-0,0,1,0.851111888885498,1,1,-1,-1,0.584478616714478
16,1,3,38,-3,3,0,0.684521675109863,-1,1,1,1,0.601111888885498
16,1,3,39,-3,3,0,0.917176485061646,-1,-1,1,-1,0.434521675109863
16,1,3,40,-3,3,0,0.68436336517334,-1,-1,-1,-1,0.667176485061646
16,1,3,41,-81,81,0,0.634933710098267,-1,-1,-1,-1,0.43436336517334
16,1,3,42,-27,27,0,0.650567293167114,-1,-1,-1,-1,0.384933710098267
16,1,3,43,-9,9,0,1.10053181648254,-1,-1,-1,-1,0.400567293167114
16,1,3,44,-27,27,0,0.917135238647461,-1,-1,-1,-1,0.850531816482544
16,1,3,45,-81,81,0,0.80052924156189,-1,-1,-1,-1,0.667135238647461
16,1,3,46,-27,27,0,0.950964689254761,-1,-1,-1,-1,0.55052924156189
16,1,3,50,-9,9,1,0.450955390930176,1,1,1,1,0.117214918136597
16,1,3,51,-0,0,0,0.750477075576782,-1,1,1,1,0.200955390930176
16,1,3,52,-3,3,0,0.951477766036987,-1,-1,1,-1,0.500477075576782
16,1,3,53,-3,3,1,0.86716890335083,-1,-1,-1,-1,0.701477766036987
16,1,3,54,27,27,1,1.05095076560974,-1,1,-1,-1,0.61716890335083
16,1,3,55,9,9,0,1.15047860145569,1,1,1,-1,0.800950765609741
16,1,3,56,-3,3,1,0.767596483230591,1,-1,1,1,0.900478601455688
16,1,3,57,3,3,0,0.600483417510986,-1,1,-1,1,0.517596483230591
16,1,3,58,9,9,1,0.751090288162231,1,-1,1,-1,0.350483417510986
16,1,3,59,27,27,1,1.15052819252014,1,1,-1,1,0.501090288162231
16,1,3,60,-27,27,1,0.767927646636963,1,1,1,1,0.900528192520142
16,1,3,61,-3,3,0,0.934425354003906,-1,1,1,1,0.517927646636963
16,1,3,65,9,9,1,1.10172295570374,-1,-1,-1,-1,0.968173980712891
16,1,3,66,3,3,0,1.25053071975708,1,1,-1,-1,0.851722955703735
16,1,3,67,-9,9,0,0.867873191833496,1,-1,1,1,1.00053071975708
16,1,3,68,-27,27,0,0.867260932922363,-1,-1,-1,1,0.617873191833496
16,1,3,69,-0,0,0,0.683873414993286,-1,-1,-1,-1,0.617260932922363
16,1,3,70,81,81,1,0.733887195587158,-1,-1,-1,-1,0.433873414993286
16,1,3,71,-3,3,0,0.734483003616333,1,1,-1,-1,0.483887195587158
16,1,3,72,-9,9,0,0.267182588577271,-1,-1,1,1,0.484483003616333
16,1,3,73,-9,9,0,0.833915233612061,-1,-1,-1,-1,0.0171825885772705
16,1,3,74,81,81,1,0.550539016723633,-1,-1,-1,-1,0.583915233612061
16,1,3,75,-27,27,0,0.683841705322266,1,1,-1,-1,0.300539016723633
16,1,3,76,-9,9,0,0.550511837005615,-1,-1,1,1,0.433841705322266
16,1,3,77,-27,27,0,0.667180061340332,-1,-1,-1,-1,0.300511837005615
16,1,3,78,81,81,1,0.55052375793457,-1,-1,-1,-1,0.417180061340332
16,1,3,79,0,0,0,0.967195272445679,1,1,-1,-1,0.30052375793457
16,1,3,84,3,3,0,0.468110322952271,1,1,-1,1,0.284387111663818
16,1,3,85,9,9,1,1.20054221153259,1,-1,1,1,0.218110322952271
16,1,3,86,-3,3,0,0.833866596221924,1,1,-1,1,0.950542211532593
16,1,3,92,-3,3,0,1.1178252696991,1,1,1,-1,0.884780168533325
16,1,3,93,-3,3,0,0.617153882980347,-1,-1,1,1,0.867825269699097
16,1,3,94,81,81,1,1.03443169593811,-1,-1,-1,-1,0.367153882980347
16,1,3,95,-81,81,0,0.684719800949097,1,1,-1,-1,0.78443169593811
16,1,3,96,81,81,1,1.46780347824097,-1,-1,1,1,0.434719800949097
16,1,4,2,-9,9,1,1.03384351730347,1,-1,-1,-1,0.668081998825073
16,1,4,3,-3,3,0,0.933940410614014,-1,1,-1,1,0.783843517303467
16,1,4,4,81,81,1,0.917213439941406,-1,-1,1,-1,0.683940410614014
16,1,4,5,-3,3,0,1.03500747680664,1,1,-1,-1,0.667213439941406
16,1,4,6,-3,3,0,0.600538015365601,-1,-1,1,1,0.785007476806641
16,1,4,7,27,27,1,0.534309387207031,-1,-1,-1,-1,0.350538015365601
16,1,4,8,-81,81,0,0.568020582199097,1,1,-1,-1,0.284309387207031
16,1,4,9,-3,3,0,0.617680311203003,-1,-1,1,1,0.318020582199097
16,1,4,10,0,0,0,0.801069259643555,-1,-1,-1,-1,0.367680311203003
16,1,4,11,-81,81,0,0.918102264404297,1,-1,-1,-1,0.551069259643555
16,1,4,12,81,81,1,1.13449954986572,-1,-1,-1,1,0.668102264404297
16,1,4,13,-9,9,0,0.733807563781738,1,1,-1,-1,0.884499549865723
16,1,4,14,81,81,1,0.601783990859985,-1,-1,1,1,0.483807563781738
16,1,4,15,-9,9,0,0.918413162231445,1,1,-1,-1,0.351783990859985
16,1,4,16,3,3,0,0.517223596572876,-1,-1,1,1,0.668413162231445
16,1,4,17,-81,81,0,0.83387017250061,1,-1,-1,-1,0.267223596572876
16,1,4,18,-3,3,1,0.533824443817139,-1,-1,-1,1,0.58387017250061
16,1,4,19,0,0,0,0.601169347763062,-1,1,-1,-1,0.283824443817139
16,1,4,20,-3,3,1,0.61715030670166,1,-1,1,-1,0.351169347763062
16,1,4,21,-81,81,0,1.00116324424744,-1,1,-1,1,0.36715030670166
16,1,4,22,9,9,0,1.2177631855011,-1,-1,1,-1,0.751163244247437
16,1,4,23,-9,9,0,0.650542259216309,1,-1,-1,-1,0.967763185501099
16,1,4,24,-27,27,0,0.583840370178223,-1,-1,-1,1,0.400542259216309
16,1,4,25,3,3,0,0.650487422943115,-1,-1,-1,-1,0.333840370178223
16,1,4,26,-0,0,1,0.833818674087524,1,-1,-1,-1,0.400487422943115
16,1,4,27,-27,27,0,1.2171802520752,-1,1,-1,1,0.583818674087524
16,1,4,28,-27,27,0,0.967179536819458,-1,-1,1,-1,0.967180252075195
16,1,4,29,-81,81,0,0.901185989379883,-1,-1,-1,-1,0.717179536819458
16,1,4,30,27,27,1,0.367659091949463,-1,-1,-1,-1,0.651185989379883
16,1,4,31,-9,9,0,0.517805337905884,1,1,-1,-1,0.117659091949463
16,1,4,32,27,27,1,0.65172266960144,-1,-1,1,1,0.267805337905884
16,1,4,33,-27,27,0,0.55056095123291,1,1,-1,-1,0.40172266960144
16,1,4,34,81,81,1,0.534814357757568,-1,-1,1,1,0.30056095123291
16,1,4,35,-81,81,0,0.48488712310791,1,1,-1,-1,0.284814357757568
16,1,4,36,9,9,1,1.03384971618652,-1,-1,1,1,0.23488712310791
16,1,4,37,-81,81,0,0.501088619232178,1,1,-1,-1,0.783849716186523
16,1,4,38,27,27,1,0.550535678863525,-1,-1,1,1,0.251088619232178
16,1,4,39,-3,3,0,0.783869743347168,1,1,-1,-1,0.300535678863525
16,1,4,43,-9,9,0,0.517217636108398,-1,-1,-1,-1,0.51715612411499
16,1,4,44,9,9,0,0.6678307056427,-1,-1,-1,-1,0.267217636108398
16,1,4,48,3,3,1,0.91784930229187,-1,-1,1,1,0.833822965621948
16,1,4,49,-9,9,1,0.550554037094116,1,1,-1,-1,0.66784930229187
16,1,4,50,0,0,0,0.767699956893921,-1,1,1,1,0.300554037094116
16,1,4,51,-0,0,0,0.417160272598267,1,-1,1,-1,0.517699956893921
16,1,4,52,27,27,1,0.901117086410522,-1,-1,-1,1,0.167160272598267
16,1,4,53,-3,3,0,0.567185640335083,1,1,-1,-1,0.651117086410522
16,1,4,54,9,9,0,0.434780836105347,-1,-1,1,1,0.317185640335083
16,1,4,55,-81,81,0,0.717189311981201,1,-1,-1,-1,0.184780836105347
16,1,4,56,27,27,1,0.58380126953125,-1,-1,-1,1,0.467189311981201
16,1,4,57,3,3,0,0.667272567749023,1,1,-1,-1,0.33380126953125
16,1,4,58,-3,3,1,0.983847379684448,1,-1,1,1,0.417272567749023
16,1,4,59,3,3,0,0.801267147064209,-1,1,-1,1,0.733847379684448
16,1,4,60,27,27,1,0.70053243637085,1,-1,1,-1,0.551267147064209
16,1,4,61,-27,27,0,0.833818674087524,1,1,-1,1,0.45053243637085
16,1,4,62,9,9,0,0.917198181152344,-1,-1,1,1,0.583818674087524
16,1,4,69,81,81,1,1.31714415550232,-1,1,1,1,0.383888721466064
16,1,4,70,9,9,1,1.0672082901001,1,1,1,-1,1.06714415550232
16,1,4,71,-9,9,0,0.450508594512939,1,1,1,1,0.817208290100098
16,1,4,72,-27,27,0,0.717211008071899,-1,-1,1,1,0.200508594512939
16,1,4,76,-0,0,1,1.10120058059692,1,1,-1,-1,0.467828512191772
16,1,4,77,-9,9,0,1.08383727073669,-1,1,1,1,0.851200580596924
16,1,4,78,27,27,1,0.633841514587402,-1,-1,1,-1,0.833837270736694
16,1,4,79,-0,0,1,0.484769582748413,1,1,-1,-1,0.383841514587402
16,1,4,83,0,0,1,0.483899354934692,-1,1,1,1,0.351020574569702
16,1,4,84,-81,81,0,0.683822154998779,1,1,1,-1,0.233899354934692
16,1,4,85,3,3,0,0.685086488723755,-1,-1,1,1,0.433822154998779
16,1,4,86,-3,3,0,0.917193651199341,1,-1,-1,-1,0.435086488723755
16,1,4,87,-9,9,1,0.583861112594604,-1,-1,-1,1,0.667193651199341
16,1,4,88,81,81,1,0.700505256652832,-1,1,-1,-1,0.333861112594604
16,1,4,89,27,27,1,0.817178249359131,1,1,1,-1,0.450505256652832
16,1,4,90,-27,27,0,0.933793067932129,1,1,1,1,0.567178249359131
16,1,4,91,81,81,1,0.53449821472168,-1,-1,1,1,0.683793067932129
16,1,4,92,-27,27,0,0.800539493560791,1,1,-1,-1,0.28449821472168
16,1,4,93,27,27,0,0.417169094085693,-1,-1,1,1,0.550539493560791
16,1,4,94,-9,9,1,0.833863496780396,1,-1,-1,-1,0.167169094085693
16,1,4,95,9,9,0,0.583837747573853,-1,1,-1,1,0.583863496780396
16,1,4,96,-81,81,0,1.2511465549469,1,-1,1,-1,0.333837747573853
16,1,4,97,81,81,1,0.584303140640259,-1,-1,-1,1,1.0011465549469
16,1,4,98,27,27,0,0.600533485412598,1,1,-1,-1,0.334303140640259
16,1,4,99,-81,81,0,0.717144250869751,1,-1,1,1,0.350533485412598
16,1,5,2,3,3,1,0.267197370529175,-1,-1,-1,-1,0.467880964279175
16,1,5,3,-27,27,0,0.583813190460205,1,1,-1,-1,0.0171973705291748
16,1,5,4,9,9,0,0.667772054672241,-1,-1,1,1,0.333813190460205
16,1,5,5,81,81,1,0.550485610961914,1,-1,-1,-1,0.417772054672241
16,1,5,6,0,0,1,0.701111316680908,1,1,-1,1,0.300485610961914
16,1,5,7,27,27,1,0.783828973770142,1,1,1,1,0.451111316680908
16,1,5,8,3,3,0,0.850963354110718,1,1,1,1,0.533828973770142
16,1,5,9,81,81,1,0.817697286605835,1,-1,1,1,0.600963354110718
16,1,5,10,9,9,0,0.585053443908691,1,1,-1,1,0.567697286605835
16,1,5,11,9,9,1,0.917154312133789,1,-1,1,1,0.335053443908691
16,1,5,12,0,0,1,0.467197418212891,1,1,-1,1,0.667154312133789
16,1,5,13,-3,3,0,0.301013946533203,1,1,1,1,0.217197418212891
16,1,5,14,9,9,1,0.550578117370605,-1,-1,1,1,0.0510139465332031
16,1,5,15,-81,81,0,0.750576496124268,1,1,-1,-1,0.300578117370605
16,1,5,16,-9,9,1,0.517200469970703,-1,-1,1,1,0.500576496124268
16,1,5,17,27,27,0,0.584491491317749,-1,1,-1,-1,0.267200469970703
16,1,5,18,-81,81,0,1.36779356002808,1,-1,1,-1,0.334491491317749
16,1,5,19,27,27,1,0.767180919647217,-1,-1,-1,1,1.11779356002808
16,1,5,20,9,9,0,0.883824348449707,1,1,-1,-1,0.517180919647217
16,1,5,21,81,81,1,0.900540351867676,1,-1,1,1,0.633824348449707
16,1,5,22,-81,81,0,0.567167520523071,1,1,-1,1,0.650540351867676
16,1,5,23,-3,3,1,0.501018047332764,-1,-1,1,1,0.317167520523071
16,1,5,24,-0,0,0,0.868045806884766,-1,1,-1,-1,0.251018047332764
16,1,5,25,-27,27,0,0.651158332824707,-1,-1,1,-1,0.618045806884766
16,1,5,26,-27,27,0,0.634316205978394,-1,-1,-1,-1,0.401158332824707
16,1,5,27,-9,9,1,0.50119948387146,-1,-1,-1,-1,0.384316205978394
16,1,5,28,-81,81,0,0.667660474777222,-1,1,-1,-1,0.25119948387146
16,1,5,29,0,0,0,0.817154884338379,-1,-1,1,-1,0.417660474777222
16,1,5,30,0,0,1,1.35108423233032,1,-1,-1,-1,0.567154884338379
16,1,5,34,81,81,1,0.634514093399048,1,-1,-1,1,0.517201662063599
16,1,5,35,9,9,0,0.617223024368286,1,1,-1,1,0.384514093399048
16,1,5,36,-81,81,0,0.600542783737183,1,-1,1,1,0.367223024368286
16,1,5,37,-3,3,0,0.733869314193726,-1,-1,-1,1,0.350542783737183
16,1,5,41,-3,3,0,0.867630481719971,-1,1,-1,-1,0.23388409614563
16,1,5,42,-27,27,0,0.800525426864624,-1,-1,1,-1,0.617630481719971
16,1,5,43,-0,0,0,0.617166757583618,-1,-1,-1,-1,0.550525426864624
16,1,5,44,3,3,0,0.550483465194702,-1,-1,-1,-1,0.367166757583618
16,1,5,45,3,3,1,0.401175737380981,1,-1,-1,-1,0.300483465194702
16,1,5,46,-9,9,0,0.2509765625,1,1,-1,1,0.151175737380981
16,1,5,47,-81,81,0,0.601099014282227,-1,-1,1,1,0.0009765625
16,1,5,48,-3,3,0,0.817227602005005,-1,-1,-1,-1,0.351099014282227
16,1,5,49,-9,9,0,0.667850255966187,-1,-1,-1,-1,0.567227602005005
16,1,5,50,-81,81,0,0.60053825378418,-1,-1,-1,-1,0.417850255966187
16,1,5,51,-81,81,0,0.333863735198975,-1,-1,-1,-1,0.35053825378418
16,1,5,52,-81,81,0,0.450554609298706,-1,-1,-1,-1,0.0838637351989746
16,1,5,53,27,27,1,0.883864641189575,-1,-1,-1,-1,0.200554609298706
16,1,5,57,-81,81,0,0.800934076309204,-1,-1,-1,1,0.750508308410645
16,1,5,58,-81,81,0,0.567222833633423,-1,-1,-1,-1,0.550934076309204
16,1,5,59,-27,27,0,0.684242010116577,-1,-1,-1,-1,0.317222833633423
16,1,5,60,-9,9,0,0.900527715682983,-1,-1,-1,-1,0.434242010116577
16,1,5,61,-81,81,0,0.601394176483154,-1,-1,-1,-1,0.650527715682983
16,1,5,62,-0,0,0,1.26777386665344,-1,-1,-1,-1,0.351394176483154
16,1,5,63,-3,3,0,0.550536155700684,-1,-1,-1,-1,1.01777386665344
16,1,5,67,27,27,1,0.533823251724243,-1,-1,-1,-1,0.817195653915405
16,1,5,68,3,3,0,0.634630918502808,1,1,-1,-1,0.283823251724243
16,1,5,69,3,3,1,0.534432172775269,1,-1,1,1,0.384630918502808
16,1,5,70,-27,27,0,0.767187118530273,1,1,-1,1,0.284432172775269
16,1,5,71,-3,3,0,0.401172637939453,-1,-1,1,1,0.517187118530273
16,1,5,72,81,81,1,0.517902374267578,-1,-1,-1,-1,0.151172637939453
16,1,5,73,9,9,0,0.350490093231201,1,1,-1,-1,0.267902374267578
16,1,5,74,3,3,1,0.918278694152832,1,-1,1,1,0.100490093231201
16,1,5,75,81,81,1,0.750967502593994,1,1,-1,1,0.668278694152832
16,1,5,76,9,9,1,0.61713433265686,1,1,1,1,0.500967502593994
16,1,5,77,27,27,1,0.400516986846924,1,1,1,1,0.36713433265686
16,1,5,78,3,3,1,0.783819437026978,1,1,1,1,0.150516986846924
16,1,5,79,3,3,1,0.733807802200317,1,1,1,1,0.533819437026978
16,1,5,80,27,27,1,0.56789231300354,1,1,1,1,0.483807802200317
16,1,5,81,0,0,0,0.701682567596436,1,1,1,1,0.31789231300354
16,1,5,85,81,81,1,0.601661920547485,-1,-1,1,1,0.767199039459229
16,1,5,86,9,9,0,0.850523710250854,1,1,-1,-1,0.351661920547485
16,1,5,87,81,81,0,0.984336614608765,1,-1,1,1,0.600523710250854
16,1,5,88,3,3,0,0.951825380325317,1,-1,-1,1,0.734336614608765
16,1,5,89,-3,3,1,0.733834743499756,1,-1,-1,1,0.701825380325317
16,1,5,90,-27,27,0,0.700486421585083,-1,1,-1,1,0.483834743499756
16,1,5,91,-3,3,0,0.751249074935913,-1,-1,1,-1,0.450486421585083
16,1,5,92,27,27,1,0.767626285552979,-1,-1,-1,-1,0.501249074935913
16,1,5,93,27,27,1,1.25051283836365,1,1,-1,-1,0.517626285552979
16,1,5,94,9,9,0,0.351142406463623,1,1,1,1,1.00051283836365
16,1,5,95,27,27,1,0.900937557220459,1,-1,1,1,0.101142406463623
16,1,5,96,3,3,1,0.601161479949951,1,1,-1,1,0.650937557220459
16,1,5,97,27,27,1,0.502054691314697,1,1,1,1,0.351161479949951
16,1,6,2,27,27,1,0.550506114959717,1,1,-1,1,0.417446613311768
16,1,6,3,-81,81,0,0.584461212158203,1,1,1,1,0.300506114959717
16,1,6,4,-3,3,1,0.367811679840088,-1,-1,1,1,0.334461212158203
16,1,6,5,-81,81,0,0.583828449249268,-1,1,-1,-1,0.117811679840088
16,1,6,6,-3,3,0,0.551114797592163,-1,-1,1,-1,0.333828449249268
16,1,6,7,-81,81,0,0.600541591644287,-1,-1,-1,-1,0.301114797592163
16,1,6,8,9,9,1,0.534411430358887,-1,-1,-1,-1,0.350541591644287
16,1,6,12,81,81,1,0.534445285797119,1,1,-1,-1,0.384650230407715
16,1,6,13,3,3,1,0.534515619277954,1,1,1,1,0.284445285797119
16,1,6,14,-3,3,0,0.484482288360596,1,1,1,1,0.284515619277954
16,1,6,15,-9,9,0,0.567194223403931,-1,-1,1,1,0.234482288360596
16,1,6,16,-27,27,0,0.81782341003418,-1,-1,-1,-1,0.317194223403931
16,1,6,17,-81,81,0,0.518140316009521,-1,-1,-1,-1,0.56782341003418
16,1,6,18,0,0,0,1.03424715995789,-1,-1,-1,-1,0.268140316009521
16,1,6,19,-9,9,0,0.833814859390259,1,-1,-1,-1,0.784247159957886
16,1,6,20,-27,27,0,0.567696094512939,-1,-1,-1,1,0.583814859390259
16,1,6,21,-3,3,0,0.617145538330078,-1,-1,-1,-1,0.317696094512939
16,1,6,22,3,3,1,0.567191362380981,-1,-1,-1,-1,0.367145538330078
16,1,6,23,81,81,1,0.35049033164978,1,1,-1,-1,0.317191362380981
16,1,6,24,0,0,1,0.650484323501587,1,1,1,1,0.10049033164978
16,1,6,25,-27,27,0,0.551356077194214,1,1,1,1,0.400484323501587
16,1,6,26,-3,3,1,0.700514078140259,-1,-1,1,1,0.301356077194214
16,1,6,27,-27,27,0,0.634427785873413,-1,1,-1,-1,0.450514078140259
16,1,6,28,-3,3,0,0.667214393615723,-1,-1,1,-1,0.384427785873413
16,1,6,29,-0,0,0,0.45049524307251,-1,-1,-1,-1,0.417214393615723
16,1,6,30,-3,3,1,0.46724534034729,-1,-1,-1,-1,0.20049524307251
16,1,6,31,0,0,0,0.950541973114014,-1,1,-1,-1,0.21724534034729
16,1,6,36,-3,3,0,0.63442325592041,-1,-1,1,1,0.867188215255737
16,1,6,37,-81,81,0,0.650970458984375,-1,-1,-1,-1,0.38442325592041
16,1,6,38,-9,9,0,0.400948286056519,-1,-1,-1,-1,0.400970458984375
16,1,6,39,-9,9,0,0.634585857391357,-1,-1,-1,-1,0.150948286056519
16,1,6,43,27,27,1,0.735104560852051,1,1,1,1,0.334322214126587
16,1,6,44,27,27,1,0.683876276016235,1,1,1,1,0.485104560852051
16,1,6,45,-3,3,0,0.634453296661377,1,1,1,1,0.433876276016235
16,1,6,46,-9,9,1,0.517773151397705,-1,-1,1,1,0.384453296661377
16,1,6,47,9,9,0,1.03387856483459,-1,1,-1,-1,0.267773151397705
16,1,6,48,-3,3,0,0.867210149765015,1,-1,1,-1,0.783878564834595
16,1,6,49,-3,3,1,1.15112209320068,-1,-1,-1,1,0.617210149765015
16,1,6,50,-81,81,0,0.667210340499878,-1,1,-1,-1,0.901122093200684
16,1,6,51,-9,9,1,0.583852529525757,-1,-1,1,-1,0.417210340499878
16,1,6,52,-3,3,0,0.617196083068848,-1,1,-1,-1,0.333852529525757
16,1,6,53,-9,9,0,0.583828210830688,-1,-1,1,-1,0.367196083068848
16,1,6,54,81,81,1,0.534696340560913,-1,-1,-1,-1,0.333828210830688
16,1,6,55,-27,27,0,0.400486469268799,1,1,-1,-1,0.284696340560913
16,1,6,59,81,81,1,0.567665338516235,1,1,1,1,0.468056440353394
16,1,6,60,-27,27,0,0.367148160934448,1,1,1,1,0.317665338516235
16,1,6,61,-9,9,0,0.651116132736206,-1,-1,1,1,0.117148160934448
16,1,6,62,-9,9,0,0.367141246795654,-1,-1,-1,-1,0.401116132736206
16,1,6,63,-27,27,0,0.501480579376221,-1,-1,-1,-1,0.117141246795654
16,1,6,68,-81,81,0,0.600494146347046,-1,-1,-1,1,0.351177930831909
16,1,6,72,-27,27,0,0.26720929145813,-1,-1,1,-1,0.234651803970337
16,1,6,73,-3,3,0,0.534327507019043,-1,-1,-1,-1,0.0172092914581299
16,1,6,74,-81,81,0,0.517692804336548,-1,-1,-1,-1,0.284327507019043
16,1,6,75,-3,3,0,0.317270994186401,-1,-1,-1,-1,0.267692804336548
16,1,6,76,81,81,1,0.500539779663086,-1,-1,-1,-1,0.0672709941864014
16,1,6,77,0,0,1,0.667164325714111,1,1,-1,-1,0.250539779663086
16,1,6,81,0,0,1,0.70111346244812,1,1,1,1,0.384260654449463
16,1,6,82,-9,9,0,0.633863925933838,1,1,1,1,0.45111346244812
16,1,6,89,9,9,1,0.800535440444946,-1,-1,1,1,0.367205619812012
16,1,6,90,0,0,1,0.467171430587769,1,1,-1,-1,0.550535440444946
16,1,6,91,9,9,0,0.633875131607056,1,1,1,1,0.217171430587769
16,1,6,92,-9,9,1,1.31772899627686,1,-1,1,1,0.383875131607056
16,1,6,93,9,9,0,0.900538921356201,-1,1,-1,1,1.06772899627686
16,1,6,94,27,27,1,0.917778015136719,1,-1,1,-1,0.650538921356201
16,1,6,95,9,9,0,0.401164293289185,1,1,-1,1,0.667778015136719
16,1,6,96,3,3,0,0.66797661781311,1,-1,1,1,0.151164293289185
16,1,6,97,27,27,1,1.08388662338257,1,-1,-1,1,0.41797661781311
16,1,6,98,-3,3,0,0.417776107788086,1,1,-1,1,0.833886623382568
16,1,6,99,0,0,0,0.583853006362915,-1,-1,1,1,0.167776107788086
16,2,1,2,-81,81,0,0.517145872116089,1,-1,1,1,1.01806139945984
16,2,1,3,9,9,0,0.967607975006104,-1,-1,-1,1,0.267145872116089
16,2,1,4,-9,9,0,1.11785459518433,1,-1,-1,-1,0.717607975006104
16,2,1,5,3,3,0,1.03436875343323,-1,-1,-1,1,0.867854595184326
16,2,1,6,-0,0,1,1.11759996414185,1,-1,-1,-1,0.784368753433228
16,2,1,7,9,9,0,0.800922870635986,-1,1,-1,1,0.867599964141846
16,2,1,8,-81,81,0,0.835493087768555,1,-1,1,-1,0.550922870635986
16,2,1,9,-81,81,0,0.850943803787231,-1,-1,-1,1,0.585493087768555
16,2,1,10,3,3,1,0.684868335723877,-1,-1,-1,-1,0.600943803787231
16,2,1,11,-81,81,0,0.468010902404785,1,1,-1,-1,0.434868335723877
16,2,1,12,-9,9,0,1.00110054016113,-1,-1,1,1,0.218010902404785
16,2,1,13,9,9,0,0.852703332901001,-1,-1,-1,-1,0.751100540161133
16,2,1,14,-27,27,0,0.584313154220581,1,-1,-1,-1,0.602703332901001
16,2,1,15,9,9,1,0.683876991271973,-1,-1,-1,1,0.334313154220581
16,2,1,16,-3,3,0,0.569329738616943,1,1,-1,-1,0.433876991271973
16,2,1,17,-81,81,0,0.501315355300903,-1,-1,1,1,0.319329738616943
16,2,1,18,-0,0,1,0.933837413787842,-1,-1,-1,-1,0.251315355300903
16,2,1,19,81,81,1,0.852667093276978,-1,1,-1,-1,0.683837413787842
16,2,1,20,-3,3,0,0.734311580657959,1,1,1,-1,0.602667093276978
16,2,1,21,27,27,1,1.23596715927124,-1,-1,1,1,0.484311580657959
16,2,1,22,-9,9,1,0.986140012741089,1,1,-1,-1,0.98596715927124
16,2,1,23,0,0,0,0.884335994720459,-1,1,1,1,0.736140012741089
16,2,1,24,-81,81,0,1.08386182785034,1,-1,1,-1,0.634335994720459
16,2,1,25,27,27,1,0.750488042831421,-1,-1,-1,1,0.833861827850342
16,2,1,26,-81,81,0,0.585126161575317,1,1,-1,-1,0.500488042831421
16,2,1,27,0,0,1,0.885743856430054,-1,-1,1,1,0.335126161575317
16,2,1,28,-81,81,0,1.13550996780396,1,1,-1,-1,0.635743856430054
16,2,1,29,9,9,1,0.735670804977417,-1,-1,1,1,0.885509967803955
16,2,1,30,-9,9,0,0.602489471435547,1,1,-1,-1,0.485670804977417
16,2,1,31,-3,3,0,1.00257253646851,-1,-1,1,1,0.352489471435547
16,2,1,32,81,81,0,0.602625131607056,-1,-1,-1,-1,0.752572536468506
16,2,1,33,-9,9,0,0.901385068893433,1,-1,-1,-1,0.352625131607056
16,2,1,34,3,3,1,0.633903980255127,-1,-1,-1,1,0.651385068893433
16,2,1,35,-27,27,0,0.551887989044189,1,1,-1,-1,0.383903980255127
16,2,1,36,27,27,1,0.534284353256226,-1,-1,1,1,0.301887989044189
16,2,1,37,-0,0,0,0.317600011825562,1,1,-1,-1,0.284284353256226
16,2,1,38,0,0,1,0.735685586929321,-1,-1,1,1,0.0676000118255615
16,2,1,39,-3,3,0,0.734338045120239,1,1,-1,-1,0.485685586929321
16,2,1,40,0,0,1,0.600500822067261,-1,-1,1,1,0.484338045120239
16,2,1,41,-9,9,0,0.669004440307617,1,1,-1,-1,0.350500822067261
16,2,1,42,3,3,1,0.48538064956665,-1,-1,1,1,0.419004440307617
16,2,1,43,-81,81,0,0.752601623535156,1,1,-1,-1,0.23538064956665
16,2,1,44,81,81,0,0.733922958374023,-1,-1,1,1,0.502601623535156
16,2,1,45,81,81,1,0.584291458129883,1,-1,-1,-1,0.483922958374023
16,2,1,46,-81,81,0,0.484696388244629,1,1,-1,1,0.334291458129883
16,2,1,47,3,3,1,1.38594245910645,-1,-1,1,1,0.234696388244629
16,2,1,48,-9,9,1,0.717205047607422,1,1,-1,-1,1.13594245910645
16,2,1,49,0,0,0,1.43458843231201,-1,1,1,1,0.467205047607422
16,2,1,50,-3,3,1,0.835885047912598,1,-1,1,-1,1.18458843231201
16,2,1,51,-27,27,1,1.03526210784912,-1,1,-1,1,0.585885047912598
16,2,1,52,9,9,1,1.00192284584045,-1,1,1,-1,0.785262107849121
16,2,1,53,27,27,1,0.802565336227417,1,1,1,-1,0.751922845840454
16,2,1,54,-27,27,0,0.652046680450439,1,1,1,1,0.552565336227417
16,2,1,55,81,81,1,1.33434247970581,-1,-1,1,1,0.402046680450439
16,2,1,56,-27,27,0,0.702150821685791,1,1,-1,-1,1.08434247970581
16,2,1,57,-27,27,0,0.550533771514893,-1,-1,1,1,0.452150821685791
16,2,1,58,81,81,1,0.685263156890869,-1,-1,-1,-1,0.300533771514893
16,2,1,62,3,3,1,0.885373592376709,-1,-1,1,1,0.669203758239746
16,2,1,63,-3,3,0,0.935537338256836,1,1,-1,-1,0.635373592376709
16,2,1,64,27,27,0,0.651003360748291,-1,-1,1,1,0.685537338256836
16,2,1,65,-3,3,1,1.16718053817749,1,-1,-1,-1,0.401003360748291
16,2,1,66,9,9,0,0.9356529712677,-1,1,-1,1,0.91718053817749
16,2,1,67,-27,27,0,0.885971784591675,1,-1,1,-1,0.6856529712677
16,2,1,68,3,3,0,0.867778062820435,-1,-1,-1,1,0.635971784591675
16,2,1,69,-27,27,0,1.13432502746582,1,-1,-1,-1,0.617778062820435
16,2,1,70,27,27,1,0.717618227005005,-1,-1,-1,1,0.88432502746582
16,2,1,71,81,81,1,1.36775922775269,1,1,-1,-1,0.467618227005005
16,2,1,75,3,3,1,1.13384771347046,1,1,-1,-1,0.634260892868042
16,2,1,80,9,9,0,0.719404220581055,-1,-1,1,-1,0.417878150939941
16,2,1,81,81,81,1,0.569460868835449,1,-1,-1,-1,0.469404220581055
16,2,1,85,-27,27,0,0.733814239501953,1,-1,-1,-1,0.18384051322937
16,2,1,86,9,9,1,0.402836322784424,-1,-1,-1,1,0.483814239501953
16,2,1,87,81,81,1,0.585274696350098,1,1,-1,-1,0.152836322784424
16,2,1,88,-27,27,0,0.618712902069092,1,1,1,1,0.335274696350098
16,2,1,89,9,9,0,0.752721786499023,-1,-1,1,1,0.368712902069092
16,2,1,90,3,3,1,0.317763328552246,1,-1,-1,-1,0.502721786499023
16,2,1,91,-3,3,0,0.31766152381897,1,1,-1,1,0.0677633285522461
16,2,1,92,-27,27,0,0.352524757385254,-1,-1,1,1,0.0676615238189697
16,2,1,93,27,27,1,0.351176977157593,-1,-1,-1,-1,0.102524757385254
16,2,1,94,-3,3,1,0.651124715805054,1,1,-1,-1,0.101176977157593
16,2,1,95,0,0,0,0.834470510482788,-1,1,1,1,0.401124715805054
16,2,1,96,-81,81,0,1.1856050491333,1,-1,1,-1,0.584470510482788
16,2,1,97,9,9,1,0.485288858413696,-1,-1,-1,1,0.935605049133301
16,2,1,98,-27,27,0,0.634732961654663,1,1,-1,-1,0.235288858413696
16,2,1,99,3,3,1,0.536060810089111,-1,-1,1,1,0.384732961654663
16,2,2,2,0,0,1,0.634543895721436,-1,1,1,-1,0.16740608215332
16,2,2,3,-81,81,0,0.501042127609253,1,1,1,-1,0.384543895721436
16,2,2,4,-3,3,1,0.651276111602783,-1,-1,1,1,0.251042127609253
16,2,2,5,27,27,1,0.633846998214722,-1,1,-1,-1,0.401276111602783
16,2,2,6,-27,27,0,0.502699851989746,1,1,1,-1,0.383846998214722
16,2,2,7,27,27,1,0.501685857772827,-1,-1,1,1,0.252699851989746
16,2,2,14,-27,27,1,1.16903042793274,-1,-1,1,-1,0.0856132507324219
16,2,2,15,9,9,0,0.25101900100708,-1,1,-1,-1,0.919030427932739
16,2,2,21,-81,81,0,0.601122379302979,1,1,-1,-1,0.0504989624023438
16,2,2,33,-81,81,0,0.784273862838745,-1,1,-1,-1,0.252374410629272
16,2,2,34,3,3,0,0.88579797744751,-1,-1,1,-1,0.534273862838745
16,2,2,35,27,27,1,0.784508228302002,1,-1,-1,-1,0.63579797744751
16,2,2,39,-81,81,0,0.501389741897583,1,-1,-1,-1,0.23569393157959
16,2,2,40,9,9,1,0.7676100730896,-1,-1,-1,1,0.251389741897583
16,2,2,41,3,3,0,0.484352588653564,1,1,-1,-1,0.5176100730896
16,2,2,42,81,81,1,0.934494733810425,1,-1,1,1,0.234352588653564
16,2,2,43,-27,27,1,0.635646343231201,1,1,-1,1,0.684494733810425
16,2,2,44,-27,27,0,0.901616334915161,-1,1,1,1,0.385646343231201
16,2,2,45,-0,0,0,0.518051385879517,-1,-1,1,-1,0.651616334915161
16,2,2,46,9,9,1,0.98427152633667,-1,-1,-1,-1,0.268051385879517
16,2,2,47,81,81,1,0.852715015411377,1,1,-1,-1,0.73427152633667
16,2,2,48,-81,81,0,0.533807516098022,1,1,1,1,0.602715015411377
16,2,2,49,-3,3,1,0.502606868743896,-1,-1,1,1,0.283807516098022
16,2,2,50,81,81,1,0.602471590042114,-1,1,-1,-1,0.252606868743896
16,2,2,51,-0,0,1,0.751033306121826,1,1,1,-1,0.352471590042114
16,2,2,52,27,27,0,0.785945892333984,-1,1,1,1,0.501033306121826
16,2,2,53,-81,81,0,0.768677473068237,1,-1,1,-1,0.535945892333984
16,2,2,54,-81,81,0,0.500952243804932,-1,-1,-1,1,0.518677473068237
16,2,2,55,-9,9,0,0.352220058441162,-1,-1,-1,-1,0.250952243804932
16,2,2,60,-9,9,0,0.30104398727417,-1,-1,1,-1,0.183859825134277
16,2,2,61,-27,27,0,0.369434118270874,-1,-1,-1,-1,0.0510439872741699
16,2,2,62,-81,81,0,0.302567005157471,-1,-1,-1,-1,0.119434118270874
16,2,2,63,-9,9,0,0.852518796920776,-1,-1,-1,-1,0.0525670051574707
16,2,2,67,-27,27,0,0.819012403488159,1,1,-1,-1,0.300500631332397
16,2,2,68,81,81,0,0.285539627075195,-1,-1,1,1,0.569012403488159
16,2,2,69,-9,9,1,0.30239462852478,1,-1,-1,-1,0.0355396270751953
16,2,2,70,-9,9,0,0.902202367782593,-1,1,-1,1,0.0523946285247803
16,2,2,71,81,81,1,1.33552718162537,-1,-1,1,-1,0.652202367782593
16,2,2,72,-0,0,0,0.752559185028076,1,1,-1,-1,1.08552718162537
16,2,2,73,27,27,1,0.63617467880249,-1,-1,1,1,0.502559185028076
16,2,2,74,3,3,0,0.569166898727417,1,1,-1,-1,0.38617467880249
16,2,2,75,9,9,0,0.402018547058105,1,-1,1,1,0.319166898727417
16,2,2,76,9,9,1,0.701194286346436,1,-1,-1,1,0.152018547058105
16,2,2,77,3,3,0,0.586051464080811,1,1,-1,1,0.451194286346436
16,2,2,81,-9,9,0,0.368943452835083,-1,1,-1,-1,0.218775272369385
16,2,2,82,-81,81,0,0.33449912071228,-1,-1,1,-1,0.118943452835083
16,2,2,86,3,3,1,1.13431835174561,1,-1,-1,-1,0.4856276512146
16,2,2,92,9,9,1,0.452073335647583,-1,-1,-1,-1,0.268953084945679
16,2,2,93,-27,27,0,0.619138956069946,1,1,-1,-1,0.202073335647583
16,2,2,94,-0,0,0,0.534481287002563,-1,-1,1,1,0.369138956069946
16,2,2,95,-9,9,1,0.450960397720337,-1,-1,-1,-1,0.284481287002563
16,2,2,96,-81,81,0,1.08391141891479,-1,1,-1,-1,0.200960397720337
16,2,2,97,27,27,0,1.30173420906067,-1,-1,1,-1,0.833911418914795
16,2,3,2,-0,0,1,0.617681741714478,-1,-1,-1,-1,0.218382835388184
16,2,3,3,81,81,1,0.517604351043701,-1,1,-1,-1,0.367681741714478
16,2,3,7,-81,81,0,0.535542488098145,-1,1,-1,1,0.0692238807678223
16,2,3,8,3,3,0,0.619374990463257,-1,-1,1,-1,0.285542488098145
16,2,3,9,3,3,1,0.333875894546509,1,-1,-1,-1,0.369374990463257
16,2,3,10,-3,3,1,1.06940221786499,1,1,-1,1,0.0838758945465088
16,2,3,11,-3,3,0,0.652200937271118,-1,1,1,1,0.81940221786499
16,2,3,12,-0,0,1,0.469424247741699,-1,-1,1,-1,0.402200937271118
16,2,3,13,3,3,0,0.785249948501587,-1,1,-1,-1,0.219424247741699
16,2,3,14,0,0,1,0.469194889068604,1,-1,1,-1,0.535249948501587
16,2,3,20,-81,81,0,0.852066040039062,1,1,-1,-1,0.285819053649902
16,2,3,25,27,27,1,0.533813953399658,-1,-1,1,1,0.4024817943573
16,2,3,26,-27,27,0,0.669048070907593,1,1,-1,-1,0.283813953399658
16,2,3,27,3,3,0,0.985571146011353,-1,-1,1,1,0.419048070907593
16,2,3,28,-27,27,0,1.20230007171631,1,-1,-1,-1,0.735571146011353
16,2,3,29,-9,9,0,1.33544015884399,-1,-1,-1,1,0.952300071716309
16,2,3,30,3,3,1,1.00177621841431,-1,-1,-1,-1,1.08544015884399
16,2,3,31,3,3,1,0.567140817642212,1,1,-1,-1,0.751776218414307
16,2,3,32,81,81,1,0.63387131690979,1,1,1,1,0.317140817642212
16,2,3,33,-9,9,1,0.252947330474854,1,1,1,1,0.38387131690979
16,2,3,34,9,9,0,0.368773937225342,-1,1,1,1,0.00294733047485352
16,2,3,35,-81,81,0,0.619139909744263,1,-1,1,-1,0.118773937225342
16,2,3,36,81,81,1,0.7338707447052,-1,-1,-1,1,0.369139909744263
16,2,3,37,-9,9,0,0.584506988525391,1,1,-1,-1,0.4838707447052
16,2,3,38,3,3,1,0.683811187744141,-1,-1,1,1,0.334506988525391
16,2,3,39,-27,27,1,0.385178804397583,1,1,-1,-1,0.433811187744141
16,2,3,40,-3,3,0,0.569189786911011,-1,1,1,1,0.135178804397583
16,2,3,41,-9,9,0,0.501137733459473,-1,-1,1,-1,0.319189786911011
16,2,3,42,27,27,1,0.551101446151733,-1,-1,-1,-1,0.251137733459473
16,2,3,43,81,81,1,0.518327951431274,1,1,-1,-1,0.301101446151733
16,2,3,44,-27,27,0,0.400989055633545,1,1,1,1,0.268327951431274
16,2,3,45,81,81,1,0.502474546432495,-1,-1,1,1,0.150989055633545
16,2,3,46,0,0,0,0.617186784744263,1,1,-1,-1,0.252474546432495
16,2,3,47,81,81,1,0.634500026702881,1,-1,1,1,0.367186784744263
16,2,3,48,81,81,1,0.468296766281128,1,1,-1,1,0.384500026702881
16,2,3,49,27,27,1,0.617672920227051,1,1,1,1,0.218296766281128
16,2,3,50,-3,3,1,0.818286418914795,1,1,1,1,0.367672920227051
16,2,3,51,27,27,1,0.833872079849243,-1,1,1,1,0.568286418914795
16,2,3,55,0,0,0,0.685203075408936,1,1,1,1,0.583906412124634
16,2,3,56,-81,81,0,0.568464756011963,1,-1,1,1,0.435203075408936
16,2,3,57,-3,3,1,0.601118803024292,-1,-1,-1,1,0.318464756011963
16,2,3,58,-9,9,0,0.351676940917969,-1,1,-1,-1,0.351118803024292
16,2,3,59,-27,27,1,0.735552310943604,-1,-1,1,-1,0.101676940917969
16,2,3,60,81,81,1,1.13445663452148,-1,1,-1,-1,0.485552310943604
16,2,3,61,-81,81,0,0.518817901611328,1,1,1,-1,0.884456634521484
16,2,3,62,-9,9,0,0.635333299636841,-1,-1,1,1,0.268817901611328
16,2,3,63,3,3,1,0.552608728408813,-1,-1,-1,-1,0.385333299636841
16,2,3,64,0,0,0,0.318472623825073,1,1,-1,-1,0.302608728408813
16,2,3,65,-9,9,1,0.569239854812622,1,-1,1,1,0.0684726238250732
16,2,3,66,-3,3,1,0.452346563339233,-1,1,-1,1,0.319239854812622
16,2,3,67,9,9,1,0.634317398071289,-1,1,1,-1,0.202346563339233
16,2,3,68,27,27,1,0.717774152755737,1,1,1,-1,0.384317398071289
16,2,3,69,-0,0,1,0.868978023529053,1,1,1,1,0.467774152755737
16,2,3,70,9,9,0,0.4172043800354,-1,1,1,1,0.618978023529053
16,2,3,74,9,9,1,0.633838176727295,1,1,1,-1,0.369137763977051
16,2,3,75,9,9,1,0.451264619827271,1,1,1,1,0.383838176727295
16,2,3,76,-81,81,0,0.619507074356079,1,1,1,1,0.201264619827271
16,2,3,77,9,9,1,0.784446239471436,-1,-1,1,1,0.369507074356079
16,2,3,78,-9,9,1,0.984768629074097,1,1,-1,-1,0.534446239471436
16,2,3,79,3,3,0,0.350483655929565,-1,1,1,1,0.734768629074097
16,2,3,80,-27,27,0,0.735615253448486,1,-1,1,-1,0.100483655929565
16,2,3,81,9,9,1,0.951747417449951,-1,-1,-1,1,0.485615253448486
16,2,3,82,3,3,1,0.683846473693848,1,1,-1,-1,0.701747417449951
16,2,3,83,-0,0,1,0.534268617630005,1,1,1,1,0.433846473693848
16,2,3,84,-9,9,0,0.819210529327393,-1,1,1,1,0.284268617630005
16,2,3,85,81,81,1,0.734288692474365,-1,-1,1,-1,0.569210529327393
16,2,3,86,-3,3,1,0.767196893692017,1,1,-1,-1,0.484288692474365
16,2,3,87,-0,0,0,0.919327020645142,-1,1,1,1,0.517196893692017
16,2,3,88,27,27,1,1.31813287734985,-1,-1,1,-1,0.669327020645142
16,2,3,89,-27,27,0,0.785498380661011,1,1,-1,-1,1.06813287734985
16,2,3,90,27,27,1,0.867778301239014,-1,-1,1,1,0.535498380661011
16,2,3,91,-9,9,1,0.852259159088135,1,1,-1,-1,0.617778301239014
16,2,3,92,81,81,1,1.00096988677979,-1,1,1,1,0.602259159088135
16,2,3,93,-27,27,0,0.833880662918091,1,1,1,-1,0.750969886779785
16,2,3,94,81,81,1,0.785747051239014,-1,-1,1,1,0.583880662918091
16,2,3,95,27,27,1,0.752161502838135,1,1,-1,-1,0.535747051239014
16,2,3,96,3,3,1,1.38444137573242,1,1,1,1,0.502161502838135
16,2,3,97,9,9,1,0.601022720336914,1,1,1,1,1.13444137573242
16,2,3,98,81,81,1,0.350947856903076,1,1,1,1,0.351022720336914
16,2,3,99,-81,81,0,0.334322214126587,1,1,1,1,0.100947856903076
16,2,4,4,3,3,0,0.467787265777588,1,1,1,1,0.602131843566895
16,2,4,8,-9,9,0,0.768902063369751,-1,-1,-1,-1,0.601998805999756
16,2,4,9,-9,9,0,0.683802843093872,-1,-1,-1,-1,0.518902063369751
16,2,4,10,-9,9,1,0.617784738540649,-1,-1,-1,-1,0.433802843093872
16,2,4,11,-3,3,0,0.251018285751343,-1,1,-1,-1,0.367784738540649
16,2,4,12,-27,27,0,0.484287023544312,-1,-1,1,-1,0.00101828575134277
16,2,4,13,-81,81,0,0.585620641708374,-1,-1,-1,-1,0.234287023544312
16,2,4,14,81,81,1,0.533872842788696,-1,-1,-1,-1,0.335620641708374
16,2,4,15,-9,9,1,0.602257966995239,1,1,-1,-1,0.283872842788696
16,2,4,16,-27,27,0,0.567646741867065,-1,1,1,1,0.352257966995239
16,2,4,17,-81,81,0,0.65110445022583,-1,-1,1,-1,0.317646741867065
16,2,4,18,-3,3,0,1.11759877204895,-1,-1,-1,-1,0.40110445022583
16,2,4,19,3,3,0,0.802099227905273,-1,-1,-1,-1,0.86759877204895
16,2,4,20,9,9,0,0.686454772949219,1,-1,-1,-1,0.552099227905273
16,2,4,21,9,9,0,0.867614030838013,1,-1,-1,1,0.436454772949219
16,2,4,22,27,27,1,0.467225074768066,1,-1,-1,1,0.617614030838013
16,2,4,23,-81,81,0,0.836010932922363,1,1,-1,1,0.217225074768066
16,2,4,27,9,9,0,0.584282398223877,1,1,-1,1,0.418889999389648
16,2,4,31,9,9,1,0.783816337585449,1,1,1,1,0.201137542724609
16,2,4,32,9,9,1,0.534438848495483,1,1,1,1,0.533816337585449
16,2,4,33,81,81,1,0.618517160415649,1,1,1,1,0.284438848495483
16,2,4,34,9,9,1,1.45236611366272,1,1,1,1,0.368517160415649
16,2,4,35,-9,9,1,0.267668485641479,1,1,1,1,1.20236611366272
16,2,4,36,-3,3,0,0.768852233886719,-1,1,1,1,0.0176684856414795
16,2,4,40,-9,9,0,0.717183351516724,-1,-1,-1,-1,1.08549284934998
16,2,4,41,-9,9,0,0.867203950881958,-1,-1,-1,-1,0.467183351516724
16,2,4,42,-27,27,1,0.651426076889038,-1,-1,-1,-1,0.617203950881958
16,2,4,43,-81,81,0,0.651092052459717,-1,1,-1,-1,0.401426076889038
16,2,4,44,-81,81,0,0.485486030578613,-1,-1,1,-1,0.401092052459717
16,2,4,45,-9,9,1,0.850931406021118,-1,-1,-1,-1,0.235486030578613
16,2,4,46,-81,81,0,0.552599191665649,-1,1,-1,-1,0.600931406021118
16,2,4,47,-9,9,1,0.535424470901489,-1,-1,1,-1,0.302599191665649
16,2,4,48,-3,3,0,0.751314163208008,-1,1,-1,-1,0.285424470901489
16,2,4,49,-9,9,0,0.652314424514771,-1,-1,1,-1,0.501314163208008
16,2,4,50,9,9,0,0.583854675292969,-1,-1,-1,-1,0.402314424514771
16,2,4,51,3,3,1,0.618925809860229,1,-1,-1,-1,0.333854675292969
16,2,4,52,0,0,1,0.519484281539917,1,1,-1,1,0.368925809860229
16,2,4,53,27,27,1,0.619252443313599,1,1,1,1,0.269484281539917
16,2,4,54,9,9,0,0.417205572128296,1,1,1,1,0.369252443313599
16,2,4,55,81,81,1,0.602739572525024,1,-1,1,1,0.167205572128296
16,2,4,56,81,81,1,0.484289884567261,1,1,-1,1,0.352739572525024
16,2,4,57,-27,27,0,0.485862016677856,1,1,1,1,0.234289884567261
16,2,4,58,-27,27,0,0.368469476699829,-1,-1,1,1,0.235862016677856
16,2,4,59,-9,9,0,0.652060270309448,-1,-1,-1,-1,0.118469476699829
16,2,4,60,-3,3,1,0.568936109542847,-1,-1,-1,-1,0.402060270309448
16,2,4,61,-0,0,0,0.834428548812866,-1,1,-1,-1,0.318936109542847
16,2,4,62,-27,27,0,0.918597936630249,-1,-1,1,-1,0.584428548812866
16,2,4,63,-81,81,0,0.585443258285522,-1,-1,-1,-1,0.668597936630249
16,2,4,64,-9,9,0,0.752232074737549,-1,-1,-1,-1,0.335443258285522
16,2,4,65,-3,3,0,0.80270528793335,-1,-1,-1,-1,0.502232074737549
16,2,4,69,-27,27,0,0.319218158721924,1,1,1,1,0.150970458984375
16,2,4,70,-81,81,0,0.401625633239746,-1,-1,1,1,0.0692181587219238
16,2,4,71,-3,3,1,0.502359867095947,-1,-1,-1,-1,0.151625633239746
16,2,4,72,-0,0,0,0.785915613174438,-1,1,-1,-1,0.252359867095947
16,2,4,73,-81,81,0,0.634920358657837,-1,-1,1,-1,0.535915613174438
16,2,4,74,-3,3,0,0.685290098190308,-1,-1,-1,-1,0.384920358657837
16,2,4,75,-3,3,0,0.619257211685181,-1,-1,-1,-1,0.435290098190308
16,2,4,76,-81,81,0,0.618865013122559,-1,-1,-1,-1,0.369257211685181
16,2,4,77,-0,0,0,0.751029491424561,-1,-1,-1,-1,0.368865013122559
16,2,4,81,-9,9,0,0.836169719696045,-1,-1,-1,-1,0.400541543960571
16,2,4,82,27,27,1,0.818447351455688,-1,-1,-1,-1,0.586169719696045
16,2,4,83,3,3,1,0.583853244781494,1,1,-1,-1,0.568447351455688
16,2,4,84,27,27,0,0.267668485641479,1,1,1,1,0.333853244781494
16,2,4,85,3,3,0,0.601366281509399,1,-1,1,1,0.0176684856414795
16,2,4,86,81,81,1,0.684280633926392,1,-1,-1,1,0.351366281509399
16,2,4,87,-0,0,0,0.633864402770996,1,1,-1,1,0.434280633926392
16,2,4,88,-27,27,0,0.800953388214111,-1,-1,1,1,0.383864402770996
16,2,4,89,27,27,1,0.802026033401489,-1,-1,-1,-1,0.550953388214111
16,2,4,90,27,27,1,1.30220460891724,1,1,-1,-1,0.552026033401489
16,2,4,91,0,0,0,0.667914390563965,1,1,1,1,1.05220460891724
16,2,4,92,3,3,1,0.584519386291504,1,-1,1,1,0.417914390563965
16,2,4,93,27,27,0,0.733859300613403,1,1,-1,1,0.334519386291504
16,2,4,94,27,27,1,0.901154518127441,1,-1,1,1,0.483859300613403
16,2,4,95,0,0,0,0.519330024719238,1,1,-1,1,0.651154518127441
16,2,4,96,0,0,1,1.10272336006165,1,-1,1,1,0.269330024719238
16,2,4,97,9,9,1,0.817899942398071,1,1,-1,1,0.852723360061646
16,2,5,2,9,9,1,0.785650014877319,-1,-1,1,-1,0.102929353713989
16,2,5,3,-0,0,0,1.11724090576172,1,1,-1,-1,0.535650014877319
16,2,5,4,3,3,1,0.601122617721558,-1,-1,1,1,0.867240905761719
16,2,5,5,-9,9,1,0.452031850814819,1,1,-1,-1,0.351122617721558
16,2,5,6,0,0,0,0.700956583023071,-1,1,1,1,0.202031850814819
16,2,5,7,81,81,1,1.40054941177368,1,-1,1,-1,0.450956583023071
16,2,5,8,-9,9,1,0.58474063873291,1,1,-1,1,1.15054941177368
16,2,5,9,81,81,1,0.651839256286621,-1,1,1,1,0.33474063873291
16,2,5,10,3,3,0,0.485886335372925,1,1,1,-1,0.401839256286621
16,2,5,11,-0,0,1,0.635802030563354,1,-1,1,1,0.235886335372925
16,2,5,12,27,27,0,0.884606599807739,-1,1,-1,1,0.385802030563354
16,2,5,13,-9,9,1,0.634317874908447,1,-1,1,-1,0.634606599807739
16,2,5,14,3,3,0,0.284579038619995,-1,1,-1,1,0.384317874908447
16,2,5,15,-27,27,0,0.552171230316162,1,-1,1,-1,0.0345790386199951
16,2,5,16,-3,3,0,0.61905574798584,-1,-1,-1,1,0.302171230316162
16,2,5,17,3,3,1,0.300540208816528,-1,-1,-1,-1,0.36905574798584
16,2,5,18,-9,9,1,0.319085121154785,1,1,-1,-1,0.0505402088165283
16,2,5,19,3,3,0,0.402659177780151,-1,1,1,1,0.0690851211547852
16,2,5,20,0,0,1,0.384377479553223,1,-1,1,-1,0.152659177780151
16,2,5,24,27,27,0,0.83434009552002,-1,-1,1,1,0.418021202087402
16,2,5,25,3,3,1,0.585472583770752,1,-1,-1,-1,0.58434009552002
16,2,5,26,-81,81,0,0.467637300491333,1,1,-1,1,0.335472583770752
16,2,5,27,-3,3,1,0.852511644363403,-1,-1,1,1,0.217637300491333
16,2,5,28,27,27,0,0.502581357955933,-1,1,-1,-1,0.602511644363403
16,2,5,29,-81,81,0,1.41862511634827,1,-1,1,-1,0.252581357955933
16,2,5,30,81,81,1,0.535396099090576,-1,-1,-1,1,1.16862511634827
16,2,5,31,81,81,1,0.884302854537964,1,1,-1,-1,0.285396099090576
16,2,5,32,-81,81,0,0.633827924728394,1,1,1,1,0.634302854537964
16,2,5,33,9,9,0,0.617645025253296,-1,-1,1,1,0.383827924728394
16,2,5,34,27,27,1,0.584290981292725,1,-1,-1,-1,0.367645025253296
16,2,5,35,-3,3,1,0.25103235244751,1,1,-1,1,0.334290981292725
16,2,5,36,-27,27,0,0.367604970932007,-1,1,1,1,0.00103235244750977
16,2,5,37,9,9,1,0.46768856048584,-1,-1,1,-1,0.117604970932007
16,2,5,38,-81,81,0,0.518799781799316,1,1,-1,-1,0.21768856048584
16,2,5,39,-27,27,0,0.517609119415283,-1,-1,1,1,0.268799781799316
16,2,5,40,27,27,1,0.369534254074097,-1,-1,-1,-1,0.267609119415283
16,2,5,41,81,81,0,0.535810470581055,1,1,-1,-1,0.119534254074097
16,2,5,45,9,9,0,0.801135540008545,-1,-1,1,1,0.252514839172363
16,2,5,46,27,27,1,0.517726898193359,1,-1,-1,-1,0.551135540008545
16,2,5,47,-9,9,0,0.535479784011841,1,1,-1,1,0.267726898193359
16,2,5,48,9,9,1,0.619567155838013,-1,-1,1,1,0.285479784011841
16,2,5,49,-81,81,0,1.18384099006653,1,1,-1,-1,0.369567155838013
16,2,5,50,81,81,1,0.518988609313965,-1,-1,1,1,0.933840990066528
16,2,5,51,-9,9,0,0.317788600921631,1,1,-1,-1,0.268988609313965
16,2,5,52,-3,3,1,0.469248294830322,-1,-1,1,1,0.0677886009216309
16,2,5,53,3,3,0,0.552484750747681,-1,1,-1,-1,0.219248294830322
16,2,5,54,-81,81,0,0.519347429275513,1,-1,1,-1,0.302484750747681
16,2,5,55,3,3,0,0.701906204223633,-1,-1,-1,1,0.269347429275513
16,2,5,56,27,27,1,0.567200899124146,1,-1,-1,-1,0.451906204223633
16,2,5,57,9,9,0,0.584453821182251,1,1,-1,1,0.317200899124146
16,2,5,58,-0,0,1,0.735561609268188,1,-1,1,1,0.334453821182251
16,2,5,59,81,81,1,0.635778665542603,-1,1,-1,1,0.485561609268188
16,2,5,60,-81,81,0,0.567184209823608,1,1,1,-1,0.385778665542603
16,2,5,61,3,3,0,0.518963098526001,-1,-1,1,1,0.317184209823608
16,2,5,62,-27,27,0,0.718754053115845,1,-1,-1,-1,0.268963098526001
16,2,5,66,-81,81,0,0.517750263214111,1,-1,-1,-1,0.550942182540894
16,2,5,67,27,27,1,0.71716046333313,-1,-1,-1,1,0.267750263214111
16,2,5,68,-0,0,0,0.700529813766479,1,1,-1,-1,0.46716046333313
16,2,5,72,-3,3,1,0.717750072479248,1,-1,-1,-1,0.133891105651855
16,2,5,73,-27,27,0,0.769529104232788,-1,1,-1,1,0.467750072479248
16,2,5,74,9,9,0,0.884350299835205,-1,-1,1,-1,0.519529104232788
16,2,5,75,-81,81,1,0.968643665313721,1,-1,-1,-1,0.634350299835205
16,2,5,76,0,0,0,0.835960149765015,-1,1,-1,1,0.718643665313721
16,2,5,80,-9,9,1,0.584446430206299,1,-1,-1,-1,0.352107048034668
16,2,5,81,27,27,1,0.63578987121582,-1,1,-1,1,0.334446430206299
16,2,5,82,9,9,1,0.484496355056763,1,1,1,-1,0.38578987121582
16,2,5,83,-81,81,0,0.500499486923218,1,1,1,1,0.234496355056763
16,2,5,84,27,27,1,0.552644968032837,-1,-1,1,1,0.250499486923218
16,2,5,90,-3,3,1,0.952221870422363,1,-1,1,-1,1.18534541130066
16,2,5,91,9,9,0,0.735845565795898,-1,1,-1,1,0.702221870422363
16,2,5,92,-9,9,1,0.836001873016357,1,-1,1,-1,0.485845565795898
16,2,5,93,-81,81,0,1.03385615348816,-1,1,-1,1,0.586001873016357
16,2,5,94,81,81,1,0.68468713760376,-1,-1,1,-1,0.783856153488159
16,2,5,95,-3,3,0,0.90254807472229,1,1,-1,-1,0.43468713760376
16,2,5,96,9,9,0,0.517685651779175,-1,-1,1,1,0.65254807472229
16,2,5,97,-3,3,1,0.785936832427979,1,-1,-1,-1,0.267685651779175
16,2,5,98,27,27,0,0.61821985244751,-1,1,-1,1,0.535936832427979
16,2,5,99,-0,0,1,0.517199039459229,1,-1,1,-1,0.36821985244751
16,2,6,2,81,81,1,0.717999935150146,1,-1,1,1,0.768316984176636
16,2,6,3,-3,3,1,1.05281496047974,1,1,-1,1,0.467999935150146
16,2,6,7,9,9,1,0.91761040687561,1,1,1,1,0.235782623291016
16,2,6,8,27,27,1,0.717806816101074,1,1,1,1,0.66761040687561
16,2,6,9,3,3,1,0.40048360824585,1,1,1,1,0.467806816101074
16,2,6,10,27,27,1,0.333845853805542,1,1,1,1,0.15048360824585
16,2,6,11,-81,81,0,0.734686374664307,1,1,1,1,0.083845853805542
16,2,6,12,-9,9,0,0.719148635864258,-1,-1,1,1,0.484686374664307
16,2,6,13,-27,27,0,0.734291791915894,-1,-1,-1,-1,0.469148635864258
16,2,6,14,-9,9,1,0.602587699890137,-1,-1,-1,-1,0.484291791915894
16,2,6,15,-81,81,0,0.61853814125061,-1,1,-1,-1,0.352587699890137
16,2,6,16,-27,27,0,0.584335803985596,-1,-1,1,-1,0.36853814125061
16,2,6,17,3,3,1,0.919035911560059,-1,-1,-1,-1,0.334335803985596
16,2,6,18,0,0,0,0.433830261230469,1,1,-1,-1,0.669035911560059
16,2,6,19,9,9,1,0.669553995132446,1,-1,1,1,0.183830261230469
16,2,6,20,3,3,1,0.385571002960205,1,1,-1,1,0.419553995132446
16,2,6,21,27,27,0,0.818995952606201,1,1,1,1,0.135571002960205
16,2,6,22,9,9,1,0.485913991928101,1,-1,1,1,0.568995952606201
16,2,6,23,9,9,1,0.484557390213013,1,1,-1,1,0.235913991928101
16,2,6,24,81,81,1,0.569451808929443,1,1,1,1,0.234557390213013
16,2,6,25,0,0,1,1.01761937141418,1,1,1,1,0.319451808929443
16,2,6,26,-9,9,0,0.56895112991333,1,1,1,1,0.767619371414185
16,2,6,30,-9,9,0,1.11932301521301,-1,-1,-1,-1,0.602110862731934
16,2,6,31,3,3,1,0.484451532363892,-1,-1,-1,-1,0.869323015213013
16,2,6,32,9,9,1,0.400515794754028,1,1,-1,-1,0.234451532363892
16,2,6,33,-27,27,0,0.418355703353882,1,1,1,1,0.150515794754028
16,2,6,34,-27,27,0,0.583860397338867,-1,-1,1,1,0.168355703353882
16,2,6,35,-3,3,1,0.284888982772827,-1,-1,-1,-1,0.333860397338867
16,2,6,39,-81,81,0,0.650517463684082,1,1,-1,1,0.367956161499023
16,2,6,40,27,27,1,0.950945615768433,-1,-1,1,1,0.400517463684082
16,2,6,41,0,0,1,0.735375642776489,1,1,-1,-1,0.700945615768433
16,2,6,42,81,81,1,0.967693328857422,1,1,1,1,0.485375642776489
16,2,6,43,-27,27,0,0.585896492004395,1,1,1,1,0.717693328857422
16,2,6,47,-3,3,0,0.700940847396851,-1,-1,-1,-1,0.0522871017456055
16,2,6,48,-9,9,0,0.368209838867188,-1,-1,-1,-1,0.450940847396851
16,2,6,49,3,3,1,0.402032136917114,-1,-1,-1,-1,0.118209838867188
16,2,6,50,9,9,0,0.634365320205688,1,1,-1,-1,0.152032136917114
16,2,6,51,81,81,1,0.352735280990601,1,-1,1,1,0.384365320205688
16,2,6,52,81,81,1,0.267630815505981,1,1,-1,1,0.102735280990601
16,2,6,53,-27,27,0,0.535777568817139,1,1,1,1,0.0176308155059814
16,2,6,54,-0,0,1,0.835966110229492,-1,-1,1,1,0.285777568817139
16,2,6,55,-81,81,1,0.61916184425354,-1,1,-1,-1,0.585966110229492
16,2,6,56,-27,27,0,0.300536870956421,-1,1,1,-1,0.36916184425354
16,2,6,57,3,3,0,0.900540351867676,-1,-1,1,-1,0.0505368709564209
16,2,6,58,9,9,0,0.501142263412476,1,-1,-1,-1,0.650540351867676
16,2,6,59,3,3,1,0.368228435516357,1,-1,-1,1,0.251142263412476
16,2,6,60,-0,0,1,0.650992631912231,1,1,-1,1,0.118228435516357
16,2,6,64,-3,3,0,0.285724639892578,-1,-1,-1,-1,0.451000690460205
16,2,6,65,-81,81,0,0.502604722976685,-1,-1,-1,-1,0.0357246398925781
16,2,6,66,-81,81,0,0.33548641204834,-1,-1,-1,-1,0.252604722976685
16,2,6,67,-3,3,0,0.685452938079834,-1,-1,-1,-1,0.0854864120483398
16,2,6,68,-27,27,0,0.502588748931885,-1,-1,-1,-1,0.435452938079834
16,2,6,69,-0,0,0,0.367985725402832,-1,-1,-1,-1,0.252588748931885
16,2,6,70,-81,81,0,0.469255924224854,-1,-1,-1,-1,0.117985725402832
16,2,6,75,9,9,0,0.434381484985352,-1,1,-1,-1,0.467957019805908
16,2,6,76,27,27,1,0.951916933059692,1,-1,1,-1,0.184381484985352
16,2,6,77,81,81,1,0.685520172119141,1,1,-1,1,0.701916933059692
16,2,6,78,9,9,1,1.10189270973206,1,1,1,1,0.435520172119141
16,2,6,79,3,3,1,0.384323120117188,1,1,1,1,0.851892709732056
16,2,6,80,81,81,1,0.585186004638672,1,1,1,1,0.134323120117188
16,2,6,84,-81,81,0,1.3024570941925,-1,-1,1,1,0.267196655273438
16,2,6,85,-0,0,0,1.06761479377747,-1,-1,-1,-1,1.0524570941925
16,2,6,86,-27,27,0,1.16718721389771,-1,-1,-1,-1,0.817614793777466
16,2,6,87,-9,9,1,0.283883571624756,-1,-1,-1,-1,0.917187213897705
16,2,6,88,-9,9,0,0.433837413787842,-1,1,-1,-1,0.0338835716247559
16,2,6,89,-0,0,0,0.767614126205444,-1,-1,1,-1,0.183837413787842
16,2,6,90,-3,3,1,0.351122617721558,-1,-1,-1,-1,0.517614126205444
16,2,6,91,27,27,1,0.701288223266602,-1,1,-1,-1,0.101122617721558
16,2,6,92,-9,9,1,0.551790714263916,1,1,1,-1,0.451288223266602
16,2,6,96,0,0,1,0.384663820266724,1,-1,1,1,0.317871809005737
16,2,6,97,0,0,1,0.552209377288818,1,1,-1,1,0.134663820266724
16,3,1,2,81,81,1,0.55054783821106,-1,-1,1,1,0.619030475616455
16,3,1,3,-27,27,0,0.71912407875061,1,1,-1,-1,0.30054783821106
16,3,1,4,27,27,1,0.551661014556885,-1,-1,1,1,0.46912407875061
16,3,1,5,-27,27,0,0.617157220840454,1,1,-1,-1,0.301661014556885
16,3,1,6,-3,3,1,0.76779580116272,-1,-1,1,1,0.367157220840454
16,3,1,7,9,9,0,1.06940388679504,-1,1,-1,-1,0.51779580116272
16,3,1,8,-81,81,0,0.700945615768433,1,-1,1,-1,0.819403886795044
16,3,1,9,27,27,1,0.584662914276123,-1,-1,-1,1,0.450945615768433
16,3,1,10,-3,3,0,0.818639039993286,1,1,-1,-1,0.334662914276123
16,3,1,11,27,27,1,0.701663494110107,-1,-1,1,1,0.568639039993286
16,3,1,12,-0,0,0,0.550951957702637,1,1,-1,-1,0.451663494110107
16,3,1,13,81,81,1,1.03602051734924,-1,-1,1,1,0.300951957702637
16,3,1,14,27,27,0,0.983861684799194,1,1,-1,-1,0.786020517349243
16,3,1,15,81,81,1,0.70095682144165,1,-1,1,1,0.733861684799194
16,3,1,16,-81,81,0,0.669455766677856,1,1,-1,1,0.45095682144165
16,3,1,17,9,9,1,1.33450937271118,-1,-1,1,1,0.419455766677856
16,3,1,18,-9,9,0,0.734631299972534,1,1,-1,-1,1.08450937271118
16,3,1,19,3,3,1,0.935342311859131,-1,-1,1,1,0.484631299972534
16,3,1,20,-3,3,0,0.802830934524536,1,1,-1,-1,0.685342311859131
16,3,1,21,-27,27,0,1.36860013008118,-1,-1,1,1,0.552830934524536
16,3,1,22,9,9,1,0.650571823120117,-1,-1,-1,-1,1.11860013008118
16,3,1,23,-27,27,0,0.835455417633057,1,1,-1,-1,0.400571823120117
16,3,1,27,-9,9,0,0.686007499694824,1,1,-1,-1,0.335184574127197
16,3,1,28,0,0,1,0.869505643844604,-1,-1,1,1,0.436007499694824
16,3,1,29,-0,0,1,0.652203798294067,1,1,-1,-1,0.619505643844604
16,3,1,30,27,27,0,0.801015615463257,-1,1,1,1,0.402203798294067
16,3,1,31,-27,27,1,0.984868049621582,1,-1,1,-1,0.551015615463257
16,3,1,32,27,27,1,0.751966238021851,-1,1,-1,1,0.734868049621582
16,3,1,33,-81,81,0,0.501147031784058,1,1,1,-1,0.501966238021851
16,3,1,34,3,3,0,0.917631864547729,-1,-1,1,1,0.251147031784058
16,3,1,35,9,9,1,0.735602140426636,1,-1,-1,-1,0.667631864547729
16,3,1,36,-9,9,0,0.834401845932007,1,1,-1,1,0.485602140426636
16,3,1,37,81,81,1,0.734257221221924,-1,-1,1,1,0.584401845932007
16,3,1,38,-3,3,0,0.651490211486816,1,1,-1,-1,0.484257221221924
16,3,1,39,-81,81,0,0.98553729057312,-1,-1,1,1,0.401490211486816
16,3,1,40,27,27,1,0.900956392288208,-1,-1,-1,-1,0.73553729057312
16,3,1,41,-9,9,0,0.869322061538696,1,1,-1,-1,0.650956392288208
16,3,1,42,3,3,1,0.818760633468628,-1,-1,1,1,0.619322061538696
16,3,1,43,-27,27,0,0.969093322753906,1,1,-1,-1,0.568760633468628
16,3,1,44,3,3,1,0.651230096817017,-1,-1,1,1,0.719093322753906
16,3,1,45,-81,81,0,0.517679929733276,1,1,-1,-1,0.401230096817017
16,3,1,46,81,81,1,0.667630910873413,-1,-1,1,1,0.267679929733276
16,3,1,47,-0,0,0,1.13388800621033,1,1,-1,-1,0.417630910873413
16,3,1,48,9,9,1,0.50222110748291,-1,-1,1,1,0.883888006210327
16,3,1,49,-27,27,1,0.752289295196533,1,1,-1,-1,0.25222110748291
16,3,1,50,81,81,1,0.536019563674927,-1,1,1,1,0.502289295196533
16,3,1,51,-9,9,0,0.651029109954834,1,1,1,-1,0.286019563674927
16,3,1,52,81,81,1,0.58515477180481,-1,-1,1,1,0.401029109954834
16,3,1,53,-81,81,0,0.602171182632446,1,1,-1,-1,0.33515477180481
16,3,1,54,0,0,1,1.1692373752594,-1,-1,1,1,0.352171182632446
16,3,1,55,-9,9,1,0.918615102767944,1,1,-1,-1,0.919237375259399
16,3,1,56,9,9,0,0.867830514907837,-1,1,1,1,0.668615102767944
16,3,1,57,-9,9,1,1.08609199523926,1,-1,1,-1,0.617830514907837
16,3,1,58,27,27,1,0.669253826141357,-1,1,-1,1,0.836091995239258
16,3,1,59,-27,27,0,0.917616605758667,1,1,1,-1,0.419253826141357
16,3,1,60,9,9,1,0.618771314620972,-1,-1,1,1,0.667616605758667
16,3,1,61,-3,3,0,1.10102820396423,1,1,-1,-1,0.368771314620972
16,3,1,62,3,3,1,0.934364318847656,-1,-1,1,1,0.851028203964233
16,3,1,63,-81,81,0,0.667304992675781,1,1,-1,-1,0.684364318847656
16,3,1,64,27,27,1,0.518996238708496,-1,-1,1,1,0.417304992675781
16,3,1,68,-81,81,0,0.700528144836426,1,1,-1,-1,0.434433221817017
16,3,1,69,3,3,0,0.635741949081421,-1,-1,1,1,0.450528144836426
16,3,1,70,81,81,1,0.38470196723938,1,-1,-1,-1,0.385741949081421
16,3,1,71,-0,0,1,0.868694305419922,1,1,-1,1,0.13470196723938
16,3,1,75,-3,3,0,0.551161289215088,1,1,-1,-1,1.01716017723083
16,3,1,76,27,27,1,0.78481125831604,-1,-1,1,1,0.301161289215088
16,3,1,77,0,0,1,0.719346284866333,1,1,-1,-1,0.53481125831604
16,3,1,78,-3,3,0,1.10217118263245,1,1,1,1,0.469346284866333
16,3,1,79,9,9,0,1.03535485267639,-1,-1,1,1,0.852171182632446
16,3,1,80,-9,9,1,1.03431105613708,1,-1,-1,-1,0.785354852676392
16,3,1,81,0,0,1,0.884288787841797,-1,1,-1,1,0.784311056137085
16,3,1,82,-81,81,0,0.619157552719116,1,1,1,-1,0.634288787841797
16,3,1,83,-81,81,0,0.369210481643677,-1,-1,1,1,0.369157552719116
16,3,1,84,81,81,1,0.651128768920898,-1,-1,-1,-1,0.119210481643677
16,3,1,85,-3,3,1,1.00255155563354,1,1,-1,-1,0.401128768920898
16,3,1,86,3,3,0,0.667288064956665,-1,1,1,1,0.752551555633545
16,3,1,90,3,3,1,0.68577766418457,-1,1,1,1,0.417624235153198
16,3,1,91,-9,9,1,0.719039916992188,1,1,1,-1,0.43577766418457
16,3,1,92,9,9,0,0.318548917770386,-1,1,1,1,0.469039916992188
16,3,1,93,27,27,1,0.817662954330444,1,-1,1,-1,0.0685489177703857
16,3,1,94,27,27,1,0.803082942962646,1,1,-1,1,0.567662954330444
16,3,1,98,-81,81,0,0.552604198455811,-1,-1,1,1,0.668028593063354
16,3,1,99,3,3,1,0.535989999771118,-1,-1,-1,-1,0.302604198455811
16,3,2,2,-9,9,0,0.500942945480347,-1,-1,-1,-1,0.536303758621216
16,3,2,3,-9,9,1,0.718609094619751,-1,-1,-1,-1,0.250942945480347
16,3,2,4,-3,3,0,0.568202257156372,-1,1,-1,-1,0.468609094619751
16,3,2,5,-0,0,0,0.41717791557312,-1,-1,1,-1,0.318202257156372
16,3,2,6,-9,9,0,0.585756540298462,-1,-1,-1,-1,0.16717791557312
16,3,2,7,9,9,0,0.385535955429077,-1,-1,-1,-1,0.335756540298462
16,3,2,8,-9,9,1,0.767141342163086,1,-1,-1,-1,0.135535955429077
16,3,2,9,-27,27,0,0.651253223419189,-1,1,-1,1,0.517141342163086
16,3,2,10,-9,9,0,0.784332752227783,-1,-1,1,-1,0.401253223419189
16,3,2,11,-27,27,0,0.769195318222046,-1,-1,-1,-1,0.534332752227783
16,3,2,12,-27,27,0,0.618759632110596,-1,-1,-1,-1,0.519195318222046
16,3,2,13,27,27,1,0.402560710906982,-1,-1,-1,-1,0.368759632110596
16,3,2,14,3,3,0,0.917823076248169,1,1,-1,-1,0.152560710906982
16,3,2,15,0,0,1,0.71767783164978,1,-1,1,1,0.667823076248169
16,3,2,16,9,9,1,1.10214471817017,1,1,-1,1,0.46767783164978
16,3,2,20,-81,81,0,0.952304601669312,-1,-1,-1,-1,0.702436208724976
16,3,2,21,-81,81,0,0.586079359054565,-1,-1,-1,-1,0.702304601669312
16,3,2,22,-27,27,0,1.00255751609802,-1,-1,-1,-1,0.336079359054565
16,3,2,23,-27,27,0,0.567679166793823,-1,-1,-1,-1,0.752557516098022
16,3,2,24,-9,9,0,0.53593111038208,-1,-1,-1,-1,0.317679166793823
16,3,2,25,-3,3,0,0.402315616607666,-1,-1,-1,-1,0.28593111038208
16,3,2,26,3,3,0,0.517190217971802,-1,-1,-1,-1,0.152315616607666
16,3,2,27,9,9,1,0.702710390090942,1,-1,-1,-1,0.267190217971802
16,3,2,28,81,81,1,0.617160797119141,1,1,-1,1,0.452710390090942
16,3,2,29,27,27,1,0.636109352111816,1,1,1,1,0.367160797119141
16,3,2,30,81,81,1,0.752126932144165,1,1,1,1,0.386109352111816
16,3,2,31,9,9,1,0.934285879135132,1,1,1,1,0.502126932144165
16,3,2,35,3,3,0,0.733815908432007,1,1,1,1,0.669507026672363
16,3,2,36,81,81,1,1.05268502235413,1,-1,1,1,0.483815908432007
16,3,2,37,9,9,0,0.919268846511841,1,1,-1,1,0.802685022354126
16,3,2,38,3,3,1,0.452268838882446,1,-1,1,1,0.669268846511841
16,3,2,39,81,81,1,0.583830595016479,1,1,-1,1,0.202268838882446
16,3,2,40,81,81,1,0.517175436019897,1,1,1,1,0.333830595016479
16,3,2,41,81,81,1,0.852109909057617,1,1,1,1,0.267175436019897
16,3,2,42,81,81,1,0.634329319000244,1,1,1,1,0.602109909057617
16,3,2,43,3,3,1,0.717785835266113,1,1,1,1,0.384329319000244
16,3,2,44,-27,27,0,0.435200214385986,1,1,1,1,0.467785835266113
16,3,2,45,-27,27,0,0.268741130828857,-1,-1,1,1,0.185200214385986
16,3,2,46,-3,3,0,0.817716598510742,-1,-1,-1,-1,0.0187411308288574
16,3,2,50,-9,9,1,0.901841402053833,-1,1,-1,-1,0.633840799331665
16,3,2,51,-27,27,0,1.21783375740051,-1,1,1,-1,0.651841402053833
16,3,2,52,3,3,1,1.20097827911377,-1,-1,1,-1,0.967833757400513
16,3,2,53,81,81,1,1.28456568717957,1,1,-1,-1,0.95097827911377
16,3,2,54,81,81,1,0.535654544830322,1,1,1,1,1.03456568717957
16,3,2,55,-3,3,1,0.885408401489258,1,1,1,1,0.285654544830322
16,3,2,56,-9,9,1,0.61862325668335,-1,1,1,1,0.635408401489258
16,3,2,57,-27,27,1,0.734510898590088,-1,1,1,-1,0.36862325668335
16,3,2,58,9,9,0,0.886082172393799,-1,1,1,-1,0.484510898590088
16,3,2,59,27,27,1,1.31945085525513,1,-1,1,-1,0.636082172393799
16,3,2,60,81,81,1,0.718846559524536,1,1,-1,1,1.06945085525513
16,3,2,61,-9,9,0,0.885009765625,1,1,1,1,0.468846559524536
16,3,2,62,-3,3,0,0.602421283721924,-1,-1,1,1,0.635009765625
16,3,2,63,9,9,1,1.00245714187622,-1,-1,-1,-1,0.352421283721924
16,3,2,64,9,9,1,0.802599906921387,1,1,-1,-1,0.752457141876221
16,3,2,65,81,81,1,0.63387656211853,1,1,1,1,0.552599906921387
16,3,2,66,27,27,1,1.00109434127808,1,1,1,1,0.38387656211853
16,3,2,70,81,81,1,0.601587533950806,-1,-1,1,1,0.517871141433716
16,3,2,71,3,3,1,0.817245006561279,1,1,-1,-1,0.351587533950806
16,3,2,72,3,3,0,0.48450493812561,1,1,1,1,0.567245006561279
16,3,2,73,0,0,1,0.852834224700928,1,-1,1,1,0.23450493812561
16,3,2,74,0,0,0,0.285431146621704,1,1,-1,1,0.602834224700928
16,3,2,75,81,81,1,1.3671715259552,1,-1,1,1,0.0354311466217041
16,3,2,76,3,3,0,0.617617130279541,1,1,-1,1,1.1171715259552
16,3,2,77,27,27,1,0.819408416748047,1,-1,1,1,0.367617130279541
16,3,2,78,81,81,1,0.801110982894897,1,1,-1,1,0.569408416748047
16,3,2,79,81,81,1,0.25096607208252,1,1,1,1,0.551110982894897
16,3,2,80,9,9,1,1.05261754989624,1,1,1,1,0.000966072082519531
16,3,2,88,-3,3,1,0.583840847015381,-1,-1,1,-1,0.38434362411499
16,3,2,89,-0,0,0,0.769330978393555,-1,1,-1,-1,0.333840847015381
16,3,2,96,27,27,0,0.800992965698242,1,1,1,1,0.652780055999756
16,3,2,97,27,27,1,0.518775224685669,1,-1,1,1,0.550992965698242
16,3,2,98,0,0,1,0.484703540802002,1,1,-1,1,0.268775224685669
16,3,2,99,-27,27,0,1.23428821563721,1,1,1,1,0.234703540802002
16,3,3,2,3,3,0,1.05099844932556,1,-1,1,1,0.534520149230957
16,3,3,3,81,81,0,0.669250965118408,1,-1,-1,1,0.800998449325562
16,3,3,4,3,3,1,0.935970544815063,1,-1,-1,1,0.419250965118408
16,3,3,5,27,27,0,0.485556364059448,1,1,-1,1,0.685970544815063
16,3,3,6,3,3,1,0.633830547332764,1,-1,1,1,0.235556364059448
16,3,3,7,27,27,0,0.884396314620972,1,1,-1,1,0.383830547332764
16,3,3,8,9,9,1,0.533852577209473,1,-1,1,1,0.634396314620972
16,3,3,12,81,81,1,0.502177953720093,-1,-1,-1,-1,0.66779088973999
16,3,3,17,9,9,1,1.03608345985413,1,1,-1,1,0.285865306854248
16,3,3,18,3,3,1,1.26719164848328,1,1,1,1,0.786083459854126
16,3,3,19,27,27,1,1.01719212532043,1,1,1,1,1.01719164848328
16,3,3,20,9,9,1,1.0695207118988,1,1,1,1,0.767192125320435
16,3,3,24,27,27,1,0.551801204681396,-1,-1,1,-1,0.384320259094238
16,3,3,25,9,9,0,1.36715841293335,1,1,-1,-1,0.301801204681396
16,3,3,29,-9,9,0,0.517786979675293,-1,1,-1,-1,0.350518703460693
16,3,3,30,-0,0,1,0.35274863243103,-1,-1,1,-1,0.267786979675293
16,3,3,31,-27,27,0,0.834448575973511,-1,1,-1,-1,0.10274863243103
16,3,3,32,-9,9,1,0.384790658950806,-1,-1,1,-1,0.584448575973511
16,3,3,33,-3,3,1,1.08620023727417,-1,1,-1,-1,0.134790658950806
16,3,3,34,-27,27,0,1.01760911941528,-1,1,1,-1,0.83620023727417
16,3,3,35,-3,3,1,0.385608911514282,-1,-1,1,-1,0.767609119415283
16,3,3,36,-81,81,0,1.25048017501831,-1,1,-1,-1,0.135608911514282
16,3,3,37,-81,81,0,0.369404315948486,-1,-1,1,-1,1.00048017501831
16,3,3,38,-3,3,1,0.38538932800293,-1,-1,-1,-1,0.119404315948486
16,3,3,39,-27,27,0,0.951856851577759,-1,1,-1,-1,0.13538932800293
16,3,3,40,-3,3,0,0.517898321151733,-1,-1,1,-1,0.701856851577759
16,3,3,47,3,3,0,0.452063322067261,1,1,1,1,0.7026207447052
16,3,3,48,3,3,1,0.700938940048218,1,-1,1,1,0.202063322067261
16,3,3,49,81,81,1,0.917710542678833,1,1,-1,1,0.450938940048218
16,3,3,50,27,27,1,0.667203664779663,1,1,1,1,0.667710542678833
16,3,3,51,81,81,1,0.585883140563965,1,1,1,1,0.417203664779663
16,3,3,52,-27,27,0,1.11781644821167,1,1,1,1,0.335883140563965
16,3,3,53,-81,81,0,0.817599296569824,-1,-1,1,1,0.86781644821167
16,3,3,54,9,9,1,0.402768611907959,-1,-1,-1,-1,0.567599296569824
16,3,3,59,-0,0,1,0.618776082992554,-1,-1,-1,-1,0.684462785720825
16,3,3,68,81,81,1,0.250965356826782,1,1,1,-1,0.668451070785522
16,3,3,69,27,27,1,0.800518274307251,1,1,1,1,0.000965356826782227
16,3,3,70,27,27,1,0.417618274688721,1,1,1,1,0.550518274307251
16,3,3,71,3,3,1,0.350979089736938,1,1,1,1,0.167618274688721
16,3,3,72,-9,9,1,0.834301233291626,1,1,1,1,0.100979089736938
16,3,3,76,81,81,1,0.617153882980347,1,-1,-1,1,0.402355432510376
16,3,3,77,3,3,1,1.30198121070862,1,1,-1,1,0.367153882980347
16,3,3,78,9,9,1,0.333848237991333,1,1,1,1,1.05198121070862
16,3,3,79,0,0,1,0.550509452819824,1,1,1,1,0.083848237991333
16,3,3,83,27,27,1,0.785394906997681,1,1,-1,1,0.467655897140503
16,3,3,84,9,9,1,0.634336233139038,1,1,1,1,0.535394906997681
16,3,3,85,9,9,1,0.451395034790039,1,1,1,1,0.384336233139038
16,3,3,90,-0,0,0,0.834376096725464,-1,-1,1,-1,0.652048110961914
16,3,3,91,-3,3,0,0.568649053573608,-1,-1,-1,-1,0.584376096725464
16,3,3,96,-27,27,0,0.569436311721802,-1,-1,-1,-1,0.483881711959839
16,3,3,97,-27,27,0,0.467667102813721,-1,-1,-1,-1,0.319436311721802
16,3,3,98,9,9,1,0.735170364379883,-1,-1,-1,-1,0.217667102813721
16,3,3,99,81,81,1,1.05098485946655,1,1,-1,-1,0.485170364379883
16,3,4,2,3,3,0,0.517148733139038,1,1,-1,1,0.969293594360352
16,3,4,3,81,81,1,0.302427053451538,1,-1,1,1,0.267148733139038
16,3,4,4,-9,9,0,0.652299642562866,1,1,-1,1,0.0524270534515381
16,3,4,5,-9,9,0,0.800533056259155,-1,-1,1,1,0.402299642562866
16,3,4,6,-3,3,1,0.551205396652222,-1,-1,-1,-1,0.550533056259155
16,3,4,7,-3,3,1,0.518219709396362,-1,1,-1,-1,0.301205396652222
16,3,4,8,-9,9,0,0.300948858261108,-1,1,1,-1,0.268219709396362
16,3,4,9,-9,9,0,0.619208335876465,-1,-1,1,-1,0.0509488582611084
16,3,4,10,-27,27,0,0.634736776351929,-1,-1,-1,-1,0.369208335876465
16,3,4,11,-81,81,0,1.00286674499512,-1,-1,-1,-1,0.384736776351929
16,3,4,12,0,0,1,0.434529542922974,-1,-1,-1,-1,0.752866744995117
16,3,4,13,27,27,1,0.90259051322937,1,1,-1,-1,0.184529542922974
16,3,4,14,-81,81,0,0.551755428314209,1,1,1,1,0.65259051322937
16,3,4,15,-81,81,0,1.00238990783691,-1,-1,1,1,0.301755428314209
16,3,4,16,-3,3,1,0.902140617370605,-1,-1,-1,-1,0.752389907836914
16,3,4,17,3,3,0,0.568514108657837,-1,1,-1,-1,0.652140617370605
16,3,4,18,-0,0,0,0.48383903503418,1,-1,1,-1,0.318514108657837
16,3,4,19,-81,81,0,0.75096321105957,-1,-1,-1,1,0.23383903503418
16,3,4,20,-9,9,1,0.651626825332642,-1,-1,-1,-1,0.50096321105957
16,3,4,21,81,81,1,0.802109241485596,-1,1,-1,-1,0.401626825332642
16,3,4,22,-3,3,0,0.619256258010864,1,1,1,-1,0.552109241485596
16,3,4,23,-9,9,1,0.851979494094849,-1,-1,1,1,0.369256258010864
16,3,4,24,-3,3,0,0.752804756164551,-1,1,-1,-1,0.601979494094849
16,3,4,25,-81,81,0,1.30120611190796,-1,-1,1,-1,0.502804756164551
16,3,4,26,-9,9,0,0.733834743499756,-1,-1,-1,-1,1.05120611190796
16,3,4,27,0,0,0,0.417210340499878,-1,-1,-1,-1,0.483834743499756
16,3,4,28,-3,3,1,0.467624664306641,1,-1,-1,-1,0.167210340499878
16,3,4,29,27,27,0,0.667700290679932,-1,1,-1,1,0.217624664306641
16,3,4,30,9,9,1,0.517807483673096,1,-1,1,-1,0.417700290679932
16,3,4,31,-9,9,1,1.03430700302124,1,1,-1,1,0.267807483673096
16,3,4,32,3,3,0,1.15052223205566,-1,1,1,1,0.78430700302124
16,3,4,33,-3,3,1,0.317635774612427,1,-1,1,-1,0.900522232055664
16,3,4,34,-27,27,1,0.68427300453186,-1,1,-1,1,0.0676357746124268
16,3,4,35,81,81,1,0.502031326293945,-1,1,1,-1,0.43427300453186
16,3,4,36,3,3,0,1.10269355773926,1,1,1,-1,0.252031326293945
16,3,4,37,-3,3,1,0.335394382476807,1,-1,1,1,0.852693557739258
16,3,4,38,-0,0,0,0.534284830093384,-1,1,-1,1,0.0853943824768066
16,3,4,39,9,9,1,0.619426012039185,-1,-1,1,-1,0.284284830093384
16,3,4,40,81,81,1,0.669011116027832,1,1,-1,-1,0.369426012039185
16,3,4,41,-27,27,0,0.568542242050171,1,1,1,1,0.419011116027832
16,3,4,42,27,27,0,0.717617988586426,-1,-1,1,1,0.318542242050171
16,3,4,43,-27,27,1,0.56770396232605,1,-1,-1,-1,0.467617988586426
16,3,4,44,-27,27,0,1.35233473777771,-1,1,-1,1,0.31770396232605
16,3,4,45,81,81,1,0.419458866119385,-1,-1,1,-1,1.10233473777771
16,3,4,46,9,9,0,0.900528430938721,1,1,-1,-1,0.169458866119385
16,3,4,47,9,9,0,0.784269571304321,1,-1,1,1,0.650528430938721
16,3,4,48,-27,27,1,0.767166137695312,1,-1,-1,1,0.534269571304321
16,3,4,49,-27,27,0,0.569153070449829,-1,1,-1,1,0.517166137695312
16,3,4,50,-81,81,0,0.318955898284912,-1,-1,1,-1,0.319153070449829
16,3,4,51,27,27,1,0.684299945831299,-1,-1,-1,-1,0.0689558982849121
16,3,4,52,-81,81,0,0.352196216583252,1,1,-1,-1,0.434299945831299
16,3,4,53,27,27,1,0.336036920547485,-1,-1,1,1,0.102196216583252
16,3,4,54,3,3,0,1.13551592826843,1,1,-1,-1,0.0860369205474854
16,3,4,55,27,27,0,0.967151165008545,1,-1,1,1,0.885515928268433
16,3,4,56,-0,0,1,0.569086074829102,1,-1,-1,1,0.717151165008545
16,3,4,62,3,3,1,1.35113120079041,-1,-1,-1,-1,0.467150211334229
16,3,4,63,-3,3,0,0.417217254638672,1,1,-1,-1,1.10113120079041
16,3,4,64,27,27,1,1.01904249191284,-1,-1,1,1,0.167217254638672
16,3,4,65,27,27,1,0.351178884506226,1,1,-1,-1,0.769042491912842
16,3,4,66,81,81,1,0.935984134674072,1,1,1,1,0.101178884506226
16,3,4,67,81,81,1,0.384259462356567,1,1,1,1,0.685984134674072
16,3,4,68,-9,9,0,0.617147207260132,1,1,1,1,0.134259462356567
16,3,4,72,3,3,1,0.550980567932129,1,-1,-1,-1,0.268399715423584
16,3,4,73,-3,3,0,0.434288024902344,1,1,-1,1,0.300980567932129
16,3,4,74,3,3,1,0.468826293945312,-1,-1,1,1,0.184288024902344
16,3,4,78,-9,9,1,0.602282047271729,1,1,-1,-1,0.419177293777466
16,3,4,79,27,27,1,0.901016473770142,-1,1,1,1,0.352282047271729
16,3,4,80,27,27,1,0.75052285194397,1,1,1,-1,0.651016473770142
16,3,4,81,81,81,1,0.668553113937378,1,1,1,1,0.50052285194397
16,3,4,82,-9,9,0,0.835163116455078,1,1,1,1,0.418553113937378
16,3,4,83,0,0,0,0.467707395553589,-1,-1,1,1,0.585163116455078
16,3,4,84,-81,81,0,0.652662754058838,1,-1,-1,-1,0.217707395553589
16,3,4,85,9,9,1,0.635928153991699,-1,-1,-1,1,0.402662754058838
16,3,4,86,-9,9,0,0.45100736618042,1,1,-1,-1,0.385928153991699
16,3,4,90,-81,81,0,0.60114049911499,-1,-1,-1,-1,0.452659130096436
16,3,4,91,-0,0,0,0.768368005752563,-1,-1,-1,-1,0.35114049911499
16,3,4,92,-9,9,0,0.385610342025757,-1,-1,-1,-1,0.518368005752563
16,3,4,93,-81,81,0,1.25102424621582,-1,-1,-1,-1,0.135610342025757
16,3,4,94,-0,0,1,0.267606973648071,-1,-1,-1,-1,1.00102424621582
16,3,4,95,-27,27,1,0.833814144134521,-1,1,-1,-1,0.0176069736480713
16,3,4,96,-81,81,0,0.634332656860352,-1,1,1,-1,0.583814144134521
16,3,4,97,-27,27,0,0.352099180221558,-1,-1,1,-1,0.384332656860352
16,3,4,98,-3,3,0,0.65093994140625,-1,-1,-1,-1,0.102099180221558
16,3,4,99,0,0,0,0.483818054199219,-1,-1,-1,-1,0.40093994140625
16,3,5,2,-0,0,1,0.669758319854736,1,1,-1,-1,0.450730085372925
16,3,5,3,-27,27,0,0.552745580673218,-1,1,1,1,0.419758319854736
16,3,5,4,-9,9,1,0.602771520614624,-1,-1,1,-1,0.302745580673218
16,3,5,10,-27,27,0,0.684538602828979,-1,1,1,1,0.600966215133667
16,3,5,11,-81,81,0,0.833862543106079,-1,-1,1,-1,0.434538602828979
16,3,5,12,-9,9,1,0.884352207183838,-1,-1,-1,-1,0.583862543106079
16,3,5,13,-9,9,1,0.618170261383057,-1,1,-1,-1,0.634352207183838
16,3,5,18,81,81,1,0.884469270706177,1,1,1,1,0.652009248733521
16,3,5,19,9,9,0,0.66872763633728,1,1,1,1,0.634469270706177
16,3,5,20,-81,81,0,0.419161558151245,1,-1,1,1,0.41872763633728
16,3,5,21,81,81,1,0.652616262435913,-1,-1,-1,1,0.169161558151245
16,3,5,22,0,0,1,1.28604125976562,1,1,-1,-1,0.402616262435913
16,3,5,23,3,3,0,0.619466543197632,1,1,1,1,1.03604125976562
16,3,5,24,-3,3,1,1.36878490447998,1,-1,1,1,0.369466543197632
16,3,5,25,-9,9,1,0.384526014328003,-1,1,-1,1,1.11878490447998
16,3,5,29,-81,81,0,0.634523630142212,1,1,1,1,0.950494766235352
16,3,5,35,3,3,1,0.834323167800903,1,1,-1,-1,0.352090120315552
16,3,5,36,3,3,0,0.651744604110718,1,1,1,1,0.584323167800903
16,3,5,37,-27,27,1,0.533870220184326,1,-1,1,1,0.401744604110718
16,3,5,38,-9,9,0,0.369037389755249,-1,1,-1,1,0.283870220184326
16,3,5,39,0,0,0,0.535387992858887,-1,-1,1,-1,0.119037389755249
16,3,5,40,81,81,1,0.551236867904663,1,-1,-1,-1,0.285387992858887
16,3,5,41,-9,9,0,0.78429388999939,1,1,-1,1,0.301236867904663
16,3,5,42,27,27,0,0.768495321273804,-1,-1,1,1,0.53429388999939
16,3,5,43,3,3,1,0.45101261138916,1,-1,-1,-1,0.518495321273804
16,3,5,50,-3,3,0,0.402566432952881,1,1,-1,-1,0.101528644561768
16,3,5,51,0,0,1,0.269396066665649,-1,-1,1,1,0.152566432952881
16,3,5,52,-3,3,0,0.46768593788147,1,1,-1,-1,0.0193960666656494
16,3,5,53,-3,3,1,0.284307241439819,-1,-1,1,1,0.21768593788147
16,3,5,54,3,3,0,0.252667427062988,-1,1,-1,-1,0.0343072414398193
16,3,5,55,-81,81,1,0.602670192718506,1,-1,1,-1,0.00266742706298828
16,3,5,56,27,27,1,0.835924863815308,-1,1,-1,1,0.352670192718506
16,3,5,57,-0,0,0,0.46915602684021,1,1,1,-1,0.585924863815308
16,3,5,58,3,3,1,0.335158586502075,-1,-1,1,1,0.21915602684021
16,3,5,59,3,3,0,0.669336557388306,1,1,-1,-1,0.0851585865020752
16,3,5,60,27,27,1,0.551558017730713,1,-1,1,1,0.419336557388306
16,3,5,61,81,81,1,0.551774263381958,1,1,-1,1,0.301558017730713
16,3,5,62,81,81,1,0.367696762084961,1,1,1,1,0.301774263381958
16,3,5,63,9,9,1,0.784433364868164,1,1,1,1,0.117696762084961
16,3,5,64,3,3,0,0.333843469619751,1,1,1,1,0.534433364868164
16,3,5,65,9,9,1,0.451504468917847,1,-1,1,1,0.083843469619751
16,3,5,66,-3,3,1,0.601350069046021,1,1,-1,1,0.201504468917847
16,3,5,67,27,27,1,1.05051469802856,-1,1,1,1,0.351350069046021
16,3,5,68,-9,9,0,0.550487995147705,1,1,1,-1,0.800514698028564
16,3,5,69,-3,3,1,0.283863067626953,-1,-1,1,1,0.300487995147705
16,3,5,70,9,9,1,0.385804414749146,-1,1,-1,-1,0.0338630676269531
16,3,5,71,-27,27,0,0.752575159072876,1,1,1,-1,0.135804414749146
16,3,5,81,27,27,1,0.535677194595337,1,1,1,1,0.769169330596924
16,3,5,82,-81,81,0,0.55186939239502,1,1,1,1,0.285677194595337
16,3,5,83,-27,27,0,0.834321022033691,-1,-1,1,1,0.30186939239502
16,3,5,84,-81,81,0,0.602829217910767,-1,-1,-1,-1,0.584321022033691
16,3,5,85,-27,27,0,1.31941556930542,-1,-1,-1,-1,0.352829217910767
16,3,5,92,-27,27,0,0.702494859695435,-1,-1,-1,1,0.0855515003204346
16,3,5,96,-81,81,0,0.867738246917725,1,1,-1,-1,0.467832326889038
16,3,5,97,-27,27,0,0.684542417526245,-1,-1,1,1,0.617738246917725
16,3,5,98,-81,81,0,0.785885334014893,-1,-1,-1,-1,0.434542417526245
16,3,5,99,-81,81,0,0.386017560958862,-1,-1,-1,-1,0.535885334014893
16,3,6,2,-81,81,0,0.434878587722778,1,1,1,-1,0.619136333465576
16,3,6,3,81,81,1,0.752606391906738,-1,-1,1,1,0.184878587722778
16,3,6,4,-27,27,0,0.583914995193481,1,1,-1,-1,0.502606391906738
16,3,6,5,9,9,1,0.70207667350769,-1,-1,1,1,0.333914995193481
16,3,6,6,81,81,1,0.867158174514771,1,1,-1,-1,0.45207667350769
16,3,6,7,9,9,1,0.501788854598999,1,1,1,1,0.617158174514771
16,3,6,8,-9,9,0,0.351206064224243,1,1,1,1,0.251788854598999
16,3,6,9,27,27,1,0.817666292190552,-1,-1,1,1,0.101206064224243
16,3,6,10,-81,81,0,0.901010751724243,1,1,-1,-1,0.567666292190552
16,3,6,11,-9,9,1,0.668186902999878,-1,-1,1,1,0.651010751724243
16,3,6,12,3,3,0,0.78523850440979,-1,1,-1,-1,0.418186902999878
16,3,6,13,27,27,0,0.551100254058838,1,-1,1,-1,0.53523850440979
16,3,6,14,-9,9,1,0.867199659347534,1,-1,-1,1,0.301100254058838
16,3,6,15,27,27,1,0.836142778396606,-1,1,-1,1,0.617199659347534
16,3,6,16,-81,81,0,0.567605018615723,1,1,1,-1,0.586142778396606
16,3,6,17,0,0,1,0.50049877166748,-1,-1,1,1,0.317605018615723
16,3,6,18,-3,3,0,0.934460163116455,1,1,-1,-1,0.25049877166748
16,3,6,19,-27,27,0,1.40162253379822,-1,-1,1,1,0.684460163116455
16,3,6,20,-27,27,0,1.45132899284363,-1,-1,-1,-1,1.15162253379822
16,3,6,21,9,9,0,1.00195908546448,-1,-1,-1,-1,1.20132899284363
16,3,6,22,3,3,1,0.368802547454834,1,-1,-1,-1,0.751959085464478
16,3,6,23,-3,3,1,0.985803842544556,1,1,-1,1,0.118802547454834
16,3,6,24,9,9,0,1.41775321960449,-1,1,1,1,0.735803842544556
16,3,6,25,-27,27,0,0.80245566368103,1,-1,1,-1,1.16775321960449
16,3,6,26,81,81,1,0.6858811378479,-1,-1,-1,1,0.55245566368103
16,3,6,27,0,0,0,0.834517002105713,1,1,-1,-1,0.4358811378479
16,3,6,28,-81,81,0,1.33437418937683,1,-1,1,1,0.584517002105713
16,3,6,29,3,3,1,0.702767133712769,-1,-1,-1,1,1.08437418937683
16,3,6,30,-81,81,0,0.685366153717041,1,1,-1,-1,0.452767133712769
16,3,6,31,-27,27,0,0.735168218612671,-1,-1,1,1,0.435366153717041
16,3,6,32,81,81,1,0.585167169570923,-1,-1,-1,-1,0.485168218612671
16,3,6,33,-3,3,0,0.717618703842163,1,1,-1,-1,0.335167169570923
16,3,6,34,9,9,1,0.66773509979248,-1,-1,1,1,0.467618703842163
16,3,6,38,-0,0,0,0.351283311843872,1,1,-1,-1,0.569108009338379
16,3,6,39,27,27,1,0.685796022415161,-1,-1,1,1,0.101283311843872
16,3,6,40,-9,9,0,0.685611009597778,1,1,-1,-1,0.435796022415161
16,3,6,41,0,0,0,0.484446287155151,-1,-1,1,1,0.435611009597778
16,3,6,42,-0,0,1,0.818469047546387,1,-1,-1,-1,0.234446287155151
16,3,6,43,3,3,0,0.452557563781738,-1,1,-1,1,0.568469047546387
16,3,6,44,3,3,1,0.885302305221558,1,-1,1,-1,0.202557563781738
16,3,6,45,-0,0,1,0.535770893096924,1,1,-1,1,0.635302305221558
16,3,6,46,0,0,0,0.935181140899658,-1,1,1,1,0.285770893096924
16,3,6,47,-9,9,0,1.16921019554138,1,-1,1,-1,0.685181140899658
16,3,6,48,81,81,1,0.302357912063599,-1,-1,-1,1,0.919210195541382
16,3,6,49,81,81,1,0.518558263778687,1,1,-1,-1,0.0523579120635986
16,3,6,50,-81,81,0,0.485399007797241,1,1,1,1,0.268558263778687
16,3,6,51,81,81,1,0.935723304748535,-1,-1,1,1,0.235399007797241
16,3,6,52,-3,3,0,0.501130819320679,1,1,-1,-1,0.685723304748535
16,3,6,56,-3,3,1,0.685709238052368,1,-1,-1,-1,0.318637132644653
16,3,6,61,-9,9,1,0.617724657058716,1,1,-1,-1,0.686084032058716
16,3,6,62,3,3,0,0.786142587661743,-1,1,1,1,0.367724657058716
16,3,6,63,-9,9,1,1.18427276611328,1,-1,1,-1,0.536142587661743
16,3,6,64,-27,27,0,0.300565958023071,-1,1,-1,1,0.934272766113281
16,3,6,65,9,9,1,0.884292840957642,-1,-1,1,-1,0.0505659580230713
16,3,6,66,-9,9,1,0.250987768173218,1,1,-1,-1,0.634292840957642
16,3,6,67,81,81,1,0.535859346389771,-1,1,1,1,0.000987768173217773
16,3,6,68,-9,9,0,0.452279329299927,1,1,1,-1,0.285859346389771
16,3,6,69,3,3,1,0.418626070022583,-1,-1,1,1,0.202279329299927
16,3,6,70,-81,81,0,0.619341373443604,1,1,-1,-1,0.168626070022583
16,3,6,71,27,27,1,0.668660879135132,-1,-1,1,1,0.369341373443604
16,3,6,75,-27,27,0,0.418628692626953,1,1,-1,-1,0.367790937423706
16,3,6,76,3,3,0,0.269395112991333,-1,-1,1,1,0.168628692626953
16,3,6,77,-27,27,0,0.535744905471802,1,-1,-1,-1,0.019395112991333
16,3,6,78,3,3,1,0.251906633377075,-1,-1,-1,1,0.285744905471802
16,3,6,79,-27,27,0,0.518836975097656,1,1,-1,-1,0.0019066333770752
16,3,6,80,-0,0,1,0.269262075424194,-1,-1,1,1,0.268836975097656
16,3,6,81,81,81,0,0.384313344955444,-1,1,-1,-1,0.0192620754241943
16,3,6,82,-27,27,1,0.467635869979858,1,-1,1,-1,0.134313344955444
16,3,6,83,3,3,0,0.602066278457642,-1,1,-1,1,0.217635869979858
16,3,6,87,-0,0,0,0.800992965698242,-1,1,-1,1,0.268226861953735
16,3,6,88,-81,81,0,1.26884388923645,-1,-1,1,-1,0.550992965698242
16,3,6,89,-27,27,0,0.300962686538696,-1,-1,-1,-1,1.01884388923645
16,3,6,90,81,81,1,0.535351753234863,-1,-1,-1,-1,0.0509626865386963
16,3,6,91,9,9,1,0.285521030426025,1,1,-1,-1,0.285351753234863
16,3,6,96,-9,9,0,1.01813006401062,1,1,-1,-1,0.884501218795776
16,3,6,97,81,81,1,0.767174243927002,-1,-1,1,1,0.76813006401062
17,1,1,9,3,3,0,0.583871603012085,1,-1,1,-1,1.05095839500427
17,1,1,14,9,9,0,0.401214361190796,1,-1,1,1,0.68385124206543
17,1,1,15,-3,3,0,0.633795261383057,1,-1,-1,1,0.151214361190796
17,1,1,16,-3,3,0,0.684247255325317,-1,-1,-1,1,0.383795261383057
17,1,1,17,-27,27,1,0.883795738220215,-1,-1,-1,-1,0.434247255325317
17,1,1,18,-9,9,0,0.617624282836914,-1,1,-1,-1,0.633795738220215
17,1,1,19,-27,27,0,0.950548410415649,-1,-1,1,-1,0.367624282836914
17,1,1,20,3,3,0,0.833845853805542,-1,-1,-1,-1,0.700548410415649
17,1,1,21,27,27,0,1.38380932807922,1,-1,-1,-1,0.583845853805542
17,1,1,22,0,0,1,0.30092716217041,1,-1,-1,1,1.13380932807922
17,1,1,23,27,27,0,0.417184114456177,1,1,-1,1,0.0509271621704102
17,1,1,24,27,27,1,0.684327125549316,1,-1,1,1,0.167184114456177
17,1,1,25,81,81,1,0.617193460464478,1,1,-1,1,0.434327125549316
17,1,1,26,9,9,0,0.717199325561523,1,1,1,1,0.367193460464478
17,1,1,27,27,27,0,0.517158031463623,1,-1,1,1,0.467199325561523
17,1,1,32,27,27,1,0.683912515640259,1,1,-1,1,0.317208290100098
17,1,1,33,81,81,1,0.584282159805298,1,1,1,1,0.433912515640259
17,1,1,34,81,81,1,0.584355354309082,1,1,1,1,0.334282159805298
17,1,1,35,3,3,0,1.41760444641113,1,1,1,1,0.334355354309082
17,1,1,36,27,27,1,0.584536552429199,1,-1,1,1,1.16760444641113
17,1,1,37,-3,3,1,0.817158937454224,1,1,-1,1,0.334536552429199
17,1,1,38,-27,27,0,0.550509214401245,-1,1,1,1,0.567158937454224
17,1,1,39,9,9,1,0.68432354927063,-1,-1,1,-1,0.300509214401245
17,1,1,40,0,0,1,0.734322547912598,1,1,-1,-1,0.43432354927063
17,1,1,41,81,81,1,0.633859395980835,1,1,1,1,0.484322547912598
17,1,1,42,9,9,0,0.667175054550171,1,1,1,1,0.383859395980835
17,1,1,43,81,81,1,0.517164468765259,1,-1,1,1,0.417175054550171
17,1,1,44,27,27,0,1.38486409187317,1,1,-1,1,0.267164468765259
17,1,1,45,3,3,0,0.800968408584595,1,-1,1,1,1.13486409187317
17,1,1,46,9,9,0,1.23386120796204,1,-1,-1,1,0.550968408584595
17,1,1,47,27,27,1,0.500476121902466,1,-1,-1,1,0.983861207962036
17,1,1,48,-27,27,0,0.683871269226074,1,1,-1,1,0.250476121902466
17,1,1,49,-9,9,0,0.900499105453491,-1,-1,1,1,0.433871269226074
17,1,1,50,-81,81,0,0.650555610656738,-1,-1,-1,-1,0.650499105453491
17,1,1,51,-9,9,1,0.917627334594727,-1,-1,-1,-1,0.400555610656738
17,1,1,52,-27,27,0,0.550513744354248,-1,1,-1,-1,0.667627334594727
17,1,1,53,-9,9,1,0.800598859786987,-1,-1,1,-1,0.300513744354248
17,1,1,54,-9,9,1,0.634385347366333,-1,1,-1,-1,0.550598859786987
17,1,1,55,-27,27,0,0.567613124847412,-1,1,1,-1,0.384385347366333
17,1,1,62,0,0,1,0.900528192520142,1,1,1,1,0.233840465545654
17,1,1,63,3,3,1,1.484379529953,1,1,1,1,0.650528192520142
17,1,1,64,0,0,0,1.31761169433594,1,1,1,1,1.234379529953
17,1,1,65,81,81,1,0.651272535324097,1,-1,1,1,1.06761169433594
17,1,1,66,81,81,1,0.917192697525024,1,1,-1,1,0.401272535324097
17,1,1,67,3,3,0,0.68384051322937,1,1,1,1,0.667192697525024
17,1,1,68,-27,27,0,0.251010656356812,1,-1,1,1,0.43384051322937
17,1,1,69,9,9,0,1.08390116691589,-1,-1,-1,1,0.00101065635681152
17,1,1,70,81,81,1,0.66718316078186,1,-1,-1,-1,0.833901166915894
17,1,1,71,-3,3,0,1.45095443725586,1,1,-1,1,0.41718316078186
17,1,1,72,-3,3,0,0.75113320350647,-1,-1,1,1,1.20095443725586
17,1,1,73,-9,9,0,1.35046219825745,-1,-1,-1,-1,0.50113320350647
17,1,1,77,3,3,1,1.21712970733643,1,-1,1,1,0.883829355239868
17,1,1,78,0,0,1,0.984644174575806,1,1,-1,1,0.967129707336426
17,1,1,79,9,9,0,0.717128038406372,1,1,1,1,0.734644174575806
17,1,1,80,9,9,1,0.933900356292725,1,-1,1,1,0.467128038406372
17,1,1,87,3,3,0,0.467611074447632,1,1,1,1,0.250493288040161
17,1,1,88,0,0,1,0.834903240203857,1,-1,1,1,0.217611074447632
17,1,1,89,81,81,1,0.733867168426514,1,1,-1,1,0.584903240203857
17,1,1,90,3,3,1,1.48543667793274,1,1,1,1,0.483867168426514
17,1,1,94,-3,3,0,0.501002311706543,-1,1,-1,1,1.13526749610901
17,1,1,95,-3,3,0,1.05048823356628,-1,-1,1,-1,0.251002311706543
17,1,1,96,-81,81,0,0.751520395278931,-1,-1,-1,-1,0.800488233566284
17,1,1,97,-9,9,0,1.0521125793457,-1,-1,-1,-1,0.501520395278931
17,1,1,98,-81,81,0,0.717637538909912,-1,-1,-1,-1,0.802112579345703
17,1,2,2,81,81,1,0.68430757522583,-1,-1,-1,1,0.551196575164795
17,1,2,3,-9,9,1,1.15052342414856,1,1,-1,-1,0.43430757522583
17,1,2,4,9,9,0,0.883868455886841,-1,1,1,1,0.90052342414856
17,1,2,5,-3,3,0,0.750525712966919,1,-1,1,-1,0.633868455886841
17,1,2,6,81,81,1,0.817154169082642,-1,-1,-1,1,0.500525712966919
17,1,2,7,-3,3,0,1.33431100845337,1,1,-1,-1,0.567154169082642
17,1,2,8,0,0,0,1.31770634651184,-1,-1,1,1,1.08431100845337
17,1,2,9,-9,9,0,1.10092711448669,1,-1,-1,-1,1.06770634651184
17,1,2,10,-3,3,1,1.184246301651,-1,-1,-1,1,0.850927114486694
17,1,2,11,3,3,1,1.15096235275269,-1,1,-1,-1,0.934246301651001
17,1,2,12,9,9,0,0.867613077163696,1,1,1,-1,0.900962352752686
17,1,2,13,3,3,0,0.884471893310547,1,-1,1,1,0.617613077163696
17,1,2,14,-27,27,0,0.834319591522217,1,-1,-1,1,0.634471893310547
17,1,2,15,3,3,1,1.45096254348755,-1,-1,-1,1,0.584319591522217
17,1,2,16,-27,27,0,1.41713428497314,1,1,-1,-1,1.20096254348755
17,1,2,17,9,9,0,0.617622375488281,-1,-1,1,1,1.16713428497314
17,1,2,18,-9,9,0,1.26718997955322,1,-1,-1,-1,0.367622375488281
17,1,2,25,-81,81,0,0.817172527313232,-1,-1,-1,-1,0.200496673583984
17,1,2,26,27,27,1,1.06713461875916,-1,-1,-1,-1,0.567172527313232
17,1,2,27,-3,3,0,1.25051331520081,1,1,-1,-1,0.817134618759155
17,1,2,28,81,81,1,0.767192125320435,-1,-1,1,1,1.00051331520081
17,1,2,29,-9,9,0,0.800576686859131,1,1,-1,-1,0.517192125320435
17,1,2,30,81,81,0,0.650461435317993,-1,-1,1,1,0.550576686859131
17,1,2,31,-3,3,0,0.484299659729004,1,-1,-1,-1,0.400461435317993
17,1,2,32,-9,9,0,0.951596260070801,-1,-1,-1,1,0.234299659729004
17,1,2,33,27,27,1,1.11764454841614,-1,-1,-1,-1,0.701596260070801
17,1,2,34,-27,27,0,0.650498628616333,1,1,-1,-1,0.867644548416138
17,1,2,35,0,0,0,0.533873319625854,-1,-1,1,1,0.400498628616333
17,1,2,36,81,81,1,0.850957155227661,1,-1,-1,-1,0.283873319625854
17,1,2,37,-81,81,0,0.767214298248291,1,1,-1,1,0.600957155227661
17,1,2,41,81,81,1,0.867662191390991,-1,-1,-1,1,0.351180791854858
17,1,2,42,-81,81,0,0.717175483703613,1,1,-1,-1,0.617662191390991
17,1,2,43,3,3,1,0.884338140487671,-1,-1,1,1,0.467175483703613
17,1,2,48,27,27,1,0.833840370178223,1,1,1,-1,0.600984334945679
17,1,2,49,-9,9,0,0.867687463760376,1,1,1,1,0.583840370178223
17,1,2,50,81,81,1,0.733850955963135,-1,-1,1,1,0.617687463760376
17,1,2,51,-9,9,0,1.03516507148743,1,1,-1,-1,0.483850955963135
17,1,2,52,27,27,1,0.833801031112671,-1,-1,1,1,0.785165071487427
17,1,2,56,-27,27,0,0.717665195465088,1,1,-1,-1,0.584301948547363
17,1,2,57,0,0,0,0.500537633895874,-1,-1,1,1,0.467665195465088
17,1,2,58,3,3,1,0.550481081008911,1,-1,-1,-1,0.250537633895874
17,1,2,59,-3,3,0,0.98383617401123,1,1,-1,1,0.300481081008911
17,1,2,60,9,9,1,0.834271430969238,-1,-1,1,1,0.73383617401123
17,1,2,61,-81,81,0,0.700920343399048,1,1,-1,-1,0.584271430969238
17,1,2,62,3,3,1,0.901785612106323,-1,-1,1,1,0.450920343399048
17,1,2,63,-27,27,0,0.700497150421143,1,1,-1,-1,0.651785612106323
17,1,2,64,-0,0,1,0.800514221191406,-1,-1,1,1,0.450497150421143
17,1,2,65,3,3,1,0.700510263442993,-1,1,-1,-1,0.550514221191406
17,1,2,66,27,27,1,0.817615032196045,1,1,1,-1,0.450510263442993
17,1,2,67,-0,0,1,0.917650461196899,1,1,1,1,0.567615032196045
17,1,2,68,27,27,0,0.850527048110962,-1,1,1,1,0.667650461196899
17,1,2,69,-81,81,0,0.967663288116455,1,-1,1,-1,0.600527048110962
17,1,2,70,9,9,1,0.750527620315552,-1,-1,-1,1,0.717663288116455
17,1,2,71,-0,0,0,0.600966691970825,1,1,-1,-1,0.500527620315552
17,1,2,72,81,81,1,0.851948261260986,-1,-1,1,1,0.350966691970825
17,1,2,73,-0,0,1,1.38432836532593,1,1,-1,-1,0.601948261260986
17,1,2,74,3,3,0,0.917223453521729,-1,1,1,1,1.13432836532593
17,1,2,75,-81,81,0,0.917171001434326,1,-1,1,-1,0.667223453521729
17,1,2,76,27,27,1,1.383873462677,-1,-1,-1,1,0.667171001434326
17,1,2,77,-27,27,0,0.901523351669312,1,1,-1,-1,1.133873462677
17,1,2,78,81,81,1,0.917646646499634,-1,-1,1,1,0.651523351669312
17,1,2,79,3,3,1,0.901769399642944,1,1,-1,-1,0.667646646499634
17,1,2,80,-27,27,0,0.767619609832764,1,1,1,1,0.651769399642944
17,1,2,81,27,27,1,0.750526189804077,-1,-1,1,1,0.517619609832764
17,1,2,82,-81,81,0,0.850534915924072,1,1,-1,-1,0.500526189804077
17,1,2,83,-3,3,1,0.733839273452759,-1,-1,1,1,0.600534915924072
17,1,2,84,9,9,1,1.30097532272339,-1,1,-1,-1,0.483839273452759
17,1,2,85,-9,9,0,0.633870363235474,1,1,1,-1,1.05097532272339
17,1,2,86,81,81,1,0.93453311920166,-1,-1,1,1,0.383870363235474
17,1,2,87,-81,81,0,0.767187356948853,1,1,-1,-1,0.68453311920166
17,1,2,88,27,27,1,0.584317445755005,-1,-1,1,1,0.517187356948853
17,1,2,89,9,9,1,1.00095915794373,1,1,-1,-1,0.334317445755005
17,1,2,90,-27,27,0,0.633906364440918,1,1,1,1,0.750959157943726
17,1,2,91,0,0,1,1.48436260223389,-1,-1,1,1,0.383906364440918
17,1,2,92,-9,9,0,1.38388967514038,1,1,-1,-1,1.23436260223389
17,1,2,93,9,9,0,0.650487184524536,-1,-1,1,1,1.13388967514038
17,1,2,94,-9,9,0,0.950506210327148,1,-1,-1,-1,0.400487184524536
17,1,2,95,9,9,0,0.684835195541382,-1,-1,-1,1,0.700506210327148
17,1,2,96,-81,81,0,1.03433728218079,1,-1,-1,-1,0.434835195541382
17,1,2,97,81,81,1,0.833861827850342,-1,-1,-1,1,0.784337282180786
17,1,2,98,27,27,0,0.633865833282471,1,1,-1,-1,0.583861827850342
17,1,2,99,9,9,0,1.36759233474731,1,-1,1,1,0.383865833282471
17,1,3,2,-3,3,0,0.500960350036621,1,1,-1,-1,1.11789488792419
17,1,3,3,-27,27,0,0.750577211380005,-1,-1,1,1,0.250960350036621
17,1,3,4,27,27,1,0.617161273956299,-1,-1,-1,-1,0.500577211380005
17,1,3,5,3,3,1,0.900509834289551,1,1,-1,-1,0.367161273956299
17,1,3,6,81,81,1,0.983859300613403,1,1,1,1,0.650509834289551
17,1,3,7,9,9,1,1.1504762172699,1,1,1,1,0.733859300613403
17,1,3,8,27,27,1,0.933819532394409,1,1,1,1,0.900476217269897
17,1,3,9,81,81,1,0.96760106086731,1,1,1,1,0.683819532394409
17,1,3,10,9,9,0,0.93384838104248,1,1,1,1,0.71760106086731
17,1,3,11,0,0,0,1.43387937545776,1,-1,1,1,0.68384838104248
17,1,3,12,-27,27,0,0.9680495262146,1,-1,-1,1,1.18387937545776
17,1,3,13,81,81,1,0.800507545471191,-1,-1,-1,1,0.7180495262146
17,1,3,17,81,81,1,0.850540399551392,1,1,1,1,1.05095767974854
17,1,3,18,27,27,1,0.98386549949646,1,1,1,1,0.600540399551392
17,1,3,19,81,81,1,0.850511312484741,1,1,1,1,0.73386549949646
17,1,3,20,81,81,1,0.717174291610718,1,1,1,1,0.600511312484741
17,1,3,21,9,9,0,0.983840942382812,1,1,1,1,0.467174291610718
17,1,3,22,-3,3,1,1.01718163490295,1,-1,1,1,0.733840942382812
17,1,3,23,0,0,1,0.751158475875854,-1,1,-1,1,0.767181634902954
17,1,3,24,9,9,0,0.667181968688965,1,1,1,-1,0.501158475875854
17,1,3,25,9,9,1,0.783844232559204,1,-1,1,1,0.417181968688965
17,1,3,26,0,0,1,0.617157936096191,1,1,-1,1,0.533844232559204
17,1,3,27,0,0,0,0.600547313690186,1,1,1,1,0.367157936096191
17,1,3,28,3,3,1,0.701171636581421,1,-1,1,1,0.350547313690186
17,1,3,29,3,3,0,0.834315776824951,1,1,-1,1,0.451171636581421
17,1,3,30,81,81,1,0.817649126052856,1,-1,1,1,0.584315776824951
17,1,3,31,-81,81,0,0.867189407348633,1,1,-1,1,0.567649126052856
17,1,3,32,-81,81,0,0.86780309677124,-1,-1,1,1,0.617189407348633
17,1,3,33,27,27,1,1.08383631706238,-1,-1,-1,-1,0.61780309677124
17,1,3,34,27,27,1,0.952357292175293,1,1,-1,-1,0.833836317062378
17,1,3,35,3,3,0,1.01719164848328,1,1,1,1,0.702357292175293
17,1,3,36,9,9,1,0.650995492935181,1,-1,1,1,0.767191648483276
17,1,3,37,81,81,1,0.950475454330444,1,1,-1,1,0.400995492935181
17,1,3,38,81,81,1,0.850961923599243,1,1,1,1,0.700475454330444
17,1,3,39,-27,27,0,0.73433518409729,1,1,1,1,0.600961923599243
17,1,3,40,-3,3,0,1.03434729576111,-1,-1,1,1,0.48433518409729
17,1,3,41,-3,3,0,0.95095419883728,-1,-1,-1,-1,0.784347295761108
17,1,3,42,-0,0,0,1.01827621459961,-1,-1,-1,-1,0.70095419883728
17,1,3,43,-0,0,0,0.468165159225464,-1,-1,-1,-1,0.768276214599609
17,1,3,44,-81,81,0,0.833930730819702,-1,-1,-1,-1,0.218165159225464
17,1,3,45,-81,81,0,0.900526523590088,-1,-1,-1,-1,0.583930730819702
17,1,3,46,-9,9,1,0.767176151275635,-1,-1,-1,-1,0.650526523590088
17,1,3,47,9,9,1,0.717941761016846,-1,1,-1,-1,0.517176151275635
17,1,3,48,81,81,1,0.785107612609863,1,1,1,-1,0.467941761016846
17,1,3,49,9,9,1,1.06716394424438,1,1,1,1,0.535107612609863
17,1,3,50,-9,9,0,0.833823204040527,1,1,1,1,0.817163944244385
17,1,3,51,-0,0,1,1.08383560180664,-1,-1,1,1,0.583823204040527
17,1,3,52,-3,3,0,1.36763787269592,-1,1,-1,-1,0.833835601806641
17,1,3,53,-81,81,0,0.817686557769775,-1,-1,1,-1,1.11763787269592
17,1,3,54,-27,27,0,0.750458240509033,-1,-1,-1,-1,0.567686557769775
17,1,3,55,-9,9,1,0.967178344726562,-1,-1,-1,-1,0.500458240509033
17,1,3,56,-9,9,0,0.717193126678467,-1,1,-1,-1,0.717178344726562
17,1,3,57,-9,9,0,0.93387246131897,-1,-1,1,-1,0.467193126678467
17,1,3,58,-27,27,0,0.933844566345215,-1,-1,-1,-1,0.68387246131897
17,1,3,59,-0,0,1,0.717208623886108,-1,-1,-1,-1,0.683844566345215
17,1,3,60,-0,0,0,0.883817195892334,-1,1,-1,-1,0.467208623886108
17,1,3,61,-27,27,0,0.784320592880249,-1,-1,1,-1,0.633817195892334
17,1,3,62,-81,81,0,1.10093545913696,-1,-1,-1,-1,0.534320592880249
17,1,3,63,27,27,1,0.76719331741333,-1,-1,-1,-1,0.850935459136963
17,1,3,64,3,3,0,0.783816337585449,1,1,-1,-1,0.51719331741333
17,1,3,65,3,3,1,0.784242630004883,1,-1,1,1,0.533816337585449
17,1,3,66,9,9,0,0.700520277023315,1,1,-1,1,0.534242630004883
17,1,3,67,27,27,1,0.633818864822388,1,-1,1,1,0.450520277023315
17,1,3,68,-0,0,0,0.683904647827148,1,1,-1,1,0.383818864822388
17,1,3,69,3,3,0,0.683848142623901,-1,-1,1,1,0.433904647827148
17,1,3,70,-0,0,0,0.784319400787354,1,-1,-1,-1,0.433848142623901
17,1,3,71,-3,3,0,1.1338574886322,-1,-1,-1,1,0.534319400787354
17,1,3,72,-9,9,0,0.901020050048828,-1,-1,-1,-1,0.883857488632202
17,1,3,73,-27,27,0,0.617178916931152,-1,-1,-1,-1,0.651020050048828
17,1,3,74,-27,27,0,0.767595291137695,-1,-1,-1,-1,0.367178916931152
17,1,3,75,-27,27,0,0.867138624191284,-1,-1,-1,-1,0.517595291137695
17,1,3,76,-9,9,0,0.950996398925781,-1,-1,-1,-1,0.617138624191284
17,1,3,77,-3,3,0,0.833861827850342,-1,-1,-1,-1,0.700996398925781
17,1,3,78,-81,81,0,1.01791524887085,-1,-1,-1,-1,0.583861827850342
17,1,3,79,-3,3,0,0.750523328781128,-1,-1,-1,-1,0.76791524887085
17,1,3,80,-3,3,0,1.31714129447937,-1,-1,-1,-1,0.500523328781128
17,1,3,81,-81,81,0,0.833915710449219,-1,-1,-1,-1,1.06714129447937
17,1,3,82,81,81,1,0.634355306625366,-1,-1,-1,-1,0.583915710449219
17,1,3,83,3,3,1,1.15095925331116,1,1,-1,-1,0.384355306625366
17,1,3,84,9,9,0,0.783892393112183,1,1,1,1,0.900959253311157
17,1,3,85,-3,3,1,1.46716380119324,1,-1,1,1,0.533892393112183
17,1,3,86,-27,27,0,0.967244148254395,-1,1,-1,1,1.21716380119324
17,1,3,87,3,3,0,1.3176634311676,-1,-1,1,-1,0.717244148254395
17,1,3,88,-81,81,0,0.935137510299683,1,-1,-1,-1,1.0676634311676
17,1,3,89,-3,3,0,0.883845329284668,-1,-1,-1,1,0.685137510299683
17,1,3,90,-9,9,0,0.783818483352661,-1,-1,-1,-1,0.633845329284668
17,1,3,91,-27,27,0,0.800485134124756,-1,-1,-1,-1,0.533818483352661
17,1,3,92,3,3,0,0.867169141769409,-1,-1,-1,-1,0.550485134124756
17,1,3,93,-9,9,0,1.06714606285095,1,-1,-1,-1,0.617169141769409
17,1,3,94,-81,81,0,0.718083620071411,-1,-1,-1,1,0.817146062850952
17,1,3,95,-81,81,0,1.0016303062439,-1,-1,-1,-1,0.468083620071411
17,1,3,96,-27,27,0,0.850987195968628,-1,-1,-1,-1,0.751630306243896
17,1,3,97,-27,27,0,0.934581279754639,-1,-1,-1,-1,0.600987195968628
17,1,3,98,-27,27,1,0.733949422836304,-1,-1,-1,-1,0.684581279754639
17,1,3,99,-9,9,0,0.750495433807373,-1,1,-1,-1,0.483949422836304
17,1,4,2,9,9,1,0.5838623046875,-1,-1,-1,-1,0.450752735137939
17,1,4,3,-9,9,0,0.550977230072021,1,1,-1,-1,0.3338623046875
17,1,4,4,27,27,1,0.651033163070679,-1,-1,1,1,0.300977230072021
17,1,4,5,81,81,1,0.817164182662964,1,1,-1,-1,0.401033163070679
17,1,4,6,-81,81,0,1.05049061775208,1,1,1,1,0.567164182662964
17,1,4,7,81,81,1,0.817130088806152,-1,-1,1,1,0.800490617752075
17,1,4,8,-27,27,0,0.934501171112061,1,1,-1,-1,0.567130088806152
17,1,4,9,-9,9,0,1.06767129898071,-1,-1,1,1,0.684501171112061
17,1,4,10,-9,9,0,1.08426332473755,-1,-1,-1,-1,0.817671298980713
17,1,4,11,-81,81,0,1.45055961608887,-1,-1,-1,-1,0.834263324737549
17,1,4,12,3,3,0,1.28381514549255,-1,-1,-1,-1,1.20055961608887
17,1,4,13,-27,27,0,0.700590372085571,1,-1,-1,-1,1.03381514549255
17,1,4,14,-3,3,1,0.667660236358643,-1,-1,-1,1,0.450590372085571
17,1,4,15,81,81,1,0.817649364471436,-1,1,-1,-1,0.417660236358643
17,1,4,16,-27,27,0,0.934302568435669,1,1,1,-1,0.567649364471436
17,1,4,17,-81,81,0,1.25094652175903,-1,-1,1,1,0.684302568435669
17,1,4,18,-3,3,0,1.43384408950806,-1,-1,-1,-1,1.00094652175903
17,1,4,19,3,3,0,0.983854293823242,-1,-1,-1,-1,1.18384408950806
17,1,4,20,-81,81,0,1.30095434188843,1,-1,-1,-1,0.733854293823242
17,1,4,21,-9,9,0,1.10048532485962,-1,-1,-1,1,1.05095434188843
17,1,4,22,0,0,1,0.733817100524902,-1,-1,-1,-1,0.850485324859619
17,1,4,23,81,81,1,0.834590435028076,1,1,-1,-1,0.483817100524902
17,1,4,24,-27,27,0,0.850488185882568,1,1,1,1,0.584590435028076
17,1,4,25,27,27,1,0.950530529022217,-1,-1,1,1,0.600488185882568
17,1,4,26,81,81,1,1.10052299499512,1,1,-1,-1,0.700530529022217
17,1,4,27,-0,0,1,0.700975179672241,1,1,1,1,0.850522994995117
17,1,4,28,-0,0,1,0.634268522262573,-1,1,1,1,0.450975179672241
17,1,4,29,81,81,1,0.784303426742554,-1,1,1,-1,0.384268522262573
17,1,4,30,-9,9,0,0.834317684173584,1,1,1,-1,0.534303426742554
17,1,4,31,-0,0,1,1.3671350479126,-1,-1,1,1,0.584317684173584
17,1,4,32,0,0,1,0.733846187591553,-1,1,-1,-1,1.1171350479126
17,1,4,33,-9,9,0,1.06759452819824,1,1,1,-1,0.483846187591553
17,1,4,34,27,27,0,1.15053248405457,-1,-1,1,1,0.817594528198242
17,1,4,35,-3,3,0,1.05207467079163,1,-1,-1,-1,0.900532484054565
17,1,4,39,27,27,1,0.867586135864258,1,1,-1,-1,0.667699813842773
17,1,4,40,0,0,0,0.733854293823242,1,1,1,1,0.617586135864258
17,1,4,41,-27,27,0,1.11719346046448,1,-1,1,1,0.483854293823242
17,1,4,42,-27,27,0,1.08383321762085,-1,-1,-1,1,0.867193460464478
17,1,4,43,-9,9,0,1.11712622642517,-1,-1,-1,-1,0.83383321762085
17,1,4,44,-3,3,0,1.20049834251404,-1,-1,-1,-1,0.867126226425171
17,1,4,45,27,27,0,0.717584133148193,-1,-1,-1,-1,0.950498342514038
17,1,4,46,-3,3,0,1.01717066764832,1,-1,-1,-1,0.467584133148193
17,1,4,47,3,3,1,0.767650604248047,-1,-1,-1,1,0.767170667648315
17,1,4,48,81,81,1,0.817229747772217,1,1,-1,-1,0.517650604248047
17,1,4,49,-9,9,0,0.867790699005127,1,1,1,1,0.567229747772217
17,1,4,50,-0,0,1,1.21716928482056,-1,-1,1,1,0.617790699005127
17,1,4,51,27,27,1,0.950560092926025,-1,1,-1,-1,0.967169284820557
17,1,4,52,27,27,1,0.733843803405762,1,1,1,-1,0.700560092926025
17,1,4,53,-81,81,0,0.83426833152771,1,1,1,1,0.483843803405762
17,1,4,54,-27,27,0,0.850493192672729,-1,-1,1,1,0.58426833152771
17,1,4,55,-27,27,0,0.951444387435913,-1,-1,-1,-1,0.600493192672729
17,1,4,56,-9,9,0,0.733880758285522,-1,-1,-1,-1,0.701444387435913
17,1,4,57,-9,9,0,0.950513362884521,-1,-1,-1,-1,0.483880758285522
17,1,4,58,9,9,0,0.900979518890381,-1,-1,-1,-1,0.700513362884521
17,1,4,59,-81,81,0,1.03383469581604,1,-1,-1,-1,0.650979518890381
17,1,4,60,-3,3,0,0.867208480834961,-1,-1,-1,1,0.78383469581604
17,1,4,61,27,27,1,1.00051045417786,-1,-1,-1,-1,0.617208480834961
17,1,4,62,-0,0,0,0.601884365081787,1,1,-1,-1,0.750510454177856
17,1,4,63,0,0,1,0.850517511367798,-1,-1,1,1,0.351884365081787
17,1,4,64,-0,0,0,0.783855438232422,1,1,-1,-1,0.600517511367798
17,1,4,65,9,9,0,1.05097508430481,-1,-1,1,1,0.533855438232422
17,1,4,66,-81,81,0,1.38464045524597,1,-1,-1,-1,0.80097508430481
17,1,4,67,-9,9,0,1.01762318611145,-1,-1,-1,1,1.13464045524597
17,1,4,68,27,27,1,0.817212343215942,-1,-1,-1,-1,0.76762318611145
17,1,4,69,27,27,1,0.667214393615723,1,1,-1,-1,0.567212343215942
17,1,4,70,-3,3,0,0.867167949676514,1,1,1,1,0.417214393615723
17,1,4,74,9,9,1,0.850477933883667,1,-1,-1,-1,1.08378434181213
17,1,4,75,-81,81,0,0.733821153640747,1,1,-1,1,0.600477933883667
17,1,4,76,3,3,0,0.717607975006104,-1,-1,1,1,0.483821153640747
17,1,4,77,81,81,1,0.833854198455811,1,-1,-1,-1,0.467607975006104
17,1,4,78,-81,81,0,0.617183685302734,1,1,-1,1,0.583854198455811
17,1,4,79,9,9,1,0.717663288116455,-1,-1,1,1,0.367183685302734
17,1,4,80,-27,27,0,0.835341453552246,1,1,-1,-1,0.467663288116455
17,1,4,81,-3,3,1,0.684251308441162,-1,-1,1,1,0.585341453552246
17,1,4,82,3,3,0,0.817212581634521,-1,1,-1,-1,0.434251308441162
17,1,4,83,-3,3,1,0.683812141418457,1,-1,1,-1,0.567212581634521
17,1,4,84,3,3,1,0.884240627288818,-1,1,-1,1,0.433812141418457
17,1,4,85,-3,3,0,0.78382420539856,1,1,1,-1,0.634240627288818
17,1,4,86,-81,81,0,0.984318256378174,-1,-1,1,1,0.53382420539856
17,1,4,87,-27,27,0,0.900518417358398,-1,-1,-1,-1,0.734318256378174
17,1,4,88,-3,3,0,0.93424654006958,-1,-1,-1,-1,0.650518417358398
17,1,4,89,81,81,1,0.834277153015137,-1,-1,-1,-1,0.68424654006958
17,1,4,90,-27,27,0,0.683840274810791,1,1,-1,-1,0.584277153015137
17,1,4,91,-3,3,0,0.750529289245605,-1,-1,1,1,0.433840274810791
17,1,4,92,3,3,1,0.884338617324829,-1,-1,-1,-1,0.500529289245605
17,1,4,93,-9,9,0,0.783860445022583,1,1,-1,-1,0.634338617324829
17,1,4,94,81,81,1,0.767633199691772,-1,-1,1,1,0.533860445022583
17,1,4,95,9,9,0,0.567222356796265,1,1,-1,-1,0.517633199691772
17,1,4,96,-9,9,1,0.917223215103149,1,-1,1,1,0.317222356796265
17,1,4,97,3,3,0,0.684290885925293,-1,1,-1,1,0.667223215103149
17,1,4,98,9,9,1,0.934334278106689,1,-1,1,-1,0.434290885925293
17,1,4,99,-9,9,0,0.884318828582764,1,1,-1,1,0.684334278106689
17,1,5,2,27,27,0,0.967648267745972,1,1,-1,-1,0.867374897003174
17,1,5,3,-3,3,1,0.751000642776489,1,-1,1,1,0.717648267745972
17,1,5,4,81,81,1,1.05091285705566,-1,1,-1,1,0.501000642776489
17,1,5,5,9,9,1,1.21717715263367,1,1,1,-1,0.800912857055664
17,1,5,6,27,27,1,1.08432388305664,1,1,1,1,0.967177152633667
17,1,5,7,9,9,0,1.08382821083069,1,1,1,1,0.834323883056641
17,1,5,8,9,9,1,1.23381400108337,1,-1,1,1,0.833828210830688
17,1,5,9,81,81,1,1.03385543823242,1,1,-1,1,0.983814001083374
17,1,5,10,-81,81,0,1.16719841957092,1,1,1,1,0.783855438232422
17,1,5,14,-3,3,0,0.950475215911865,-1,-1,1,1,0.433832168579102
17,1,5,15,9,9,0,0.650502443313599,-1,-1,-1,-1,0.700475215911865
17,1,5,16,-81,81,0,1.03429126739502,1,-1,-1,-1,0.400502443313599
17,1,5,17,-81,81,0,0.767175197601318,-1,-1,-1,1,0.78429126739502
17,1,5,18,-27,27,0,0.783813714981079,-1,-1,-1,-1,0.517175197601318
17,1,5,19,-0,0,1,0.783858299255371,-1,-1,-1,-1,0.533813714981079
17,1,5,20,-9,9,0,0.884268045425415,-1,1,-1,-1,0.533858299255371
17,1,5,21,81,81,1,0.783814191818237,-1,-1,1,-1,0.634268045425415
17,1,5,22,-3,3,0,0.783807992935181,1,1,-1,-1,0.533814191818237
17,1,5,23,9,9,1,0.85095739364624,-1,-1,1,1,0.533807992935181
17,1,5,24,0,0,0,0.73391056060791,1,1,-1,-1,0.60095739364624
17,1,5,25,-9,9,0,0.917583227157593,1,-1,1,1,0.48391056060791
17,1,5,26,-9,9,0,0.833814144134521,-1,-1,-1,1,0.667583227157593
17,1,5,27,-27,27,0,0.867690563201904,-1,-1,-1,-1,0.583814144134521
17,1,5,28,9,9,0,0.934323072433472,-1,-1,-1,-1,0.617690563201904
17,1,5,29,-81,81,0,0.750530481338501,1,-1,-1,-1,0.684323072433472
17,1,5,30,-27,27,0,1.13442373275757,-1,-1,-1,1,0.500530481338501
17,1,5,31,-0,0,0,0.933840751647949,-1,-1,-1,-1,0.884423732757568
17,1,5,32,-3,3,0,0.91721248626709,-1,-1,-1,-1,0.683840751647949
17,1,5,33,27,27,1,1.06784009933472,-1,-1,-1,-1,0.66721248626709
17,1,5,34,3,3,1,1.1838538646698,1,1,-1,-1,0.817840099334717
17,1,5,35,3,3,1,0.867173910140991,1,1,1,1,0.9338538646698
17,1,5,36,3,3,1,0.76716423034668,1,1,1,1,0.617173910140991
17,1,5,37,-3,3,1,0.867597341537476,1,1,1,1,0.51716423034668
17,1,5,38,-81,81,0,0.78426718711853,-1,1,1,1,0.617597341537476
17,1,5,39,-0,0,0,0.850518226623535,-1,-1,1,-1,0.53426718711853
17,1,5,40,-9,9,1,1.16757845878601,-1,-1,-1,-1,0.600518226623535
17,1,5,41,-27,27,0,0.617236375808716,-1,1,-1,-1,0.917578458786011
17,1,5,42,0,0,1,0.784293174743652,-1,-1,1,-1,0.367236375808716
17,1,5,43,-9,9,0,0.700977563858032,1,1,-1,-1,0.534293174743652
17,1,5,44,-3,3,1,0.650550365447998,-1,-1,1,1,0.450977563858032
17,1,5,45,9,9,1,0.834692239761353,-1,1,-1,-1,0.400550365447998
17,1,5,46,-9,9,0,0.550546169281006,1,1,1,-1,0.584692239761353
17,1,5,47,-3,3,0,1.4671905040741,-1,-1,1,1,0.300546169281006
17,1,5,48,-27,27,0,0.700511455535889,-1,-1,-1,-1,1.2171905040741
17,1,5,49,9,9,1,0.951720714569092,-1,-1,-1,-1,0.450511455535889
17,1,5,50,0,0,0,0.801234245300293,1,1,-1,-1,0.701720714569092
17,1,5,51,9,9,1,0.650545358657837,1,-1,1,1,0.551234245300293
17,1,5,52,-81,81,0,0.567798614501953,1,1,-1,1,0.400545358657837
17,1,5,53,-81,81,0,0.633846044540405,-1,-1,1,1,0.317798614501953
17,1,5,54,27,27,1,0.784345149993896,-1,-1,-1,-1,0.383846044540405
17,1,5,55,0,0,0,1.06763648986816,1,1,-1,-1,0.534345149993896
17,1,5,56,-81,81,0,1.13387036323547,1,-1,1,1,0.817636489868164
17,1,5,57,-9,9,0,0.933899402618408,-1,-1,-1,1,0.883870363235474
17,1,5,58,9,9,1,1.33378911018372,-1,-1,-1,-1,0.683899402618408
17,1,5,59,-9,9,0,0.317169189453125,1,1,-1,-1,1.08378911018372
17,1,5,60,81,81,1,1.35046672821045,-1,-1,1,1,0.067169189453125
17,1,5,61,81,81,1,0.8672194480896,1,1,-1,-1,1.10046672821045
17,1,5,62,-27,27,0,0.783828258514404,1,1,1,1,0.6172194480896
17,1,5,63,3,3,1,1.38383054733276,-1,-1,1,1,0.533828258514404
17,1,5,64,-3,3,1,0.950539350509644,1,1,-1,-1,1.13383054733276
17,1,5,65,27,27,1,0.950545787811279,-1,1,1,1,0.700539350509644
17,1,5,69,-3,3,1,0.667188405990601,-1,-1,1,1,0.750519514083862
17,1,5,70,-9,9,1,1.2671365737915,-1,1,-1,-1,0.417188405990601
17,1,5,71,-27,27,0,0.783830165863037,-1,1,1,-1,1.0171365737915
17,1,5,72,-27,27,0,0.767611503601074,-1,-1,1,-1,0.533830165863037
17,1,5,73,-81,81,0,0.68506932258606,-1,-1,-1,-1,0.517611503601074
17,1,5,74,0,0,0,1.1842737197876,-1,-1,-1,-1,0.43506932258606
17,1,5,75,0,0,0,0.81718921661377,1,-1,-1,-1,0.934273719787598
17,1,5,76,-81,81,0,0.750919342041016,1,-1,-1,1,0.56718921661377
17,1,5,77,-27,27,0,0.733884572982788,-1,-1,-1,1,0.500919342041016
17,1,5,78,81,81,1,0.833883047103882,-1,-1,-1,-1,0.483884572982788
17,1,5,82,-81,81,0,0.817190647125244,-1,-1,-1,-1,0.650539398193359
17,1,5,83,27,27,1,0.9676513671875,-1,-1,-1,-1,0.567190647125244
17,1,5,84,-27,27,0,0.717159748077393,1,1,-1,-1,0.7176513671875
17,1,5,85,-81,81,0,0.8505539894104,-1,-1,1,1,0.467159748077393
17,1,5,89,-27,27,0,0.667161226272583,-1,-1,1,1,0.351004123687744
17,1,5,90,9,9,0,0.767673254013062,-1,-1,-1,-1,0.417161226272583
17,1,5,91,3,3,1,0.800600528717041,1,-1,-1,-1,0.517673254013062
17,1,5,92,81,81,1,0.833828210830688,1,1,-1,1,0.550600528717041
17,1,5,93,-9,9,0,1.46766042709351,1,1,1,1,0.583828210830688
17,1,5,94,-81,81,0,0.833840370178223,-1,-1,1,1,1.21766042709351
17,1,5,95,-81,81,0,0.56860613822937,-1,-1,-1,-1,0.583840370178223
17,1,5,96,-27,27,0,0.717596530914307,-1,-1,-1,-1,0.31860613822937
17,1,5,97,-3,3,1,0.785085916519165,-1,-1,-1,-1,0.467596530914307
17,1,5,98,0,0,0,0.817204236984253,-1,1,-1,-1,0.535085916519165
17,1,5,99,-27,27,0,0.700556755065918,1,-1,1,-1,0.567204236984253
17,1,6,3,27,27,1,0.900961399078369,1,1,-1,-1,0.417145252227783
17,1,6,4,-9,9,0,0.800973176956177,1,1,1,1,0.650961399078369
17,1,6,5,81,81,1,0.667611122131348,-1,-1,1,1,0.550973176956177
17,1,6,6,-3,3,0,1.45089817047119,1,1,-1,-1,0.417611122131348
17,1,6,7,0,0,1,1.15212678909302,-1,-1,1,1,1.20089817047119
17,1,6,8,27,27,1,0.733819246292114,1,1,-1,-1,0.902126789093018
17,1,6,9,-27,27,0,0.617190361022949,1,1,1,1,0.483819246292114
17,1,6,10,9,9,0,1.10051488876343,-1,-1,1,1,0.367190361022949
17,1,6,11,-9,9,0,0.767649412155151,1,-1,-1,-1,0.850514888763428
17,1,6,12,27,27,0,0.850468158721924,-1,-1,-1,1,0.517649412155151
17,1,6,13,-81,81,0,1.00045371055603,1,-1,-1,-1,0.600468158721924
17,1,6,14,0,0,1,1.38425755500793,-1,-1,-1,1,0.75045371055603
17,1,6,15,-3,3,0,0.667205572128296,1,1,-1,-1,1.13425755500793
17,1,6,16,27,27,1,0.700586318969727,-1,-1,1,1,0.417205572128296
17,1,6,17,-27,27,0,0.750537633895874,1,1,-1,-1,0.450586318969727
17,1,6,18,9,9,1,1.36719036102295,-1,-1,1,1,0.500537633895874
17,1,6,19,-81,81,0,0.717211723327637,1,1,-1,-1,1.11719036102295
17,1,6,20,81,81,1,0.800519227981567,-1,-1,1,1,0.467211723327637
17,1,6,24,0,0,1,0.801411390304565,1,1,-1,1,0.35094165802002
17,1,6,25,3,3,0,0.601037502288818,1,1,1,1,0.551411390304565
17,1,6,26,-3,3,0,0.617617130279541,1,-1,1,1,0.351037502288818
17,1,6,27,9,9,1,0.650990962982178,-1,-1,-1,1,0.367617130279541
17,1,6,28,-0,0,0,0.60053825378418,1,1,-1,-1,0.400990962982178
17,1,6,29,9,9,1,0.71815824508667,-1,-1,1,1,0.35053825378418
17,1,6,30,9,9,1,1.36714053153992,1,1,-1,-1,0.46815824508667
17,1,6,31,-81,81,0,0.617768287658691,1,1,1,1,1.11714053153992
17,1,6,35,9,9,1,1.00183129310608,-1,-1,-1,1,0.600497245788574
17,1,6,36,-27,27,0,0.617184638977051,1,1,-1,-1,0.751831293106079
17,1,6,37,0,0,1,0.950474262237549,-1,-1,1,1,0.367184638977051
17,1,6,38,-81,81,0,0.667632579803467,1,1,-1,-1,0.700474262237549
17,1,6,39,9,9,0,1.0675961971283,-1,-1,1,1,0.417632579803467
17,1,6,40,-27,27,0,0.917195558547974,1,-1,-1,-1,0.817596197128296
17,1,6,41,3,3,1,1.46852231025696,-1,-1,-1,1,0.667195558547974
17,1,6,42,3,3,1,0.617172241210938,1,1,-1,-1,1.21852231025696
17,1,6,43,81,81,1,0.634336233139038,1,1,1,1,0.367172241210938
17,1,6,44,-3,3,1,0.734292030334473,1,1,1,1,0.384336233139038
17,1,6,45,-27,27,0,0.800476789474487,-1,1,1,1,0.484292030334473
17,1,6,46,81,81,1,0.58472466468811,-1,-1,1,-1,0.550476789474487
17,1,6,47,-9,9,0,0.635653734207153,1,1,-1,-1,0.33472466468811
17,1,6,48,-27,27,0,0.751804351806641,-1,-1,1,1,0.385653734207153
17,1,6,49,9,9,1,0.950991153717041,-1,-1,-1,-1,0.501804351806641
17,1,6,50,-0,0,0,0.650587558746338,1,1,-1,-1,0.700991153717041
17,1,6,55,-81,81,0,0.718258142471313,1,1,-1,-1,0.884327411651611
17,1,6,56,0,0,1,0.934238910675049,-1,-1,1,1,0.468258142471313
17,1,6,57,-3,3,0,0.700977325439453,1,1,-1,-1,0.684238910675049
17,1,6,58,3,3,1,0.650977373123169,-1,-1,1,1,0.450977325439453
17,1,6,59,-9,9,0,0.783886432647705,1,1,-1,-1,0.400977373123169
17,1,6,60,3,3,1,0.683847427368164,-1,-1,1,1,0.533886432647705
17,1,6,61,-3,3,0,0.817599534988403,1,1,-1,-1,0.433847427368164
17,1,6,66,3,3,0,0.383833169937134,-1,1,-1,1,0.400570392608643
17,1,6,67,27,27,1,1.2838408946991,1,-1,1,-1,0.133833169937134
17,1,6,68,-81,81,0,0.651384115219116,1,1,-1,1,1.0338408946991
17,1,6,69,27,27,1,0.968872308731079,-1,-1,1,1,0.401384115219116
17,1,6,70,9,9,0,0.833868980407715,1,1,-1,-1,0.718872308731079
17,1,6,71,81,81,1,0.583863496780396,1,-1,1,1,0.583868980407715
17,1,6,72,-81,81,0,0.76719331741333,1,1,-1,1,0.333863496780396
17,1,6,73,81,81,1,0.634253978729248,-1,-1,1,1,0.51719331741333
17,1,6,74,-81,81,0,0.717244148254395,1,1,-1,-1,0.384253978729248
17,1,6,75,81,81,1,0.650518417358398,-1,-1,1,1,0.467244148254395
17,1,6,76,-81,81,0,0.767698764801025,1,1,-1,-1,0.400518417358398
17,1,6,77,-3,3,1,0.833826065063477,-1,-1,1,1,0.517698764801025
17,1,6,78,81,81,1,0.68527626991272,-1,1,-1,-1,0.583826065063477
17,1,6,79,27,27,1,0.600533246994019,1,1,1,-1,0.43527626991272
17,1,6,80,-81,81,0,0.533859252929688,1,1,1,1,0.350533246994019
17,1,6,81,0,0,1,1.30112552642822,-1,-1,1,1,0.283859252929688
17,1,6,82,-27,27,0,0.867650985717773,1,1,-1,-1,1.05112552642822
17,1,6,83,81,81,1,0.467685461044312,-1,-1,1,1,0.617650985717773
17,1,6,84,-27,27,0,1.01719331741333,1,1,-1,-1,0.217685461044312
17,1,6,88,-27,27,0,0.584278106689453,1,1,-1,-1,0.317988157272339
17,1,6,89,27,27,1,0.633886098861694,-1,-1,1,1,0.334278106689453
17,1,6,90,-0,0,1,0.533860206604004,1,1,-1,-1,0.383886098861694
17,1,6,91,81,81,1,0.51717734336853,-1,1,1,1,0.283860206604004
17,1,6,92,-27,27,0,0.717180252075195,1,1,1,-1,0.26717734336853
17,1,6,93,3,3,1,0.567667245864868,-1,-1,1,1,0.467180252075195
17,1,6,94,-9,9,0,1.26714825630188,1,1,-1,-1,0.317667245864868
17,1,6,95,9,9,0,0.467254877090454,-1,-1,1,1,1.01714825630188
17,1,6,96,3,3,0,0.867191553115845,1,-1,-1,-1,0.217254877090454
17,1,6,97,-9,9,0,0.950973749160767,1,-1,-1,1,0.617191553115845
17,1,6,98,3,3,1,0.550592660903931,-1,-1,-1,1,0.700973749160767
17,2,1,2,-27,27,0,0.917150259017944,1,1,-1,-1,1.1840672492981
17,2,1,6,81,81,0,0.98381495475769,-1,1,-1,1,0.601097106933594
17,2,1,7,3,3,1,1.3677806854248,1,-1,1,-1,0.73381495475769
17,2,1,8,-3,3,1,0.833876609802246,1,1,-1,1,1.1177806854248
17,2,1,9,-81,81,0,0.734479904174805,-1,1,1,1,0.583876609802246
17,2,1,10,3,3,1,1.03387713432312,-1,-1,1,-1,0.484479904174805
17,2,1,11,-27,27,0,0.867194175720215,1,1,-1,-1,0.78387713432312
17,2,1,12,9,9,1,1.28443217277527,-1,-1,1,1,0.617194175720215
17,2,1,13,-81,81,0,0.850524425506592,1,1,-1,-1,1.03443217277527
17,2,1,14,-3,3,1,0.88426661491394,-1,-1,1,1,0.600524425506592
17,2,1,15,-3,3,1,0.868271589279175,-1,1,-1,-1,0.63426661491394
17,2,1,16,27,27,1,0.984459161758423,-1,1,1,-1,0.618271589279175
17,2,1,17,-27,27,0,0.684476852416992,1,1,1,-1,0.734459161758423
17,2,1,18,3,3,1,1.25052833557129,-1,-1,1,1,0.434476852416992
17,2,1,19,-81,81,0,0.784455537796021,1,1,-1,-1,1.00052833557129
17,2,1,20,27,27,1,0.783882141113281,-1,-1,1,1,0.534455537796021
17,2,1,25,-81,81,0,0.817687511444092,-1,1,1,1,0.917808294296265
17,2,1,26,27,27,1,1.10119247436523,-1,-1,1,-1,0.567687511444092
17,2,1,27,-3,3,1,0.81720757484436,1,1,-1,-1,0.851192474365234
17,2,1,28,3,3,0,1.45055723190308,-1,1,1,1,0.56720757484436
17,2,1,29,-9,9,1,1.48385953903198,1,-1,1,-1,1.20055723190308
17,2,1,30,9,9,0,1.05108237266541,-1,1,-1,1,1.23385953903198
17,2,1,31,9,9,0,1.43446922302246,1,-1,1,-1,0.801082372665405
17,2,1,32,-81,81,0,0.733876466751099,1,-1,-1,1,1.18446922302246
17,2,1,33,81,81,1,0.667895555496216,-1,-1,-1,1,0.483876466751099
17,2,1,34,-27,27,0,0.950537204742432,1,1,-1,-1,0.417895555496216
17,2,1,35,27,27,1,0.683818340301514,-1,-1,1,1,0.700537204742432
17,2,1,36,-27,27,0,0.817183017730713,1,1,-1,-1,0.433818340301514
17,2,1,37,81,81,1,0.900558710098267,-1,-1,1,1,0.567183017730713
17,2,1,38,-27,27,0,0.850999116897583,1,1,-1,-1,0.650558710098267
17,2,1,42,-27,27,0,0.834573268890381,-1,-1,1,1,0.000984668731689453
17,2,1,43,0,0,1,0.850531339645386,-1,-1,-1,-1,0.584573268890381
17,2,1,44,-81,81,0,0.883813142776489,1,1,-1,-1,0.600531339645386
17,2,1,48,27,27,1,0.785360097885132,-1,1,1,1,0.767173051834106
17,2,1,49,-27,27,0,0.933876037597656,1,1,1,-1,0.535360097885132
17,2,1,53,-27,27,0,0.867201089859009,1,1,-1,-1,0.534261703491211
17,2,1,54,9,9,1,0.917814254760742,-1,-1,1,1,0.617201089859009
17,2,1,55,-81,81,0,0.734489917755127,1,1,-1,-1,0.667814254760742
17,2,1,56,3,3,1,1.15166354179382,-1,-1,1,1,0.484489917755127
17,2,1,57,81,81,1,1.03381419181824,1,1,-1,-1,0.901663541793823
17,2,1,58,-9,9,0,1.40146446228027,1,1,1,1,0.783814191818237
17,2,1,59,0,0,1,1.33441257476807,-1,-1,1,1,1.15146446228027
17,2,1,60,-3,3,1,0.751080751419067,1,1,-1,-1,1.08441257476807
17,2,1,61,-3,3,1,0.93459415435791,-1,1,1,1,0.501080751419067
17,2,1,62,81,81,1,0.850503921508789,-1,1,1,-1,0.68459415435791
17,2,1,63,-0,0,1,1.06778359413147,1,1,1,-1,0.600503921508789
17,2,1,64,81,81,1,0.850525379180908,-1,1,1,1,0.81778359413147
17,2,1,65,-9,9,0,1.03384852409363,1,1,1,-1,0.600525379180908
17,2,1,66,81,81,1,0.717816591262817,-1,-1,1,1,0.783848524093628
17,2,1,67,81,81,1,1.05051875114441,1,1,-1,-1,0.467816591262817
17,2,1,68,81,81,1,1.13449025154114,1,1,1,1,0.800518751144409
17,2,1,69,-3,3,1,0.918024063110352,1,1,1,1,0.884490251541138
17,2,1,70,3,3,1,1.183842420578,-1,1,1,1,0.668024063110352
17,2,1,71,3,3,1,1.06720447540283,1,1,1,-1,0.933842420578003
17,2,1,72,-9,9,0,0.883822917938232,1,1,1,1,0.817204475402832
17,2,1,73,-27,27,0,0.86877965927124,-1,-1,1,1,0.633822917938232
17,2,1,74,9,9,1,0.833828926086426,-1,-1,-1,-1,0.61877965927124
17,2,1,75,-9,9,0,1.10099530220032,1,1,-1,-1,0.583828926086426
17,2,1,76,0,0,1,0.733867645263672,-1,-1,1,1,0.850995302200317
17,2,1,77,9,9,1,0.917200803756714,1,1,-1,-1,0.483867645263672
17,2,1,78,-27,27,0,1.0677797794342,1,1,1,1,0.667200803756714
17,2,1,79,-27,27,0,1.2171938419342,-1,-1,1,1,0.817779779434204
17,2,1,80,-27,27,1,0.851170539855957,-1,-1,-1,-1,0.967193841934204
17,2,1,81,9,9,1,0.717751026153564,-1,1,-1,-1,0.601170539855957
17,2,1,82,-81,81,0,1.06717777252197,1,1,1,-1,0.467751026153564
17,2,1,83,0,0,0,0.63443398475647,-1,-1,1,1,0.817177772521973
17,2,1,84,-3,3,0,0.933847665786743,1,-1,-1,-1,0.38443398475647
17,2,1,85,81,81,1,0.483825445175171,-1,-1,-1,1,0.683847665786743
17,2,1,86,-9,9,1,0.701168775558472,1,1,-1,-1,0.233825445175171
17,2,1,87,-81,81,0,0.850514650344849,-1,1,1,1,0.451168775558472
17,2,1,91,-3,3,1,0.784888505935669,1,-1,1,-1,0.733827829360962
17,2,1,92,27,27,1,0.950552701950073,-1,1,-1,1,0.534888505935669
17,2,1,93,-9,9,1,1.20050120353699,1,1,1,-1,0.700552701950073
17,2,1,94,81,81,1,0.950935840606689,-1,1,1,1,0.950501203536987
17,2,1,95,-9,9,0,1.13450288772583,1,1,1,-1,0.700935840606689
17,2,1,96,27,27,1,1.05064558982849,-1,-1,1,1,0.88450288772583
17,2,1,97,-27,27,0,0.983866930007935,1,1,-1,-1,0.800645589828491
17,2,1,98,9,9,1,1.28449535369873,-1,-1,1,1,0.733866930007935
17,2,1,99,-81,81,0,0.734499931335449,1,1,-1,-1,1.03449535369873
17,2,2,2,-3,3,1,0.718518495559692,1,-1,-1,-1,0.417489290237427
17,2,2,3,27,27,1,0.751094579696655,-1,1,-1,1,0.468518495559692
17,2,2,4,-9,9,1,1.20111536979675,1,1,1,-1,0.501094579696655
17,2,2,5,81,81,1,0.833853244781494,-1,1,1,1,0.951115369796753
17,2,2,6,9,9,1,0.95053243637085,1,1,1,-1,0.583853244781494
17,2,2,7,-3,3,1,0.818230390548706,1,1,1,1,0.70053243637085
17,2,2,8,-27,27,0,0.834272146224976,-1,1,1,1,0.568230390548706
17,2,2,9,27,27,1,0.950535297393799,-1,-1,1,-1,0.584272146224976
17,2,2,10,9,9,0,1.01718688011169,1,1,-1,-1,0.700535297393799
17,2,2,11,9,9,1,1.35053658485413,1,-1,1,1,0.767186880111694
17,2,2,12,0,0,1,0.934509515762329,1,1,-1,1,1.10053658485413
17,2,2,13,-9,9,1,1.40054154396057,1,1,1,1,0.684509515762329
17,2,2,14,-3,3,0,0.767188549041748,-1,1,1,1,1.15054154396057
17,2,2,15,9,9,1,0.734326362609863,-1,-1,1,-1,0.517188549041748
17,2,2,16,3,3,0,0.717227220535278,1,1,-1,-1,0.484326362609863
17,2,2,17,-81,81,0,1.26715993881226,1,-1,1,1,0.467227220535278
17,2,2,18,27,27,1,1.00048279762268,-1,-1,-1,1,1.01715993881226
17,2,2,19,9,9,1,0.783834457397461,1,1,-1,-1,0.750482797622681
17,2,2,20,-81,81,0,0.884495735168457,1,1,1,1,0.533834457397461
17,2,2,21,81,81,1,1.05092144012451,-1,-1,1,1,0.634495735168457
17,2,2,25,27,27,1,1.13385415077209,-1,-1,-1,-1,0.617641448974609
17,2,2,26,27,27,1,1.0672082901001,1,1,-1,-1,0.883854150772095
17,2,2,27,-27,27,0,0.701180458068848,1,1,1,1,0.817208290100098
17,2,2,28,0,0,1,0.833798408508301,-1,-1,1,1,0.451180458068848
17,2,2,29,3,3,1,1.28390192985535,1,1,-1,-1,0.583798408508301
17,2,2,30,27,27,1,1.28383803367615,1,1,1,1,1.03390192985535
17,2,2,31,-81,81,0,0.700962543487549,1,1,1,1,1.03383803367615
17,2,2,32,-27,27,0,1.08430075645447,-1,-1,1,1,0.450962543487549
17,2,2,33,-81,81,0,1.26717329025269,-1,-1,-1,-1,0.834300756454468
17,2,2,34,9,9,1,0.984440803527832,-1,-1,-1,-1,1.01717329025269
17,2,2,35,-0,0,0,1.20135831832886,1,1,-1,-1,0.734440803527832
17,2,2,36,3,3,1,0.767165660858154,-1,-1,1,1,0.951358318328857
17,2,2,37,0,0,1,0.867777109146118,1,1,-1,-1,0.517165660858154
17,2,2,38,-9,9,0,1.10112428665161,1,1,1,1,0.617777109146118
17,2,2,39,3,3,1,0.717212677001953,-1,-1,1,1,0.851124286651611
17,2,2,40,-3,3,1,1.4177143573761,1,1,-1,-1,0.467212677001953
17,2,2,41,0,0,1,1.20052647590637,-1,1,1,1,1.1677143573761
17,2,2,42,-0,0,0,0.983827352523804,1,1,1,-1,0.950526475906372
17,2,2,43,9,9,1,1.01712965965271,-1,-1,1,1,0.733827352523804
17,2,2,44,-27,27,0,1.00052690505981,1,1,-1,-1,0.76712965965271
17,2,2,45,81,81,1,1.36780166625977,-1,-1,1,1,0.750526905059814
17,2,2,46,-27,27,0,0.868213653564453,1,1,-1,-1,1.11780166625977
17,2,2,47,-9,9,1,1.15151143074036,-1,-1,1,1,0.618213653564453
17,2,2,48,9,9,1,1.23438549041748,-1,1,-1,-1,0.901511430740356
17,2,2,49,81,81,1,0.883837699890137,1,1,1,-1,0.98438549041748
17,2,2,50,-9,9,1,1.01722049713135,1,1,1,1,0.633837699890137
17,2,2,51,27,27,1,0.667866468429565,-1,1,1,1,0.767220497131348
17,2,2,52,-81,81,0,0.901796817779541,1,1,1,-1,0.417866468429565
17,2,2,53,9,9,1,1.10048389434814,-1,-1,1,1,0.651796817779541
17,2,2,54,3,3,1,1.41758918762207,1,1,-1,-1,0.850483894348145
17,2,2,55,81,81,1,1.00049209594727,1,1,1,1,1.16758918762207
17,2,2,56,0,0,0,1.23447394371033,1,1,1,1,0.750492095947266
17,2,2,57,3,3,1,0.767754077911377,1,-1,1,1,0.984473943710327
17,2,2,58,-9,9,1,0.817151784896851,1,1,-1,1,0.517754077911377
17,2,2,59,27,27,1,0.850513696670532,-1,1,1,1,0.567151784896851
17,2,2,60,3,3,1,1.05050230026245,1,1,1,-1,0.600513696670532
17,2,2,61,-81,81,0,1.05052018165588,1,1,1,1,0.800502300262451
17,2,2,65,3,3,0,1.1172194480896,-1,1,-1,-1,0.667203187942505
17,2,2,66,81,81,1,0.900549650192261,1,-1,1,-1,0.8672194480896
17,2,2,67,-0,0,1,0.784654378890991,1,1,-1,1,0.650549650192261
17,2,2,68,81,81,1,1.01721453666687,-1,1,1,1,0.534654378890991
17,2,2,72,-3,3,1,1.15052247047424,-1,1,1,1,0.500531673431396
17,2,2,73,-3,3,1,1.08425784111023,-1,1,1,-1,0.900522470474243
17,2,2,74,-3,3,0,1.28383302688599,-1,1,1,-1,0.834257841110229
17,2,2,75,27,27,1,0.701037406921387,-1,-1,1,-1,1.03383302688599
17,2,2,76,-3,3,0,1.46834659576416,1,1,-1,-1,0.451037406921387
17,2,2,77,9,9,1,0.917608976364136,-1,-1,1,1,1.21834659576416
17,2,2,78,81,81,1,0.93450140953064,1,1,-1,-1,0.667608976364136
17,2,2,79,27,27,1,0.917814493179321,1,1,1,1,0.68450140953064
17,2,2,80,0,0,0,1.41783142089844,1,1,1,1,0.667814493179321
17,2,2,81,27,27,1,1.30092859268188,1,-1,1,1,1.16783142089844
17,2,2,82,-3,3,1,0.717157363891602,1,1,-1,1,1.05092859268188
17,2,2,83,27,27,1,0.750959157943726,-1,1,1,1,0.467157363891602
17,2,2,84,-3,3,0,0.733866691589355,1,1,1,-1,0.500959157943726
17,2,2,85,27,27,1,0.7005295753479,-1,-1,1,1,0.483866691589355
17,2,2,86,-27,27,0,0.718308210372925,1,1,-1,-1,0.4505295753479
17,2,2,87,81,81,1,0.685553789138794,-1,-1,1,1,0.468308210372925
17,2,2,88,81,81,1,0.817236423492432,1,1,-1,-1,0.435553789138794
17,2,2,89,-9,9,0,0.650537490844727,1,1,1,1,0.567236423492432
17,2,2,90,9,9,0,0.933877229690552,-1,-1,1,1,0.400537490844727
17,2,2,91,0,0,1,0.801115751266479,1,-1,-1,-1,0.683877229690552
17,2,2,92,27,27,1,1.18389749526978,1,1,-1,1,0.551115751266479
17,2,2,93,-27,27,0,0.767228364944458,1,1,1,1,0.933897495269775
17,2,2,94,81,81,1,1.0344340801239,-1,-1,1,1,0.517228364944458
17,2,2,95,-81,81,0,0.383882522583008,1,1,-1,-1,0.784434080123901
17,2,2,99,-81,81,0,0.733869314193726,-1,-1,1,1,0.433849334716797
17,2,3,2,-3,3,0,0.817836284637451,-1,-1,1,1,0.667410850524902
17,2,3,3,-9,9,0,1.10119795799255,-1,-1,-1,-1,0.567836284637451
17,2,3,4,-81,81,0,1.03447604179382,-1,-1,-1,-1,0.851197957992554
17,2,3,5,-27,27,0,0.950898408889771,-1,-1,-1,-1,0.784476041793823
17,2,3,6,-9,9,0,1.01775097846985,-1,-1,-1,-1,0.700898408889771
17,2,3,7,0,0,1,0.784478664398193,-1,-1,-1,-1,0.767750978469849
17,2,3,8,3,3,1,0.834642171859741,1,1,-1,-1,0.534478664398193
17,2,3,9,3,3,1,1.01715445518494,1,1,1,1,0.584642171859741
17,2,3,10,9,9,1,1.15054416656494,1,1,1,1,0.767154455184937
17,2,3,11,3,3,1,0.967212200164795,1,1,1,1,0.900544166564941
17,2,3,12,9,9,0,0.967211008071899,1,1,1,1,0.717212200164795
17,2,3,13,27,27,1,0.933908462524414,1,-1,1,1,0.717211008071899
17,2,3,14,3,3,1,1.20056128501892,1,1,-1,1,0.683908462524414
17,2,3,15,9,9,1,0.884435892105103,1,1,1,1,0.950561285018921
17,2,3,16,27,27,1,1.18387627601624,1,1,1,1,0.634435892105103
17,2,3,17,-81,81,0,0.667250394821167,1,1,1,1,0.933876276016235
17,2,3,18,-0,0,1,1.01812815666199,-1,-1,1,1,0.417250394821167
17,2,3,19,9,9,0,0.7505042552948,-1,1,-1,-1,0.768128156661987
17,2,3,20,3,3,1,0.933885097503662,1,-1,1,-1,0.5005042552948
17,2,3,21,9,9,1,0.701163530349731,1,1,-1,1,0.683885097503662
17,2,3,22,-0,0,0,0.733857393264771,1,1,1,1,0.451163530349731
17,2,3,23,-9,9,0,1.1511447429657,-1,-1,1,1,0.483857393264771
17,2,3,24,-27,27,0,0.867197036743164,-1,-1,-1,-1,0.901144742965698
17,2,3,25,-9,9,1,1.10052514076233,-1,-1,-1,-1,0.617197036743164
17,2,3,26,-81,81,0,0.884555339813232,-1,1,-1,-1,0.850525140762329
17,2,3,27,-3,3,1,0.800945281982422,-1,-1,1,-1,0.634555339813232
17,2,3,28,3,3,1,0.817836046218872,-1,1,-1,-1,0.550945281982422
17,2,3,29,27,27,1,1.28385353088379,1,1,1,-1,0.567836046218872
17,2,3,30,81,81,1,0.817173004150391,1,1,1,1,1.03385353088379
17,2,3,31,27,27,1,0.66722846031189,1,1,1,1,0.567173004150391
17,2,3,32,81,81,1,0.833853483200073,1,1,1,1,0.41722846031189
17,2,3,33,81,81,1,0.950512647628784,1,1,1,1,0.583853483200073
17,2,3,34,3,3,1,1.01719737052917,1,1,1,1,0.700512647628784
17,2,3,35,27,27,1,0.851125717163086,1,1,1,1,0.767197370529175
17,2,3,36,81,81,1,0.634465932846069,1,1,1,1,0.601125717163086
17,2,3,37,81,81,1,0.967830657958984,1,1,1,1,0.384465932846069
17,2,3,38,3,3,1,1.00048637390137,1,1,1,1,0.717830657958984
17,2,3,39,27,27,1,0.900527238845825,1,1,1,1,0.750486373901367
17,2,3,40,9,9,1,1.25098848342896,1,1,1,1,0.650527238845825
17,2,3,41,0,0,0,0.800598859786987,1,1,1,1,1.00098848342896
17,2,3,42,0,0,1,0.734495639801025,1,-1,1,1,0.550598859786987
17,2,3,43,81,81,1,1.25055146217346,1,1,-1,1,0.484495639801025
17,2,3,44,9,9,1,1.4010956287384,1,1,1,1,1.00055146217346
17,2,3,45,27,27,1,1.00119376182556,1,1,1,1,1.1510956287384
17,2,3,46,3,3,1,1.30056619644165,1,1,1,1,0.751193761825562
17,2,3,47,27,27,1,0.933883666992188,1,1,1,1,1.05056619644165
17,2,3,48,81,81,1,0.983927011489868,1,1,1,1,0.683883666992188
17,2,3,49,9,9,1,0.983839750289917,1,1,1,1,0.733927011489868
17,2,3,50,81,81,1,1.16716742515564,1,1,1,1,0.733839750289917
17,2,3,51,-81,81,0,0.834517240524292,1,1,1,1,0.91716742515564
17,2,3,52,-3,3,0,1.15047407150269,-1,-1,1,1,0.584517240524292
17,2,3,53,-27,27,0,1.33446216583252,-1,-1,-1,-1,0.900474071502686
17,2,3,54,-3,3,1,0.867160320281982,-1,-1,-1,-1,1.08446216583252
17,2,3,55,-9,9,0,0.934470415115356,-1,1,-1,-1,0.617160320281982
17,2,3,56,-3,3,0,1.06721305847168,-1,-1,1,-1,0.684470415115356
17,2,3,57,-9,9,0,1.01776170730591,-1,-1,-1,-1,0.81721305847168
17,2,3,58,-3,3,0,1.03382897377014,-1,-1,-1,-1,0.767761707305908
17,2,3,59,-81,81,0,1.13442063331604,-1,-1,-1,-1,0.783828973770142
17,2,3,60,-81,81,0,0.7683424949646,-1,-1,-1,-1,0.88442063331604
17,2,3,64,-27,27,0,0.667209625244141,-1,-1,1,-1,0.418400526046753
17,2,3,65,-81,81,0,0.833885669708252,-1,-1,-1,-1,0.417209625244141
17,2,3,66,-3,3,1,0.734622240066528,-1,-1,-1,-1,0.583885669708252
17,2,3,67,-81,81,0,1.00047397613525,-1,1,-1,-1,0.484622240066528
17,2,3,68,-27,27,0,1.10050940513611,-1,-1,1,-1,0.750473976135254
17,2,3,69,27,27,1,1.06781101226807,-1,-1,-1,-1,0.850509405136108
17,2,3,73,0,0,1,1.11781573295593,1,-1,1,-1,0.450508832931519
17,2,3,74,3,3,1,1.28393363952637,1,1,-1,1,0.867815732955933
17,2,3,75,27,27,1,1.01715159416199,1,1,1,1,1.03393363952637
17,2,3,76,27,27,1,0.93389105796814,1,1,1,1,0.767151594161987
17,2,3,77,9,9,1,1.3845043182373,1,1,1,1,0.68389105796814
17,2,3,78,81,81,1,1.11719942092896,1,1,1,1,1.1345043182373
17,2,3,79,27,27,1,0.867757797241211,1,1,1,1,0.867199420928955
17,2,3,80,81,81,1,0.834527969360352,1,1,1,1,0.617757797241211
17,2,3,84,-9,9,0,1.20052623748779,-1,-1,1,1,0.517205476760864
17,2,3,85,-3,3,0,0.834457635879517,-1,-1,-1,-1,0.950526237487793
17,2,3,86,-27,27,0,0.917834043502808,-1,-1,-1,-1,0.584457635879517
17,2,3,87,-81,81,0,0.867766380310059,-1,-1,-1,-1,0.667834043502808
17,2,3,88,-27,27,0,0.733857154846191,-1,-1,-1,-1,0.617766380310059
17,2,3,89,-81,81,0,0.850522518157959,-1,-1,-1,-1,0.483857154846191
17,2,3,90,-9,9,0,1.06793141365051,-1,-1,-1,-1,0.600522518157959
17,2,3,91,-0,0,1,0.85053563117981,-1,-1,-1,-1,0.817931413650513
17,2,3,92,-81,81,0,0.900940656661987,-1,1,-1,-1,0.60053563117981
17,2,3,96,9,9,0,0.98455548286438,-1,1,-1,-1,0.667211771011353
17,2,3,97,0,0,1,0.901092529296875,1,-1,1,-1,0.73455548286438
17,2,3,98,27,27,0,0.900503396987915,1,1,-1,1,0.651092529296875
17,2,3,99,3,3,1,1.18385863304138,1,-1,1,1,0.650503396987915
17,2,4,2,-27,27,0,0.28424859046936,-1,1,-1,-1,0.900755882263184
17,2,4,3,-3,3,1,0.817210674285889,-1,-1,1,-1,0.0342485904693604
17,2,4,4,3,3,1,1.1171989440918,-1,1,-1,-1,0.567210674285889
17,2,4,5,-27,27,0,0.567204236984253,1,1,1,-1,0.867198944091797
17,2,4,6,9,9,1,0.551184177398682,-1,-1,1,1,0.317204236984253
17,2,4,7,-9,9,0,0.900555849075317,1,1,-1,-1,0.301184177398682
17,2,4,8,-9,9,0,0.8344566822052,-1,-1,1,1,0.650555849075317
17,2,4,9,0,0,1,0.817156314849854,-1,-1,-1,-1,0.5844566822052
17,2,4,10,-27,27,0,0.634615182876587,1,1,-1,-1,0.567156314849854
17,2,4,11,-3,3,0,0.851342439651489,-1,-1,1,1,0.384615182876587
17,2,4,12,-3,3,0,0.950505256652832,-1,-1,-1,-1,0.601342439651489
17,2,4,13,81,81,1,0.650528192520142,-1,-1,-1,-1,0.700505256652832
17,2,4,14,-81,81,0,1.01817488670349,1,1,-1,-1,0.400528192520142
17,2,4,15,81,81,1,0.634259700775146,-1,-1,1,1,0.768174886703491
17,2,4,16,9,9,1,1.18386912345886,1,1,-1,-1,0.384259700775146
17,2,4,17,-81,81,0,1.20052337646484,1,1,1,1,0.933869123458862
17,2,4,18,27,27,1,0.617188692092896,-1,-1,1,1,0.950523376464844
17,2,4,19,-27,27,0,0.61723256111145,1,1,-1,-1,0.367188692092896
17,2,4,20,27,27,1,0.700996398925781,-1,-1,1,1,0.36723256111145
17,2,4,21,-81,81,0,1.16720747947693,1,1,-1,-1,0.450996398925781
17,2,4,22,0,0,1,0.800512313842773,-1,-1,1,1,0.917207479476929
17,2,4,23,-9,9,0,1.11721134185791,1,1,-1,-1,0.550512313842773
17,2,4,24,81,81,1,0.950532913208008,-1,-1,1,1,0.86721134185791
17,2,4,25,81,81,1,0.733826875686646,1,1,-1,-1,0.700532913208008
17,2,4,26,-9,9,0,0.917214632034302,1,1,1,1,0.483826875686646
17,2,4,27,81,81,1,0.783814191818237,-1,-1,1,1,0.667214632034302
17,2,4,28,-81,81,0,0.733847141265869,1,1,-1,-1,0.533814191818237
17,2,4,29,81,81,1,0.81717324256897,-1,-1,1,1,0.483847141265869
17,2,4,30,-81,81,0,0.635154485702515,1,1,-1,-1,0.56717324256897
17,2,4,31,81,81,1,0.467212438583374,-1,-1,1,1,0.385154485702515
17,2,4,32,-27,27,0,0.767834424972534,1,1,-1,-1,0.217212438583374
17,2,4,33,-27,27,0,0.733848571777344,-1,-1,1,1,0.517834424972534
17,2,4,34,9,9,1,0.66720986366272,-1,-1,-1,-1,0.483848571777344
17,2,4,35,-27,27,0,0.700940370559692,1,1,-1,-1,0.41720986366272
17,2,4,36,3,3,1,0.700549840927124,-1,-1,1,1,0.450940370559692
17,2,4,37,-0,0,1,0.900500059127808,1,1,-1,-1,0.450549840927124
17,2,4,38,27,27,1,0.783840656280518,-1,1,1,1,0.650500059127808
17,2,4,39,-0,0,1,0.850487947463989,1,1,1,-1,0.533840656280518
17,2,4,40,3,3,0,0.801120519638062,-1,1,1,1,0.600487947463989
17,2,4,41,-0,0,1,0.717879295349121,1,-1,1,-1,0.551120519638062
17,2,4,42,0,0,1,0.717824220657349,-1,1,-1,1,0.467879295349121
17,2,4,43,-9,9,1,0.967834234237671,1,1,1,-1,0.467824220657349
17,2,4,44,3,3,0,0.817155599594116,-1,1,1,1,0.717834234237671
17,2,4,45,9,9,1,0.833799600601196,1,-1,1,-1,0.567155599594116
17,2,4,46,-81,81,0,0.667219400405884,1,1,-1,1,0.583799600601196
17,2,4,47,81,81,1,0.751217603683472,-1,-1,1,1,0.417219400405884
17,2,4,48,-27,27,0,0.867223262786865,1,1,-1,-1,0.501217603683472
17,2,4,49,3,3,1,0.90056300163269,-1,-1,1,1,0.617223262786865
17,2,4,50,-0,0,1,0.700491666793823,1,1,-1,-1,0.65056300163269
17,2,4,51,-9,9,1,0.917747497558594,-1,1,1,1,0.450491666793823
17,2,4,52,9,9,0,0.533881425857544,-1,1,1,-1,0.667747497558594
17,2,4,53,-81,81,0,0.700552701950073,1,-1,1,-1,0.283881425857544
17,2,4,54,-9,9,1,0.634304523468018,-1,-1,-1,1,0.450552701950073
17,2,4,55,-27,27,0,0.700495481491089,-1,1,-1,-1,0.384304523468018
17,2,4,56,0,0,1,0.634476661682129,-1,-1,1,-1,0.450495481491089
17,2,4,57,-9,9,1,0.90049409866333,1,1,-1,-1,0.384476661682129
17,2,4,58,0,0,1,0.617190361022949,-1,1,1,1,0.65049409866333
17,2,4,59,-0,0,0,0.700530052185059,1,1,1,-1,0.367190361022949
17,2,4,60,9,9,0,0.684728622436523,-1,-1,1,1,0.450530052185059
17,2,4,61,-3,3,1,0.700578451156616,1,-1,-1,-1,0.434728622436523
17,2,4,62,3,3,1,1.05049157142639,-1,1,-1,1,0.450578451156616
17,2,4,63,-9,9,1,1.26776933670044,1,1,1,-1,0.800491571426392
17,2,4,64,3,3,0,0.584452867507935,-1,1,1,1,1.01776933670044
17,2,4,65,-81,81,0,0.80052661895752,1,-1,1,-1,0.334452867507935
17,2,4,66,9,9,1,1.26798272132874,-1,-1,-1,1,0.55052661895752
17,2,4,67,-27,27,0,0.800534725189209,1,1,-1,-1,1.01798272132874
17,2,4,68,3,3,1,1.00059628486633,-1,-1,1,1,0.550534725189209
17,2,4,69,3,3,1,1.20055365562439,1,1,-1,-1,0.750596284866333
17,2,4,70,-81,81,0,0.683877229690552,1,1,1,1,0.95055365562439
17,2,4,71,27,27,1,1.06776785850525,-1,-1,1,1,0.433877229690552
17,2,4,72,-3,3,0,0.867170572280884,1,1,-1,-1,0.817767858505249
17,2,4,73,9,9,1,0.783874988555908,-1,-1,1,1,0.617170572280884
17,2,4,74,-27,27,0,0.71722936630249,1,1,-1,-1,0.533874988555908
17,2,4,75,-9,9,1,0.550589323043823,-1,-1,1,1,0.46722936630249
17,2,4,76,3,3,0,0.683832406997681,-1,1,-1,-1,0.300589323043823
17,2,4,77,-27,27,0,0.783942699432373,1,-1,1,-1,0.433832406997681
17,2,4,78,27,27,1,1.08384847640991,-1,-1,-1,1,0.533942699432373
17,2,4,82,9,9,1,0.983857154846191,-1,-1,1,1,0.400983572006226
17,2,4,83,-81,81,0,0.734463453292847,1,1,-1,-1,0.733857154846191
17,2,4,84,-3,3,0,0.883796215057373,-1,-1,1,1,0.484463453292847
17,2,4,85,81,81,1,0.534461975097656,-1,-1,-1,-1,0.633796215057373
17,2,4,86,3,3,1,0.600527048110962,1,1,-1,-1,0.284461975097656
17,2,4,87,-27,27,0,0.301183462142944,1,1,1,1,0.350527048110962
17,2,4,88,-27,27,0,0.467218637466431,-1,-1,1,1,0.0511834621429443
17,2,4,89,81,81,1,0.801137447357178,-1,-1,-1,-1,0.217218637466431
17,2,4,90,3,3,1,0.983825206756592,1,1,-1,-1,0.551137447357178
17,2,4,91,-9,9,1,0.833876848220825,1,1,1,1,0.733825206756592
17,2,4,92,27,27,1,0.650491237640381,-1,1,1,1,0.583876848220825
17,2,4,93,-27,27,0,0.567689418792725,1,1,1,-1,0.400491237640381
17,2,4,94,3,3,1,1.11715245246887,-1,-1,1,1,0.317689418792725
17,2,4,95,-3,3,0,0.533841133117676,1,1,-1,-1,0.867152452468872
17,2,4,96,-3,3,0,0.617179870605469,-1,-1,1,1,0.283841133117676
17,2,4,97,9,9,1,0.567773580551147,-1,-1,-1,-1,0.367179870605469
17,2,4,98,-9,9,0,0.767168283462524,1,1,-1,-1,0.317773580551147
17,2,4,99,-27,27,0,0.967174291610718,-1,-1,1,1,0.517168283462524
17,2,5,2,-81,81,0,0.700567960739136,1,1,1,-1,0.401372194290161
17,2,5,3,-81,81,0,0.700597763061523,-1,-1,1,1,0.450567960739136
17,2,5,4,9,9,0,0.950586318969727,-1,-1,-1,-1,0.450597763061523
17,2,5,5,-9,9,0,0.700568914413452,1,-1,-1,-1,0.700586318969727
17,2,5,6,3,3,1,0.650493860244751,-1,-1,-1,1,0.450568914413452
17,2,5,7,81,81,1,0.7505202293396,1,1,-1,-1,0.400493860244751
17,2,5,8,27,27,1,0.56715989112854,1,1,1,1,0.5005202293396
17,2,5,9,9,9,1,0.751160144805908,1,1,1,1,0.31715989112854
17,2,5,10,81,81,1,0.767205476760864,1,1,1,1,0.501160144805908
17,2,5,11,27,27,1,0.78382420539856,1,1,1,1,0.517205476760864
17,2,5,12,27,27,1,0.66716194152832,1,1,1,1,0.53382420539856
17,2,5,13,0,0,0,0.500538349151611,1,1,1,1,0.41716194152832
17,2,5,14,9,9,1,0.983812093734741,1,-1,1,1,0.250538349151611
17,2,5,15,0,0,0,0.51868462562561,1,1,-1,1,0.733812093734741
17,2,5,16,3,3,1,0.567262411117554,1,-1,1,1,0.26868462562561
17,2,5,17,0,0,0,0.667249917984009,1,1,-1,1,0.317262411117554
17,2,5,18,0,0,0,0.817795515060425,1,-1,1,1,0.417249917984009
17,2,5,19,27,27,1,0.634911775588989,1,-1,-1,1,0.567795515060425
17,2,5,20,-3,3,0,0.468077182769775,1,1,-1,1,0.384911775588989
17,2,5,21,-9,9,0,1.00108861923218,-1,-1,1,1,0.218077182769775
17,2,5,22,-3,3,1,0.633834362030029,-1,-1,-1,-1,0.751088619232178
17,2,5,23,27,27,1,0.7005455493927,-1,1,-1,-1,0.383834362030029
17,2,5,24,-27,27,0,0.800501108169556,1,1,1,-1,0.4505455493927
17,2,5,25,-81,81,0,0.633817672729492,-1,-1,1,1,0.550501108169556
17,2,5,26,-3,3,0,0.801188945770264,-1,-1,-1,-1,0.383817672729492
17,2,5,27,-27,27,0,0.700540781021118,-1,-1,-1,-1,0.551188945770264
17,2,5,28,-27,27,0,1.05054545402527,-1,-1,-1,-1,0.450540781021118
17,2,5,29,27,27,1,0.451081514358521,-1,-1,-1,-1,0.800545454025269
17,2,5,30,81,81,1,0.567912340164185,1,1,-1,-1,0.201081514358521
17,2,5,31,3,3,1,0.783837556838989,1,1,1,1,0.317912340164185
17,2,5,32,-9,9,1,0.9505455493927,1,1,1,1,0.533837556838989
17,2,5,33,-9,9,0,0.783872365951538,-1,1,1,1,0.7005455493927
17,2,5,34,81,81,1,0.517632961273193,-1,-1,1,-1,0.533872365951538
17,2,5,35,27,27,1,0.617154598236084,1,1,-1,-1,0.267632961273193
17,2,5,36,3,3,0,0.601109504699707,1,1,1,1,0.367154598236084
17,2,5,37,27,27,1,0.533856868743896,1,-1,1,1,0.351109504699707
17,2,5,38,3,3,0,0.650496006011963,1,1,-1,1,0.283856868743896
17,2,5,39,0,0,1,0.833850622177124,1,-1,1,1,0.400496006011963
17,2,5,40,3,3,0,0.751538276672363,1,1,-1,1,0.583850622177124
17,2,5,41,-9,9,0,0.850963592529297,1,-1,1,1,0.501538276672363
17,2,5,42,-3,3,0,1.01715970039368,-1,-1,-1,1,0.600963592529297
17,2,5,43,-9,9,0,0.767788648605347,-1,-1,-1,-1,0.767159700393677
17,2,5,44,-3,3,1,0.701149940490723,-1,-1,-1,-1,0.517788648605347
17,2,5,45,-27,27,0,0.450573444366455,-1,1,-1,-1,0.451149940490723
17,2,5,46,-9,9,1,0.734580039978027,-1,-1,1,-1,0.200573444366455
17,2,5,47,-3,3,0,0.95097541809082,-1,1,-1,-1,0.484580039978027
17,2,5,48,-9,9,0,1.13431930541992,-1,-1,1,-1,0.70097541809082
17,2,5,49,-81,81,0,0.783847570419312,-1,-1,-1,-1,0.884319305419922
17,2,5,50,-9,9,0,0.867756605148315,-1,-1,-1,-1,0.533847570419312
17,2,5,51,-3,3,1,0.651441335678101,-1,-1,-1,-1,0.617756605148315
17,2,5,52,-81,81,0,0.767815828323364,-1,1,-1,-1,0.401441335678101
17,2,5,53,-27,27,0,0.767871856689453,-1,-1,1,-1,0.517815828323364
17,2,5,54,-81,81,0,0.717227458953857,-1,-1,-1,-1,0.517871856689453
17,2,5,55,-27,27,0,0.751432418823242,-1,-1,-1,-1,0.467227458953857
17,2,5,56,3,3,1,1.03457498550415,-1,-1,-1,-1,0.501432418823242
17,2,5,57,-81,81,0,0.300518035888672,1,1,-1,-1,0.78457498550415
17,2,5,58,-9,9,1,0.433861255645752,-1,-1,1,1,0.0505180358886719
17,2,5,59,27,27,1,0.650538682937622,-1,1,-1,-1,0.183861255645752
17,2,5,60,81,81,1,0.584799528121948,1,1,1,-1,0.400538682937622
17,2,5,61,-3,3,0,1.00056123733521,1,1,1,1,0.334799528121948
17,2,5,62,-9,9,1,0.617831230163574,-1,-1,1,1,0.750561237335205
17,2,5,63,-81,81,0,0.333859443664551,-1,1,-1,-1,0.367831230163574
17,2,5,64,-9,9,1,0.767822980880737,-1,-1,1,-1,0.0838594436645508
17,2,5,65,3,3,1,0.533883810043335,-1,1,-1,-1,0.517822980880737
17,2,5,66,-3,3,0,0.651122093200684,1,1,1,-1,0.283883810043335
17,2,5,67,3,3,1,0.617244243621826,-1,-1,1,1,0.401122093200684
17,2,5,68,0,0,1,0.783860445022583,1,1,-1,-1,0.367244243621826
17,2,5,69,-3,3,0,0.500500202178955,1,1,1,1,0.533860445022583
17,2,5,70,-81,81,0,0.900506496429443,-1,-1,1,1,0.250500202178955
17,2,5,71,-27,27,0,0.734261989593506,-1,-1,-1,-1,0.650506496429443
17,2,5,72,-0,0,1,0.667845726013184,-1,-1,-1,-1,0.484261989593506
17,2,5,73,-0,0,1,0.783854961395264,-1,1,-1,-1,0.417845726013184
17,2,5,74,-81,81,0,0.633864641189575,-1,1,1,-1,0.533854961395264
17,2,5,75,-9,9,0,0.983808279037476,-1,-1,1,-1,0.383864641189575
17,2,5,76,-3,3,0,0.851191282272339,-1,-1,-1,-1,0.733808279037476
17,2,5,77,-81,81,0,0.584607839584351,-1,-1,-1,-1,0.601191282272339
17,2,5,86,27,27,1,0.667187929153442,1,1,1,1,0.417979955673218
17,2,5,87,0,0,1,0.634574413299561,1,1,1,1,0.417187929153442
17,2,5,88,81,81,1,0.667973279953003,1,1,1,1,0.384574413299561
17,2,5,89,9,9,1,0.784333229064941,1,1,1,1,0.417973279953003
17,2,5,90,81,81,1,0.867221593856812,1,1,1,1,0.534333229064941
17,2,5,91,-9,9,1,0.733890533447266,1,1,1,1,0.617221593856812
17,2,5,92,-9,9,1,1.01776456832886,-1,1,1,1,0.483890533447266
17,2,5,93,3,3,0,1.28449320793152,-1,1,1,-1,0.767764568328857
17,2,5,94,27,27,1,0.917861938476562,1,-1,1,-1,1.03449320793152
17,2,5,95,9,9,1,0.751025915145874,1,1,-1,1,0.667861938476562
17,2,5,96,81,81,1,0.750528573989868,1,1,1,1,0.501025915145874
17,2,5,97,9,9,1,0.967228889465332,1,1,1,1,0.500528573989868
17,2,5,98,-0,0,0,0.683809995651245,1,1,1,1,0.717228889465332
17,2,5,99,-3,3,1,0.834271192550659,-1,-1,1,1,0.433809995651245
17,2,6,4,81,81,1,0.767740249633789,1,1,1,1,0.501136302947998
17,2,6,5,9,9,1,0.83441686630249,1,1,1,1,0.517740249633789
17,2,6,6,-9,9,0,0.550565242767334,1,1,1,1,0.58441686630249
17,2,6,7,81,81,1,0.767826557159424,-1,-1,1,1,0.300565242767334
17,2,6,8,-27,27,0,0.984540224075317,1,1,-1,-1,0.517826557159424
17,2,6,9,-27,27,0,0.801153898239136,-1,-1,1,1,0.734540224075317
17,2,6,10,27,27,1,0.76723313331604,-1,-1,-1,-1,0.551153898239136
17,2,6,11,3,3,0,0.634491205215454,1,1,-1,-1,0.51723313331604
17,2,6,15,-9,9,0,0.867208480834961,1,1,-1,-1,0.4505295753479
17,2,6,16,-81,81,0,0.900571346282959,-1,-1,1,1,0.617208480834961
17,2,6,17,0,0,0,1.31717658042908,-1,-1,-1,-1,0.650571346282959
17,2,6,18,27,27,1,0.534497261047363,1,-1,-1,-1,1.06717658042908
17,2,6,19,0,0,1,0.751182556152344,1,1,-1,1,0.284497261047363
17,2,6,20,-81,81,0,0.667739868164062,1,1,1,1,0.501182556152344
17,2,6,21,-81,81,0,0.700501203536987,-1,-1,1,1,0.417739868164062
17,2,6,22,3,3,1,0.850548028945923,-1,-1,-1,-1,0.450501203536987
17,2,6,23,0,0,1,0.667154312133789,1,1,-1,-1,0.600548028945923
17,2,6,24,-3,3,0,0.867186069488525,1,1,1,1,0.417154312133789
17,2,6,25,3,3,1,0.718190670013428,-1,-1,1,1,0.617186069488525
17,2,6,26,-9,9,0,0.900538444519043,1,1,-1,-1,0.468190670013428
17,2,6,27,3,3,0,1.10095930099487,-1,-1,1,1,0.650538444519043
17,2,6,28,27,27,1,0.717593193054199,1,-1,-1,-1,0.850959300994873
17,2,6,29,3,3,0,1.23428988456726,1,1,-1,1,0.467593193054199
17,2,6,33,3,3,0,1.10054802894592,1,1,-1,-1,0.600532293319702
17,2,6,34,-0,0,1,0.984429597854614,1,-1,1,1,0.850548028945923
17,2,6,35,-3,3,0,0.900527715682983,-1,1,-1,1,0.734429597854614
17,2,6,36,-81,81,0,0.934494256973267,-1,-1,1,-1,0.650527715682983
17,2,6,37,81,81,1,0.718306064605713,-1,-1,-1,-1,0.684494256973267
17,2,6,38,-9,9,0,0.717215061187744,1,1,-1,-1,0.468306064605713
17,2,6,39,9,9,1,0.950466156005859,-1,-1,1,1,0.467215061187744
17,2,6,40,0,0,1,0.600512027740479,1,1,-1,-1,0.700466156005859
17,2,6,41,-3,3,0,0.801192045211792,1,1,1,1,0.350512027740479
17,2,6,42,-3,3,1,0.717195510864258,-1,-1,1,1,0.551192045211792
17,2,6,43,81,81,1,0.868373870849609,-1,1,-1,-1,0.467195510864258
17,2,6,44,-0,0,1,0.95050311088562,1,1,1,-1,0.618373870849609
17,2,6,45,27,27,1,0.700599670410156,-1,1,1,1,0.70050311088562
17,2,6,46,-9,9,1,0.800501108169556,1,1,1,-1,0.450599670410156
17,2,6,47,9,9,1,0.800500392913818,-1,1,1,1,0.550501108169556
17,2,6,48,-3,3,0,0.567163228988647,1,1,1,-1,0.550500392913818
17,2,6,49,27,27,1,0.717873811721802,-1,-1,1,1,0.317163228988647
17,2,6,50,0,0,1,0.633890390396118,1,1,-1,-1,0.467873811721802
17,2,6,51,27,27,1,0.633875370025635,1,1,1,1,0.383890390396118
17,2,6,52,9,9,1,0.751113891601562,1,1,1,1,0.383875370025635
17,2,6,53,-3,3,0,0.683900356292725,1,1,1,1,0.501113891601562
17,2,6,54,-0,0,0,0.850489377975464,-1,-1,1,1,0.433900356292725
17,2,6,55,81,81,1,0.717857599258423,-1,-1,-1,-1,0.600489377975464
17,2,6,56,3,3,0,1.15099334716797,1,1,-1,-1,0.467857599258423
17,2,6,57,3,3,0,0.884942770004272,1,-1,1,1,0.900993347167969
17,2,6,58,-27,27,0,0.900530576705933,1,-1,-1,1,0.634942770004272
17,2,6,59,-3,3,1,0.800516366958618,-1,-1,-1,1,0.650530576705933
17,2,6,60,9,9,1,0.834477186203003,-1,1,-1,-1,0.550516366958618
17,2,6,61,-27,27,0,0.934665441513062,1,1,1,-1,0.584477186203003
17,2,6,62,-27,27,0,0.650513410568237,-1,-1,1,1,0.684665441513062
17,2,6,63,81,81,1,0.517221450805664,-1,-1,-1,-1,0.400513410568237
17,2,6,64,9,9,1,0.683837413787842,1,1,-1,-1,0.267221450805664
17,2,6,65,-27,27,1,0.40108323097229,1,1,1,1,0.433837413787842
17,2,6,66,-27,27,0,0.367767810821533,-1,1,1,1,0.15108323097229
17,2,6,67,-9,9,1,0.567217826843262,-1,-1,1,-1,0.117767810821533
17,2,6,68,81,81,1,0.583844423294067,-1,1,-1,-1,0.317217826843262
17,2,6,69,-3,3,1,0.784507036209106,1,1,1,-1,0.333844423294067
17,2,6,70,81,81,1,0.717846393585205,-1,1,1,1,0.534507036209106
17,2,6,71,27,27,1,0.917191028594971,1,1,1,-1,0.467846393585205
17,2,6,72,-9,9,0,0.684482574462891,1,1,1,1,0.667191028594971
17,2,6,73,9,9,1,0.967129707336426,-1,-1,1,1,0.434482574462891
17,2,6,74,81,81,1,0.667177438735962,1,1,-1,-1,0.717129707336426
17,2,6,75,-81,81,0,0.58451247215271,1,1,1,1,0.417177438735962
17,2,6,76,27,27,1,0.434476613998413,-1,-1,1,1,0.33451247215271
17,2,6,77,81,81,1,0.550546407699585,1,1,-1,-1,0.184476613998413
17,2,6,78,-3,3,0,0.600532531738281,1,1,1,1,0.300546407699585
17,2,6,79,-81,81,0,0.634477853775024,-1,-1,1,1,0.350532531738281
17,2,6,80,0,0,1,0.617971420288086,-1,-1,-1,-1,0.384477853775024
17,2,6,81,3,3,1,0.717218637466431,1,1,-1,-1,0.367971420288086
17,2,6,82,-27,27,0,0.53464412689209,1,1,1,1,0.467218637466431
17,2,6,83,-9,9,0,0.917906284332275,-1,-1,1,1,0.28464412689209
17,2,6,84,-81,81,0,0.96718168258667,-1,-1,-1,-1,0.667906284332275
17,2,6,85,-9,9,1,1.30112743377686,-1,-1,-1,-1,0.71718168258667
17,2,6,86,-9,9,1,0.300518035888672,-1,1,-1,-1,1.05112743377686
17,2,6,87,-3,3,1,0.917225360870361,-1,1,1,-1,0.0505180358886719
17,2,6,88,-81,81,0,0.817214488983154,-1,1,1,-1,0.667225360870361
17,2,6,89,-81,81,0,0.633805990219116,-1,-1,1,-1,0.567214488983154
17,2,6,90,27,27,1,0.734335660934448,-1,-1,-1,-1,0.383805990219116
17,2,6,91,-3,3,0,0.70053243637085,1,1,-1,-1,0.484335660934448
17,2,6,92,27,27,1,0.683875322341919,-1,-1,1,1,0.45053243637085
17,2,6,93,3,3,1,0.651162385940552,1,1,-1,-1,0.433875322341919
17,2,6,94,-27,27,0,0.683888912200928,1,1,1,1,0.401162385940552
17,2,6,95,-9,9,1,0.583816766738892,-1,-1,1,1,0.433888912200928
17,2,6,96,0,0,1,0.583811521530151,-1,1,-1,-1,0.333816766738892
17,2,6,97,27,27,1,0.583877325057983,1,1,1,-1,0.333811521530151
17,2,6,98,-81,81,0,0.683907270431519,1,1,1,1,0.333877325057983
17,2,6,99,27,27,1,0.717216014862061,-1,-1,1,1,0.433907270431519
17,3,1,2,9,9,1,0.785407066345215,-1,-1,1,1,0.618043661117554
17,3,1,3,-81,81,0,0.935555458068848,1,1,-1,-1,0.535407066345215
17,3,1,4,-27,27,0,0.867170333862305,-1,-1,1,1,0.685555458068848
17,3,1,5,81,81,1,0.702733516693115,-1,-1,-1,-1,0.617170333862305
17,3,1,6,-27,27,0,0.935488939285278,1,1,-1,-1,0.452733516693115
17,3,1,7,0,0,1,0.802269697189331,-1,-1,1,1,0.685488939285278
17,3,1,8,-0,0,1,0.702475070953369,1,1,-1,-1,0.552269697189331
17,3,1,9,9,9,0,0.719128370285034,-1,1,1,1,0.452475070953369
17,3,1,10,-3,3,1,0.867633819580078,1,-1,1,-1,0.469128370285034
17,3,1,11,9,9,1,0.717222213745117,-1,1,-1,1,0.617633819580078
17,3,1,12,-27,27,0,0.768649339675903,1,1,1,-1,0.467222213745117
17,3,1,13,-0,0,1,0.667208909988403,-1,-1,1,1,0.518649339675903
17,3,1,14,-9,9,0,0.667663335800171,-1,1,-1,-1,0.417208909988403
17,3,1,15,9,9,1,0.633821487426758,-1,-1,1,-1,0.417663335800171
17,3,1,16,-0,0,1,0.751442193984985,1,1,-1,-1,0.383821487426758
17,3,1,17,27,27,1,0.933816432952881,-1,1,1,1,0.501442193984985
17,3,1,18,-3,3,1,0.784469604492188,1,1,1,-1,0.683816432952881
17,3,1,19,27,27,1,0.701170921325684,-1,1,1,1,0.534469604492188
17,3,1,20,-3,3,1,0.71930193901062,1,1,1,-1,0.451170921325684
17,3,1,21,3,3,1,0.668023347854614,-1,1,1,1,0.46930193901062
17,3,1,22,81,81,1,0.634747505187988,1,1,1,-1,0.418023347854614
17,3,1,23,27,27,1,0.669399976730347,1,1,1,1,0.384747505187988
17,3,1,24,-3,3,1,0.684499263763428,1,1,1,1,0.419399976730347
17,3,1,25,3,3,1,0.850999116897583,-1,1,1,1,0.434499263763428
17,3,1,26,-27,27,0,0.834355592727661,1,1,1,-1,0.600999116897583
17,3,1,27,9,9,1,0.650525093078613,-1,-1,1,1,0.584355592727661
17,3,1,28,-0,0,1,0.600519180297852,1,1,-1,-1,0.400525093078613
17,3,1,29,81,81,1,0.485316276550293,-1,1,1,1,0.350519180297852
17,3,1,30,-9,9,0,0.851148366928101,1,1,1,-1,0.235316276550293
17,3,1,31,27,27,1,0.567713975906372,-1,-1,1,1,0.601148366928101
17,3,1,32,-81,81,0,0.800525426864624,1,1,-1,-1,0.317713975906372
17,3,1,36,-3,3,1,0.533828973770142,1,1,1,-1,0.135887145996094
17,3,1,37,0,0,1,0.752562522888184,-1,1,1,1,0.283828973770142
17,3,1,38,-9,9,0,0.736057043075562,1,1,1,-1,0.502562522888184
17,3,1,39,27,27,1,0.534406900405884,-1,-1,1,1,0.486057043075562
17,3,1,40,-3,3,1,0.734329223632812,1,1,-1,-1,0.284406900405884
17,3,1,41,27,27,1,0.718093395233154,-1,1,1,1,0.484329223632812
17,3,1,42,-81,81,0,0.485930442810059,1,1,1,-1,0.468093395233154
17,3,1,43,-0,0,1,0.600999355316162,-1,-1,1,1,0.235930442810059
17,3,1,44,3,3,1,0.56877064704895,-1,1,-1,-1,0.350999355316162
17,3,1,45,81,81,1,0.584311723709106,1,1,1,-1,0.31877064704895
17,3,1,46,3,3,1,0.833819150924683,1,1,1,1,0.334311723709106
17,3,1,47,-9,9,0,0.701183795928955,1,1,1,1,0.583819150924683
17,3,1,48,0,0,1,0.568114757537842,-1,-1,1,1,0.451183795928955
17,3,1,49,-27,27,0,0.552771806716919,1,1,-1,-1,0.318114757537842
17,3,1,50,27,27,1,0.802307367324829,-1,-1,1,1,0.302771806716919
17,3,1,51,-81,81,0,0.584295034408569,1,1,-1,-1,0.552307367324829
17,3,1,52,81,81,1,0.567635774612427,-1,-1,1,1,0.334295034408569
17,3,1,53,-3,3,0,1.08428120613098,1,1,-1,-1,0.317635774612427
17,3,1,54,81,81,1,0.584281921386719,-1,-1,1,1,0.834281206130981
17,3,1,55,0,0,1,0.936004400253296,1,1,-1,-1,0.334281921386719
17,3,1,56,-0,0,1,0.436151027679443,1,1,1,1,0.686004400253296
17,3,1,57,-9,9,1,0.567625045776367,-1,1,1,1,0.186151027679443
17,3,1,58,9,9,1,0.584266901016235,-1,1,1,-1,0.317625045776367
17,3,1,59,81,81,1,0.783907175064087,1,1,1,-1,0.334266901016235
17,3,1,60,-9,9,1,0.602683305740356,1,1,1,1,0.533907175064087
17,3,1,61,9,9,1,0.46989107131958,-1,1,1,1,0.352683305740356
17,3,1,62,-81,81,0,0.500491857528687,1,1,1,-1,0.21989107131958
17,3,1,63,9,9,1,0.602163076400757,-1,-1,1,1,0.250491857528687
17,3,1,64,3,3,1,0.685543775558472,1,1,-1,-1,0.352163076400757
17,3,1,65,-81,81,0,0.801943302154541,1,1,1,1,0.435543775558472
17,3,1,66,9,9,1,0.569084405899048,-1,-1,1,1,0.551943302154541
17,3,1,67,-27,27,0,0.833821296691895,1,1,-1,-1,0.319084405899048
17,3,1,68,27,27,1,0.634327173233032,-1,-1,1,1,0.583821296691895
17,3,1,69,9,9,1,0.885684728622437,1,1,-1,-1,0.384327173233032
17,3,1,70,-0,0,1,0.583811283111572,1,1,1,1,0.635684728622437
17,3,1,71,-81,81,0,0.735984563827515,-1,1,1,1,0.333811283111572
17,3,1,72,3,3,1,0.669233083724976,-1,-1,1,-1,0.485984563827515
17,3,1,73,-3,3,1,0.602599620819092,1,1,-1,-1,0.419233083724976
17,3,1,74,9,9,1,0.701212644577026,-1,1,1,1,0.352599620819092
17,3,1,75,-81,81,0,0.801103353500366,1,1,1,-1,0.451212644577026
17,3,1,76,-81,81,0,0.784869194030762,-1,-1,1,1,0.551103353500366
17,3,1,77,-27,27,0,0.735808849334717,-1,-1,-1,-1,0.534869194030762
17,3,1,78,3,3,1,0.567618131637573,-1,-1,-1,-1,0.485808849334717
17,3,1,79,-3,3,1,0.386016368865967,1,1,-1,-1,0.317618131637573
17,3,1,80,3,3,1,0.686037540435791,-1,1,1,1,0.136016368865967
17,3,1,81,-27,27,0,0.634974002838135,1,1,1,-1,0.436037540435791
17,3,1,82,27,27,1,0.417202234268188,-1,-1,1,1,0.384974002838135
17,3,1,83,-9,9,0,0.867683172225952,1,1,-1,-1,0.167202234268188
17,3,1,84,81,81,1,0.369272232055664,-1,-1,1,1,0.617683172225952
17,3,1,85,-81,81,0,0.835787773132324,1,1,-1,-1,0.119272232055664
17,3,1,86,9,9,1,0.617681264877319,-1,-1,1,1,0.585787773132324
17,3,1,87,3,3,0,0.851054668426514,1,1,-1,-1,0.367681264877319
17,3,1,88,-3,3,1,0.534447193145752,1,-1,1,1,0.601054668426514
17,3,1,89,27,27,1,0.600506067276001,-1,1,-1,1,0.284447193145752
17,3,1,90,-27,27,0,0.418868780136108,1,1,1,-1,0.350506067276001
17,3,1,91,27,27,1,0.619258165359497,-1,-1,1,1,0.168868780136108
17,3,1,92,-81,81,0,0.850511074066162,1,1,-1,-1,0.369258165359497
17,3,1,93,9,9,1,0.519184112548828,-1,-1,1,1,0.600511074066162
17,3,1,94,-81,81,0,0.802545070648193,1,1,-1,-1,0.269184112548828
17,3,1,95,-3,3,0,0.95116662979126,-1,-1,1,1,0.552545070648193
17,3,1,96,-81,81,0,0.635522127151489,-1,-1,-1,-1,0.70116662979126
17,3,1,97,9,9,1,0.701994180679321,-1,-1,-1,-1,0.385522127151489
17,3,1,98,-9,9,0,0.702649354934692,1,1,-1,-1,0.451994180679321
17,3,1,99,27,27,1,0.535358190536499,-1,-1,1,1,0.452649354934692
17,3,2,2,81,81,1,0.650936126708984,1,1,1,1,0.336389064788818
17,3,2,3,9,9,1,0.568820238113403,1,1,1,1,0.400936126708984
17,3,2,4,3,3,0,0.952536344528198,1,1,1,1,0.318820238113403
17,3,2,5,-27,27,0,0.685400485992432,1,-1,1,1,0.702536344528198
17,3,2,6,-81,81,0,0.951640129089355,-1,-1,-1,1,0.435400485992432
17,3,2,7,-9,9,0,1.35300779342651,-1,-1,-1,-1,0.701640129089355
17,3,2,8,-81,81,0,0.635921716690063,-1,-1,-1,-1,1.10300779342651
17,3,2,9,-81,81,0,0.717862129211426,-1,-1,-1,-1,0.385921716690063
17,3,2,10,0,0,1,0.534948110580444,-1,-1,-1,-1,0.467862129211426
17,3,2,11,0,0,0,0.650964736938477,1,1,-1,-1,0.284948110580444
17,3,2,12,3,3,1,0.551489353179932,1,-1,1,1,0.400964736938477
17,3,2,13,-27,27,0,0.934418916702271,1,1,-1,1,0.301489353179932
17,3,2,14,-81,81,0,0.76951789855957,-1,-1,1,1,0.684418916702271
17,3,2,15,-81,81,0,0.569378852844238,-1,-1,-1,-1,0.51951789855957
17,3,2,16,9,9,1,0.569265365600586,-1,-1,-1,-1,0.319378852844238
17,3,2,17,27,27,1,0.652633428573608,1,1,-1,-1,0.319265365600586
17,3,2,18,0,0,1,0.884375095367432,1,1,1,1,0.402633428573608
17,3,2,19,27,27,1,0.801938056945801,1,1,1,1,0.634375095367432
17,3,2,20,-27,27,0,0.56764030456543,1,1,1,1,0.551938056945801
17,3,2,21,-27,27,1,0.602279663085938,-1,-1,1,1,0.31764030456543
17,3,2,22,-27,27,0,0.702271223068237,-1,1,-1,-1,0.352279663085938
17,3,2,23,3,3,1,0.58427619934082,-1,-1,1,-1,0.452271223068237
17,3,2,24,-3,3,1,0.784282207489014,1,1,-1,-1,0.33427619934082
17,3,2,25,27,27,1,0.651151180267334,-1,1,1,1,0.534282207489014
17,3,2,26,27,27,1,0.852192640304565,1,1,1,-1,0.401151180267334
17,3,2,27,-27,27,0,0.785955429077148,1,1,1,1,0.602192640304565
17,3,2,28,3,3,1,0.585361242294312,-1,-1,1,1,0.535955429077148
17,3,2,29,-81,81,0,0.552557468414307,1,1,-1,-1,0.335361242294312
17,3,2,30,81,81,1,0.585720062255859,-1,-1,1,1,0.302557468414307
17,3,2,31,81,81,1,0.667235136032104,1,1,-1,-1,0.335720062255859
17,3,2,32,9,9,1,1.11761856079102,1,1,1,1,0.417235136032104
17,3,2,33,-9,9,1,0.668028116226196,1,1,1,1,0.867618560791016
17,3,2,34,-0,0,1,1.08537340164185,-1,1,1,1,0.418028116226196
17,3,2,35,81,81,1,0.83570408821106,-1,1,1,-1,0.835373401641846
17,3,2,36,0,0,1,0.918033361434937,1,1,1,-1,0.58570408821106
17,3,2,37,-27,27,0,0.868355989456177,1,1,1,1,0.668033361434937
17,3,2,38,27,27,1,0.752496957778931,-1,-1,1,1,0.618355989456177
17,3,2,39,-3,3,1,0.684323310852051,1,1,-1,-1,0.502496957778931
17,3,2,40,0,0,1,0.73521089553833,-1,1,1,1,0.434323310852051
17,3,2,41,3,3,0,0.935918092727661,1,1,1,-1,0.48521089553833
17,3,2,42,9,9,1,0.701628923416138,1,-1,1,1,0.685918092727661
17,3,2,43,0,0,1,0.952778339385986,1,1,-1,1,0.451628923416138
17,3,2,44,81,81,1,1.13437128067017,1,1,1,1,0.702778339385986
17,3,2,45,-9,9,1,0.802375316619873,1,1,1,1,0.884371280670166
17,3,2,46,-3,3,1,0.819177627563477,-1,1,1,1,0.552375316619873
17,3,2,47,9,9,0,0.801028251647949,-1,1,1,-1,0.569177627563477
17,3,2,48,0,0,1,1.06926703453064,1,-1,1,-1,0.551028251647949
17,3,2,49,3,3,1,0.867678880691528,1,1,-1,1,0.81926703453064
17,3,2,50,9,9,1,0.934348106384277,1,1,1,1,0.617678880691528
17,3,2,51,9,9,1,0.951934099197388,1,1,1,1,0.684348106384277
17,3,2,52,-9,9,0,0.701486349105835,1,1,1,1,0.701934099197388
17,3,2,53,27,27,1,0.736087322235107,-1,-1,1,1,0.451486349105835
17,3,2,54,81,81,1,0.850951910018921,1,1,-1,-1,0.486087322235107
17,3,2,55,27,27,1,0.650955200195312,1,1,1,1,0.600951910018921
17,3,2,56,3,3,1,0.568900346755981,1,1,1,1,0.400955200195312
17,3,2,57,-81,81,0,0.600503444671631,1,1,1,1,0.318900346755981
17,3,2,58,81,81,1,0.701202869415283,-1,-1,1,1,0.350503444671631
17,3,2,59,27,27,1,0.785215616226196,1,1,-1,-1,0.451202869415283
17,3,2,60,-9,9,0,0.65244197845459,1,1,1,1,0.535215616226196
17,3,2,61,27,27,1,0.435205221176147,-1,-1,1,1,0.40244197845459
17,3,2,62,3,3,0,0.702717304229736,1,1,-1,-1,0.185205221176147
17,3,2,63,9,9,1,0.601742029190063,1,-1,1,1,0.452717304229736
17,3,2,64,-9,9,0,0.93560528755188,1,1,-1,1,0.351742029190063
17,3,2,65,9,9,1,0.885784149169922,-1,-1,1,1,0.68560528755188
17,3,2,66,-9,9,0,0.735158205032349,1,1,-1,-1,0.635784149169922
17,3,2,67,0,0,0,0.635898113250732,-1,-1,1,1,0.485158205032349
17,3,2,68,-0,0,0,1.10136532783508,1,-1,-1,-1,0.385898113250732
17,3,2,69,-27,27,0,0.50049614906311,-1,-1,-1,1,0.851365327835083
17,3,2,70,-9,9,0,0.535743236541748,-1,-1,-1,-1,0.25049614906311
17,3,2,71,3,3,1,0.717632055282593,-1,-1,-1,-1,0.285743236541748
17,3,2,72,-3,3,1,0.733889818191528,1,1,-1,-1,0.467632055282593
17,3,2,73,3,3,1,0.634342193603516,-1,1,1,1,0.483889818191528
17,3,2,74,9,9,1,0.869105100631714,1,1,1,-1,0.384342193603516
17,3,2,75,27,27,1,0.669182062149048,1,1,1,1,0.619105100631714
17,3,2,76,81,81,1,0.683825016021729,1,1,1,1,0.419182062149048
17,3,2,77,27,27,1,1.00105404853821,1,1,1,1,0.433825016021729
17,3,2,78,-81,81,0,0.551589012145996,1,1,1,1,0.751054048538208
17,3,2,79,-81,81,0,0.718733787536621,-1,-1,1,1,0.301589012145996
17,3,2,80,81,81,1,0.601763010025024,-1,-1,-1,-1,0.468733787536621
17,3,2,81,3,3,1,0.800519943237305,1,1,-1,-1,0.351763010025024
17,3,2,82,-9,9,0,0.785750150680542,1,1,1,1,0.550519943237305
17,3,2,83,-3,3,0,0.785657167434692,-1,-1,1,1,0.535750150680542
17,3,2,84,-9,9,0,0.90096640586853,-1,-1,-1,-1,0.535657167434692
17,3,2,85,81,81,1,0.801208019256592,-1,-1,-1,-1,0.65096640586853
17,3,2,86,-81,81,0,0.635816812515259,1,1,-1,-1,0.551208019256592
17,3,2,87,-3,3,0,0.652095079421997,-1,-1,1,1,0.385816812515259
17,3,2,88,-0,0,0,0.801969051361084,-1,-1,-1,-1,0.402095079421997
17,3,2,89,27,27,0,0.802355051040649,-1,-1,-1,-1,0.551969051361084
17,3,2,90,3,3,1,0.801653623580933,1,-1,-1,-1,0.552355051040649
17,3,2,91,27,27,1,0.867600917816162,1,1,-1,1,0.551653623580933
17,3,2,92,-81,81,0,0.785877704620361,1,1,1,1,0.617600917816162
17,3,2,93,-9,9,0,0.70231556892395,-1,-1,1,1,0.535877704620361
17,3,2,94,-3,3,0,0.767608165740967,-1,-1,-1,-1,0.45231556892395
17,3,2,95,-27,27,0,0.702656269073486,-1,-1,-1,-1,0.517608165740967
17,3,2,96,-3,3,0,0.817215204238892,-1,-1,-1,-1,0.452656269073486
17,3,2,97,-9,9,0,0.584399461746216,-1,-1,-1,-1,0.567215204238892
17,3,2,98,-3,3,1,0.834446907043457,-1,-1,-1,-1,0.334399461746216
17,3,2,99,81,81,1,0.935225486755371,-1,1,-1,-1,0.584446907043457
17,3,3,2,3,3,1,0.65256404876709,1,1,1,1,0.286332607269287
17,3,3,3,-3,3,1,0.818114995956421,1,1,1,1,0.40256404876709
17,3,3,4,81,81,1,0.65279221534729,-1,1,1,1,0.568114995956421
17,3,3,5,81,81,1,0.817668914794922,1,1,1,-1,0.40279221534729
17,3,3,6,-27,27,0,0.783808469772339,1,1,1,1,0.567668914794922
17,3,3,7,-27,27,0,0.83579683303833,-1,-1,1,1,0.533808469772339
17,3,3,8,-3,3,1,0.86870813369751,-1,-1,-1,-1,0.58579683303833
17,3,3,9,81,81,1,0.55048131942749,-1,1,-1,-1,0.61870813369751
17,3,3,10,3,3,0,0.73454213142395,1,1,1,-1,0.30048131942749
17,3,3,11,81,81,1,0.568802118301392,1,-1,1,1,0.48454213142395
17,3,3,12,-81,81,0,0.734277248382568,1,1,-1,1,0.318802118301392
17,3,3,13,-81,81,0,0.617172002792358,-1,-1,1,1,0.484277248382568
17,3,3,14,3,3,0,1.41779041290283,-1,-1,-1,-1,0.367172002792358
17,3,3,15,9,9,1,0.883792638778687,1,-1,-1,-1,1.16779041290283
17,3,3,16,-9,9,0,0.751982688903809,1,1,-1,1,0.633792638778687
17,3,3,17,-9,9,0,0.719267129898071,-1,-1,1,1,0.501982688903809
17,3,3,18,9,9,1,0.600560188293457,-1,-1,-1,-1,0.469267129898071
17,3,3,19,-81,81,0,0.585045337677002,1,1,-1,-1,0.350560188293457
17,3,3,20,27,27,1,0.468199491500854,-1,-1,1,1,0.335045337677002
17,3,3,21,3,3,0,0.684581995010376,1,1,-1,-1,0.218199491500854
17,3,3,22,9,9,1,0.685996294021606,1,-1,1,1,0.434581995010376
17,3,3,23,-27,27,0,0.968984603881836,1,1,-1,1,0.435996294021606
17,3,3,24,0,0,0,1.21791338920593,-1,-1,1,1,0.718984603881836
17,3,3,25,0,0,0,0.817650079727173,1,-1,-1,-1,0.967913389205933
17,3,3,26,0,0,1,0.602226972579956,1,-1,-1,1,0.567650079727173
17,3,3,27,-27,27,0,0.668056488037109,1,1,-1,1,0.352226972579956
17,3,3,28,3,3,1,0.80272364616394,-1,-1,1,1,0.418056488037109
17,3,3,29,3,3,0,0.884315013885498,1,1,-1,-1,0.55272364616394
17,3,3,30,-81,81,0,0.718881607055664,1,-1,1,1,0.634315013885498
17,3,3,31,-0,0,1,0.669425964355469,-1,-1,-1,1,0.468881607055664
17,3,3,32,27,27,1,0.667133331298828,-1,1,-1,-1,0.419425964355469
17,3,3,33,-9,9,0,0.902770042419434,1,1,1,-1,0.417133331298828
17,3,3,34,27,27,1,0.600945234298706,-1,-1,1,1,0.652770042419434
17,3,3,35,-3,3,1,1.06714916229248,1,1,-1,-1,0.350945234298706
17,3,3,36,-81,81,0,0.617632150650024,-1,1,1,1,0.81714916229248
17,3,3,37,-27,27,0,0.936433076858521,-1,-1,1,-1,0.367632150650024
17,3,3,38,-9,9,0,0.902046203613281,-1,-1,-1,-1,0.686433076858521
17,3,3,39,27,27,1,0.784270048141479,-1,-1,-1,-1,0.652046203613281
17,3,3,40,27,27,1,0.669228553771973,1,1,-1,-1,0.534270048141479
17,3,3,41,-9,9,0,1.01714849472046,1,1,1,1,0.419228553771973
17,3,3,42,3,3,0,1.45213007926941,-1,-1,1,1,0.767148494720459
17,3,3,43,0,0,1,0.752032518386841,1,-1,-1,-1,1.20213007926941
17,3,3,44,9,9,1,0.73381495475769,1,1,-1,1,0.502032518386841
17,3,3,45,-27,27,0,0.568784236907959,1,1,1,1,0.48381495475769
17,3,3,46,-27,27,0,0.784405708312988,-1,-1,1,1,0.318784236907959
17,3,3,47,-0,0,0,0.735831499099731,-1,-1,-1,-1,0.534405708312988
17,3,3,48,-3,3,0,0.834277153015137,-1,-1,-1,-1,0.485831499099731
17,3,3,49,27,27,1,0.51893138885498,-1,-1,-1,-1,0.584277153015137
17,3,3,50,9,9,1,0.48381233215332,1,1,-1,-1,0.26893138885498
17,3,3,51,3,3,0,0.336010932922363,1,1,1,1,0.23381233215332
17,3,3,52,3,3,0,0.93604588508606,1,-1,1,1,0.0860109329223633
17,3,3,53,-9,9,0,1.06901717185974,1,-1,-1,1,0.68604588508606
17,3,3,54,81,81,1,0.733825206756592,-1,-1,-1,1,0.819017171859741
17,3,3,55,3,3,1,1.00111031532288,1,1,-1,-1,0.483825206756592
17,3,3,56,-81,81,0,0.501349210739136,1,1,1,1,0.751110315322876
17,3,3,57,81,81,1,0.250991582870483,-1,-1,1,1,0.251349210739136
17,3,3,58,-3,3,1,0.869240522384644,1,1,-1,-1,0.000991582870483398
17,3,3,59,9,9,1,0.617674112319946,-1,1,1,1,0.619240522384644
17,3,3,60,27,27,1,0.65048623085022,1,1,1,-1,0.367674112319946
17,3,3,61,-3,3,1,0.669424057006836,1,1,1,1,0.40048623085022
17,3,3,62,-9,9,0,0.534708976745605,-1,1,1,1,0.419424057006836
17,3,3,63,3,3,1,0.583901643753052,-1,-1,1,-1,0.284708976745605
17,3,3,64,9,9,1,0.585930109024048,1,1,-1,-1,0.333901643753052
17,3,3,65,3,3,1,0.717814207077026,1,1,1,1,0.335930109024048
17,3,3,66,-9,9,0,1.10220694541931,1,1,1,1,0.467814207077026
17,3,3,67,-27,27,0,0.636195421218872,-1,-1,1,1,0.852206945419312
17,3,3,68,27,27,1,0.48430061340332,-1,-1,-1,-1,0.386195421218872
17,3,3,69,-81,81,0,0.601866483688354,1,1,-1,-1,0.23430061340332
17,3,3,70,-0,0,0,0.935583114624023,-1,-1,1,1,0.351866483688354
17,3,3,71,-27,27,0,0.718020677566528,-1,-1,-1,-1,0.685583114624023
17,3,3,72,81,81,1,0.502767086029053,-1,-1,-1,-1,0.468020677566528
17,3,3,73,-81,81,0,0.719295740127563,1,1,-1,-1,0.252767086029053
17,3,3,74,-81,81,0,0.835466384887695,-1,-1,1,1,0.469295740127563
17,3,3,75,-27,27,0,0.600961208343506,-1,-1,-1,-1,0.585466384887695
17,3,3,76,9,9,1,0.535903453826904,-1,-1,-1,-1,0.350961208343506
17,3,3,77,81,81,1,0.618934154510498,1,1,-1,-1,0.285903453826904
17,3,3,78,9,9,1,0.667208194732666,1,1,1,1,0.368934154510498
17,3,3,79,9,9,1,0.685279369354248,1,1,1,1,0.417208194732666
17,3,3,80,3,3,1,0.851888179779053,1,1,1,1,0.435279369354248
17,3,3,81,9,9,1,0.752856731414795,1,1,1,1,0.601888179779053
17,3,3,82,-0,0,1,0.685688734054565,1,1,1,1,0.502856731414795
17,3,3,83,-27,27,0,0.952141284942627,-1,1,1,1,0.435688734054565
17,3,3,84,9,9,1,0.869355201721191,-1,-1,1,-1,0.702141284942627
17,3,3,85,-9,9,1,0.71801233291626,1,1,-1,-1,0.619355201721191
17,3,3,86,27,27,1,0.817731142044067,-1,1,1,1,0.46801233291626
17,3,3,87,81,81,1,0.652444124221802,1,1,1,-1,0.567731142044067
17,3,3,88,81,81,1,0.583865404129028,1,1,1,1,0.402444124221802
17,3,3,89,3,3,1,1.11774206161499,1,1,1,1,0.333865404129028
17,3,3,90,0,0,1,0.652476072311401,1,1,1,1,0.86774206161499
17,3,3,91,0,0,1,1.11780548095703,1,1,1,1,0.402476072311401
17,3,3,92,-3,3,0,0.785376787185669,1,1,1,1,0.867805480957031
17,3,3,93,-81,81,0,1.01783418655396,-1,-1,1,1,0.535376787185669
17,3,3,94,9,9,1,0.584421396255493,-1,-1,-1,-1,0.767834186553955
17,3,3,95,-0,0,0,0.901215076446533,1,1,-1,-1,0.334421396255493
17,3,3,96,-27,27,0,1.15160322189331,-1,-1,1,1,0.651215076446533
17,3,3,97,3,3,1,0.734328985214233,-1,-1,-1,-1,0.901603221893311
17,3,3,98,-27,27,0,0.852388143539429,1,1,-1,-1,0.484328985214233
17,3,3,99,81,81,1,0.634387969970703,-1,-1,1,1,0.602388143539429
17,3,4,2,3,3,0,1.05112910270691,-1,-1,-1,1,0.302808284759521
17,3,4,3,-81,81,0,0.652550458908081,1,-1,-1,-1,0.801129102706909
17,3,4,4,-27,27,0,0.851019144058228,-1,-1,-1,1,0.402550458908081
17,3,4,5,-27,27,0,0.700950860977173,-1,-1,-1,-1,0.601019144058228
17,3,4,6,0,0,1,0.719116449356079,-1,-1,-1,-1,0.450950860977173
17,3,4,7,-9,9,0,0.786078453063965,1,1,-1,-1,0.469116449356079
17,3,4,8,27,27,1,0.550499200820923,-1,-1,1,1,0.536078453063965
17,3,4,9,-9,9,0,0.68384313583374,1,1,-1,-1,0.300499200820923
17,3,4,10,81,81,1,0.602138519287109,-1,-1,1,1,0.43384313583374
17,3,4,11,-81,81,0,0.784286260604858,1,1,-1,-1,0.352138519287109
17,3,4,12,9,9,0,0.985536575317383,-1,-1,1,1,0.534286260604858
17,3,4,13,81,81,1,0.668904066085815,1,-1,-1,-1,0.735536575317383
17,3,4,14,-9,9,1,0.801120758056641,1,1,-1,1,0.418904066085815
17,3,4,15,3,3,1,1.01930356025696,-1,1,1,1,0.551120758056641
17,3,4,16,-27,27,0,0.56864333152771,1,1,1,-1,0.769303560256958
17,3,4,17,9,9,0,0.986302137374878,-1,-1,1,1,0.31864333152771
17,3,4,18,-81,81,0,0.601038217544556,1,-1,-1,-1,0.736302137374878
17,3,4,19,3,3,1,1.25194931030273,-1,-1,-1,1,0.351038217544556
17,3,4,20,-3,3,1,0.885156869888306,1,1,-1,-1,1.00194931030273
17,3,4,21,3,3,0,1.00128149986267,-1,1,1,1,0.635156869888306
17,3,4,22,-0,0,1,0.886456966400146,1,-1,1,-1,0.751281499862671
17,3,4,23,81,81,1,0.600953102111816,-1,1,-1,1,0.636456966400146
17,3,4,24,-9,9,0,1.11772847175598,1,1,1,-1,0.350953102111816
17,3,4,25,9,9,1,0.851072549819946,-1,-1,1,1,0.867728471755981
17,3,4,26,-81,81,0,0.801092386245728,1,1,-1,-1,0.601072549819946
17,3,4,27,0,0,1,0.834750175476074,-1,-1,1,1,0.551092386245728
17,3,4,28,-0,0,1,0.950471639633179,1,1,-1,-1,0.584750175476074
17,3,4,29,-9,9,0,0.851611137390137,-1,1,1,1,0.700471639633179
17,3,4,30,-27,27,0,0.667746305465698,-1,-1,1,-1,0.601611137390137
17,3,4,31,27,27,1,0.751059770584106,-1,-1,-1,-1,0.417746305465698
17,3,4,32,-3,3,0,0.951178550720215,1,1,-1,-1,0.501059770584106
17,3,4,33,-27,27,0,0.717828035354614,-1,-1,1,1,0.701178550720215
17,3,4,34,27,27,1,0.56902003288269,-1,-1,-1,-1,0.467828035354614
17,3,4,35,27,27,1,0.45176100730896,1,1,-1,-1,0.31902003288269
17,3,4,36,-3,3,0,0.269383668899536,1,1,1,1,0.20176100730896
17,3,4,37,0,0,1,0.719084978103638,-1,-1,1,1,0.0193836688995361
17,3,4,38,-3,3,0,0.733858108520508,1,1,-1,-1,0.469084978103638
17,3,4,39,81,81,1,0.600974082946777,-1,-1,1,1,0.483858108520508
17,3,4,40,9,9,1,0.784296274185181,1,1,-1,-1,0.350974082946777
17,3,4,41,-81,81,0,0.635516405105591,1,1,1,1,0.534296274185181
17,3,4,42,27,27,1,0.717648029327393,-1,-1,1,1,0.385516405105591
17,3,4,46,-3,3,1,0.586010217666626,1,1,1,-1,0.385862827301025
17,3,4,47,27,27,1,0.551974534988403,-1,1,1,1,0.336010217666626
17,3,4,48,-27,27,0,0.502689361572266,1,1,1,-1,0.301974534988403
17,3,4,49,81,81,1,0.667708158493042,-1,-1,1,1,0.252689361572266
17,3,4,50,-0,0,1,0.600940942764282,1,1,-1,-1,0.417708158493042
17,3,4,51,3,3,1,0.868313074111938,-1,1,1,1,0.350940942764282
17,3,4,52,0,0,0,0.568037986755371,1,1,1,-1,0.618313074111938
17,3,4,53,-27,27,0,0.469618082046509,1,-1,1,1,0.318037986755371
17,3,4,54,-27,27,0,0.569273233413696,-1,-1,-1,1,0.219618082046509
17,3,4,55,27,27,1,0.901677131652832,-1,-1,-1,-1,0.319273233413696
17,3,4,56,27,27,1,0.484478235244751,1,1,-1,-1,0.651677131652832
17,3,4,57,-3,3,1,0.767194032669067,1,1,1,1,0.234478235244751
17,3,4,58,81,81,1,0.634281158447266,-1,1,1,1,0.517194032669067
17,3,4,59,81,81,1,0.618492364883423,1,1,1,-1,0.384281158447266
17,3,4,60,-9,9,0,0.851030349731445,1,1,1,1,0.368492364883423
17,3,4,61,-27,27,0,0.784882783889771,-1,-1,1,1,0.601030349731445
17,3,4,62,-9,9,1,0.900982856750488,-1,-1,-1,-1,0.534882783889771
17,3,4,63,-3,3,0,0.602687835693359,-1,1,-1,-1,0.650982856750488
17,3,4,64,3,3,0,1.06927824020386,-1,-1,1,-1,0.352687835693359
17,3,4,65,-9,9,1,0.735607385635376,1,-1,-1,-1,0.819278240203857
17,3,4,66,81,81,1,0.751042127609253,-1,1,-1,1,0.485607385635376
17,3,4,67,9,9,1,0.801133632659912,1,1,1,-1,0.501042127609253
17,3,4,68,-0,0,1,0.718013048171997,1,1,1,1,0.551133632659912
17,3,4,69,3,3,0,0.452066659927368,-1,1,1,1,0.468013048171997
17,3,4,70,-9,9,0,0.634745836257935,1,-1,1,-1,0.202066659927368
17,3,4,71,81,81,1,0.751003265380859,-1,-1,-1,1,0.384745836257935
17,3,4,72,81,81,1,0.634289979934692,1,1,-1,-1,0.501003265380859
17,3,4,73,-9,9,1,1.35233974456787,1,1,1,1,0.384289979934692
17,3,4,74,-81,81,0,0.4361412525177,-1,1,1,1,1.10233974456787
17,3,4,75,27,27,1,0.519089937210083,-1,-1,1,-1,0.1861412525177
17,3,4,76,-3,3,1,1.03456139564514,1,1,-1,-1,0.269089937210083
17,3,4,77,-81,81,0,0.667783498764038,-1,1,1,1,0.784561395645142
17,3,4,78,81,81,1,0.600529670715332,-1,-1,1,-1,0.417783498764038
17,3,4,79,0,0,1,0.584410905838013,1,1,-1,-1,0.350529670715332
17,3,4,80,9,9,0,0.719176769256592,1,1,1,1,0.334410905838013
17,3,4,81,-3,3,0,0.585809469223022,1,-1,1,1,0.469176769256592
17,3,4,82,3,3,0,0.552215099334717,-1,-1,-1,1,0.335809469223022
17,3,4,83,-3,3,1,0.76766037940979,1,-1,-1,-1,0.302215099334717
17,3,4,84,-27,27,0,0.53616189956665,-1,1,-1,1,0.51766037940979
17,3,4,85,81,81,1,0.700498104095459,-1,-1,1,-1,0.28616189956665
17,3,4,86,-3,3,1,0.836205244064331,1,1,-1,-1,0.450498104095459
17,3,4,87,9,9,1,0.852197647094727,-1,1,1,1,0.586205244064331
17,3,4,88,9,9,0,0.884395360946655,1,1,1,-1,0.602197647094727
17,3,4,89,81,81,1,0.702558040618896,1,-1,1,1,0.634395360946655
17,3,4,90,81,81,1,0.617626428604126,1,1,-1,1,0.452558040618896
17,3,4,91,-3,3,1,1.06912994384766,1,1,1,1,0.367626428604126
17,3,4,92,-27,27,0,0.783824443817139,-1,1,1,1,0.819129943847656
17,3,4,93,9,9,1,0.883839130401611,-1,-1,1,-1,0.533824443817139
17,3,4,94,-9,9,1,0.883822202682495,1,1,-1,-1,0.633839130401611
17,3,4,95,27,27,1,0.719489097595215,-1,1,1,1,0.633822202682495
17,3,4,96,-3,3,0,0.68428635597229,1,1,1,-1,0.469489097595215
17,3,4,97,9,9,1,0.567173719406128,-1,-1,1,1,0.43428635597229
17,3,4,98,-81,81,0,0.718778371810913,1,1,-1,-1,0.317173719406128
17,3,4,99,0,0,0,0.917179107666016,-1,-1,1,1,0.468778371810913
17,3,5,2,9,9,1,1.43590569496155,-1,-1,1,1,0.602577686309814
17,3,5,3,-81,81,0,0.934278011322021,1,1,-1,-1,1.18590569496155
17,3,5,4,-9,9,0,0.919475555419922,-1,-1,1,1,0.684278011322021
17,3,5,5,-9,9,0,0.752304315567017,-1,-1,-1,-1,0.669475555419922
17,3,5,6,-0,0,0,0.817640781402588,-1,-1,-1,-1,0.502304315567017
17,3,5,7,-3,3,1,1.06766176223755,-1,-1,-1,-1,0.567640781402588
17,3,5,8,-81,81,0,0.617628574371338,-1,1,-1,-1,0.817661762237549
17,3,5,9,-81,81,0,0.552473068237305,-1,-1,1,-1,0.367628574371338
17,3,5,10,-81,81,0,0.601158618927002,-1,-1,-1,-1,0.302473068237305
17,3,5,11,81,81,1,0.602211236953735,-1,-1,-1,-1,0.351158618927002
17,3,5,12,27,27,0,0.636047840118408,1,1,-1,-1,0.352211236953735
17,3,5,13,27,27,1,0.584353685379028,1,-1,1,1,0.386047840118408
17,3,5,14,0,0,1,1.10126662254333,1,1,-1,1,0.334353685379028
17,3,5,15,3,3,0,0.901928186416626,1,1,1,1,0.851266622543335
17,3,5,16,81,81,1,0.684329986572266,1,-1,1,1,0.651928186416626
17,3,5,17,27,27,1,0.617805004119873,1,1,-1,1,0.434329986572266
17,3,5,18,3,3,0,0.720030784606934,1,1,1,1,0.367805004119873
17,3,5,19,9,9,1,0.868478536605835,1,-1,1,1,0.470030784606934
17,3,5,20,-27,27,0,0.634449481964111,1,1,-1,1,0.618478536605835
17,3,5,21,-9,9,0,0.701727151870728,-1,-1,1,1,0.384449481964111
17,3,5,22,-0,0,1,0.717660903930664,-1,-1,-1,-1,0.451727151870728
17,3,5,23,-27,27,0,0.685300350189209,-1,1,-1,-1,0.467660903930664
17,3,5,24,-3,3,1,0.984318494796753,-1,-1,1,-1,0.435300350189209
17,3,5,25,-27,27,0,0.717638492584229,-1,1,-1,-1,0.734318494796753
17,3,5,26,-27,27,0,1.06829333305359,-1,-1,1,-1,0.467638492584229
17,3,5,27,-81,81,0,0.567191600799561,-1,-1,-1,-1,0.818293333053589
17,3,5,28,27,27,1,0.684500455856323,-1,-1,-1,-1,0.317191600799561
17,3,5,29,-9,9,0,0.73449969291687,1,1,-1,-1,0.434500455856323
17,3,5,30,-3,3,0,0.519390106201172,-1,-1,1,1,0.48449969291687
17,3,5,31,-3,3,0,0.683884382247925,-1,-1,-1,-1,0.269390106201172
17,3,5,32,-81,81,0,0.518999099731445,-1,-1,-1,-1,0.433884382247925
17,3,5,33,-81,81,0,0.834771871566772,-1,-1,-1,-1,0.268999099731445
17,3,5,37,-27,27,0,0.68440318107605,-1,-1,-1,-1,0.352662801742554
17,3,5,38,-3,3,0,0.61936354637146,-1,-1,-1,-1,0.43440318107605
17,3,5,39,-0,0,0,0.618913888931274,-1,-1,-1,-1,0.36936354637146
17,3,5,40,-81,81,0,0.535753011703491,-1,-1,-1,-1,0.368913888931274
17,3,5,41,-3,3,1,0.584341287612915,-1,-1,-1,-1,0.285753011703491
17,3,5,42,-3,3,0,0.267628908157349,-1,1,-1,-1,0.334341287612915
17,3,5,43,-9,9,1,0.718380212783813,-1,-1,1,-1,0.0176289081573486
17,3,5,44,-3,3,1,1.43441319465637,-1,1,-1,-1,0.468380212783813
17,3,5,45,9,9,1,0.852534055709839,-1,1,1,-1,1.18441319465637
17,3,5,46,9,9,1,1.15252733230591,1,1,1,-1,0.602534055709839
17,3,5,47,-9,9,1,0.736177206039429,1,1,1,1,0.902527332305908
17,3,5,48,-9,9,0,0.835519075393677,-1,1,1,1,0.486177206039429
17,3,5,49,27,27,1,0.667151689529419,-1,-1,1,-1,0.585519075393677
17,3,5,50,0,0,1,0.750928163528442,1,1,-1,-1,0.417151689529419
17,3,5,51,27,27,1,0.800519466400146,1,1,1,1,0.500928163528442
17,3,5,52,81,81,1,0.650941133499146,1,1,1,1,0.550519466400146
17,3,5,53,81,81,1,0.684449195861816,1,1,1,1,0.400941133499146
17,3,5,54,27,27,1,1.00049877166748,1,1,1,1,0.434449195861816
17,3,5,55,-9,9,1,0.667687177658081,1,1,1,1,0.75049877166748
17,3,5,56,-27,27,0,0.935083389282227,-1,1,1,1,0.417687177658081
17,3,5,57,-3,3,0,0.685755252838135,-1,-1,1,-1,0.685083389282227
17,3,5,58,-81,81,0,0.901957035064697,-1,-1,-1,-1,0.435755252838135
17,3,5,59,3,3,1,0.634668350219727,-1,-1,-1,-1,0.651957035064697
17,3,5,60,-81,81,0,0.917798042297363,1,1,-1,-1,0.384668350219727
17,3,5,61,3,3,0,1.20249104499817,-1,-1,1,1,0.667798042297363
17,3,5,62,-3,3,0,0.718647003173828,1,-1,-1,-1,0.952491044998169
17,3,5,63,-9,9,0,0.769404411315918,-1,-1,-1,1,0.468647003173828
17,3,5,64,-3,3,0,0.669450998306274,-1,-1,-1,-1,0.519404411315918
17,3,5,65,-27,27,0,0.567798137664795,-1,-1,-1,-1,0.419450998306274
17,3,5,66,-81,81,0,0.752614259719849,-1,-1,-1,-1,0.317798137664795
17,3,5,67,-27,27,0,1.10201501846313,-1,-1,-1,-1,0.502614259719849
17,3,5,68,-9,9,0,0.869505643844604,-1,-1,-1,-1,0.852015018463135
17,3,5,69,27,27,1,0.702844142913818,-1,-1,-1,-1,0.619505643844604
17,3,5,70,9,9,1,0.717616081237793,1,1,-1,-1,0.452844142913818
17,3,5,71,9,9,1,0.551502227783203,1,1,1,1,0.467616081237793
17,3,5,72,27,27,1,0.501827001571655,1,1,1,1,0.301502227783203
17,3,5,73,81,81,1,1.15269017219543,1,1,1,1,0.251827001571655
17,3,5,74,-0,0,1,0.701089382171631,1,1,1,1,0.902690172195435
17,3,5,75,27,27,1,0.535737276077271,-1,1,1,1,0.451089382171631
17,3,5,76,-81,81,0,0.500488042831421,1,1,1,-1,0.285737276077271
17,3,5,77,-81,81,0,0.452044248580933,-1,-1,1,1,0.250488042831421
17,3,5,78,81,81,1,0.369104623794556,-1,-1,-1,-1,0.202044248580933
17,3,5,79,27,27,1,0.552141904830933,1,1,-1,-1,0.119104623794556
17,3,5,80,9,9,1,0.535732507705688,1,1,1,1,0.302141904830933
17,3,5,81,-27,27,0,0.635831356048584,1,1,1,1,0.285732507705688
17,3,5,82,-3,3,1,0.81929612159729,-1,-1,1,1,0.385831356048584
17,3,5,83,-0,0,0,1.03511476516724,-1,1,-1,-1,0.56929612159729
17,3,5,84,-9,9,0,0.884351968765259,-1,-1,1,-1,0.785114765167236
17,3,5,85,3,3,1,1.01819586753845,-1,-1,-1,-1,0.634351968765259
17,3,5,86,0,0,1,0.718695163726807,1,1,-1,-1,0.768195867538452
17,3,5,87,81,81,1,0.684674739837646,1,1,1,1,0.468695163726807
17,3,5,88,3,3,1,0.801556825637817,1,1,1,1,0.434674739837646
17,3,5,89,3,3,0,0.767618179321289,1,1,1,1,0.551556825637817
17,3,5,90,27,27,0,1.36780405044556,1,-1,1,1,0.517618179321289
17,3,5,91,9,9,1,0.817177057266235,1,-1,-1,1,1.11780405044556
17,3,5,92,-27,27,0,0.552124261856079,1,1,-1,1,0.567177057266235
17,3,5,93,-9,9,0,0.718841075897217,-1,-1,1,1,0.302124261856079
17,3,5,94,-0,0,0,0.568380832672119,-1,-1,-1,-1,0.468841075897217
17,3,5,95,-0,0,0,0.600987195968628,-1,-1,-1,-1,0.318380832672119
17,3,5,96,-3,3,1,1.00048303604126,-1,-1,-1,-1,0.350987195968628
17,3,5,97,-3,3,1,1.03492712974548,-1,1,-1,-1,0.75048303604126
17,3,5,98,9,9,1,0.802348136901855,-1,1,1,-1,0.784927129745483
17,3,5,99,0,0,1,0.650536298751831,1,1,1,-1,0.552348136901855
17,3,6,2,-81,81,0,0.985654354095459,-1,-1,1,1,0.585888385772705
17,3,6,3,-9,9,1,0.751774311065674,-1,-1,-1,-1,0.735654354095459
17,3,6,4,-27,27,0,0.685987710952759,-1,1,-1,-1,0.501774311065674
17,3,6,5,-27,27,0,0.984269380569458,-1,-1,1,-1,0.435987710952759
17,3,6,6,-0,0,0,0.885378360748291,-1,-1,-1,-1,0.734269380569458
17,3,6,7,0,0,0,0.95223593711853,-1,-1,-1,-1,0.635378360748291
17,3,6,8,-81,81,0,0.719373941421509,1,-1,-1,-1,0.70223593711853
17,3,6,9,-27,27,0,0.817151546478271,-1,-1,-1,1,0.469373941421509
17,3,6,10,9,9,0,0.767632484436035,-1,-1,-1,-1,0.567151546478271
17,3,6,11,3,3,0,1.11936211585999,1,-1,-1,-1,0.517632484436035
17,3,6,12,9,9,1,0.802188873291016,1,-1,-1,1,0.869362115859985
17,3,6,13,81,81,1,0.651643991470337,1,1,-1,1,0.552188873291016
17,3,6,14,-9,9,0,0.851052045822144,1,1,1,1,0.401643991470337
17,3,6,15,-3,3,0,1.28444361686707,-1,-1,1,1,0.601052045822144
17,3,6,16,-9,9,0,0.852036476135254,-1,-1,-1,-1,1.03444361686707
17,3,6,17,-3,3,1,0.668913841247559,-1,-1,-1,-1,0.602036476135254
17,3,6,18,-9,9,0,0.684354066848755,-1,1,-1,-1,0.418913841247559
17,3,6,19,81,81,1,0.550505638122559,-1,-1,1,-1,0.434354066848755
17,3,6,20,27,27,1,0.802592515945435,1,1,-1,-1,0.300505638122559
17,3,6,21,-81,81,0,0.834304332733154,1,1,1,1,0.552592515945435
17,3,6,22,-3,3,0,1.11764144897461,-1,-1,1,1,0.584304332733154
17,3,6,23,-0,0,1,0.702730417251587,-1,-1,-1,-1,0.867641448974609
17,3,6,24,-3,3,1,0.634667158126831,-1,1,-1,-1,0.452730417251587
17,3,6,25,3,3,0,0.850948572158813,-1,1,1,-1,0.384667158126831
17,3,6,26,27,27,1,0.552059888839722,1,-1,1,-1,0.600948572158813
17,3,6,27,81,81,1,0.900989294052124,1,1,-1,1,0.302059888839722
17,3,6,28,81,81,1,0.685636758804321,1,1,1,1,0.650989294052124
17,3,6,29,27,27,1,0.852407693862915,1,1,1,1,0.435636758804321
17,3,6,30,9,9,1,0.585955142974854,1,1,1,1,0.602407693862915
17,3,6,31,-9,9,0,0.618058443069458,1,1,1,1,0.335955142974854
17,3,6,32,-27,27,0,0.767810344696045,-1,-1,1,1,0.368058443069458
17,3,6,33,-81,81,0,0.867964267730713,-1,-1,-1,-1,0.517810344696045
17,3,6,34,-0,0,0,0.817146778106689,-1,-1,-1,-1,0.617964267730713
17,3,6,35,-9,9,0,0.819530725479126,-1,-1,-1,-1,0.567146778106689
17,3,6,36,-0,0,1,0.684289216995239,-1,-1,-1,-1,0.569530725479126
17,3,6,37,-9,9,0,0.785163402557373,-1,1,-1,-1,0.434289216995239
17,3,6,38,3,3,0,1.08568024635315,-1,-1,1,-1,0.535163402557373
17,3,6,39,9,9,0,0.786334276199341,1,-1,-1,-1,0.835680246353149
17,3,6,40,9,9,1,0.818165063858032,1,-1,-1,1,0.536334276199341
17,3,6,41,9,9,1,0.718943357467651,1,1,-1,1,0.568165063858032
17,3,6,42,0,0,0,0.919440031051636,1,1,1,1,0.468943357467651
17,3,6,43,81,81,1,0.651048898696899,1,-1,1,1,0.669440031051636
17,3,6,44,9,9,1,0.800983905792236,1,1,-1,1,0.401048898696899
17,3,6,45,81,81,1,0.484350204467773,1,1,1,1,0.550983905792236
17,3,6,46,-81,81,0,0.650488615036011,1,1,1,1,0.234350204467773
17,3,6,47,-9,9,0,0.885838270187378,-1,-1,1,1,0.400488615036011
17,3,6,48,-27,27,0,0.817671775817871,-1,-1,-1,-1,0.635838270187378
17,3,6,49,-3,3,0,1.05267810821533,-1,-1,-1,-1,0.567671775817871
17,3,6,50,-81,81,0,0.718877792358398,-1,-1,-1,-1,0.802678108215332
17,3,6,51,-0,0,0,0.617187261581421,-1,-1,-1,-1,0.468877792358398
17,3,6,52,-27,27,0,0.80051589012146,-1,-1,-1,-1,0.367187261581421
17,3,6,53,3,3,1,0.601027965545654,-1,-1,-1,-1,0.55051589012146
17,3,6,54,27,27,1,0.635588407516479,1,1,-1,-1,0.351027965545654
17,3,6,55,9,9,1,0.667200565338135,1,1,1,1,0.385588407516479
17,3,6,56,81,81,1,0.617669343948364,1,1,1,1,0.417200565338135
17,3,6,57,3,3,1,0.617233991622925,1,1,1,1,0.367669343948364
17,3,6,58,27,27,1,0.684779405593872,1,1,1,1,0.367233991622925
17,3,6,59,3,3,1,0.952192306518555,1,1,1,1,0.434779405593872
17,3,6,60,3,3,1,0.951195955276489,1,1,1,1,0.702192306518555
17,3,6,61,81,81,1,0.734380483627319,1,1,1,1,0.701195955276489
17,3,6,62,27,27,1,0.451246500015259,1,1,1,1,0.484380483627319
17,3,6,63,81,81,1,0.583817005157471,1,1,1,1,0.201246500015259
17,3,6,64,27,27,1,0.750471591949463,1,1,1,1,0.333817005157471
17,3,6,65,81,81,1,0.636024951934814,1,1,1,1,0.500471591949463
17,3,6,66,3,3,0,0.684327602386475,1,1,1,1,0.386024951934814
17,3,6,67,-3,3,0,0.834296941757202,1,-1,1,1,0.434327602386475
17,3,6,68,-27,27,0,0.984346151351929,-1,-1,-1,1,0.584296941757202
17,3,6,69,0,0,0,0.702070474624634,-1,-1,-1,-1,0.734346151351929
17,3,6,70,9,9,0,0.850480794906616,1,-1,-1,-1,0.452070474624634
17,3,6,71,3,3,0,0.767899990081787,1,-1,-1,1,0.600480794906616
17,3,6,72,3,3,0,0.819196939468384,1,-1,-1,1,0.517899990081787
17,3,6,73,9,9,0,0.667177677154541,1,-1,-1,1,0.569196939468384
17,3,6,74,-81,81,0,0.83381724357605,1,-1,-1,1,0.417177677154541
17,3,6,75,27,27,1,0.984429121017456,-1,-1,-1,1,0.58381724357605
17,3,6,76,27,27,1,0.651080369949341,1,1,-1,-1,0.734429121017456
17,3,6,77,-3,3,1,0.568314790725708,1,1,1,1,0.401080369949341
17,3,6,78,-27,27,0,0.719271898269653,-1,1,1,1,0.318314790725708
17,3,6,79,-3,3,0,0.701013088226318,-1,-1,1,-1,0.469271898269653
17,3,6,80,-0,0,1,0.601945161819458,-1,-1,-1,-1,0.451013088226318
17,3,6,81,-3,3,0,0.86761212348938,-1,1,-1,-1,0.351945161819458
17,3,6,82,-81,81,0,0.667802095413208,-1,-1,1,-1,0.61761212348938
17,3,6,83,-3,3,1,1.05109596252441,-1,-1,-1,-1,0.417802095413208
17,3,6,84,9,9,1,0.785514354705811,-1,1,-1,-1,0.801095962524414
17,3,6,85,9,9,1,1.41873121261597,1,1,1,-1,0.535514354705811
17,3,6,86,27,27,1,0.802019119262695,1,1,1,1,1.16873121261597
17,3,6,87,3,3,1,0.534510374069214,1,1,1,1,0.552019119262695
17,3,6,88,27,27,1,0.668750047683716,1,1,1,1,0.284510374069214
17,3,6,89,81,81,1,0.518432855606079,1,1,1,1,0.418750047683716
17,3,6,90,27,27,1,0.617604970932007,1,1,1,1,0.268432855606079
17,3,6,91,0,0,1,0.736003160476685,1,1,1,1,0.367604970932007
17,3,6,92,81,81,1,0.584298849105835,1,1,1,1,0.486003160476685
17,3,6,93,81,81,1,0.419462203979492,1,1,1,1,0.334298849105835
17,3,6,94,9,9,1,0.633846044540405,1,1,1,1,0.169462203979492
17,3,6,95,0,0,1,0.617693662643433,1,1,1,1,0.383846044540405
17,3,6,96,81,81,1,0.651896238327026,1,1,1,1,0.367693662643433
17,3,6,97,3,3,1,0.451181173324585,1,1,1,1,0.401896238327026
17,3,6,98,27,27,1,0.651341199874878,1,1,1,1,0.201181173324585
17,3,6,99,9,9,1,0.502595901489258,1,1,1,1,0.401341199874878
18,1,1,2,81,81,1,0.650928974151611,-1,-1,-1,-1,0.702727317810059
18,1,1,3,9,9,0,0.68568754196167,1,1,-1,-1,0.400928974151611
18,1,1,4,-81,81,0,0.400982618331909,1,-1,1,1,0.43568754196167
18,1,1,5,3,3,0,0.668749332427979,-1,-1,-1,1,0.150982618331909
18,1,1,6,-81,81,0,0.301093339920044,1,-1,-1,-1,0.418749332427979
18,1,1,7,3,3,1,0.61867880821228,-1,-1,-1,1,0.0510933399200439
18,1,1,8,0,0,1,0.683810234069824,1,1,-1,-1,0.36867880821228
18,1,1,9,27,27,1,0.783817052841187,1,1,1,1,0.433810234069824
18,1,1,10,-81,81,0,0.401017427444458,1,1,1,1,0.533817052841187
18,1,1,11,-3,3,0,0.500959396362305,-1,-1,1,1,0.151017427444458
18,1,1,12,-0,0,1,0.534338235855103,-1,-1,-1,-1,0.250959396362305
18,1,1,13,27,27,1,0.58501124382019,-1,1,-1,-1,0.284338235855103
18,1,1,14,-0,0,1,0.534763336181641,1,1,1,-1,0.33501124382019
18,1,1,15,9,9,1,0.551010847091675,-1,1,1,1,0.284763336181641
18,1,1,16,27,27,1,0.485123157501221,1,1,1,-1,0.301010847091675
18,1,1,17,27,27,1,0.468691825866699,1,1,1,1,0.235123157501221
18,1,1,18,-3,3,0,0.601012706756592,1,1,1,1,0.218691825866699
18,1,1,19,-27,27,0,0.401878118515015,-1,-1,1,1,0.351012706756592
18,1,1,20,-9,9,0,0.484374761581421,-1,-1,-1,-1,0.151878118515015
18,1,1,21,3,3,1,0.450531721115112,-1,-1,-1,-1,0.234374761581421
18,1,1,22,27,27,1,0.334408283233643,1,1,-1,-1,0.200531721115112
18,1,1,23,81,81,1,0.318050622940063,1,1,1,1,0.0844082832336426
18,1,1,24,-9,9,1,0.568676471710205,1,1,1,1,0.0680506229400635
18,1,1,25,81,81,1,0.484254121780396,-1,1,1,1,0.318676471710205
18,1,1,26,-3,3,1,0.58433985710144,1,1,1,-1,0.234254121780396
18,1,1,27,81,81,1,0.451001644134521,-1,1,1,1,0.33433985710144
18,1,1,28,-9,9,0,0.51787805557251,1,1,1,-1,0.201001644134521
18,1,1,29,9,9,1,0.417700529098511,-1,-1,1,1,0.26787805557251
18,1,1,30,-27,27,0,0.417879581451416,1,1,-1,-1,0.167700529098511
18,1,1,31,81,81,1,0.352086305618286,-1,-1,1,1,0.167879581451416
18,1,1,32,-9,9,0,0.583824634552002,1,1,-1,-1,0.102086305618286
18,1,1,33,-81,81,0,0.35228419303894,-1,-1,1,1,0.333824634552002
18,1,1,34,3,3,0,0.485725879669189,-1,-1,-1,-1,0.10228419303894
18,1,1,35,-0,0,0,0.318135499954224,1,-1,-1,-1,0.235725879669189
18,1,1,36,9,9,1,0.601446390151978,-1,-1,-1,1,0.0681354999542236
18,1,1,37,-27,27,0,0.2511146068573,1,1,-1,-1,0.351446390151978
18,1,1,38,-27,27,0,0.285638570785522,-1,-1,1,1,0.0011146068572998
18,1,1,39,9,9,1,0.519351720809937,-1,-1,-1,-1,0.0356385707855225
18,1,1,40,-9,9,0,0.486042499542236,1,1,-1,-1,0.269351720809937
18,1,1,41,3,3,0,0.252141952514648,-1,-1,1,1,0.236042499542236
18,1,1,42,3,3,0,0.502038478851318,1,-1,-1,-1,0.00214195251464844
18,1,1,43,-9,9,1,0.417635440826416,1,-1,-1,1,0.252038478851318
18,1,1,44,27,27,1,0.417885065078735,-1,1,-1,1,0.167635440826416
18,1,1,45,-3,3,0,0.51796555519104,1,1,1,-1,0.167885065078735
18,1,1,46,27,27,1,0.418432235717773,-1,-1,1,1,0.26796555519104
18,1,1,47,27,27,1,0.383813858032227,1,1,-1,-1,0.168432235717773
18,1,1,48,-3,3,0,0.601456880569458,1,1,1,1,0.133813858032227
18,1,1,49,9,9,1,0.517678260803223,-1,-1,1,1,0.351456880569458
18,1,1,50,-27,27,0,0.468474864959717,1,1,-1,-1,0.267678260803223
18,1,1,51,81,81,1,0.434319734573364,-1,-1,1,1,0.218474864959717
18,1,1,52,9,9,1,0.619517803192139,1,1,-1,-1,0.184319734573364
18,1,1,53,3,3,1,0.483864068984985,1,1,1,1,0.369517803192139
18,1,1,54,-0,0,1,0.517171382904053,1,1,1,1,0.233864068984985
18,1,1,55,3,3,1,0.601131200790405,-1,1,1,1,0.267171382904053
18,1,1,56,0,0,1,0.418785095214844,1,1,1,-1,0.351131200790405
18,1,1,57,81,81,1,0.568709850311279,1,1,1,1,0.168785095214844
18,1,1,58,-27,27,0,0.469361782073975,1,1,1,1,0.318709850311279
18,1,1,59,9,9,1,0.48432183265686,-1,-1,1,1,0.219361782073975
18,1,1,60,-0,0,1,0.436175107955933,1,1,-1,-1,0.23432183265686
18,1,1,61,-27,27,0,0.417688608169556,-1,1,1,1,0.186175107955933
18,1,1,62,27,27,1,0.452184915542603,-1,-1,1,-1,0.167688608169556
18,1,1,63,-27,27,0,0.401198387145996,1,1,-1,-1,0.202184915542603
18,1,1,64,9,9,1,0.485709428787231,-1,-1,1,1,0.151198387145996
18,1,1,65,-9,9,0,0.418812990188599,1,1,-1,-1,0.235709428787231
18,1,1,66,27,27,1,0.519163846969604,-1,-1,1,1,0.168812990188599
18,1,1,67,-9,9,0,0.402406215667725,1,1,-1,-1,0.269163846969604
18,1,1,68,0,0,1,0.452746868133545,-1,-1,1,1,0.152406215667725
18,1,1,69,-81,81,0,0.367191314697266,1,1,-1,-1,0.202746868133545
18,1,1,70,9,9,0,0.536119937896729,-1,-1,1,1,0.117191314697266
18,1,1,71,-3,3,0,0.335436105728149,1,-1,-1,-1,0.286119937896729
18,1,1,72,81,81,1,0.602851867675781,-1,-1,-1,1,0.0854361057281494
18,1,1,73,-3,3,0,0.385988235473633,1,1,-1,-1,0.352851867675781
18,1,1,74,3,3,1,0.50113844871521,-1,-1,1,1,0.135988235473633
18,1,1,75,-27,27,0,0.302357912063599,1,1,-1,-1,0.25113844871521
18,1,1,76,9,9,1,0.36764669418335,-1,-1,1,1,0.0523579120635986
18,1,1,77,0,0,1,0.383823394775391,1,1,-1,-1,0.11764669418335
18,1,1,78,9,9,1,0.502733945846558,1,1,1,1,0.133823394775391
18,1,1,82,81,81,1,0.53430438041687,-1,1,-1,1,0.117992877960205
18,1,1,83,-3,3,1,0.434270858764648,1,1,1,-1,0.28430438041687
18,1,1,84,81,81,1,0.535387277603149,-1,1,1,1,0.184270858764648
18,1,1,85,-81,81,0,0.519540071487427,1,1,1,-1,0.285387277603149
18,1,1,86,-3,3,1,0.585632562637329,-1,-1,1,1,0.269540071487427
18,1,1,87,81,81,1,0.684301137924194,-1,1,-1,-1,0.335632562637329
18,1,1,88,-27,27,0,0.467623233795166,1,1,1,-1,0.434301137924194
18,1,1,89,3,3,0,0.435280323028564,-1,-1,1,1,0.217623233795166
18,1,1,90,-3,3,0,0.584345579147339,1,-1,-1,-1,0.185280323028564
18,1,1,91,3,3,1,0.669272422790527,-1,-1,-1,1,0.334345579147339
18,1,1,92,-81,81,0,0.600493907928467,1,1,-1,-1,0.419272422790527
18,1,1,93,27,27,1,0.419299602508545,-1,-1,1,1,0.350493907928467
18,1,1,94,27,27,1,0.369325637817383,1,1,-1,-1,0.169299602508545
18,1,1,95,-81,81,0,0.601007223129272,1,1,1,1,0.119325637817383
18,1,1,96,9,9,1,0.567624568939209,-1,-1,1,1,0.351007223129272
18,1,1,97,-81,81,0,0.568332195281982,1,1,-1,-1,0.317624568939209
18,1,1,98,3,3,1,0.468088865280151,-1,-1,1,1,0.318332195281982
18,1,1,99,-81,81,0,0.552343368530273,1,1,-1,-1,0.218088865280151
18,1,2,2,-3,3,0,0.584379434585571,1,1,1,-1,0.685814619064331
18,1,2,3,9,9,1,0.384295463562012,-1,-1,1,1,0.334379434585571
18,1,2,4,-27,27,0,0.485990762710571,1,1,-1,-1,0.134295463562012
18,1,2,5,-27,27,0,0.533805370330811,-1,-1,1,1,0.235990762710571
18,1,2,6,81,81,1,0.584567546844482,-1,-1,-1,-1,0.283805370330811
18,1,2,7,0,0,0,0.40244197845459,1,1,-1,-1,0.334567546844482
18,1,2,8,-27,27,0,0.5859215259552,1,-1,1,1,0.15244197845459
18,1,2,9,-3,3,0,0.584260940551758,-1,-1,-1,1,0.3359215259552
18,1,2,10,27,27,1,0.552642822265625,-1,-1,-1,-1,0.334260940551758
18,1,2,11,-0,0,1,0.517789125442505,1,1,-1,-1,0.302642822265625
18,1,2,12,81,81,1,0.584515810012817,-1,1,1,1,0.267789125442505
18,1,2,13,81,81,1,0.568445444107056,1,1,1,-1,0.334515810012817
18,1,2,14,-3,3,1,0.651922941207886,1,1,1,1,0.318445444107056
18,1,2,15,-9,9,1,0.669263124465942,-1,1,1,1,0.401922941207886
18,1,2,16,-3,3,0,0.417884349822998,-1,1,1,-1,0.419263124465942
18,1,2,17,3,3,0,0.667644500732422,-1,-1,1,-1,0.167884349822998
18,1,2,18,-81,81,0,0.667232990264893,1,-1,-1,-1,0.417644500732422
18,1,2,19,81,81,1,0.667207956314087,-1,-1,-1,1,0.417232990264893
18,1,2,20,-9,9,1,0.567757844924927,1,1,-1,-1,0.417207956314087
18,1,2,25,9,9,1,0.751095294952393,1,1,1,-1,0.335147380828857
18,1,2,26,0,0,1,0.450993299484253,1,1,1,1,0.501095294952393
18,1,2,27,3,3,0,0.267629861831665,1,1,1,1,0.200993299484253
18,1,2,28,-9,9,0,0.451466083526611,1,-1,1,1,0.017629861831665
18,1,2,29,-27,27,0,0.584297895431519,-1,-1,-1,1,0.201466083526611
18,1,2,34,3,3,1,0.634374141693115,1,1,1,1,0.602463483810425
18,1,2,35,-9,9,1,0.534287691116333,1,1,1,1,0.384374141693115
18,1,2,36,-0,0,1,0.519056081771851,-1,1,1,1,0.284287691116333
18,1,2,37,-0,0,1,0.602530241012573,-1,1,1,-1,0.269056081771851
18,1,2,38,-27,27,0,0.535667896270752,-1,1,1,-1,0.352530241012573
18,1,2,39,81,81,1,0.567667961120605,-1,-1,1,-1,0.285667896270752
18,1,2,40,-81,81,0,0.552736043930054,1,1,-1,-1,0.317667961120605
18,1,2,41,81,81,1,0.619119644165039,-1,-1,1,1,0.302736043930054
18,1,2,42,3,3,0,0.500969886779785,1,1,-1,-1,0.369119644165039
18,1,2,43,-27,27,0,0.734336614608765,1,-1,1,1,0.250969886779785
18,1,2,44,-27,27,0,0.400953769683838,-1,-1,-1,1,0.484336614608765
18,1,2,45,9,9,1,0.684777021408081,-1,-1,-1,-1,0.150953769683838
18,1,2,46,3,3,1,0.6179518699646,1,1,-1,-1,0.434777021408081
18,1,2,47,-81,81,0,0.584330558776855,1,1,1,1,0.3679518699646
18,1,2,48,-0,0,1,0.650949001312256,-1,-1,1,1,0.334330558776855
18,1,2,49,-27,27,0,0.435973167419434,-1,1,-1,-1,0.400949001312256
18,1,2,50,-9,9,1,0.501394510269165,-1,-1,1,-1,0.185973167419434
18,1,2,51,9,9,1,0.351702690124512,-1,1,-1,-1,0.251394510269165
18,1,2,52,-3,3,1,0.58384895324707,1,1,1,-1,0.101702690124512
18,1,2,53,-9,9,1,0.901800632476807,-1,1,1,1,0.33384895324707
18,1,2,54,81,81,1,0.451014995574951,-1,1,1,-1,0.651800632476807
18,1,2,55,-3,3,1,0.435297012329102,1,1,1,-1,0.201014995574951
18,1,2,56,-3,3,0,0.300961017608643,-1,1,1,1,0.185297012329102
18,1,2,57,-81,81,0,0.601007461547852,-1,-1,1,-1,0.0509610176086426
18,1,2,58,27,27,1,0.51945686340332,-1,-1,-1,-1,0.351007461547852
18,1,2,59,81,81,1,0.519461154937744,1,1,-1,-1,0.26945686340332
18,1,2,60,9,9,1,0.551004648208618,1,1,1,1,0.269461154937744
18,1,2,61,-81,81,0,0.502403259277344,1,1,1,1,0.301004648208618
18,1,2,62,0,0,1,0.385250329971313,-1,-1,1,1,0.252403259277344
18,1,2,63,-27,27,0,0.534402132034302,1,1,-1,-1,0.135250329971313
18,1,2,64,27,27,1,0.534249544143677,-1,-1,1,1,0.284402132034302
18,1,2,65,81,81,1,0.669354915618896,1,1,-1,-1,0.284249544143677
18,1,2,66,27,27,1,0.552361011505127,1,1,1,1,0.419354915618896
18,1,2,67,3,3,0,0.85196852684021,1,1,1,1,0.302361011505127
18,1,2,68,-0,0,1,0.252529382705688,1,-1,1,1,0.60196852684021
18,1,2,69,81,81,1,0.567203998565674,-1,1,-1,1,0.00252938270568848
18,1,2,70,-9,9,1,0.485072612762451,1,1,1,-1,0.317203998565674
18,1,2,71,-27,27,0,0.418115615844727,-1,1,1,1,0.235072612762451
18,1,2,72,9,9,1,0.752514839172363,-1,-1,1,-1,0.168115615844727
18,1,2,73,-0,0,1,0.583800077438354,1,1,-1,-1,0.502514839172363
18,1,2,74,9,9,1,0.452489376068115,-1,1,1,1,0.333800077438354
18,1,2,75,-81,81,0,0.567210912704468,1,1,1,-1,0.202489376068115
18,1,2,76,-9,9,0,0.451732873916626,-1,-1,1,1,0.317210912704468
18,1,2,77,-9,9,0,0.433812856674194,-1,-1,-1,-1,0.201732873916626
18,1,2,78,3,3,1,0.550934076309204,-1,-1,-1,-1,0.183812856674194
18,1,2,79,-9,9,1,0.73568320274353,1,1,-1,-1,0.300934076309204
18,1,2,80,-9,9,0,0.333822250366211,-1,1,1,1,0.48568320274353
18,1,2,81,27,27,1,0.35193395614624,-1,-1,1,-1,0.0838222503662109
18,1,2,82,-9,9,1,0.517653703689575,1,1,-1,-1,0.10193395614624
18,1,2,87,27,27,1,0.585461139678955,-1,-1,-1,1,0.351100921630859
18,1,2,88,-81,81,0,0.667890787124634,1,1,-1,-1,0.335461139678955
18,1,2,89,27,27,1,0.600916385650635,-1,-1,1,1,0.417890787124634
18,1,2,90,-81,81,0,0.433841466903687,1,1,-1,-1,0.350916385650635
18,1,2,91,-81,81,0,0.551059484481812,-1,-1,1,1,0.183841466903687
18,1,2,92,-9,9,1,0.418998241424561,-1,-1,-1,-1,0.301059484481812
18,1,2,93,-27,27,0,0.483931541442871,-1,1,-1,-1,0.168998241424561
18,1,2,94,9,9,1,0.251042366027832,-1,-1,1,-1,0.233931541442871
18,1,2,95,81,81,1,0.700925350189209,1,1,-1,-1,0.00104236602783203
18,1,2,96,-81,81,0,0.551053524017334,1,1,1,1,0.450925350189209
18,1,2,97,-27,27,0,0.534329891204834,-1,-1,1,1,0.301053524017334
18,1,2,98,3,3,1,0.60116982460022,-1,-1,-1,-1,0.284329891204834
18,1,2,99,-3,3,1,0.585792541503906,1,1,-1,-1,0.35116982460022
18,1,3,2,-9,9,1,0.500507116317749,-1,1,-1,1,0.385146379470825
18,1,3,3,-9,9,0,0.452539682388306,-1,1,1,-1,0.250507116317749
18,1,3,4,-81,81,0,0.568524360656738,-1,-1,1,-1,0.202539682388306
18,1,3,5,-27,27,0,0.385513305664062,-1,-1,-1,-1,0.318524360656738
18,1,3,6,-9,9,1,0.41902756690979,-1,-1,-1,-1,0.135513305664062
18,1,3,7,-9,9,0,0.500502347946167,-1,1,-1,-1,0.16902756690979
18,1,3,8,-3,3,1,0.434677600860596,-1,-1,1,-1,0.250502347946167
18,1,3,13,81,81,1,0.53529953956604,1,1,-1,1,0.233842611312866
18,1,3,14,-3,3,1,0.617604970932007,1,1,1,1,0.28529953956604
18,1,3,15,27,27,1,0.567585229873657,-1,1,1,1,0.367604970932007
18,1,3,16,27,27,1,0.517663478851318,1,1,1,-1,0.317585229873657
18,1,3,17,-81,81,0,0.533865690231323,1,1,1,1,0.267663478851318
18,1,3,18,-81,81,0,0.552496433258057,-1,-1,1,1,0.283865690231323
18,1,3,19,-3,3,1,0.617594957351685,-1,-1,-1,-1,0.302496433258057
18,1,3,20,-9,9,0,0.434351921081543,-1,1,-1,-1,0.367594957351685
18,1,3,21,-81,81,0,0.550999641418457,-1,-1,1,-1,0.184351921081543
18,1,3,22,27,27,1,0.569550275802612,-1,-1,-1,-1,0.300999641418457
18,1,3,23,-3,3,1,0.667731523513794,1,1,-1,-1,0.319550275802612
18,1,3,24,-3,3,0,0.36948823928833,-1,1,1,1,0.417731523513794
18,1,3,25,9,9,0,0.384279251098633,-1,-1,1,-1,0.11948823928833
18,1,3,26,27,27,1,0.435455799102783,1,-1,-1,-1,0.134279251098633
18,1,3,27,-9,9,0,0.267598867416382,1,1,-1,1,0.185455799102783
18,1,3,28,-3,3,1,0.38457202911377,-1,-1,1,1,0.0175988674163818
18,1,3,29,-27,27,0,0.352205753326416,-1,1,-1,-1,0.13457202911377
18,1,3,30,0,0,1,0.418881416320801,-1,-1,1,-1,0.102205753326416
18,1,3,31,27,27,1,0.550477504730225,1,1,-1,-1,0.168881416320801
18,1,3,32,81,81,1,0.535744905471802,1,1,1,1,0.300477504730225
18,1,3,33,27,27,1,0.485729455947876,1,1,1,1,0.285744905471802
18,1,3,34,9,9,1,0.335161447525024,1,1,1,1,0.235729455947876
18,1,3,35,3,3,1,0.318079948425293,1,1,1,1,0.0851614475250244
18,1,3,36,81,81,1,0.552601337432861,1,1,1,1,0.068079948425293
18,1,3,37,0,0,0,0.55278205871582,1,1,1,1,0.302601337432861
18,1,3,38,-9,9,0,0.301665544509888,1,-1,1,1,0.30278205871582
18,1,3,39,-27,27,0,0.551030158996582,-1,-1,-1,1,0.0516655445098877
18,1,3,40,-27,27,0,0.284282207489014,-1,-1,-1,-1,0.301030158996582
18,1,3,41,-9,9,0,0.46778678894043,-1,-1,-1,-1,0.0342822074890137
18,1,3,42,-27,27,0,0.383838176727295,-1,-1,-1,-1,0.21778678894043
18,1,3,43,-81,81,0,0.601155519485474,-1,-1,-1,-1,0.133838176727295
18,1,3,44,-81,81,0,0.651277542114258,-1,-1,-1,-1,0.351155519485474
18,1,3,45,-81,81,0,0.634383678436279,-1,-1,-1,-1,0.401277542114258
18,1,3,46,9,9,1,0.534513711929321,-1,-1,-1,-1,0.384383678436279
18,1,3,47,-3,3,0,0.501997470855713,1,1,-1,-1,0.284513711929321
18,1,3,48,-27,27,0,0.785829067230225,-1,-1,1,1,0.251997470855713
18,1,3,49,-3,3,1,0.517199516296387,-1,-1,-1,-1,0.535829067230225
18,1,3,50,-9,9,0,0.384355545043945,-1,1,-1,-1,0.267199516296387
18,1,3,51,-0,0,0,0.685228586196899,-1,-1,1,-1,0.134355545043945
18,1,3,52,-9,9,0,0.518897771835327,-1,-1,-1,-1,0.435228586196899
18,1,3,53,-81,81,0,0.583834171295166,-1,-1,-1,-1,0.268897771835327
18,1,3,54,0,0,0,0.284286975860596,-1,-1,-1,-1,0.333834171295166
18,1,3,55,-9,9,0,0.467153549194336,1,-1,-1,-1,0.0342869758605957
18,1,3,62,-0,0,0,0.368598699569702,-1,-1,-1,-1,0.502036571502686
18,1,3,63,81,81,1,0.585131168365479,-1,-1,-1,-1,0.118598699569702
18,1,3,64,27,27,1,0.467775106430054,1,1,-1,-1,0.335131168365479
18,1,3,65,3,3,1,0.385951280593872,1,1,1,1,0.217775106430054
18,1,3,66,9,9,1,0.469019651412964,1,1,1,1,0.135951280593872
18,1,3,67,-9,9,1,0.585873365402222,1,1,1,1,0.219019651412964
18,1,3,68,-81,81,0,0.551860570907593,-1,1,1,1,0.335873365402222
18,1,3,69,-3,3,1,0.435446977615356,-1,-1,1,-1,0.301860570907593
18,1,3,70,-9,9,1,0.435811042785645,-1,1,-1,-1,0.185446977615356
18,1,3,71,-3,3,0,0.501288652420044,-1,1,1,-1,0.185811042785645
18,1,3,72,-81,81,0,0.902108907699585,-1,-1,1,-1,0.251288652420044
18,1,3,73,81,81,1,0.584322690963745,-1,-1,-1,-1,0.652108907699585
18,1,3,74,0,0,1,0.419458866119385,1,1,-1,-1,0.334322690963745
18,1,3,75,81,81,1,0.600495576858521,1,1,1,1,0.169458866119385
18,1,3,76,81,81,1,0.583822250366211,1,1,1,1,0.350495576858521
18,1,3,77,3,3,1,0.750490427017212,1,1,1,1,0.333822250366211
18,1,3,78,27,27,1,0.535109519958496,1,1,1,1,0.500490427017212
18,1,3,79,81,81,1,0.417667865753174,1,1,1,1,0.285109519958496
18,1,3,80,-27,27,0,0.335445165634155,1,1,1,1,0.167667865753174
18,1,3,81,-81,81,0,0.634436845779419,-1,-1,1,1,0.0854451656341553
18,1,3,82,-27,27,0,0.419307947158813,-1,-1,-1,-1,0.384436845779419
18,1,3,83,-81,81,0,0.369318962097168,-1,-1,-1,-1,0.169307947158813
18,1,3,84,-9,9,1,0.251993894577026,-1,-1,-1,-1,0.119318962097168
18,1,3,85,-3,3,1,0.602627277374268,-1,1,-1,-1,0.00199389457702637
18,1,3,86,-3,3,0,0.252365112304688,-1,1,1,-1,0.352627277374268
18,1,3,94,3,3,1,0.25285267829895,1,1,1,1,0.285466432571411
18,1,3,95,81,81,1,0.651014089584351,1,1,1,1,0.0028526782989502
18,1,3,96,0,0,1,0.252338409423828,1,1,1,1,0.401014089584351
18,1,3,97,9,9,0,0.400482416152954,1,1,1,1,0.00233840942382812
18,1,3,98,81,81,1,0.552845001220703,1,-1,1,1,0.150482416152954
18,1,3,99,3,3,0,0.268488168716431,1,1,-1,1,0.302845001220703
18,1,4,2,3,3,0,0.417808294296265,-1,1,1,1,0.336451292037964
18,1,4,3,0,0,0,0.518784284591675,1,-1,1,-1,0.167808294296265
18,1,4,4,-81,81,0,0.467174053192139,1,-1,-1,1,0.268784284591675
18,1,4,5,9,9,1,0.251917123794556,-1,-1,-1,1,0.217174053192139
18,1,4,6,27,27,1,0.500931739807129,1,1,-1,-1,0.00191712379455566
18,1,4,7,3,3,1,0.517589569091797,1,1,1,1,0.250931739807129
18,1,4,8,9,9,0,0.41716742515564,1,1,1,1,0.267589569091797
18,1,4,9,27,27,1,0.584431648254395,1,-1,1,1,0.16716742515564
18,1,4,10,9,9,1,0.600574731826782,1,1,-1,1,0.334431648254395
18,1,4,11,-81,81,0,0.583809614181519,1,1,1,1,0.350574731826782
18,1,4,12,-3,3,1,0.602802753448486,-1,-1,1,1,0.333809614181519
18,1,4,13,-9,9,0,0.600520610809326,-1,1,-1,-1,0.352802753448486
18,1,4,14,81,81,1,0.635956525802612,-1,-1,1,-1,0.350520610809326
18,1,4,15,-0,0,0,0.483832836151123,1,1,-1,-1,0.385956525802612
18,1,4,16,-3,3,1,0.585078477859497,-1,-1,1,1,0.233832836151123
18,1,4,17,27,27,1,0.919296026229858,-1,1,-1,-1,0.335078477859497
18,1,4,18,-9,9,1,0.951009035110474,1,1,1,-1,0.669296026229858
18,1,4,19,3,3,1,0.701164484024048,-1,1,1,1,0.701009035110474
18,1,4,20,27,27,1,0.702476263046265,1,1,1,-1,0.451164484024048
18,1,4,21,-27,27,0,0.585602521896362,1,1,1,1,0.452476263046265
18,1,4,22,-3,3,1,0.600470304489136,-1,-1,1,1,0.335602521896362
18,1,4,23,-27,27,0,0.700945615768433,-1,1,-1,-1,0.350470304489136
18,1,4,24,-27,27,0,0.65278172492981,-1,-1,1,-1,0.450945615768433
18,1,4,25,81,81,1,0.834284543991089,-1,-1,-1,-1,0.40278172492981
18,1,4,26,27,27,1,0.800479173660278,1,1,-1,-1,0.584284543991089
18,1,4,27,9,9,1,0.76720142364502,1,1,1,1,0.550479173660278
18,1,4,28,3,3,1,0.651259660720825,1,1,1,1,0.51720142364502
18,1,4,29,-9,9,0,0.302726984024048,1,1,1,1,0.401259660720825
18,1,4,30,-9,9,1,0.867833852767944,-1,-1,1,1,0.0527269840240479
18,1,4,31,-27,27,0,0.634465456008911,-1,1,-1,-1,0.617833852767944
18,1,4,32,81,81,1,0.800992965698242,-1,-1,1,-1,0.384465456008911
18,1,4,33,-81,81,0,0.600502252578735,1,1,-1,-1,0.550992965698242
18,1,4,34,-0,0,0,0.451309680938721,-1,-1,1,1,0.350502252578735
18,1,4,35,27,27,1,0.651020765304565,-1,-1,-1,-1,0.201309680938721
18,1,4,36,-81,81,0,0.617215394973755,1,1,-1,-1,0.401020765304565
18,1,4,37,27,27,1,0.567208290100098,-1,-1,1,1,0.367215394973755
18,1,4,38,-3,3,1,0.602794885635376,1,1,-1,-1,0.317208290100098
18,1,4,39,-81,81,0,0.717649459838867,-1,1,1,1,0.352794885635376
18,1,4,40,81,81,1,0.852210521697998,-1,-1,1,-1,0.467649459838867
18,1,4,41,-81,81,0,0.68592357635498,1,1,-1,-1,0.602210521697998
18,1,4,42,27,27,1,0.600988388061523,-1,-1,1,1,0.43592357635498
18,1,4,43,-27,27,0,0.584855794906616,1,1,-1,-1,0.350988388061523
18,1,4,44,-81,81,0,0.70240592956543,-1,-1,1,1,0.334855794906616
18,1,4,45,-81,81,0,0.635239601135254,-1,-1,-1,-1,0.45240592956543
18,1,4,46,3,3,1,0.95049262046814,-1,-1,-1,-1,0.385239601135254
18,1,4,47,-9,9,0,0.619036197662354,1,1,-1,-1,0.70049262046814
18,1,4,48,0,0,1,0.484275102615356,-1,-1,1,1,0.369036197662354
18,1,4,49,27,27,1,0.58587384223938,1,1,-1,-1,0.234275102615356
18,1,4,50,-0,0,0,0.367646932601929,1,1,1,1,0.33587384223938
18,1,4,51,81,81,1,0.617185354232788,-1,-1,1,1,0.117646932601929
18,1,4,52,27,27,1,0.451523065567017,1,1,-1,-1,0.367185354232788
18,1,4,53,-3,3,1,0.33599328994751,1,1,1,1,0.201523065567017
18,1,4,54,27,27,1,0.367652893066406,-1,1,1,1,0.0859932899475098
18,1,4,55,-27,27,0,0.469003438949585,1,1,1,-1,0.117652893066406
18,1,4,56,-3,3,1,0.484407663345337,-1,-1,1,1,0.219003438949585
18,1,4,57,-9,9,0,0.400511741638184,-1,1,-1,-1,0.234407663345337
18,1,4,58,-27,27,0,0.335575580596924,-1,-1,1,-1,0.150511741638184
18,1,4,59,-3,3,1,0.450496912002563,-1,-1,-1,-1,0.0855755805969238
18,1,4,60,-81,81,0,0.667671203613281,-1,1,-1,-1,0.200496912002563
18,1,4,61,-27,27,0,0.701460838317871,-1,-1,1,-1,0.417671203613281
18,1,4,62,-0,0,1,0.502519369125366,-1,-1,-1,-1,0.451460838317871
18,1,4,63,-27,27,0,0.384316921234131,-1,1,-1,-1,0.252519369125366
18,1,4,64,-81,81,0,0.73589301109314,-1,-1,1,-1,0.134316921234131
18,1,4,65,-3,3,0,0.600980997085571,-1,-1,-1,-1,0.48589301109314
18,1,4,66,3,3,1,0.717600107192993,-1,-1,-1,-1,0.350980997085571
18,1,4,67,81,81,1,0.851775407791138,1,1,-1,-1,0.467600107192993
18,1,4,68,3,3,1,0.984263896942139,1,1,1,1,0.601775407791138
18,1,4,69,-3,3,1,0.567656517028809,1,1,1,1,0.734263896942139
18,1,4,70,9,9,0,0.434384107589722,-1,1,1,1,0.317656517028809
18,1,4,71,9,9,0,0.569063186645508,1,-1,1,-1,0.184384107589722
18,1,4,72,9,9,1,0.335444688796997,1,-1,-1,1,0.319063186645508
18,1,4,73,-0,0,0,0.78525447845459,1,1,-1,1,0.0854446887969971
18,1,4,74,-9,9,1,0.684311151504517,-1,-1,1,1,0.53525447845459
18,1,4,75,-3,3,1,0.519500494003296,-1,1,-1,-1,0.434311151504517
18,1,4,76,-81,81,0,0.800497055053711,-1,1,1,-1,0.269500494003296
18,1,4,77,9,9,1,0.586123466491699,-1,-1,1,-1,0.550497055053711
18,1,4,78,0,0,1,0.619450569152832,1,1,-1,-1,0.336123466491699
18,1,4,79,-0,0,1,0.702120542526245,1,1,1,1,0.369450569152832
18,1,4,80,0,0,1,0.767676115036011,-1,1,1,1,0.452120542526245
18,1,4,81,-3,3,1,0.602037668228149,1,1,1,-1,0.517676115036011
18,1,4,82,27,27,1,0.917602300643921,-1,1,1,1,0.352037668228149
18,1,4,83,-3,3,1,0.683873653411865,1,1,1,-1,0.667602300643921
18,1,4,84,-9,9,0,0.619186878204346,-1,1,1,1,0.433873653411865
18,1,4,85,81,81,1,0.88431978225708,-1,-1,1,-1,0.369186878204346
18,1,4,86,-9,9,0,0.652371883392334,1,1,-1,-1,0.63431978225708
18,1,4,87,-9,9,1,0.617666482925415,-1,-1,1,1,0.402371883392334
18,1,4,88,-0,0,0,0.517666578292847,-1,1,-1,-1,0.367666482925415
18,1,4,89,-9,9,0,0.66921854019165,-1,-1,1,-1,0.267666578292847
18,1,4,90,9,9,1,0.517629623413086,-1,-1,-1,-1,0.41921854019165
18,1,4,91,-9,9,0,0.601056098937988,1,1,-1,-1,0.267629623413086
18,1,4,92,3,3,1,0.602763891220093,-1,-1,1,1,0.351056098937988
18,1,4,93,81,81,1,0.834271430969238,1,1,-1,-1,0.352763891220093
18,1,4,94,-9,9,0,0.518098831176758,1,1,1,1,0.584271430969238
18,1,4,95,81,81,1,0.617593050003052,-1,-1,1,1,0.268098831176758
18,1,4,96,81,81,1,0.68431544303894,1,1,-1,-1,0.367593050003052
18,1,4,97,27,27,1,0.586187362670898,1,1,1,1,0.43431544303894
18,1,4,98,81,81,1,1.13578414916992,1,1,1,1,0.336187362670898
18,1,4,99,3,3,1,0.734330415725708,1,1,1,1,0.885784149169922
18,1,5,2,27,27,1,0.567142724990845,1,1,1,1,0.401145219802856
18,1,5,3,-3,3,1,0.817917823791504,1,1,1,1,0.317142724990845
18,1,5,4,27,27,1,0.568239212036133,-1,1,1,1,0.567917823791504
18,1,5,5,-81,81,0,1.00241231918335,1,1,1,-1,0.318239212036133
18,1,5,6,-3,3,1,0.619176387786865,-1,-1,1,1,0.75241231918335
18,1,5,7,81,81,1,0.700955629348755,-1,1,-1,-1,0.369176387786865
18,1,5,8,-9,9,0,0.60272216796875,1,1,1,-1,0.450955629348755
18,1,5,9,0,0,1,0.517659425735474,-1,-1,1,1,0.35272216796875
18,1,5,10,-27,27,0,0.61896538734436,1,1,-1,-1,0.267659425735474
18,1,5,11,0,0,1,0.486138343811035,-1,-1,1,1,0.36896538734436
18,1,5,12,9,9,1,0.635729551315308,1,1,-1,-1,0.236138343811035
18,1,5,13,-81,81,0,0.652834415435791,1,1,1,1,0.385729551315308
18,1,5,14,81,81,1,0.734579086303711,-1,-1,1,1,0.402834415435791
18,1,5,15,-27,27,0,0.585007905960083,1,1,-1,-1,0.484579086303711
18,1,5,16,27,27,1,0.601001262664795,-1,-1,1,1,0.335007905960083
18,1,5,17,-27,27,0,0.386060476303101,1,1,-1,-1,0.351001262664795
18,1,5,18,81,81,1,0.417652606964111,-1,-1,1,1,0.136060476303101
18,1,5,19,-9,9,1,0.350929021835327,1,1,-1,-1,0.167652606964111
18,1,5,20,-3,3,0,0.402124881744385,-1,1,1,1,0.100929021835327
18,1,5,21,3,3,0,0.384299993515015,-1,-1,1,-1,0.152124881744385
18,1,5,22,-3,3,1,0.567166090011597,1,-1,-1,-1,0.134299993515015
18,1,5,23,-0,0,0,0.400989532470703,-1,1,-1,1,0.317166090011597
18,1,5,24,-3,3,0,0.433858394622803,-1,-1,1,-1,0.150989532470703
18,1,5,25,-3,3,1,0.502801179885864,-1,-1,-1,-1,0.183858394622803
18,1,5,26,27,27,1,0.551553010940552,-1,1,-1,-1,0.252801179885864
18,1,5,27,-81,81,0,0.636146545410156,1,1,1,-1,0.301553010940552
18,1,5,28,9,9,1,0.752681732177734,-1,-1,1,1,0.386146545410156
18,1,5,29,-81,81,0,0.90048885345459,1,1,-1,-1,0.502681732177734
18,1,5,30,27,27,1,0.668077945709229,-1,-1,1,1,0.65048885345459
18,1,5,31,-3,3,0,0.450924873352051,1,1,-1,-1,0.418077945709229
18,1,5,32,3,3,1,0.517653226852417,-1,-1,1,1,0.200924873352051
18,1,5,33,-3,3,0,0.435284614562988,1,1,-1,-1,0.267653226852417
18,1,5,34,27,27,1,0.652283430099487,-1,-1,1,1,0.185284614562988
18,1,5,35,-9,9,0,0.617672681808472,1,1,-1,-1,0.402283430099487
18,1,5,36,27,27,1,0.635014533996582,-1,-1,1,1,0.367672681808472
18,1,5,37,9,9,1,0.501010179519653,1,1,-1,-1,0.385014533996582
18,1,5,38,27,27,1,0.734459400177002,1,1,1,1,0.251010179519653
18,1,5,39,-81,81,0,0.617187738418579,1,1,1,1,0.484459400177002
18,1,5,40,-3,3,1,0.635432720184326,-1,-1,1,1,0.367187738418579
18,1,5,41,-3,3,1,0.300479173660278,-1,1,-1,-1,0.385432720184326
18,1,5,42,27,27,1,0.385195255279541,-1,1,1,-1,0.0504791736602783
18,1,5,43,3,3,0,0.484281539916992,1,1,1,-1,0.135195255279541
18,1,5,44,-81,81,0,0.784266948699951,1,-1,1,1,0.234281539916992
18,1,5,45,-9,9,1,0.600945711135864,-1,-1,-1,1,0.534266948699951
18,1,5,46,81,81,1,0.717137575149536,-1,1,-1,-1,0.350945711135864
18,1,5,47,-9,9,0,0.552456855773926,1,1,1,-1,0.467137575149536
18,1,5,48,3,3,1,0.50096321105957,-1,-1,1,1,0.302456855773926
18,1,5,49,-81,81,0,0.567155361175537,1,1,-1,-1,0.25096321105957
18,1,5,50,27,27,1,0.43382453918457,-1,-1,1,1,0.317155361175537
18,1,5,51,27,27,1,0.533879518508911,1,1,-1,-1,0.18382453918457
18,1,5,52,-27,27,0,0.617683887481689,1,1,1,1,0.283879518508911
18,1,5,53,9,9,1,0.635838508605957,-1,-1,1,1,0.367683887481689
18,1,5,54,-0,0,0,0.584323167800903,1,1,-1,-1,0.385838508605957
18,1,5,55,3,3,1,0.602545976638794,-1,-1,1,1,0.334323167800903
18,1,5,56,-9,9,0,0.467145442962646,1,1,-1,-1,0.352545976638794
18,1,5,57,27,27,1,0.583906888961792,-1,-1,1,1,0.217145442962646
18,1,5,58,0,0,0,0.519728183746338,1,1,-1,-1,0.333906888961792
18,1,5,59,-27,27,0,0.602498769760132,1,-1,1,1,0.269728183746338
18,1,5,60,9,9,1,0.70049786567688,-1,-1,-1,1,0.352498769760132
18,1,5,61,-9,9,1,0.817607164382935,1,1,-1,-1,0.45049786567688
18,1,5,62,9,9,1,0.617674589157104,-1,1,1,1,0.567607164382935
18,1,5,63,-9,9,1,0.600996732711792,1,1,1,-1,0.367674589157104
18,1,5,64,3,3,1,0.56851863861084,-1,1,1,1,0.350996732711792
18,1,5,65,-81,81,0,0.717259407043457,1,1,1,-1,0.31851863861084
18,1,5,66,-0,0,1,0.633815765380859,-1,-1,1,1,0.467259407043457
18,1,5,67,81,81,1,0.751000642776489,-1,1,-1,-1,0.383815765380859
18,1,5,68,9,9,1,0.934433221817017,1,1,1,-1,0.501000642776489
18,1,5,69,-9,9,0,0.535865545272827,1,1,1,1,0.684433221817017
18,1,5,70,9,9,0,0.552086353302002,-1,-1,1,1,0.285865545272827
18,1,5,71,-27,27,0,0.652473449707031,1,-1,-1,-1,0.302086353302002
18,1,5,72,9,9,0,0.519174575805664,-1,-1,-1,1,0.402473449707031
18,1,5,73,9,9,1,0.767636299133301,1,-1,-1,-1,0.269174575805664
18,1,5,74,-3,3,0,0.552510976791382,1,1,-1,1,0.517636299133301
18,1,5,75,81,81,1,0.817640542984009,-1,-1,1,1,0.302510976791382
18,1,5,76,-81,81,0,0.533855676651001,1,1,-1,-1,0.567640542984009
18,1,5,77,81,81,1,0.567588806152344,-1,-1,1,1,0.283855676651001
18,1,5,78,-3,3,0,0.519269466400146,1,1,-1,-1,0.317588806152344
18,1,5,79,0,0,1,0.618735313415527,-1,-1,1,1,0.269269466400146
18,1,5,80,-3,3,0,0.500538349151611,1,1,-1,-1,0.368735313415527
18,1,5,81,81,81,1,0.950939178466797,-1,-1,1,1,0.250538349151611
18,1,5,82,0,0,1,0.618604898452759,1,1,-1,-1,0.700939178466797
18,1,5,83,-81,81,0,0.684364318847656,1,1,1,1,0.368604898452759
18,1,5,84,9,9,1,0.600496530532837,-1,-1,1,1,0.434364318847656
18,1,5,85,9,9,1,0.550473690032959,1,1,-1,-1,0.350496530532837
18,1,5,86,-3,3,1,0.369104385375977,1,1,1,1,0.300473690032959
18,1,5,87,27,27,1,0.683820962905884,-1,1,1,1,0.119104385375977
18,1,5,88,-81,81,0,0.633833646774292,1,1,1,-1,0.433820962905884
18,1,5,89,81,81,1,0.700950622558594,-1,-1,1,1,0.383833646774292
18,1,5,90,-27,27,0,0.484326839447021,1,1,-1,-1,0.450950622558594
18,1,5,91,0,0,1,0.602853775024414,-1,-1,1,1,0.234326839447021
18,1,5,92,3,3,1,0.501891851425171,1,1,-1,-1,0.352853775024414
18,1,5,93,-81,81,0,0.684291362762451,1,1,1,1,0.251891851425171
18,1,5,94,0,0,1,0.584347009658813,-1,-1,1,1,0.434291362762451
18,1,5,95,0,0,0,0.317706346511841,1,1,-1,-1,0.334347009658813
18,1,5,96,9,9,0,0.534415721893311,1,-1,1,1,0.0677063465118408
18,1,5,97,-27,27,0,0.618141174316406,1,-1,-1,1,0.284415721893311
18,1,5,98,-81,81,0,1.11773419380188,-1,-1,-1,1,0.368141174316406
18,1,5,99,27,27,1,0.950519561767578,-1,-1,-1,-1,0.86773419380188
18,1,6,2,-81,81,0,0.501116275787354,-1,-1,-1,1,0.402244329452515
18,1,6,3,-27,27,0,0.567830801010132,-1,-1,-1,-1,0.251116275787354
18,1,6,4,81,81,1,0.569414854049683,-1,-1,-1,-1,0.317830801010132
18,1,6,5,9,9,1,0.500933408737183,1,1,-1,-1,0.319414854049683
18,1,6,6,27,27,1,0.569292783737183,1,1,1,1,0.250933408737183
18,1,6,7,81,81,1,0.567878246307373,1,1,1,1,0.319292783737183
18,1,6,8,3,3,1,0.534285306930542,1,1,1,1,0.317878246307373
18,1,6,9,81,81,1,0.568976879119873,1,1,1,1,0.284285306930542
18,1,6,10,0,0,1,0.519155025482178,1,1,1,1,0.318976879119873
18,1,6,11,-0,0,1,0.668518781661987,1,1,1,1,0.269155025482178
18,1,6,12,9,9,1,0.534361600875854,-1,1,1,1,0.418518781661987
18,1,6,13,0,0,1,0.503283262252808,1,1,1,-1,0.284361600875854
18,1,6,14,0,0,1,0.46793532371521,1,1,1,1,0.253283262252808
18,1,6,15,9,9,1,0.367669820785522,1,1,1,1,0.21793532371521
18,1,6,16,27,27,1,0.385254144668579,1,1,1,1,0.117669820785522
18,1,6,17,-9,9,1,0.4188072681427,1,1,1,1,0.135254144668579
18,1,6,18,-81,81,0,0.402610301971436,-1,1,1,1,0.1688072681427
18,1,6,19,-3,3,0,0.335509300231934,-1,-1,1,-1,0.152610301971436
18,1,6,20,-81,81,0,0.552577972412109,-1,-1,-1,-1,0.0855093002319336
18,1,6,21,-27,27,0,0.584277868270874,-1,-1,-1,-1,0.302577972412109
18,1,6,25,-3,3,1,0.435688495635986,-1,1,-1,-1,0.252839803695679
18,1,6,26,-81,81,0,0.535374402999878,-1,1,1,-1,0.185688495635986
18,1,6,27,-9,9,0,0.352737426757812,-1,-1,1,-1,0.285374402999878
18,1,6,28,-0,0,1,0.3177809715271,-1,-1,-1,-1,0.102737426757812
18,1,6,29,-81,81,0,0.567175626754761,-1,1,-1,-1,0.0677809715270996
18,1,6,30,-81,81,0,0.517664670944214,-1,-1,1,-1,0.317175626754761
18,1,6,31,3,3,0,0.384333848953247,-1,-1,-1,-1,0.267664670944214
18,1,6,32,9,9,1,0.618627548217773,1,-1,-1,-1,0.134333848953247
18,1,6,33,0,0,0,0.533812761306763,1,1,-1,1,0.368627548217773
18,1,6,34,81,81,1,0.552746534347534,1,-1,1,1,0.283812761306763
18,1,6,35,3,3,0,0.267656087875366,1,1,-1,1,0.302746534347534
18,1,6,36,3,3,0,0.568089008331299,1,-1,1,1,0.0176560878753662
18,1,6,37,27,27,1,0.334324359893799,1,-1,-1,1,0.318089008331299
18,1,6,38,3,3,1,0.55097222328186,1,1,-1,1,0.0843243598937988
18,1,6,39,0,0,1,0.501921892166138,1,1,1,1,0.30097222328186
18,1,6,40,81,81,1,1.06788635253906,1,1,1,1,0.251921892166138
18,1,6,41,0,0,0,0.484757423400879,1,1,1,1,0.817886352539062
18,1,6,42,9,9,1,0.784332036972046,1,-1,1,1,0.234757423400879
18,1,6,43,9,9,1,0.768905401229858,1,1,-1,1,0.534332036972046
18,1,6,44,27,27,1,0.601132154464722,1,1,1,1,0.518905401229858
18,1,6,45,3,3,0,0.550964832305908,1,1,1,1,0.351132154464722
18,1,6,46,-27,27,0,0.568783283233643,1,-1,1,1,0.300964832305908
18,1,6,47,-3,3,1,0.467637300491333,-1,-1,-1,1,0.318783283233643
18,1,6,48,-9,9,0,0.551651000976562,-1,1,-1,-1,0.217637300491333
18,1,6,49,-9,9,0,0.45098614692688,-1,-1,1,-1,0.301651000976562
18,1,6,50,-9,9,0,0.552308320999146,-1,-1,-1,-1,0.20098614692688
18,1,6,51,-0,0,0,0.735642433166504,-1,-1,-1,-1,0.302308320999146
18,1,6,52,27,27,1,0.683834552764893,-1,-1,-1,-1,0.485642433166504
18,1,6,53,-9,9,1,0.717149496078491,1,1,-1,-1,0.433834552764893
18,1,6,54,-27,27,1,0.534327983856201,-1,1,1,1,0.467149496078491
18,1,6,55,-3,3,0,0.317602396011353,-1,1,1,-1,0.284327983856201
18,1,6,56,-3,3,0,0.534364700317383,-1,-1,1,-1,0.0676023960113525
18,1,6,57,81,81,1,0.585749864578247,-1,-1,-1,-1,0.284364700317383
18,1,6,58,3,3,0,0.502322435379028,1,1,-1,-1,0.335749864578247
18,1,6,59,81,81,1,0.801116466522217,1,-1,1,1,0.252322435379028
18,1,6,60,27,27,1,0.585931062698364,1,1,-1,1,0.551116466522217
18,1,6,61,9,9,1,0.585777759552002,1,1,1,1,0.335931062698364
18,1,6,62,9,9,1,0.635836124420166,1,1,1,1,0.335777759552002
18,1,6,63,0,0,1,0.502020835876465,1,1,1,1,0.385836124420166
18,1,6,64,81,81,1,0.636078596115112,1,1,1,1,0.252020835876465
18,1,6,65,3,3,0,0.533812999725342,1,1,1,1,0.386078596115112
18,1,6,66,27,27,1,0.668621778488159,1,-1,1,1,0.283812999725342
18,1,6,67,-0,0,1,0.50049352645874,1,1,-1,1,0.418621778488159
18,1,6,68,-9,9,0,0.534276008605957,-1,1,1,1,0.25049352645874
18,1,6,69,-81,81,0,0.634252548217773,-1,-1,1,-1,0.284276008605957
18,1,6,70,27,27,1,0.652691841125488,-1,-1,-1,-1,0.384252548217773
18,1,6,71,-9,9,0,0.552764177322388,1,1,-1,-1,0.402691841125488
18,1,6,72,-9,9,0,0.833795785903931,-1,-1,1,1,0.302764177322388
18,1,6,73,-81,81,0,0.585099935531616,-1,-1,-1,-1,0.583795785903931
18,1,6,74,-9,9,0,0.585267543792725,-1,-1,-1,-1,0.335099935531616
18,1,6,75,-27,27,0,0.435552835464478,-1,-1,-1,-1,0.335267543792725
18,1,6,76,-3,3,0,0.451043128967285,-1,-1,-1,-1,0.185552835464478
18,1,6,77,-3,3,0,0.502625703811646,-1,-1,-1,-1,0.201043128967285
18,1,6,78,-3,3,0,0.467134952545166,-1,-1,-1,-1,0.252625703811646
18,1,6,79,-27,27,0,0.419250965118408,-1,-1,-1,-1,0.217134952545166
18,1,6,80,-27,27,0,0.450535297393799,-1,-1,-1,-1,0.169250965118408
18,1,6,81,-81,81,0,0.500985145568848,-1,-1,-1,-1,0.200535297393799
18,1,6,82,27,27,1,0.435885429382324,-1,-1,-1,-1,0.250985145568848
18,1,6,83,9,9,1,0.567832231521606,1,1,-1,-1,0.185885429382324
18,1,6,84,27,27,1,0.53572416305542,1,1,1,1,0.317832231521606
18,1,6,85,3,3,1,0.51895809173584,1,1,1,1,0.28572416305542
18,1,6,86,3,3,1,0.651195049285889,1,1,1,1,0.26895809173584
18,1,6,87,27,27,1,0.335325002670288,1,1,1,1,0.401195049285889
18,1,6,88,-27,27,0,0.5360426902771,1,1,1,1,0.0853250026702881
18,1,6,89,-27,27,0,0.384375333786011,-1,-1,1,1,0.2860426902771
18,1,6,90,3,3,1,0.551180362701416,-1,-1,-1,-1,0.134375333786011
18,1,6,91,81,81,1,0.735953807830811,1,1,-1,-1,0.301180362701416
18,1,6,92,81,81,1,0.619023561477661,1,1,1,1,0.485953807830811
18,1,6,93,81,81,1,0.567188262939453,1,1,1,1,0.369023561477661
18,1,6,94,27,27,1,0.568671941757202,1,1,1,1,0.317188262939453
18,1,6,95,81,81,1,0.935288429260254,1,1,1,1,0.318671941757202
18,1,6,96,9,9,1,0.6854567527771,1,1,1,1,0.685288429260254
18,1,6,97,27,27,1,0.551948308944702,1,1,1,1,0.4354567527771
18,1,6,98,3,3,1,0.535640716552734,1,1,1,1,0.301948308944702
18,1,6,99,9,9,0,0.267650127410889,1,1,1,1,0.285640716552734
18,2,1,2,-27,27,0,0.583832025527954,-1,1,-1,1,0.750794172286987
18,2,1,3,-9,9,0,0.63384222984314,-1,-1,1,-1,0.333832025527954
18,2,1,4,-27,27,0,0.567236185073853,-1,-1,-1,-1,0.38384222984314
18,2,1,5,-81,81,0,0.50051736831665,-1,-1,-1,-1,0.317236185073853
18,2,1,6,-27,27,0,0.600528240203857,-1,-1,-1,-1,0.25051736831665
18,2,1,7,-3,3,0,0.533809185028076,-1,-1,-1,-1,0.350528240203857
18,2,1,8,27,27,0,0.584269523620605,-1,-1,-1,-1,0.283809185028076
18,2,1,9,-3,3,0,0.551711320877075,1,-1,-1,-1,0.334269523620605
18,2,1,10,9,9,1,0.60100245475769,-1,-1,-1,1,0.301711320877075
18,2,1,11,-0,0,1,0.467176198959351,1,1,-1,-1,0.35100245475769
18,2,1,12,-27,27,0,0.417176485061646,-1,1,1,1,0.217176198959351
18,2,1,13,-3,3,0,0.500507831573486,-1,-1,1,-1,0.167176485061646
18,2,1,14,-0,0,0,0.550987720489502,-1,-1,-1,-1,0.250507831573486
18,2,1,15,-0,0,1,0.500954389572144,-1,-1,-1,-1,0.300987720489502
18,2,1,16,-27,27,0,0.317638635635376,-1,1,-1,-1,0.250954389572144
18,2,1,17,-81,81,0,0.500958204269409,-1,-1,1,-1,0.067638635635376
18,2,1,18,-3,3,0,0.533827304840088,-1,-1,-1,-1,0.250958204269409
18,2,1,19,-81,81,0,0.550577402114868,-1,-1,-1,-1,0.283827304840088
18,2,1,20,-0,0,1,0.467196226119995,-1,-1,-1,-1,0.300577402114868
18,2,1,21,-9,9,0,0.500568151473999,-1,1,-1,-1,0.217196226119995
18,2,1,22,-81,81,0,0.485145568847656,-1,-1,1,-1,0.250568151473999
18,2,1,23,81,81,1,0.35149621963501,-1,-1,-1,-1,0.235145568847656
18,2,1,24,-81,81,0,0.267186641693115,1,1,-1,-1,0.10149621963501
18,2,1,28,81,81,1,0.517188549041748,1,-1,1,1,0.217645168304443
18,2,1,29,81,81,1,0.650507688522339,1,1,-1,1,0.267188549041748
18,2,1,30,-27,27,0,0.433857202529907,1,1,1,1,0.400507688522339
18,2,1,31,-3,3,1,0.384316205978394,-1,-1,1,1,0.183857202529907
18,2,1,32,9,9,0,0.367185354232788,-1,1,-1,-1,0.134316205978394
18,2,1,33,9,9,1,0.533820867538452,1,-1,1,-1,0.117185354232788
18,2,1,34,27,27,1,0.500531911849976,1,1,-1,1,0.283820867538452
18,2,1,35,-9,9,0,0.517265319824219,1,1,1,1,0.250531911849976
18,2,1,43,9,9,0,0.517680406570435,1,1,1,1,0.584481954574585
18,2,1,44,27,27,1,0.583880424499512,1,-1,1,1,0.267680406570435
18,2,1,45,-9,9,1,0.484829187393188,1,1,-1,1,0.333880424499512
18,2,1,46,-3,3,0,0.500488042831421,-1,1,1,1,0.234829187393188
18,2,1,47,-81,81,0,0.567224025726318,-1,-1,1,-1,0.250488042831421
18,2,1,48,-3,3,0,0.40092921257019,-1,-1,-1,-1,0.317224025726318
18,2,1,49,27,27,0,0.467178344726562,-1,-1,-1,-1,0.15092921257019
18,2,1,50,3,3,1,0.283844709396362,1,-1,-1,-1,0.217178344726562
18,2,1,51,0,0,1,0.334316253662109,1,1,-1,1,0.0338447093963623
18,2,1,52,27,27,1,0.584830284118652,1,1,1,1,0.0843162536621094
18,2,1,53,-81,81,0,0.583844661712646,1,1,1,1,0.334830284118652
18,2,1,54,-3,3,1,0.517192840576172,-1,-1,1,1,0.333844661712646
18,2,1,55,-27,27,0,0.868652820587158,-1,1,-1,-1,0.267192840576172
18,2,1,56,-3,3,1,0.81725549697876,-1,-1,1,-1,0.618652820587158
18,2,1,57,-9,9,0,0.484317302703857,-1,1,-1,-1,0.56725549697876
18,2,1,58,-81,81,0,0.617640018463135,-1,-1,1,-1,0.234317302703857
18,2,1,59,81,81,1,0.567250728607178,-1,-1,-1,-1,0.367640018463135
18,2,1,60,-27,27,0,0.550988674163818,1,1,-1,-1,0.317250728607178
18,2,1,61,-9,9,1,0.600945234298706,-1,-1,1,1,0.300988674163818
18,2,1,62,-81,81,0,0.867180347442627,-1,1,-1,-1,0.350945234298706
18,2,1,63,-9,9,0,0.484321355819702,-1,-1,1,-1,0.617180347442627
18,2,1,64,-0,0,0,0.367598295211792,-1,-1,-1,-1,0.234321355819702
18,2,1,65,-27,27,0,0.534332513809204,-1,-1,-1,-1,0.117598295211792
18,2,1,66,3,3,1,0.450995683670044,-1,-1,-1,-1,0.284332513809204
18,2,1,67,27,27,1,0.567206144332886,1,1,-1,-1,0.200995683670044
18,2,1,68,3,3,0,0.484363317489624,1,1,1,1,0.317206144332886
18,2,1,69,-3,3,1,0.417176485061646,1,-1,1,1,0.234363317489624
18,2,1,70,-27,27,0,0.583828210830688,-1,1,-1,1,0.167176485061646
18,2,1,71,-27,27,0,0.600521326065063,-1,-1,1,-1,0.333828210830688
18,2,1,72,-9,9,1,0.550547361373901,-1,-1,-1,-1,0.350521326065063
18,2,1,73,-27,27,0,0.533869743347168,-1,1,-1,-1,0.300547361373901
18,2,1,74,-9,9,0,0.417860269546509,-1,-1,1,-1,0.283869743347168
18,2,1,75,-3,3,1,0.550525426864624,-1,-1,-1,-1,0.167860269546509
18,2,1,76,81,81,1,0.568565368652344,-1,1,-1,-1,0.300525426864624
18,2,1,77,27,27,0,0.317205190658569,1,1,1,-1,0.318565368652344
18,2,1,78,81,81,1,0.90204381942749,1,-1,1,1,0.0672051906585693
18,2,1,79,9,9,1,0.617597103118896,1,1,-1,1,0.65204381942749
18,2,1,80,9,9,1,0.3509202003479,1,1,1,1,0.367597103118896
18,2,1,81,81,81,1,0.800534725189209,1,1,1,1,0.1009202003479
18,2,1,82,-9,9,0,0.550500392913818,1,1,1,1,0.550534725189209
18,2,1,83,-0,0,1,0.483812093734741,-1,-1,1,1,0.300500392913818
18,2,1,84,9,9,1,0.350495576858521,-1,1,-1,-1,0.233812093734741
18,2,1,85,9,9,1,0.502065181732178,1,1,1,-1,0.100495576858521
18,2,1,86,9,9,1,0.31721019744873,1,1,1,1,0.252065181732178
18,2,1,87,-81,81,0,0.533860445022583,1,1,1,1,0.0672101974487305
18,2,1,88,-27,27,0,0.483897686004639,-1,-1,1,1,0.283860445022583
18,2,1,89,-81,81,0,0.567161083221436,-1,-1,-1,-1,0.233897686004639
18,2,1,90,3,3,1,0.467209815979004,-1,-1,-1,-1,0.317161083221436
18,2,1,91,-3,3,0,0.301403284072876,1,1,-1,-1,0.217209815979004
18,2,1,92,-9,9,1,0.500526189804077,-1,-1,1,1,0.051403284072876
18,2,1,93,-27,27,0,0.451797485351562,-1,1,-1,-1,0.250526189804077
18,2,1,94,-3,3,1,0.53537654876709,-1,-1,1,-1,0.201797485351562
18,2,1,95,-81,81,0,0.583929300308228,-1,1,-1,-1,0.28537654876709
18,2,1,96,-27,27,0,0.385006189346313,-1,-1,1,-1,0.333929300308228
18,2,1,97,-81,81,0,0.667206048965454,-1,-1,-1,-1,0.135006189346313
18,2,1,98,3,3,0,0.833895206451416,-1,-1,-1,-1,0.417206048965454
18,2,1,99,0,0,0,0.583867788314819,1,-1,-1,-1,0.583895206451416
18,2,2,2,27,27,1,0.617172718048096,-1,-1,1,-1,0.317862510681152
18,2,2,3,9,9,1,0.567209482192993,1,1,-1,-1,0.367172718048096
18,2,2,4,-27,27,0,0.434335470199585,1,1,1,1,0.317209482192993
18,2,2,5,9,9,0,0.451890468597412,-1,-1,1,1,0.184335470199585
18,2,2,6,0,0,0,0.567690134048462,1,-1,-1,-1,0.201890468597412
18,2,2,7,-81,81,0,0.917196273803711,1,-1,-1,1,0.317690134048462
18,2,2,8,27,27,1,0.600942134857178,-1,-1,-1,1,0.667196273803711
18,2,2,9,-27,27,0,0.417190313339233,1,1,-1,-1,0.350942134857178
18,2,2,10,27,27,1,0.634330272674561,-1,-1,1,1,0.167190313339233
18,2,2,11,-3,3,1,0.467813730239868,1,1,-1,-1,0.384330272674561
18,2,2,12,9,9,0,0.30055570602417,-1,1,1,1,0.217813730239868
18,2,2,13,-0,0,1,0.650916576385498,1,-1,1,-1,0.0505557060241699
18,2,2,14,81,81,1,0.651019334793091,-1,1,-1,1,0.400916576385498
18,2,2,15,-9,9,0,0.400525569915771,1,1,1,-1,0.401019334793091
18,2,2,16,-3,3,1,0.383800506591797,-1,-1,1,1,0.150525569915771
18,2,2,17,3,3,0,0.40098762512207,-1,1,-1,-1,0.133800506591797
18,2,2,18,-0,0,0,0.30101466178894,1,-1,1,-1,0.15098762512207
18,2,2,19,9,9,1,0.35091233253479,-1,-1,-1,1,0.0510146617889404
18,2,2,20,-81,81,0,0.517655372619629,1,1,-1,-1,0.10091233253479
18,2,2,21,27,27,1,0.417683362960815,-1,-1,1,1,0.267655372619629
18,2,2,22,-9,9,1,0.367227554321289,1,1,-1,-1,0.167683362960815
18,2,2,23,-81,81,0,0.517162561416626,-1,1,1,1,0.117227554321289
18,2,2,24,0,0,1,0.400508880615234,-1,-1,1,-1,0.267162561416626
18,2,2,25,-3,3,0,0.400472164154053,1,1,-1,-1,0.150508880615234
18,2,2,26,-9,9,0,0.268741369247437,-1,-1,1,1,0.150472164154053
18,2,2,27,27,27,1,0.450534582138062,-1,-1,-1,-1,0.0187413692474365
18,2,2,28,-3,3,0,0.500484466552734,1,1,-1,-1,0.200534582138062
18,2,2,29,3,3,0,0.46768856048584,-1,-1,1,1,0.250484466552734
18,2,2,30,-81,81,0,0.517188549041748,1,-1,-1,-1,0.21768856048584
18,2,2,31,81,81,1,0.552138328552246,-1,-1,-1,1,0.267188549041748
18,2,2,32,9,9,1,0.533825159072876,1,1,-1,-1,0.302138328552246
18,2,2,33,-3,3,0,0.434299230575562,1,1,1,1,0.283825159072876
18,2,2,34,27,27,1,0.500531196594238,-1,-1,1,1,0.184299230575562
18,2,2,35,-9,9,0,0.384312152862549,1,1,-1,-1,0.250531196594238
18,2,2,36,81,81,1,0.550542831420898,-1,-1,1,1,0.134312152862549
18,2,2,41,-0,0,1,0.533796072006226,-1,-1,-1,-1,0.150539398193359
18,2,2,42,-3,3,0,0.567192554473877,-1,1,-1,-1,0.283796072006226
18,2,2,43,81,81,1,0.600509643554688,-1,-1,1,-1,0.317192554473877
18,2,2,44,-9,9,1,0.533808469772339,1,1,-1,-1,0.350509643554688
18,2,2,45,81,81,1,0.684277296066284,-1,1,1,1,0.283808469772339
18,2,2,46,-9,9,0,0.317666292190552,1,1,1,-1,0.434277296066284
18,2,2,47,3,3,0,0.350938320159912,-1,-1,1,1,0.0676662921905518
18,2,2,48,-0,0,0,0.43487548828125,1,-1,-1,-1,0.100938320159912
18,2,2,49,-81,81,0,0.484344482421875,-1,-1,-1,1,0.18487548828125
18,2,2,50,9,9,0,0.318347215652466,-1,-1,-1,-1,0.234344482421875
18,2,2,51,-27,27,0,0.517177581787109,1,-1,-1,-1,0.0683472156524658
18,2,2,52,3,3,1,0.367177248001099,-1,-1,-1,1,0.267177581787109
18,2,2,53,-3,3,1,0.383818387985229,1,1,-1,-1,0.117177248001099
18,2,2,54,27,27,1,0.833831787109375,-1,1,1,1,0.133818387985229
18,2,2,55,-9,9,0,0.500576496124268,1,1,1,-1,0.583831787109375
18,2,2,56,27,27,1,0.635036468505859,-1,-1,1,1,0.250576496124268
18,2,2,57,-9,9,0,0.400495767593384,1,1,-1,-1,0.385036468505859
18,2,2,58,-9,9,0,0.351539373397827,-1,-1,1,1,0.150495767593384
18,2,2,59,27,27,1,0.350533723831177,-1,-1,-1,-1,0.101539373397827
18,2,2,60,-0,0,1,0.334327459335327,1,1,-1,-1,0.100533723831177
18,2,2,61,81,81,1,0.617832660675049,-1,1,1,1,0.0843274593353271
18,2,2,62,-27,27,0,0.450535535812378,1,1,1,-1,0.367832660675049
18,2,2,63,27,27,1,0.533839225769043,-1,-1,1,1,0.200535535812378
18,2,2,64,-9,9,1,0.433821201324463,1,1,-1,-1,0.283839225769043
18,2,2,65,3,3,0,0.284282445907593,-1,1,1,1,0.183821201324463
18,2,2,66,-81,81,0,0.700924158096313,1,-1,1,-1,0.0342824459075928
18,2,2,67,81,81,1,0.584309577941895,-1,-1,-1,1,0.450924158096313
18,2,2,68,-27,27,0,0.450537443161011,1,1,-1,-1,0.334309577941895
18,2,2,69,0,0,1,0.567181348800659,-1,-1,1,1,0.200537443161011
18,2,2,70,81,81,1,0.550951242446899,1,1,-1,-1,0.317181348800659
18,2,2,71,-3,3,0,0.383816957473755,1,1,1,1,0.300951242446899
18,2,2,72,0,0,0,0.318463563919067,-1,-1,1,1,0.133816957473755
18,2,2,73,-27,27,0,0.634384632110596,1,-1,-1,-1,0.0684635639190674
18,2,2,74,27,27,1,0.334320545196533,-1,-1,-1,1,0.384384632110596
18,2,2,75,-9,9,0,0.350513458251953,1,1,-1,-1,0.0843205451965332
18,2,2,76,81,81,1,0.517149209976196,-1,-1,1,1,0.100513458251953
18,2,2,77,-9,9,0,0.433835029602051,1,1,-1,-1,0.267149209976196
18,2,2,78,3,3,0,0.450914144515991,-1,-1,1,1,0.183835029602051
18,2,2,79,-0,0,1,0.434334754943848,1,-1,-1,-1,0.200914144515991
18,2,2,80,3,3,1,0.450553417205811,-1,1,-1,1,0.184334754943848
18,2,2,81,-9,9,0,0.333922386169434,1,1,1,-1,0.200553417205811
18,2,2,82,81,81,1,0.567176580429077,-1,-1,1,1,0.0839223861694336
18,2,2,83,81,81,1,0.467158317565918,1,1,-1,-1,0.317176580429077
18,2,2,84,-81,81,0,0.500537395477295,1,1,1,1,0.217158317565918
18,2,2,85,-0,0,0,0.584286451339722,-1,-1,1,1,0.250537395477295
18,2,2,86,27,27,1,0.434315204620361,-1,-1,-1,-1,0.334286451339722
18,2,2,87,-3,3,0,0.283913612365723,1,1,-1,-1,0.184315204620361
18,2,2,88,-27,27,0,0.38383960723877,-1,-1,1,1,0.0339136123657227
18,2,2,89,-81,81,0,0.450509071350098,-1,-1,-1,-1,0.13383960723877
18,2,2,90,-81,81,0,0.533857345581055,-1,-1,-1,-1,0.200509071350098
18,2,2,91,9,9,1,0.484245300292969,-1,-1,-1,-1,0.283857345581055
18,2,2,92,-3,3,1,0.31721830368042,1,1,-1,-1,0.234245300292969
18,2,2,93,3,3,0,0.334264278411865,-1,1,1,1,0.0672183036804199
18,2,2,94,-9,9,1,0.350988626480103,1,-1,1,-1,0.0842642784118652
18,2,2,95,81,81,1,0.533871412277222,-1,1,-1,1,0.100988626480103
18,2,2,96,-3,3,1,0.568293809890747,1,1,1,-1,0.283871412277222
18,2,2,97,3,3,0,0.401515960693359,-1,1,1,1,0.318293809890747
18,2,2,98,-27,27,0,0.33427095413208,1,-1,1,-1,0.151515960693359
18,2,2,99,-9,9,1,0.384317398071289,-1,-1,-1,1,0.0842709541320801
18,2,3,2,-9,9,1,0.618568181991577,1,1,1,1,0.367887496948242
18,2,3,7,9,9,0,0.467838048934937,1,1,1,1,0.317196130752563
18,2,3,8,-3,3,1,0.367141246795654,1,-1,1,1,0.217838048934937
18,2,3,15,-81,81,0,0.683866262435913,1,-1,1,1,0.217265367507935
18,2,3,16,81,81,1,0.600464105606079,-1,-1,-1,1,0.433866262435913
18,2,3,17,9,9,0,0.500508785247803,1,1,-1,-1,0.350464105606079
18,2,3,18,27,27,1,0.600481986999512,1,-1,1,1,0.250508785247803
18,2,3,19,27,27,1,0.6171715259552,1,1,-1,1,0.350481986999512
18,2,3,20,-81,81,0,0.517180442810059,1,1,1,1,0.3671715259552
18,2,3,21,3,3,1,0.583829164505005,-1,-1,1,1,0.267180442810059
18,2,3,22,-9,9,1,0.500494241714478,1,1,-1,-1,0.333829164505005
18,2,3,23,3,3,1,0.500945568084717,-1,1,1,1,0.250494241714478
18,2,3,24,-81,81,0,0.567169189453125,1,1,1,-1,0.250945568084717
18,2,3,25,81,81,1,0.500495195388794,-1,-1,1,1,0.317169189453125
18,2,3,26,-81,81,0,0.683833122253418,1,1,-1,-1,0.250495195388794
18,2,3,27,-27,27,0,0.433887481689453,-1,-1,1,1,0.433833122253418
18,2,3,28,-81,81,0,0.500587463378906,-1,-1,-1,-1,0.183887481689453
18,2,3,29,9,9,1,0.484724521636963,-1,-1,-1,-1,0.250587463378906
18,2,3,30,-9,9,0,0.417591094970703,1,1,-1,-1,0.234724521636963
18,2,3,31,3,3,0,0.501290559768677,-1,-1,1,1,0.167591094970703
18,2,3,32,-0,0,1,0.417624235153198,1,-1,-1,-1,0.251290559768677
18,2,3,33,-27,27,0,0.501817226409912,-1,1,-1,1,0.167624235153198
18,2,3,34,81,81,1,0.600540161132812,-1,-1,1,-1,0.251817226409912
18,2,3,35,81,81,1,0.533831596374512,1,1,-1,-1,0.350540161132812
18,2,3,36,9,9,1,0.500522375106812,1,1,1,1,0.283831596374512
18,2,3,37,-27,27,0,0.417654991149902,1,1,1,1,0.250522375106812
18,2,3,38,-0,0,1,0.483901262283325,-1,-1,1,1,0.167654991149902
18,2,3,39,-27,27,0,0.400988340377808,-1,1,-1,-1,0.233901262283325
18,2,3,40,-9,9,0,0.450987339019775,-1,-1,1,-1,0.150988340377808
18,2,3,41,0,0,1,0.434477090835571,-1,-1,-1,-1,0.200987339019775
18,2,3,42,27,27,1,0.567207098007202,1,1,-1,-1,0.184477090835571
18,2,3,43,-27,27,0,0.783843040466309,1,1,1,1,0.317207098007202
18,2,3,44,-27,27,0,0.500542402267456,-1,-1,1,1,0.533843040466309
18,2,3,45,3,3,1,0.483813047409058,-1,-1,-1,-1,0.250542402267456
18,2,3,46,-27,27,0,0.484350442886353,1,1,-1,-1,0.233813047409058
18,2,3,47,-0,0,0,0.584385633468628,-1,-1,1,1,0.234350442886353
18,2,3,48,81,81,1,0.70056676864624,-1,-1,-1,-1,0.334385633468628
18,2,3,49,27,27,1,0.602355241775513,1,1,-1,-1,0.45056676864624
18,2,3,50,0,0,1,0.434758186340332,1,1,1,1,0.352355241775513
18,2,3,51,-3,3,0,0.35048508644104,1,1,1,1,0.184758186340332
18,2,3,52,3,3,0,0.483858823776245,-1,-1,1,1,0.10048508644104
18,2,3,53,-3,3,0,0.351475238800049,1,-1,-1,-1,0.233858823776245
18,2,3,54,-9,9,1,0.385011196136475,-1,-1,-1,1,0.101475238800049
18,2,3,55,0,0,0,0.383842945098877,-1,1,-1,-1,0.135011196136475
18,2,3,56,-81,81,0,0.717196702957153,1,-1,1,-1,0.133842945098877
18,2,3,57,81,81,1,0.533855438232422,-1,-1,-1,1,0.467196702957153
18,2,3,58,-27,27,0,0.383862257003784,1,1,-1,-1,0.283855438232422
18,2,3,59,-0,0,1,0.434296131134033,-1,-1,1,1,0.133862257003784
18,2,3,60,9,9,1,0.567196607589722,-1,1,-1,-1,0.184296131134033
18,2,3,61,27,27,1,0.433808088302612,1,1,1,-1,0.317196607589722
18,2,3,62,3,3,1,0.534335613250732,1,1,1,1,0.183808088302612
18,2,3,63,-3,3,1,0.501002550125122,1,1,1,1,0.284335613250732
18,2,3,64,-81,81,0,0.583873271942139,-1,1,1,1,0.251002550125122
18,2,3,65,-81,81,0,0.468108654022217,-1,-1,1,-1,0.333873271942139
18,2,3,66,-9,9,1,0.401390552520752,-1,-1,-1,-1,0.218108654022217
18,2,3,67,-27,27,0,0.417634248733521,-1,1,-1,-1,0.151390552520752
18,2,3,68,27,27,1,0.417179584503174,-1,-1,1,-1,0.167634248733521
18,2,3,69,81,81,1,0.617151021957397,1,1,-1,-1,0.167179584503174
18,2,3,70,27,27,1,0.350938081741333,1,1,1,1,0.367151021957397
18,2,3,71,0,0,1,0.550576210021973,1,1,1,1,0.100938081741333
18,2,3,72,-3,3,1,0.4171462059021,1,1,1,1,0.300576210021973
18,2,3,73,81,81,1,0.517195701599121,-1,1,1,1,0.1671462059021
18,2,3,74,3,3,1,0.484901428222656,1,1,1,-1,0.267195701599121
18,2,3,75,-9,9,1,0.500513076782227,1,1,1,1,0.234901428222656
18,2,3,80,27,27,1,0.501896381378174,-1,1,-1,-1,0.218072652816772
18,2,3,81,-3,3,0,0.301977634429932,1,1,1,-1,0.251896381378174
18,2,3,82,-3,3,1,0.383845329284668,-1,-1,1,1,0.0519776344299316
18,2,3,83,3,3,0,0.383863687515259,-1,1,-1,-1,0.133845329284668
18,2,3,84,81,81,1,0.650996208190918,1,-1,1,-1,0.133863687515259
18,2,3,85,27,27,1,0.517922401428223,1,1,-1,1,0.400996208190918
18,2,3,86,81,81,1,0.650491237640381,1,1,1,1,0.267922401428223
18,2,3,87,81,81,1,0.43388843536377,1,1,1,1,0.400491237640381
18,2,3,88,-9,9,1,0.417167663574219,1,1,1,1,0.18388843536377
18,2,3,89,27,27,1,0.350511312484741,-1,1,1,1,0.167167663574219
18,2,3,90,-9,9,0,0.300524711608887,1,1,1,-1,0.100511312484741
18,2,3,91,-9,9,0,0.283841133117676,-1,-1,1,1,0.0505247116088867
18,2,3,92,-9,9,1,0.367638826370239,-1,-1,-1,-1,0.0338411331176758
18,2,3,93,27,27,1,0.534771203994751,-1,1,-1,-1,0.117638826370239
18,2,3,94,27,27,1,0.500523567199707,1,1,1,-1,0.284771203994751
18,2,3,95,3,3,1,0.533871412277222,1,1,1,1,0.250523567199707
18,2,3,96,9,9,1,0.517204761505127,1,1,1,1,0.283871412277222
18,2,3,97,9,9,0,0.417216539382935,1,1,1,1,0.267204761505127
18,2,3,98,-3,3,1,0.350986480712891,1,-1,1,1,0.167216539382935
18,2,3,99,81,81,1,0.617196559906006,-1,1,-1,1,0.100986480712891
18,2,4,2,-3,3,0,0.417187213897705,1,1,-1,-1,0.317893266677856
18,2,4,3,-81,81,0,0.367176532745361,-1,-1,1,1,0.167187213897705
18,2,4,4,3,3,1,0.367677927017212,-1,-1,-1,-1,0.117176532745361
18,2,4,5,-27,27,0,0.368236303329468,1,1,-1,-1,0.117677927017212
18,2,4,6,-3,3,1,0.43391227722168,-1,-1,1,1,0.118236303329468
18,2,4,7,-9,9,0,0.384288311004639,-1,1,-1,-1,0.18391227722168
18,2,4,8,27,27,1,0.383913040161133,-1,-1,1,-1,0.134288311004639
18,2,4,9,-0,0,0,0.401535034179688,1,1,-1,-1,0.133913040161133
18,2,4,10,-9,9,0,0.433834791183472,-1,-1,1,1,0.151535034179688
18,2,4,11,-3,3,0,0.467628002166748,-1,-1,-1,-1,0.183834791183472
18,2,4,12,-27,27,0,0.551889657974243,-1,-1,-1,-1,0.217628002166748
18,2,4,13,27,27,1,0.450538635253906,-1,-1,-1,-1,0.301889657974243
18,2,4,14,-27,27,0,0.583801746368408,1,1,-1,-1,0.200538635253906
18,2,4,15,81,81,1,0.433865308761597,-1,-1,1,1,0.333801746368408
18,2,4,16,81,81,1,0.517227172851562,1,1,-1,-1,0.183865308761597
18,2,4,17,-27,27,0,0.36766529083252,1,1,1,1,0.267227172851562
18,2,4,18,27,27,1,0.41765832901001,-1,-1,1,1,0.11766529083252
18,2,4,19,-0,0,0,0.250981569290161,1,1,-1,-1,0.16765832901001
18,2,4,20,9,9,1,0.567176342010498,-1,-1,1,1,0.000981569290161133
18,2,4,21,-9,9,0,0.567209720611572,1,1,-1,-1,0.317176342010498
18,2,4,22,27,27,1,0.367254257202148,-1,-1,1,1,0.317209720611572
18,2,4,23,-9,9,0,0.650915145874023,1,1,-1,-1,0.117254257202148
18,2,4,24,3,3,0,0.368313074111938,-1,-1,1,1,0.400915145874023
18,2,4,25,-81,81,0,0.567151069641113,1,-1,-1,-1,0.118313074111938
18,2,4,26,81,81,1,0.500528335571289,-1,-1,-1,1,0.317151069641113
18,2,4,27,3,3,0,0.517220735549927,1,1,-1,-1,0.250528335571289
18,2,4,28,-3,3,1,0.60053539276123,1,-1,1,1,0.267220735549927
18,2,4,33,-3,3,0,0.33383321762085,1,1,-1,-1,0.167176723480225
18,2,4,34,-27,27,0,0.533843755722046,-1,-1,1,1,0.0838332176208496
18,2,4,35,0,0,0,0.350958347320557,-1,-1,-1,-1,0.283843755722046
18,2,4,36,-81,81,0,0.633853197097778,1,-1,-1,-1,0.100958347320557
18,2,4,37,9,9,1,0.434313058853149,-1,-1,-1,1,0.383853197097778
18,2,4,38,-27,27,0,0.433863878250122,1,1,-1,-1,0.184313058853149
18,2,4,39,9,9,1,0.483833789825439,-1,-1,1,1,0.183863878250122
18,2,4,40,-81,81,0,0.517173290252686,1,1,-1,-1,0.233833789825439
18,2,4,41,3,3,1,0.750502824783325,-1,-1,1,1,0.267173290252686
18,2,4,42,-9,9,1,0.58431339263916,1,1,-1,-1,0.500502824783325
18,2,4,43,27,27,1,0.783853530883789,-1,1,1,1,0.33431339263916
18,2,4,44,-0,0,0,0.334304332733154,1,1,1,-1,0.533853530883789
18,2,4,45,9,9,1,0.467632532119751,-1,-1,1,1,0.0843043327331543
18,2,4,46,-27,27,0,0.450510501861572,1,1,-1,-1,0.217632532119751
18,2,4,47,81,81,1,0.585179328918457,-1,-1,1,1,0.200510501861572
18,2,4,48,-3,3,1,0.417179346084595,1,1,-1,-1,0.335179328918457
18,2,4,49,3,3,0,0.300965547561646,-1,1,1,1,0.167179346084595
18,2,4,50,-81,81,0,0.484583139419556,1,-1,1,-1,0.0509655475616455
18,2,4,51,3,3,0,0.335549592971802,-1,-1,-1,1,0.234583139419556
18,2,4,52,0,0,1,0.450942277908325,1,-1,-1,-1,0.0855495929718018
18,2,4,53,-27,27,1,0.451890230178833,1,1,-1,1,0.200942277908325
18,2,4,54,27,27,1,0.367191314697266,-1,1,1,1,0.201890230178833
18,2,4,55,-3,3,1,0.433796167373657,1,1,1,-1,0.117191314697266
18,2,4,56,27,27,1,0.250996828079224,-1,1,1,1,0.183796167373657
18,2,4,57,-9,9,1,0.284309387207031,1,1,1,-1,0.000996828079223633
18,2,4,62,81,81,1,0.517696619033813,1,1,1,-1,0.250525236129761
18,2,4,63,-81,81,0,0.517276287078857,1,1,1,1,0.267696619033813
18,2,4,64,9,9,1,0.467970609664917,-1,-1,1,1,0.267276287078857
18,2,4,65,-3,3,1,0.383806943893433,1,1,-1,-1,0.217970609664917
18,2,4,66,-81,81,0,0.550534248352051,-1,1,1,1,0.133806943893433
18,2,4,67,81,81,1,0.500545740127563,-1,-1,1,-1,0.300534248352051
18,2,4,68,-27,27,0,0.584941148757935,1,1,-1,-1,0.250545740127563
18,2,4,73,-9,9,0,0.450538158416748,1,1,-1,1,0.250497102737427
18,2,4,74,9,9,1,0.48381519317627,-1,-1,1,1,0.200538158416748
18,2,4,78,27,27,1,0.533811807632446,-1,-1,-1,1,0.267181396484375
18,2,4,79,-9,9,1,0.667173385620117,1,1,-1,-1,0.283811807632446
18,2,4,80,-27,27,0,0.433848142623901,-1,1,1,1,0.417173385620117
18,2,4,81,3,3,1,0.450474262237549,-1,-1,1,-1,0.183848142623901
18,2,4,82,-81,81,0,0.550478219985962,1,1,-1,-1,0.200474262237549
18,2,4,83,81,81,1,0.534338235855103,-1,-1,1,1,0.300478219985962
18,2,4,84,3,3,0,0.300953388214111,1,1,-1,-1,0.284338235855103
18,2,4,85,27,27,1,0.30047607421875,1,-1,1,1,0.0509533882141113
18,2,4,86,81,81,1,0.767167329788208,1,1,-1,1,0.05047607421875
18,2,4,87,9,9,1,0.868644237518311,1,1,1,1,0.517167329788208
18,2,4,88,-9,9,0,0.401247978210449,1,1,1,1,0.618644237518311
18,2,4,89,9,9,1,0.417649507522583,-1,-1,1,1,0.151247978210449
18,2,4,90,-9,9,1,0.300536394119263,1,1,-1,-1,0.167649507522583
18,2,4,91,3,3,0,0.400911331176758,-1,1,1,1,0.0505363941192627
18,2,4,92,-0,0,0,0.28386378288269,1,-1,1,-1,0.150911331176758
18,2,4,93,0,0,0,0.318142175674438,-1,-1,-1,1,0.0338637828826904
18,2,4,94,-81,81,0,0.667671680450439,1,-1,-1,-1,0.0681421756744385
18,2,4,95,-3,3,0,0.517197370529175,-1,-1,-1,1,0.417671680450439
18,2,4,96,0,0,0,0.334352254867554,-1,-1,-1,-1,0.267197370529175
18,2,4,97,-3,3,0,0.501700878143311,1,-1,-1,-1,0.0843522548675537
18,2,4,98,0,0,0,0.483853340148926,-1,-1,-1,1,0.251700878143311
18,2,4,99,-81,81,0,0.733906507492065,1,-1,-1,-1,0.233853340148926
18,2,5,2,-9,9,0,0.417192935943604,1,-1,-1,-1,0.351181268692017
18,2,5,3,-27,27,0,0.450524806976318,-1,-1,-1,1,0.167192935943604
18,2,5,4,-0,0,1,0.450484275817871,-1,-1,-1,-1,0.200524806976318
18,2,5,5,-81,81,0,0.550536394119263,-1,1,-1,-1,0.200484275817871
18,2,5,6,-9,9,0,0.550504207611084,-1,-1,1,-1,0.300536394119263
18,2,5,7,-9,9,0,0.43385648727417,-1,-1,-1,-1,0.300504207611084
18,2,5,8,-9,9,1,0.584783315658569,-1,-1,-1,-1,0.18385648727417
18,2,5,9,-3,3,0,0.433795213699341,-1,1,-1,-1,0.334783315658569
18,2,5,10,-9,9,0,0.500939130783081,-1,-1,1,-1,0.183795213699341
18,2,5,11,0,0,1,0.584323644638062,-1,-1,-1,-1,0.250939130783081
18,2,5,12,-27,27,0,0.450990200042725,1,1,-1,-1,0.334323644638062
18,2,5,13,-81,81,0,0.517253160476685,-1,-1,1,1,0.200990200042725
18,2,5,14,-27,27,0,0.400511264801025,-1,-1,-1,-1,0.267253160476685
18,2,5,15,-27,27,0,0.567668199539185,-1,-1,-1,-1,0.150511264801025
18,2,5,16,-3,3,1,0.700520515441895,-1,-1,-1,-1,0.317668199539185
18,2,5,17,-9,9,0,0.300978660583496,-1,1,-1,-1,0.450520515441895
18,2,5,18,-9,9,0,0.483919858932495,-1,-1,1,-1,0.0509786605834961
18,2,5,19,-3,3,0,0.367142200469971,-1,-1,-1,-1,0.233919858932495
18,2,5,20,3,3,0,0.600584506988525,-1,-1,-1,-1,0.117142200469971
18,2,5,21,81,81,1,0.550952196121216,1,-1,-1,-1,0.350584506988525
18,2,5,22,27,27,1,0.733862400054932,1,1,-1,1,0.300952196121216
18,2,5,23,0,0,0,0.450504541397095,1,1,1,1,0.483862400054932
18,2,5,24,27,27,1,0.583870410919189,1,-1,1,1,0.200504541397095
18,2,5,25,3,3,1,0.617677927017212,1,1,-1,1,0.333870410919189
18,2,5,26,-3,3,0,0.467177629470825,1,1,1,1,0.367677927017212
18,2,5,27,-81,81,0,0.667151689529419,-1,-1,1,1,0.217177629470825
18,2,5,28,-3,3,1,0.58386492729187,-1,-1,-1,-1,0.417151689529419
18,2,5,29,81,81,1,0.700574636459351,-1,1,-1,-1,0.33386492729187
18,2,5,30,9,9,1,0.550503015518188,1,1,1,-1,0.450574636459351
18,2,5,31,-3,3,0,0.467199325561523,1,1,1,1,0.300503015518188
18,2,5,32,-9,9,0,0.517815828323364,-1,-1,1,1,0.217199325561523
18,2,5,33,-27,27,0,0.567660331726074,-1,-1,-1,-1,0.267815828323364
18,2,5,34,-81,81,0,0.584306716918945,-1,-1,-1,-1,0.317660331726074
18,2,5,35,-3,3,1,0.534313678741455,-1,-1,-1,-1,0.334306716918945
18,2,5,36,-27,27,0,0.600991249084473,-1,1,-1,-1,0.284313678741455
18,2,5,37,-81,81,0,0.600545167922974,-1,-1,1,-1,0.350991249084473
18,2,5,38,-0,0,0,0.533811569213867,-1,-1,-1,-1,0.350545167922974
18,2,5,39,-9,9,0,0.567195892333984,-1,-1,-1,-1,0.283811569213867
18,2,5,40,3,3,1,0.733883857727051,-1,-1,-1,-1,0.317195892333984
18,2,5,41,81,81,1,0.733816146850586,1,1,-1,-1,0.483883857727051
18,2,5,42,-81,81,0,0.583839416503906,1,1,1,1,0.483816146850586
18,2,5,43,-27,27,0,0.567679405212402,-1,-1,1,1,0.333839416503906
18,2,5,44,3,3,0,0.485054492950439,-1,-1,-1,-1,0.317679405212402
18,2,5,45,81,81,1,0.600995302200317,1,-1,-1,-1,0.235054492950439
18,2,5,46,-9,9,0,0.500482082366943,1,1,-1,1,0.350995302200317
18,2,5,47,-3,3,0,0.450511932373047,-1,-1,1,1,0.250482082366943
18,2,5,48,3,3,1,0.567644596099854,-1,-1,-1,-1,0.200511932373047
18,2,5,49,27,27,1,0.567610263824463,1,1,-1,-1,0.317644596099854
18,2,5,50,-3,3,1,0.38381814956665,1,1,1,1,0.317610263824463
18,2,5,51,-27,27,0,0.301724433898926,-1,1,1,1,0.13381814956665
18,2,5,52,27,27,1,0.434587717056274,-1,-1,1,-1,0.0517244338989258
18,2,5,53,9,9,0,0.650535345077515,1,1,-1,-1,0.184587717056274
18,2,5,54,27,27,1,0.533815145492554,1,-1,1,1,0.400535345077515
18,2,5,55,-27,27,0,0.367214441299438,1,1,-1,1,0.283815145492554
18,2,5,56,-81,81,0,0.533897399902344,-1,-1,1,1,0.117214441299438
18,2,5,57,-9,9,0,0.435463190078735,-1,-1,-1,-1,0.283897399902344
18,2,5,58,-3,3,0,0.550965785980225,-1,-1,-1,-1,0.185463190078735
18,2,5,59,-0,0,0,0.467229604721069,-1,-1,-1,-1,0.300965785980225
18,2,5,60,-3,3,0,0.350512266159058,-1,-1,-1,-1,0.217229604721069
18,2,5,61,-27,27,0,0.483880281448364,-1,-1,-1,-1,0.100512266159058
18,2,5,62,-27,27,0,0.467639923095703,-1,-1,-1,-1,0.233880281448364
18,2,5,63,-0,0,1,0.350530624389648,-1,-1,-1,-1,0.217639923095703
18,2,5,64,-81,81,0,0.601018190383911,-1,1,-1,-1,0.100530624389648
18,2,5,65,9,9,1,0.350508689880371,-1,-1,1,-1,0.351018190383911
18,2,5,66,3,3,0,0.467203378677368,1,1,-1,-1,0.100508689880371
18,2,5,67,3,3,1,0.317683935165405,1,-1,1,1,0.217203378677368
18,2,5,68,-27,27,0,0.517653226852417,1,1,-1,1,0.0676839351654053
18,2,5,69,-9,9,0,0.48430347442627,-1,-1,1,1,0.267653226852417
18,2,5,70,-0,0,0,0.53436017036438,-1,-1,-1,-1,0.23430347442627
18,2,5,71,9,9,1,0.733833074569702,-1,-1,-1,-1,0.28436017036438
18,2,5,72,27,27,1,0.484337329864502,1,1,-1,-1,0.483833074569702
18,2,5,73,3,3,1,0.35053563117981,1,1,1,1,0.234337329864502
18,2,5,74,81,81,1,0.783823013305664,1,1,1,1,0.10053563117981
18,2,5,75,3,3,1,0.317205667495728,1,1,1,1,0.533823013305664
18,2,5,76,-0,0,1,0.334967374801636,1,1,1,1,0.0672056674957275
18,2,5,77,-81,81,0,0.500482320785522,-1,1,1,1,0.0849673748016357
18,2,5,78,-27,27,0,0.417655467987061,-1,-1,1,-1,0.250482320785522
18,2,5,79,81,81,1,0.567198514938354,-1,-1,-1,-1,0.167655467987061
18,2,5,80,3,3,0,0.333816289901733,1,1,-1,-1,0.317198514938354
18,2,5,81,81,81,1,0.683867216110229,1,-1,1,1,0.0838162899017334
18,2,5,82,27,27,1,0.533869504928589,1,1,-1,1,0.433867216110229
18,2,5,83,81,81,1,0.485225439071655,1,1,1,1,0.283869504928589
18,2,5,84,-81,81,0,0.533849716186523,1,1,1,1,0.235225439071655
18,2,5,85,-81,81,0,0.517908334732056,-1,-1,1,1,0.283849716186523
18,2,5,86,-9,9,0,0.550528764724731,-1,-1,-1,-1,0.267908334732056
18,2,5,87,27,27,1,0.850542545318604,-1,-1,-1,-1,0.300528764724731
18,2,5,88,81,81,1,0.817822217941284,1,1,-1,-1,0.600542545318604
18,2,5,89,9,9,1,0.550515651702881,1,1,1,1,0.567822217941284
18,2,5,90,0,0,1,0.484261035919189,1,1,1,1,0.300515651702881
18,2,5,91,-81,81,0,0.584300994873047,1,1,1,1,0.234261035919189
18,2,5,92,-3,3,0,0.317187070846558,-1,-1,1,1,0.334300994873047
18,2,5,93,-27,27,0,0.534314155578613,-1,-1,-1,-1,0.0671870708465576
18,2,5,94,-0,0,1,0.450517416000366,-1,-1,-1,-1,0.284314155578613
18,2,5,95,-9,9,1,0.385152339935303,-1,1,-1,-1,0.200517416000366
18,2,6,2,-0,0,1,0.51762843132019,1,1,-1,-1,0.334602117538452
18,2,6,3,-3,3,0,0.333811044692993,-1,1,1,1,0.26762843132019
18,2,6,4,-9,9,0,0.283848524093628,-1,-1,1,-1,0.0838110446929932
18,2,6,5,-0,0,0,0.401567459106445,-1,-1,-1,-1,0.0338485240936279
18,2,6,6,9,9,0,0.384326696395874,-1,-1,-1,-1,0.151567459106445
18,2,6,7,-27,27,0,0.634949207305908,1,-1,-1,-1,0.134326696395874
18,2,6,8,9,9,0,0.533921718597412,-1,-1,-1,1,0.384949207305908
18,2,6,9,81,81,1,0.91768217086792,1,-1,-1,-1,0.283921718597412
18,2,6,10,-3,3,0,0.36719799041748,1,1,-1,1,0.66768217086792
18,2,6,11,81,81,1,0.635292530059814,-1,-1,1,1,0.11719799041748
18,2,6,12,81,81,1,0.634291410446167,1,1,-1,-1,0.385292530059814
18,2,6,13,-9,9,0,0.383886575698853,1,1,1,1,0.384291410446167
18,2,6,14,0,0,0,0.517158269882202,-1,-1,1,1,0.133886575698853
18,2,6,15,27,27,1,0.600547552108765,1,-1,-1,-1,0.267158269882202
18,2,6,16,-81,81,0,0.650516986846924,1,1,-1,1,0.350547552108765
18,2,6,17,9,9,1,0.418440580368042,-1,-1,1,1,0.400516986846924
18,2,6,18,9,9,1,0.533803701400757,1,1,-1,-1,0.168440580368042
18,2,6,19,3,3,1,0.484742879867554,1,1,1,1,0.283803701400757
18,2,6,20,-3,3,1,0.417158603668213,1,1,1,1,0.234742879867554
18,2,6,25,-3,3,0,0.733832359313965,1,1,-1,-1,0.785359382629395
18,2,6,26,-81,81,0,0.900983810424805,-1,-1,1,1,0.483832359313965
18,2,6,27,81,81,1,0.900584697723389,-1,-1,-1,-1,0.650983810424805
18,2,6,28,0,0,0,0.317208528518677,1,1,-1,-1,0.650584697723389
18,2,6,29,3,3,0,0.417719602584839,1,-1,1,1,0.0672085285186768
18,2,6,30,-3,3,0,0.45091438293457,1,-1,-1,1,0.167719602584839
18,2,6,31,-3,3,0,0.26715350151062,-1,-1,-1,1,0.20091438293457
18,2,6,32,-3,3,0,0.284252166748047,-1,-1,-1,-1,0.0171535015106201
18,2,6,33,9,9,0,0.383871555328369,-1,-1,-1,-1,0.0342521667480469
18,2,6,34,-0,0,0,0.500590324401855,1,-1,-1,-1,0.133871555328369
18,2,6,35,9,9,0,0.350949048995972,-1,-1,-1,1,0.250590324401855
18,2,6,36,-9,9,1,0.300519466400146,1,-1,-1,-1,0.100949048995972
18,2,6,37,9,9,1,0.55097222328186,-1,1,-1,1,0.0505194664001465
18,2,6,38,27,27,1,0.733810186386108,1,1,1,-1,0.30097222328186
18,2,6,39,27,27,1,0.517202377319336,1,1,1,1,0.483810186386108
18,2,6,40,9,9,1,0.583864450454712,1,1,1,1,0.267202377319336
18,2,6,41,3,3,1,0.517174959182739,1,1,1,1,0.333864450454712
18,2,6,42,9,9,1,0.767662286758423,1,1,1,1,0.267174959182739
18,2,6,43,27,27,1,0.600929021835327,1,1,1,1,0.517662286758423
18,2,6,44,3,3,1,0.850494384765625,1,1,1,1,0.350929021835327
18,2,6,45,-27,27,0,0.733848810195923,1,1,1,1,0.600494384765625
18,2,6,46,0,0,0,0.450935840606689,-1,-1,1,1,0.483848810195923
18,2,6,47,3,3,1,0.617888212203979,1,-1,-1,-1,0.200935840606689
18,2,6,48,-81,81,0,0.935007333755493,1,1,-1,1,0.367888212203979
18,2,6,49,-81,81,0,0.617667675018311,-1,-1,1,1,0.685007333755493
18,2,6,50,0,0,1,0.517634630203247,-1,-1,-1,-1,0.367667675018311
18,2,6,51,9,9,1,0.550981760025024,1,1,-1,-1,0.267634630203247
18,2,6,52,3,3,0,0.48430347442627,1,1,1,1,0.300981760025024
18,2,6,53,27,27,1,0.750491857528687,1,-1,1,1,0.23430347442627
18,2,6,54,81,81,1,1.33429837226868,1,1,-1,1,0.500491857528687
18,2,6,55,81,81,1,1.08389067649841,1,1,1,1,1.08429837226868
18,2,6,56,27,27,1,0.967149257659912,1,1,1,1,0.833890676498413
18,2,6,57,9,9,1,0.567183494567871,1,1,1,1,0.717149257659912
18,2,6,58,3,3,1,0.367183446884155,1,1,1,1,0.317183494567871
18,2,6,59,-0,0,1,0.533811330795288,1,1,1,1,0.117183446884155
18,2,6,60,3,3,1,0.683894395828247,-1,1,1,1,0.283811330795288
18,2,6,61,-81,81,0,0.867162704467773,1,1,1,-1,0.433894395828247
18,2,6,62,-0,0,1,0.53432035446167,-1,-1,1,1,0.617162704467773
18,2,6,63,9,9,0,0.88461446762085,-1,1,-1,-1,0.28432035446167
18,2,6,64,-9,9,0,0.384490251541138,1,-1,1,-1,0.63461446762085
18,2,6,65,-3,3,0,0.350558519363403,-1,-1,-1,1,0.134490251541138
18,2,6,66,-9,9,0,0.467667579650879,-1,-1,-1,-1,0.100558519363403
18,2,6,67,81,81,1,0.867662191390991,-1,-1,-1,-1,0.217667579650879
18,2,6,68,-27,27,0,0.500485181808472,1,1,-1,-1,0.617662191390991
18,2,6,69,-27,27,0,0.567194938659668,-1,-1,1,1,0.250485181808472
18,2,6,70,-27,27,0,0.484289169311523,-1,-1,-1,-1,0.317194938659668
18,2,6,71,27,27,1,0.900941848754883,-1,-1,-1,-1,0.234289169311523
18,2,6,72,-81,81,0,0.950523138046265,1,1,-1,-1,0.650941848754883
18,2,6,73,27,27,1,0.800997257232666,-1,-1,1,1,0.700523138046265
18,2,6,74,-0,0,1,0.551026344299316,1,1,-1,-1,0.550997257232666
18,2,6,75,-27,27,0,0.467182636260986,-1,1,1,1,0.301026344299316
18,2,6,76,3,3,0,0.418631315231323,-1,-1,1,-1,0.217182636260986
18,2,6,77,3,3,0,0.433866262435913,1,-1,-1,-1,0.168631315231323
18,2,6,78,-27,27,0,0.517826318740845,1,-1,-1,1,0.183866262435913
18,2,6,79,81,81,1,0.93535852432251,-1,-1,-1,1,0.267826318740845
18,2,6,80,-27,27,0,0.367243528366089,1,1,-1,-1,0.68535852432251
18,2,6,81,3,3,0,0.400964736938477,-1,-1,1,1,0.117243528366089
18,2,6,82,81,81,1,0.734334230422974,1,-1,-1,-1,0.150964736938477
18,2,6,83,-9,9,0,0.485318183898926,1,1,-1,1,0.484334230422974
18,2,6,84,9,9,0,0.400535583496094,-1,-1,1,1,0.235318183898926
18,2,6,85,9,9,0,0.36760139465332,1,-1,-1,-1,0.150535583496094
18,2,6,86,0,0,0,0.567177295684814,1,-1,-1,1,0.11760139465332
18,2,6,87,81,81,1,0.783874750137329,1,-1,-1,1,0.317177295684814
18,2,6,88,81,81,1,0.984345197677612,1,1,-1,1,0.533874750137329
18,2,6,89,-9,9,1,0.433817386627197,1,1,1,1,0.734345197677612
18,2,6,90,-3,3,0,0.450490474700928,-1,1,1,1,0.183817386627197
18,2,6,91,-27,27,0,0.583888530731201,-1,-1,1,-1,0.200490474700928
18,2,6,92,-3,3,0,0.533813238143921,-1,-1,-1,-1,0.333888530731201
18,2,6,93,-81,81,0,0.583841323852539,-1,-1,-1,-1,0.283813238143921
18,2,6,94,-27,27,0,0.717777490615845,-1,-1,-1,-1,0.333841323852539
18,2,6,95,-27,27,0,0.767772674560547,-1,-1,-1,-1,0.467777490615845
18,2,6,96,-27,27,0,0.834238290786743,-1,-1,-1,-1,0.517772674560547
18,2,6,97,-81,81,0,0.667204141616821,-1,-1,-1,-1,0.584238290786743
18,2,6,98,81,81,1,0.917172193527222,-1,-1,-1,-1,0.417204141616821
18,2,6,99,-81,81,0,0.817190647125244,1,1,-1,-1,0.667172193527222
18,3,1,2,81,81,1,0.568692684173584,-1,-1,-1,-1,0.45071268081665
18,3,1,3,27,27,1,0.601082324981689,1,1,-1,-1,0.318692684173584
18,3,1,4,-0,0,0,0.869484901428223,1,1,1,1,0.351082324981689
18,3,1,5,-9,9,0,0.635510444641113,-1,-1,1,1,0.619484901428223
18,3,1,6,-9,9,0,0.701154470443726,-1,-1,-1,-1,0.385510444641113
18,3,1,7,-0,0,0,0.502341747283936,-1,-1,-1,-1,0.451154470443726
18,3,1,8,-9,9,0,0.586151838302612,-1,-1,-1,-1,0.252341747283936
18,3,1,9,-9,9,0,0.568682909011841,-1,-1,-1,-1,0.336151838302612
18,3,1,10,-27,27,0,0.667851686477661,-1,-1,-1,-1,0.318682909011841
18,3,1,11,-0,0,1,0.467691659927368,-1,-1,-1,-1,0.417851686477661
18,3,1,12,-3,3,0,0.667153358459473,-1,1,-1,-1,0.217691659927368
18,3,1,13,-81,81,0,0.635487794876099,-1,-1,1,-1,0.417153358459473
18,3,1,14,-3,3,0,0.484410285949707,-1,-1,-1,-1,0.385487794876099
18,3,1,15,-3,3,0,0.568793296813965,-1,-1,-1,-1,0.234410285949707
18,3,1,16,-9,9,0,0.517616271972656,-1,-1,-1,-1,0.318793296813965
18,3,1,17,81,81,1,0.467238903045654,-1,-1,-1,-1,0.267616271972656
18,3,1,18,-0,0,1,0.502712965011597,1,1,-1,-1,0.217238903045654
18,3,1,19,-0,0,0,0.5677809715271,-1,1,1,1,0.252712965011597
18,3,1,20,-27,27,0,0.502437114715576,-1,-1,1,-1,0.3177809715271
18,3,1,21,3,3,1,0.485840082168579,-1,-1,-1,-1,0.252437114715576
18,3,1,22,-9,9,0,0.469404458999634,1,1,-1,-1,0.235840082168579
18,3,1,23,81,81,1,0.519334077835083,-1,-1,1,1,0.219404458999634
18,3,1,24,9,9,0,0.519222021102905,1,1,-1,-1,0.269334077835083
18,3,1,25,27,27,1,0.650489091873169,1,-1,1,1,0.269222021102905
18,3,1,26,3,3,1,0.567152976989746,1,1,-1,1,0.400489091873169
18,3,1,27,-27,27,0,0.502476930618286,1,1,1,1,0.317152976989746
18,3,1,28,27,27,1,0.487112283706665,-1,-1,1,1,0.252476930618286
18,3,1,29,9,9,0,0.40111780166626,1,1,-1,-1,0.237112283706665
18,3,1,30,0,0,0,0.434903383255005,1,-1,1,1,0.15111780166626
18,3,1,31,3,3,1,0.517648458480835,1,-1,-1,1,0.184903383255005
18,3,1,32,81,81,1,0.583836555480957,1,1,-1,1,0.267648458480835
18,3,1,33,9,9,1,0.586150646209717,1,1,1,1,0.333836555480957
18,3,1,34,9,9,1,0.835777759552002,1,1,1,1,0.336150646209717
18,3,1,35,27,27,1,0.3196120262146,1,1,1,1,0.585777759552002
18,3,1,36,27,27,1,0.550511598587036,1,1,1,1,0.0696120262145996
18,3,1,37,81,81,1,0.685733079910278,1,1,1,1,0.300511598587036
18,3,1,38,-81,81,0,0.518564701080322,1,1,1,1,0.435733079910278
18,3,1,39,-0,0,1,0.517963171005249,-1,-1,1,1,0.268564701080322
18,3,1,40,-81,81,0,0.450534820556641,-1,1,-1,-1,0.267963171005249
18,3,1,41,-81,81,0,0.50052285194397,-1,-1,1,-1,0.200534820556641
18,3,1,42,-9,9,1,0.483863115310669,-1,-1,-1,-1,0.25052285194397
18,3,1,43,-9,9,1,0.468723297119141,-1,1,-1,-1,0.233863115310669
18,3,1,44,-81,81,0,0.33427882194519,-1,1,1,-1,0.218723297119141
18,3,1,45,-3,3,1,0.367174863815308,-1,-1,1,-1,0.0842788219451904
18,3,1,46,-9,9,0,0.350586175918579,-1,1,-1,-1,0.117174863815308
18,3,1,47,-81,81,0,0.534279584884644,-1,-1,1,-1,0.100586175918579
18,3,1,48,-81,81,0,0.535383224487305,-1,-1,-1,-1,0.284279584884644
18,3,1,49,-3,3,0,0.502108812332153,-1,-1,-1,-1,0.285383224487305
18,3,1,50,-9,9,0,0.450598239898682,-1,-1,-1,-1,0.252108812332153
18,3,1,51,-9,9,0,0.267634868621826,-1,-1,-1,-1,0.200598239898682
18,3,1,52,-27,27,0,0.567785024642944,-1,-1,-1,-1,0.0176348686218262
18,3,1,53,-81,81,0,0.55277943611145,-1,-1,-1,-1,0.317785024642944
18,3,1,54,-9,9,0,0.401477575302124,-1,-1,-1,-1,0.30277943611145
18,3,1,55,-3,3,0,0.284472703933716,-1,-1,-1,-1,0.151477575302124
18,3,1,56,-81,81,0,0.652925491333008,-1,-1,-1,-1,0.0344727039337158
18,3,1,57,3,3,0,0.334707975387573,-1,-1,-1,-1,0.402925491333008
18,3,1,58,27,27,1,0.552250862121582,1,-1,-1,-1,0.0847079753875732
18,3,1,59,9,9,1,0.517657995223999,1,1,-1,1,0.302250862121582
18,3,1,60,-27,27,0,0.319388628005981,1,1,1,1,0.267657995223999
18,3,1,61,-27,27,0,0.651451110839844,-1,-1,1,1,0.0693886280059814
18,3,1,62,27,27,1,0.483834743499756,-1,-1,-1,-1,0.401451110839844
18,3,1,63,0,0,0,0.435706377029419,1,1,-1,-1,0.233834743499756
18,3,1,64,27,27,1,0.802096366882324,1,-1,1,1,0.185706377029419
18,3,1,65,81,81,1,0.885758876800537,1,1,-1,1,0.552096366882324
18,3,1,66,-27,27,0,0.485622644424438,1,1,1,1,0.635758876800537
18,3,1,67,-27,27,0,0.302716732025146,-1,-1,1,1,0.235622644424438
18,3,1,68,-81,81,0,0.85217809677124,-1,-1,-1,-1,0.0527167320251465
18,3,1,69,3,3,0,0.501132249832153,-1,-1,-1,-1,0.60217809677124
18,3,1,70,-3,3,0,0.600491285324097,1,-1,-1,-1,0.251132249832153
18,3,1,71,81,81,1,0.634507656097412,-1,-1,-1,1,0.350491285324097
18,3,1,72,3,3,1,0.484376192092896,1,1,-1,-1,0.384507656097412
18,3,1,73,-27,27,0,0.635528564453125,1,1,1,1,0.234376192092896
18,3,1,74,-3,3,1,0.534490823745728,-1,-1,1,1,0.385528564453125
18,3,1,75,-81,81,0,0.752665996551514,-1,1,-1,-1,0.284490823745728
18,3,1,76,-3,3,0,0.452437400817871,-1,-1,1,-1,0.502665996551514
18,3,1,77,0,0,0,0.4527587890625,-1,-1,-1,-1,0.202437400817871
18,3,1,78,-27,27,0,0.585884094238281,1,-1,-1,-1,0.2027587890625
18,3,1,79,-0,0,0,0.334438562393188,-1,-1,-1,1,0.335884094238281
18,3,1,80,3,3,0,0.500481843948364,-1,-1,-1,-1,0.0844385623931885
18,3,1,81,81,81,1,0.567209720611572,1,-1,-1,-1,0.250481843948364
18,3,1,82,9,9,1,0.636040210723877,1,1,-1,1,0.317209720611572
18,3,1,83,27,27,1,0.602263927459717,1,1,1,1,0.386040210723877
18,3,1,84,3,3,1,0.46940279006958,1,1,1,1,0.352263927459717
18,3,1,85,3,3,0,0.452608585357666,1,1,1,1,0.21940279006958
18,3,1,86,9,9,1,0.419300556182861,1,-1,1,1,0.202608585357666
18,3,1,87,-9,9,1,0.501071453094482,1,1,-1,1,0.169300556182861
18,3,1,88,-3,3,1,0.401123046875,-1,1,1,1,0.251071453094482
18,3,1,89,-27,27,0,0.301240682601929,-1,1,1,-1,0.151123046875
18,3,1,90,-0,0,0,0.402067422866821,-1,-1,1,-1,0.0512406826019287
18,3,1,91,-3,3,1,0.450544595718384,-1,-1,-1,-1,0.152067422866821
18,3,1,92,-27,27,0,0.536053419113159,-1,1,-1,-1,0.200544595718384
18,3,1,93,-81,81,0,0.801292896270752,-1,-1,1,-1,0.286053419113159
18,3,1,94,-81,81,0,0.785556077957153,-1,-1,-1,-1,0.551292896270752
18,3,1,95,-3,3,1,0.569215297698975,-1,-1,-1,-1,0.535556077957153
18,3,1,96,-27,27,0,0.585628747940063,-1,1,-1,-1,0.319215297698975
18,3,1,97,-9,9,0,0.48603081703186,-1,-1,1,-1,0.335628747940063
18,3,1,98,-81,81,0,0.651014089584351,-1,-1,-1,-1,0.23603081703186
18,3,1,99,-9,9,0,0.502517223358154,-1,-1,-1,-1,0.401014089584351
18,3,2,2,-27,27,0,0.367675304412842,1,1,-1,-1,0.386737108230591
18,3,2,3,-27,27,0,0.669242858886719,-1,-1,1,1,0.117675304412842
18,3,2,4,27,27,1,0.635732173919678,-1,-1,-1,-1,0.419242858886719
18,3,2,5,27,27,1,0.636039018630981,1,1,-1,-1,0.385732173919678
18,3,2,6,27,27,1,0.567215919494629,1,1,1,1,0.386039018630981
18,3,2,7,-81,81,0,0.769283056259155,1,1,1,1,0.317215919494629
18,3,2,8,3,3,1,1.3861129283905,-1,-1,1,1,0.519283056259155
18,3,2,9,-0,0,1,0.452616691589355,1,1,-1,-1,1.1361129283905
18,3,2,10,-27,27,0,0.601187229156494,-1,1,1,1,0.202616691589355
18,3,2,11,-27,27,0,0.619125843048096,-1,-1,1,-1,0.351187229156494
18,3,2,12,-0,0,1,0.417778253555298,-1,-1,-1,-1,0.369125843048096
18,3,2,13,81,81,1,0.802045106887817,-1,1,-1,-1,0.167778253555298
18,3,2,14,27,27,1,0.552391290664673,1,1,1,-1,0.552045106887817
18,3,2,15,-81,81,0,0.517816781997681,1,1,1,1,0.302391290664673
18,3,2,16,-3,3,0,0.485887765884399,-1,-1,1,1,0.267816781997681
18,3,2,17,27,27,1,0.51765513420105,-1,-1,-1,-1,0.235887765884399
18,3,2,18,3,3,1,0.485867977142334,1,1,-1,-1,0.26765513420105
18,3,2,19,9,9,1,0.350500822067261,1,1,1,1,0.235867977142334
18,3,2,20,-3,3,1,0.369440793991089,1,1,1,1,0.100500822067261
18,3,2,21,3,3,1,0.517740964889526,-1,1,1,1,0.119440793991089
18,3,2,22,-9,9,0,0.3176429271698,1,1,1,-1,0.267740964889526
18,3,2,23,3,3,1,0.43484902381897,-1,-1,1,1,0.0676429271697998
18,3,2,24,27,27,1,1.2338981628418,1,1,-1,-1,0.18484902381897
18,3,2,25,9,9,1,0.617883205413818,1,1,1,1,0.983898162841797
18,3,2,26,-27,27,0,0.602066516876221,1,1,1,1,0.367883205413818
18,3,2,27,-3,3,1,0.517672061920166,-1,-1,1,1,0.352066516876221
18,3,2,28,-3,3,0,0.468818187713623,-1,1,-1,-1,0.267672061920166
18,3,2,29,-27,27,0,0.569300889968872,-1,-1,1,-1,0.218818187713623
18,3,2,30,3,3,1,0.584543228149414,-1,-1,-1,-1,0.319300889968872
18,3,2,31,3,3,0,0.535653591156006,1,1,-1,-1,0.334543228149414
18,3,2,32,-9,9,1,0.369431972503662,1,-1,1,1,0.285653591156006
18,3,2,33,-27,27,0,0.619241237640381,-1,1,-1,1,0.119431972503662
18,3,2,34,9,9,1,0.585558176040649,-1,-1,1,-1,0.369241237640381
18,3,2,35,-0,0,0,0.418760299682617,1,1,-1,-1,0.335558176040649
18,3,2,36,-0,0,1,0.435417652130127,-1,-1,1,1,0.168760299682617
18,3,2,37,81,81,1,0.68559455871582,-1,1,-1,-1,0.185417652130127
18,3,2,38,-0,0,1,0.467756509780884,1,1,1,-1,0.43559455871582
18,3,2,39,-3,3,1,0.517762184143066,-1,1,1,1,0.217756509780884
18,3,2,40,-3,3,0,0.301497220993042,-1,1,1,-1,0.267762184143066
18,3,2,41,81,81,1,0.801291227340698,-1,-1,1,-1,0.051497220993042
18,3,2,42,-3,3,1,0.468939542770386,1,1,-1,-1,0.551291227340698
18,3,2,43,-81,81,0,0.584790706634521,-1,1,1,1,0.218939542770386
18,3,2,44,9,9,1,0.467615365982056,-1,-1,1,-1,0.334790706634521
18,3,2,45,-9,9,0,0.535793304443359,1,1,-1,-1,0.217615365982056
18,3,2,46,-9,9,0,0.534321784973145,-1,-1,1,1,0.285793304443359
18,3,2,47,0,0,0,0.368845224380493,-1,-1,-1,-1,0.284321784973145
18,3,2,48,9,9,0,0.534304857254028,1,-1,-1,-1,0.118845224380493
18,3,2,49,-9,9,1,0.552088499069214,1,-1,-1,1,0.284304857254028
18,3,2,50,-9,9,0,0.335525512695312,-1,1,-1,1,0.302088499069214
18,3,2,51,-3,3,0,0.685608148574829,-1,-1,1,-1,0.0855255126953125
18,3,2,52,27,27,1,0.484341144561768,-1,-1,-1,-1,0.435608148574829
18,3,2,53,3,3,1,0.450491666793823,1,1,-1,-1,0.234341144561768
18,3,2,54,0,0,1,0.317619323730469,1,1,1,1,0.200491666793823
18,3,2,55,81,81,1,0.718058109283447,1,1,1,1,0.0676193237304688
18,3,2,56,-0,0,1,0.519067049026489,1,1,1,1,0.468058109283447
18,3,2,57,81,81,1,0.584685802459717,-1,1,1,1,0.269067049026489
18,3,2,58,-81,81,0,0.618049383163452,1,1,1,-1,0.334685802459717
18,3,2,59,-81,81,0,0.652169942855835,-1,-1,1,1,0.368049383163452
18,3,2,60,-9,9,0,0.517194032669067,-1,-1,-1,-1,0.402169942855835
18,3,2,61,27,27,1,0.702940940856934,-1,-1,-1,-1,0.267194032669067
18,3,2,62,-9,9,0,0.468670845031738,1,1,-1,-1,0.452940940856934
18,3,2,63,3,3,1,0.267677068710327,-1,-1,1,1,0.218670845031738
18,3,2,64,9,9,0,0.285731077194214,1,1,-1,-1,0.0176770687103271
18,3,2,65,3,3,1,0.584273099899292,1,-1,1,1,0.0357310771942139
18,3,2,66,3,3,1,0.652074813842773,1,1,-1,1,0.334273099899292
18,3,2,67,-81,81,0,0.817253828048706,1,1,1,1,0.402074813842773
18,3,2,68,-81,81,0,0.733817338943481,-1,-1,1,1,0.567253828048706
18,3,2,69,0,0,1,0.469224452972412,-1,-1,-1,-1,0.483817338943481
18,3,2,70,-81,81,0,0.60204005241394,1,1,-1,-1,0.219224452972412
18,3,2,71,-27,27,0,0.517611026763916,-1,-1,1,1,0.35204005241394
18,3,2,72,0,0,0,0.452732563018799,-1,-1,-1,-1,0.267611026763916
18,3,2,73,81,81,1,0.802163362503052,1,-1,-1,-1,0.202732563018799
18,3,2,74,9,9,1,0.467175483703613,1,1,-1,1,0.552163362503052
18,3,2,75,-81,81,0,0.451208591461182,1,1,1,1,0.217175483703613
18,3,2,76,-27,27,0,0.318940401077271,-1,-1,1,1,0.201208591461182
18,3,2,77,27,27,1,0.585607290267944,-1,-1,-1,-1,0.0689404010772705
18,3,2,78,0,0,0,0.350959300994873,1,1,-1,-1,0.335607290267944
18,3,2,79,-81,81,0,0.68598461151123,1,-1,1,1,0.100959300994873
18,3,2,80,-81,81,0,0.668080806732178,-1,-1,-1,1,0.43598461151123
18,3,2,81,27,27,1,0.652693033218384,-1,-1,-1,-1,0.418080806732178
18,3,2,82,27,27,1,0.668622255325317,1,1,-1,-1,0.402693033218384
18,3,2,83,27,27,1,0.484323740005493,1,1,1,1,0.418622255325317
18,3,2,84,-9,9,1,0.485080718994141,1,1,1,1,0.234323740005493
18,3,2,85,3,3,1,0.450534343719482,-1,1,1,1,0.235080718994141
18,3,2,86,-3,3,1,0.501917362213135,1,1,1,-1,0.200534343719482
18,3,2,87,-81,81,0,0.585828542709351,-1,1,1,1,0.251917362213135
18,3,2,88,-9,9,1,0.601137161254883,-1,-1,1,-1,0.335828542709351
18,3,2,89,-81,81,0,0.483885526657104,-1,1,-1,-1,0.351137161254883
18,3,2,90,-3,3,0,0.501126766204834,-1,-1,1,-1,0.233885526657104
18,3,2,91,9,9,0,0.336167097091675,-1,-1,-1,-1,0.251126766204834
18,3,2,92,9,9,1,0.434335708618164,1,-1,-1,-1,0.0861670970916748
18,3,2,93,9,9,1,0.484319686889648,1,1,-1,1,0.184335708618164
18,3,2,94,9,9,0,0.319371223449707,1,1,1,1,0.234319686889648
18,3,2,95,81,81,1,0.685255289077759,1,-1,1,1,0.069371223449707
18,3,2,96,-27,27,0,0.45215916633606,1,1,-1,1,0.435255289077759
18,3,2,97,81,81,1,0.551782608032227,-1,-1,1,1,0.20215916633606
18,3,2,98,-3,3,1,0.668835401535034,1,1,-1,-1,0.301782608032227
18,3,2,99,-81,81,0,0.585353136062622,-1,1,1,1,0.418835401535034
18,3,3,2,-27,27,0,0.350479125976562,1,1,1,-1,0.219041109085083
18,3,3,3,-27,27,0,0.419307947158813,-1,-1,1,1,0.100479125976562
18,3,3,4,81,81,1,0.352506637573242,-1,-1,-1,-1,0.169307947158813
18,3,3,5,-3,3,0,0.419264793395996,1,1,-1,-1,0.102506637573242
18,3,3,6,27,27,1,0.401218414306641,-1,-1,1,1,0.169264793395996
18,3,3,7,-3,3,0,0.502615213394165,1,1,-1,-1,0.151218414306641
18,3,3,8,-27,27,0,0.535808324813843,-1,-1,1,1,0.252615213394165
18,3,3,9,-27,27,0,0.46889591217041,-1,-1,-1,-1,0.285808324813843
18,3,3,10,3,3,1,0.420116901397705,-1,-1,-1,-1,0.21889591217041
18,3,3,11,-0,0,0,0.385987758636475,1,1,-1,-1,0.170116901397705
18,3,3,12,-81,81,0,0.734503269195557,-1,-1,1,1,0.135987758636475
18,3,3,13,3,3,0,0.53603982925415,-1,-1,-1,-1,0.484503269195557
18,3,3,14,-81,81,0,0.717178344726562,1,-1,-1,-1,0.28603982925415
18,3,3,15,3,3,1,0.535325288772583,-1,-1,-1,1,0.467178344726562
18,3,3,16,-27,27,0,0.652647495269775,1,1,-1,-1,0.285325288772583
18,3,3,17,-81,81,0,0.869235515594482,-1,-1,1,1,0.402647495269775
18,3,3,18,27,27,1,0.502210855484009,-1,-1,-1,-1,0.619235515594482
18,3,3,19,-9,9,0,0.334565162658691,1,1,-1,-1,0.252210855484009
18,3,3,20,0,0,0,0.518955230712891,-1,-1,1,1,0.0845651626586914
18,3,3,21,-0,0,0,0.552237033843994,1,-1,-1,-1,0.268955230712891
18,3,3,22,81,81,1,0.551134347915649,-1,-1,-1,1,0.302237033843994
18,3,3,23,-27,27,0,0.635783910751343,1,1,-1,-1,0.301134347915649
18,3,3,24,81,81,1,0.73512601852417,-1,-1,1,1,0.385783910751343
18,3,3,25,-27,27,0,0.500524520874023,1,1,-1,-1,0.48512601852417
18,3,3,26,-3,3,1,0.551312446594238,-1,-1,1,1,0.250524520874023
18,3,3,27,9,9,1,0.417800664901733,-1,1,-1,-1,0.301312446594238
18,3,3,28,9,9,1,0.600514650344849,1,1,1,-1,0.167800664901733
18,3,3,29,81,81,1,0.851158618927002,1,1,1,1,0.350514650344849
18,3,3,30,-0,0,0,0.518995046615601,1,1,1,1,0.601158618927002
18,3,3,31,81,81,1,0.601980209350586,-1,-1,1,1,0.268995046615601
18,3,3,32,81,81,1,0.633867979049683,1,1,-1,-1,0.351980209350586
18,3,3,33,3,3,1,0.602620363235474,1,1,1,1,0.383867979049683
18,3,3,34,-81,81,0,0.552265405654907,1,1,1,1,0.352620363235474
18,3,3,35,27,27,1,0.451170444488525,-1,-1,1,1,0.302265405654907
18,3,3,36,-27,27,0,0.635159730911255,1,1,-1,-1,0.201170444488525
18,3,3,37,9,9,1,0.551684856414795,-1,-1,1,1,0.385159730911255
18,3,3,38,-9,9,1,0.502673864364624,1,1,-1,-1,0.301684856414795
18,3,3,39,3,3,1,0.334289312362671,-1,1,1,1,0.252673864364624
18,3,3,40,81,81,1,0.583810329437256,1,1,1,-1,0.0842893123626709
18,3,3,41,-27,27,1,0.53382420539856,1,1,1,1,0.333810329437256
18,3,3,42,81,81,1,0.569295167922974,-1,1,1,1,0.28382420539856
18,3,3,43,-3,3,0,0.867985010147095,1,1,1,-1,0.319295167922974
18,3,3,44,-27,27,0,0.484463453292847,-1,-1,1,1,0.617985010147095
18,3,3,45,81,81,1,0.468639135360718,-1,-1,-1,-1,0.234463453292847
18,3,3,46,-3,3,0,0.435976266860962,1,1,-1,-1,0.218639135360718
18,3,3,47,3,3,1,0.452301025390625,-1,-1,1,1,0.185976266860962
18,3,3,48,-81,81,0,0.550966262817383,1,1,-1,-1,0.202301025390625
18,3,3,49,3,3,1,0.401957511901855,-1,-1,1,1,0.300966262817383
18,3,3,50,-3,3,1,0.75264573097229,1,1,-1,-1,0.151957511901855
18,3,3,51,3,3,1,0.484477758407593,-1,1,1,1,0.50264573097229
18,3,3,52,-81,81,0,0.569067001342773,1,1,1,-1,0.234477758407593
18,3,3,53,-9,9,0,0.469306468963623,-1,-1,1,1,0.319067001342773
18,3,3,54,9,9,0,0.600484132766724,-1,-1,-1,-1,0.219306468963623
18,3,3,55,-0,0,1,0.519384622573853,1,-1,-1,-1,0.350484132766724
18,3,3,56,-81,81,0,0.601030111312866,-1,1,-1,1,0.269384622573853
18,3,3,57,9,9,1,0.519126653671265,-1,-1,1,-1,0.351030111312866
18,3,3,58,9,9,1,0.567152500152588,1,1,-1,-1,0.269126653671265
18,3,3,59,0,0,0,0.502638816833496,1,1,1,1,0.317152500152588
18,3,3,60,-3,3,1,0.451082468032837,1,-1,1,1,0.252638816833496
18,3,3,61,27,27,1,0.651221036911011,-1,1,-1,1,0.201082468032837
18,3,3,62,-27,27,0,0.336159467697144,1,1,1,-1,0.401221036911011
18,3,3,63,9,9,0,0.534518241882324,-1,-1,1,1,0.0861594676971436
18,3,3,64,-81,81,0,0.619283676147461,1,-1,-1,-1,0.284518241882324
18,3,3,65,9,9,1,0.669876337051392,-1,-1,-1,1,0.369283676147461
18,3,3,66,81,81,1,0.501683712005615,1,1,-1,-1,0.419876337051392
18,3,3,67,-3,3,0,0.469356536865234,1,1,1,1,0.251683712005615
18,3,3,68,-3,3,0,0.369125127792358,-1,-1,1,1,0.219356536865234
18,3,3,69,9,9,0,0.433842182159424,-1,-1,-1,-1,0.119125127792358
18,3,3,70,-9,9,0,0.367224931716919,1,-1,-1,-1,0.183842182159424
18,3,3,71,9,9,0,0.651069641113281,-1,-1,-1,1,0.117224931716919
18,3,3,72,-9,9,0,0.369353532791138,1,-1,-1,-1,0.401069641113281
18,3,3,73,3,3,1,0.451724767684937,-1,-1,-1,1,0.119353532791138
18,3,3,74,-9,9,0,0.402773380279541,1,1,-1,-1,0.201724767684937
18,3,3,75,-27,27,0,0.551815748214722,-1,-1,1,1,0.152773380279541
18,3,3,76,9,9,0,0.385695934295654,-1,-1,-1,-1,0.301815748214722
18,3,3,77,-9,9,0,0.536189317703247,1,-1,-1,-1,0.135695934295654
18,3,3,78,9,9,0,0.519283533096313,-1,-1,-1,1,0.286189317703247
18,3,3,79,-27,27,0,0.417161226272583,1,-1,-1,-1,0.269283533096313
18,3,3,80,27,27,1,0.4005126953125,-1,-1,-1,1,0.167161226272583
18,3,3,81,-27,27,0,0.603079795837402,1,1,-1,-1,0.1505126953125
18,3,3,82,81,81,1,0.568957805633545,-1,-1,1,1,0.353079795837402
18,3,3,83,-0,0,0,0.483842611312866,1,1,-1,-1,0.318957805633545
18,3,3,84,3,3,1,0.485902070999146,-1,-1,1,1,0.233842611312866
18,3,3,85,-27,27,0,0.451208353042603,1,1,-1,-1,0.235902070999146
18,3,3,86,0,0,0,0.517835378646851,-1,-1,1,1,0.201208353042603
18,3,3,87,-9,9,0,0.334484577178955,1,-1,-1,-1,0.267835378646851
18,3,3,88,0,0,0,0.369226455688477,-1,-1,-1,1,0.0844845771789551
18,3,3,89,-27,27,0,0.517807245254517,1,-1,-1,-1,0.119226455688477
18,3,3,90,-0,0,0,0.652840614318848,-1,-1,-1,1,0.267807245254517
18,3,3,91,27,27,1,0.585368871688843,-1,-1,-1,-1,0.402840614318848
18,3,3,92,-9,9,0,0.501181125640869,1,1,-1,-1,0.335368871688843
18,3,3,93,-3,3,1,0.435513973236084,-1,-1,1,1,0.251181125640869
18,3,3,94,81,81,1,0.602802515029907,-1,1,-1,-1,0.185513973236084
18,3,3,95,-9,9,1,0.600519180297852,1,1,1,-1,0.352802515029907
18,3,3,96,3,3,0,0.302551984786987,-1,1,1,1,0.350519180297852
18,3,3,97,-0,0,0,0.4178147315979,1,-1,1,-1,0.0525519847869873
18,3,3,98,81,81,1,0.585986614227295,-1,-1,-1,1,0.1678147315979
18,3,3,99,-3,3,1,0.717894315719604,1,1,-1,-1,0.335986614227295
18,3,4,2,27,27,1,0.452778100967407,1,1,-1,-1,0.634565830230713
18,3,4,3,-27,27,0,0.434262037277222,1,1,1,1,0.202778100967407
18,3,4,4,0,0,1,0.502232551574707,-1,-1,1,1,0.184262037277222
18,3,4,5,3,3,0,0.417212724685669,1,1,-1,-1,0.252232551574707
18,3,4,6,-27,27,0,0.401866436004639,1,-1,1,1,0.167212724685669
18,3,4,7,81,81,1,0.485524654388428,-1,-1,-1,1,0.151866436004639
18,3,4,8,-3,3,0,0.500529527664185,1,1,-1,-1,0.235524654388428
18,3,4,9,27,27,1,0.518689155578613,-1,-1,1,1,0.250529527664185
18,3,4,10,-81,81,0,0.584287643432617,1,1,-1,-1,0.268689155578613
18,3,4,11,81,81,1,0.435189723968506,-1,-1,1,1,0.334287643432617
18,3,4,12,-9,9,0,0.517642736434937,1,1,-1,-1,0.185189723968506
18,3,4,13,9,9,0,0.535473108291626,-1,-1,1,1,0.267642736434937
18,3,4,14,81,81,1,0.484290599822998,1,-1,-1,-1,0.285473108291626
18,3,4,15,-81,81,0,0.51766300201416,1,1,-1,1,0.234290599822998
18,3,4,16,0,0,0,0.552173376083374,-1,-1,1,1,0.26766300201416
18,3,4,17,9,9,1,0.517879486083984,1,-1,-1,-1,0.302173376083374
18,3,4,18,-9,9,0,0.552592754364014,1,1,-1,1,0.267879486083984
18,3,4,19,-81,81,0,0.51894211769104,-1,-1,1,1,0.302592754364014
18,3,4,20,-27,27,0,0.385953426361084,-1,-1,-1,-1,0.26894211769104
18,3,4,21,0,0,1,0.517636299133301,-1,-1,-1,-1,0.135953426361084
18,3,4,22,3,3,1,0.402776956558228,1,1,-1,-1,0.267636299133301
18,3,4,23,-81,81,0,0.485554933547974,1,1,1,1,0.152776956558228
18,3,4,24,-0,0,1,0.567613363265991,-1,-1,1,1,0.235554933547974
18,3,4,25,27,27,1,0.536051034927368,-1,1,-1,-1,0.317613363265991
18,3,4,26,0,0,0,0.301081657409668,1,1,1,-1,0.286051034927368
18,3,4,27,-81,81,0,0.636563301086426,1,-1,1,1,0.051081657409668
18,3,4,28,3,3,0,0.468930959701538,-1,-1,-1,1,0.386563301086426
18,3,4,29,27,27,1,0.568960428237915,1,-1,-1,-1,0.218930959701538
18,3,4,30,-27,27,0,0.435239553451538,1,1,-1,1,0.318960428237915
18,3,4,31,-81,81,0,0.634498596191406,-1,-1,1,1,0.185239553451538
18,3,4,32,27,27,1,0.517610549926758,-1,-1,-1,-1,0.384498596191406
18,3,4,33,3,3,1,0.769412040710449,1,1,-1,-1,0.267610549926758
18,3,4,34,-3,3,0,0.535459041595459,1,1,1,1,0.519412040710449
18,3,4,35,3,3,1,0.585905075073242,-1,-1,1,1,0.285459041595459
18,3,4,36,-3,3,0,0.402628183364868,1,1,-1,-1,0.335905075073242
18,3,4,37,-9,9,0,0.634355306625366,-1,-1,1,1,0.152628183364868
18,3,4,38,-3,3,1,0.635246276855469,-1,-1,-1,-1,0.384355306625366
18,3,4,39,-0,0,0,0.435598373413086,-1,1,-1,-1,0.385246276855469
18,3,4,40,27,27,1,0.468730926513672,-1,-1,1,-1,0.185598373413086
18,3,4,41,27,27,1,0.335823535919189,1,1,-1,-1,0.218730926513672
18,3,4,42,-9,9,0,0.317654609680176,1,1,1,1,0.0858235359191895
18,3,4,43,9,9,1,0.484266996383667,-1,-1,1,1,0.0676546096801758
18,3,4,44,-9,9,0,0.369053840637207,1,1,-1,-1,0.234266996383667
18,3,4,45,9,9,1,0.601013422012329,-1,-1,1,1,0.119053840637207
18,3,4,46,9,9,1,0.352023601531982,1,1,-1,-1,0.351013422012329
18,3,4,47,0,0,0,0.536106824874878,1,1,1,1,0.102023601531982
18,3,4,48,-9,9,0,0.350529432296753,1,-1,1,1,0.286106824874878
18,3,4,49,-81,81,1,0.469390869140625,-1,-1,-1,1,0.100529432296753
18,3,4,50,27,27,1,0.333872318267822,-1,1,-1,-1,0.219390869140625
18,3,4,51,-81,81,0,0.48540997505188,1,1,1,-1,0.0838723182678223
18,3,4,52,9,9,0,0.333861351013184,-1,-1,1,1,0.23540997505188
18,3,4,53,-27,27,0,0.450572967529297,1,-1,-1,-1,0.0838613510131836
18,3,4,54,9,9,1,0.552704095840454,-1,-1,-1,1,0.200572967529297
18,3,4,55,-81,81,0,0.569121122360229,1,1,-1,-1,0.302704095840454
18,3,4,56,-9,9,0,0.33551287651062,-1,-1,1,1,0.319121122360229
18,3,4,57,-9,9,1,0.319346189498901,-1,-1,-1,-1,0.0855128765106201
18,3,4,58,81,81,1,0.602617740631104,-1,1,-1,-1,0.0693461894989014
18,3,4,59,0,0,1,0.55095100402832,1,1,1,-1,0.352617740631104
18,3,4,60,-81,81,0,0.485474348068237,1,1,1,1,0.30095100402832
18,3,4,61,-81,81,0,0.502251863479614,-1,-1,1,1,0.235474348068237
18,3,4,62,27,27,1,0.452484130859375,-1,-1,-1,-1,0.252251863479614
18,3,4,63,81,81,1,0.551912069320679,1,1,-1,-1,0.202484130859375
18,3,4,64,-3,3,0,0.518678903579712,1,1,1,1,0.301912069320679
18,3,4,65,27,27,1,0.635151147842407,-1,-1,1,1,0.268678903579712
18,3,4,66,-9,9,0,0.669485330581665,1,1,-1,-1,0.385151147842407
18,3,4,67,9,9,0,0.419805526733398,-1,-1,1,1,0.419485330581665
18,3,4,68,-27,27,0,0.33558988571167,1,-1,-1,-1,0.169805526733398
18,3,4,69,81,81,1,0.434415817260742,-1,-1,-1,1,0.0855898857116699
18,3,4,70,3,3,1,0.38382625579834,1,1,-1,-1,0.184415817260742
18,3,4,71,-3,3,0,0.401041269302368,1,1,1,1,0.13382625579834
18,3,4,72,-9,9,0,0.367614030838013,-1,-1,1,1,0.151041269302368
18,3,4,73,-3,3,0,0.483891010284424,-1,-1,-1,-1,0.117614030838013
18,3,4,74,-9,9,1,0.418189287185669,-1,-1,-1,-1,0.233891010284424
18,3,4,75,-81,81,0,0.567174911499023,-1,1,-1,-1,0.168189287185669
18,3,4,76,81,81,1,0.518125295639038,-1,-1,1,-1,0.317174911499023
18,3,4,77,-3,3,0,0.667188405990601,1,1,-1,-1,0.268125295639038
18,3,4,78,3,3,0,0.385266304016113,-1,-1,1,1,0.417188405990601
18,3,4,79,-9,9,1,0.385385990142822,1,-1,-1,-1,0.135266304016113
18,3,4,80,27,27,1,0.568925857543945,-1,1,-1,1,0.135385990142822
18,3,4,81,-9,9,1,0.419357538223267,1,1,1,-1,0.318925857543945
18,3,4,82,81,81,1,0.752698183059692,-1,1,1,1,0.169357538223267
18,3,4,83,27,27,1,0.617175817489624,1,1,1,-1,0.502698183059692
18,3,4,84,27,27,1,0.734365940093994,1,1,1,1,0.367175817489624
18,3,4,85,-0,0,0,0.483832836151123,1,1,1,1,0.484365940093994
18,3,4,86,81,81,1,0.486016273498535,-1,-1,1,1,0.233832836151123
18,3,4,87,3,3,1,0.735005617141724,1,1,-1,-1,0.236016273498535
18,3,4,88,-0,0,0,0.517988204956055,1,1,1,1,0.485005617141724
18,3,4,89,27,27,1,0.485947132110596,-1,-1,1,1,0.267988204956055
18,3,4,90,0,0,1,0.485828876495361,1,1,-1,-1,0.235947132110596
18,3,4,91,-81,81,0,0.56770133972168,1,1,1,1,0.235828876495361
18,3,4,92,3,3,0,0.419441223144531,-1,-1,1,1,0.31770133972168
18,3,4,93,-3,3,0,0.435578107833862,1,-1,-1,-1,0.169441223144531
18,3,4,94,-3,3,0,0.535893201828003,-1,-1,-1,1,0.185578107833862
18,3,4,95,-3,3,0,0.501961231231689,-1,-1,-1,-1,0.285893201828003
18,3,4,96,3,3,0,0.367691040039062,-1,-1,-1,-1,0.251961231231689
18,3,4,97,-3,3,0,0.384311199188232,1,-1,-1,-1,0.117691040039062
18,3,4,98,-27,27,0,0.517179727554321,-1,-1,-1,1,0.134311199188232
18,3,4,99,-9,9,0,0.586026191711426,-1,-1,-1,-1,0.267179727554321
18,3,5,2,-0,0,0,0.50184965133667,-1,-1,-1,1,0.268005132675171
18,3,5,3,9,9,1,0.36781120300293,-1,-1,-1,-1,0.25184965133667
18,3,5,4,9,9,1,0.385951042175293,1,1,-1,-1,0.11781120300293
18,3,5,5,27,27,1,0.486263275146484,1,1,1,1,0.135951042175293
18,3,5,6,9,9,1,0.519409894943237,1,1,1,1,0.236263275146484
18,3,5,7,3,3,1,0.536053895950317,1,1,1,1,0.269409894943237
18,3,5,8,81,81,1,0.567762613296509,1,1,1,1,0.286053895950317
18,3,5,9,-3,3,1,0.683849334716797,1,1,1,1,0.317762613296509
18,3,5,10,-27,27,0,0.386521100997925,-1,1,1,1,0.433849334716797
18,3,5,11,-3,3,0,0.284266948699951,-1,-1,1,-1,0.136521100997925
18,3,5,12,-27,27,0,0.334460020065308,-1,-1,-1,-1,0.0342669486999512
18,3,5,13,-3,3,0,0.352467060089111,-1,-1,-1,-1,0.0844600200653076
18,3,5,14,-9,9,0,0.402588844299316,-1,-1,-1,-1,0.102467060089111
18,3,5,15,-0,0,0,0.467139482498169,-1,-1,-1,-1,0.152588844299316
18,3,5,16,-9,9,0,0.301116466522217,-1,-1,-1,-1,0.217139482498169
18,3,5,17,-0,0,1,0.36882495880127,-1,-1,-1,-1,0.0511164665222168
18,3,5,18,-81,81,0,0.650995016098022,-1,1,-1,-1,0.11882495880127
18,3,5,19,-0,0,0,0.386100769042969,-1,-1,1,-1,0.400995016098022
18,3,5,20,81,81,1,0.535748720169067,-1,-1,-1,-1,0.136100769042969
18,3,5,21,3,3,0,0.418822526931763,1,1,-1,-1,0.285748720169067
18,3,5,22,3,3,0,0.369253635406494,1,-1,1,1,0.168822526931763
18,3,5,23,3,3,1,0.3338303565979,1,-1,-1,1,0.119253635406494
18,3,5,24,-0,0,1,0.46950888633728,1,1,-1,1,0.0838303565979004
18,3,5,25,27,27,1,0.469163417816162,-1,1,1,1,0.21950888633728
18,3,5,26,3,3,1,0.502578020095825,1,1,1,-1,0.219163417816162
18,3,5,27,3,3,1,0.502021551132202,1,1,1,1,0.252578020095825
18,3,5,28,0,0,1,0.33497953414917,1,1,1,1,0.252021551132202
18,3,5,29,27,27,1,0.535977363586426,1,1,1,1,0.0849795341491699
18,3,5,30,-9,9,1,0.335523843765259,1,1,1,1,0.285977363586426
18,3,5,31,-27,27,0,0.418878316879272,-1,1,1,1,0.0855238437652588
18,3,5,32,-81,81,0,0.600961208343506,-1,-1,1,-1,0.168878316879272
18,3,5,33,-27,27,0,0.319320201873779,-1,-1,-1,-1,0.350961208343506
18,3,5,34,-81,81,0,0.301826477050781,-1,-1,-1,-1,0.0693202018737793
18,3,5,35,-27,27,0,0.402712106704712,-1,-1,-1,-1,0.0518264770507812
18,3,5,36,-9,9,0,0.351700067520142,-1,-1,-1,-1,0.152712106704712
18,3,5,37,-27,27,0,0.367177248001099,-1,-1,-1,-1,0.101700067520142
18,3,5,38,-0,0,0,0.252078056335449,-1,-1,-1,-1,0.117177248001099
18,3,5,39,-81,81,0,0.40265965461731,-1,-1,-1,-1,0.00207805633544922
18,3,5,40,-27,27,0,0.46950101852417,-1,-1,-1,-1,0.15265965461731
18,3,5,41,-9,9,0,0.702007055282593,-1,-1,-1,-1,0.21950101852417
18,3,5,42,27,27,1,0.351924180984497,-1,-1,-1,-1,0.452007055282593
18,3,5,43,81,81,1,0.400594711303711,1,1,-1,-1,0.101924180984497
18,3,5,44,27,27,1,0.602619647979736,1,1,1,1,0.150594711303711
18,3,5,45,81,81,1,0.65283727645874,1,1,1,1,0.352619647979736
18,3,5,46,81,81,1,0.402685642242432,1,1,1,1,0.40283727645874
18,3,5,47,81,81,1,0.400551319122314,1,1,1,1,0.152685642242432
18,3,5,48,9,9,1,0.468828439712524,1,1,1,1,0.150551319122314
18,3,5,49,9,9,1,0.484389781951904,1,1,1,1,0.218828439712524
18,3,5,50,27,27,1,0.418567180633545,1,1,1,1,0.234389781951904
18,3,5,51,81,81,1,0.384300947189331,1,1,1,1,0.168567180633545
18,3,5,52,3,3,1,0.369070291519165,1,1,1,1,0.134300947189331
18,3,5,53,27,27,1,0.400537252426147,1,1,1,1,0.119070291519165
18,3,5,54,-81,81,0,0.435812711715698,1,1,1,1,0.150537252426147
18,3,5,58,-3,3,0,0.400539875030518,-1,-1,-1,-1,0.033883810043335
18,3,5,59,27,27,1,0.400607824325562,-1,-1,-1,-1,0.150539875030518
18,3,5,60,81,81,1,0.418739080429077,1,1,-1,-1,0.150607824325562
18,3,5,61,81,81,1,0.319576740264893,1,1,1,1,0.168739080429077
18,3,5,62,3,3,1,0.517181634902954,1,1,1,1,0.0695767402648926
18,3,5,63,-3,3,0,0.452720403671265,1,1,1,1,0.267181634902954
18,3,5,64,-9,9,0,0.417610168457031,-1,-1,1,1,0.202720403671265
18,3,5,65,-0,0,0,0.468697309494019,-1,-1,-1,-1,0.167610168457031
18,3,5,66,-3,3,1,0.400548934936523,-1,-1,-1,-1,0.218697309494019
18,3,5,67,9,9,0,0.267664909362793,-1,1,-1,-1,0.150548934936523
18,3,5,68,81,81,1,0.550990343093872,1,-1,1,-1,0.017664909362793
18,3,5,69,27,27,1,0.600533246994019,1,1,-1,1,0.300990343093872
18,3,5,70,0,0,0,0.483871221542358,1,1,1,1,0.350533246994019
18,3,5,71,9,9,1,0.401036739349365,1,-1,1,1,0.233871221542358
18,3,5,72,9,9,0,0.43543267250061,1,1,-1,1,0.151036739349365
18,3,5,73,-3,3,1,0.367196321487427,1,-1,1,1,0.18543267250061
18,3,5,74,-3,3,0,0.318857192993164,-1,1,-1,1,0.117196321487427
18,3,5,75,-3,3,0,0.452412605285645,-1,-1,1,-1,0.0688571929931641
18,3,5,76,-81,81,0,0.636041879653931,-1,-1,-1,-1,0.202412605285645
18,3,5,77,-27,27,0,0.485772132873535,-1,-1,-1,-1,0.386041879653931
18,3,5,78,81,81,1,0.6011962890625,-1,-1,-1,-1,0.235772132873535
18,3,5,79,9,9,1,0.569395542144775,1,1,-1,-1,0.3511962890625
18,3,5,80,27,27,1,0.60116720199585,1,1,1,1,0.319395542144775
18,3,5,81,27,27,1,0.785167932510376,1,1,1,1,0.35116720199585
18,3,5,82,27,27,1,0.385147094726562,1,1,1,1,0.535167932510376
18,3,5,83,81,81,1,0.667623519897461,1,1,1,1,0.135147094726562
18,3,5,84,-81,81,0,0.534453392028809,1,1,1,1,0.417623519897461
18,3,5,85,3,3,0,0.300514221191406,-1,-1,1,1,0.284453392028809
18,3,5,86,27,27,1,0.467184066772461,1,-1,-1,-1,0.0505142211914062
18,3,5,87,3,3,0,0.618986845016479,1,1,-1,1,0.217184066772461
18,3,5,88,9,9,1,0.319805860519409,1,-1,1,1,0.368986845016479
18,3,5,89,9,9,1,0.435606956481934,1,1,-1,1,0.0698058605194092
18,3,5,90,-3,3,1,0.350935220718384,1,1,1,1,0.185606956481934
18,3,5,91,-27,27,0,0.550992965698242,-1,1,1,1,0.100935220718384
18,3,5,92,-9,9,0,0.267599582672119,-1,-1,1,-1,0.300992965698242
18,3,5,93,-0,0,0,0.285792112350464,-1,-1,-1,-1,0.0175995826721191
18,3,5,94,-9,9,0,0.286000967025757,-1,-1,-1,-1,0.0357921123504639
18,3,5,95,0,0,0,0.267629623413086,-1,-1,-1,-1,0.0360009670257568
18,3,5,96,81,81,1,0.635624170303345,1,-1,-1,-1,0.0176296234130859
18,3,5,97,9,9,0,0.71923565864563,1,1,-1,1,0.385624170303345
18,3,5,98,9,9,1,0.319065093994141,1,-1,1,1,0.46923565864563
18,3,5,99,3,3,0,0.568847894668579,1,1,-1,1,0.0690650939941406
18,3,6,2,9,9,0,0.334275960922241,-1,1,1,1,0.435028076171875
18,3,6,3,-3,3,0,0.251984596252441,1,-1,1,-1,0.0842759609222412
18,3,6,4,27,27,1,0.403030872344971,-1,-1,-1,1,0.00198459625244141
18,3,6,5,-9,9,0,0.401419639587402,1,1,-1,-1,0.153030872344971
18,3,6,6,9,9,1,0.302531003952026,-1,-1,1,1,0.151419639587402
18,3,6,7,-3,3,1,0.635889530181885,1,1,-1,-1,0.0525310039520264
18,3,6,8,-27,27,0,0.60054874420166,-1,1,1,1,0.385889530181885
18,3,6,9,0,0,0,0.517777919769287,-1,-1,1,-1,0.35054874420166
18,3,6,10,-3,3,0,0.450929164886475,1,-1,-1,-1,0.267777919769287
18,3,6,11,-27,27,0,0.619081020355225,-1,-1,-1,1,0.200929164886475
18,3,6,12,9,9,0,0.485342264175415,-1,-1,-1,-1,0.369081020355225
18,3,6,13,-9,9,0,0.336040496826172,1,-1,-1,-1,0.235342264175415
18,3,6,14,27,27,1,0.483816623687744,-1,-1,-1,1,0.0860404968261719
18,3,6,15,-27,27,0,0.485016584396362,1,1,-1,-1,0.233816623687744
18,3,6,16,9,9,1,0.386167287826538,-1,-1,1,1,0.235016584396362
18,3,6,17,-27,27,0,0.502221584320068,1,1,-1,-1,0.136167287826538
18,3,6,18,81,81,1,0.551145792007446,-1,-1,1,1,0.252221584320068
18,3,6,19,-81,81,0,0.552369594573975,1,1,-1,-1,0.301145792007446
18,3,6,20,9,9,1,0.567997932434082,-1,-1,1,1,0.302369594573975
18,3,6,21,-3,3,0,0.502430200576782,1,1,-1,-1,0.317997932434082
18,3,6,22,0,0,0,0.41904091835022,-1,-1,1,1,0.252430200576782
18,3,6,23,-27,27,0,0.501094579696655,1,-1,-1,-1,0.16904091835022
18,3,6,24,3,3,0,0.383866310119629,-1,-1,-1,1,0.251094579696655
18,3,6,25,81,81,1,0.685955047607422,1,-1,-1,-1,0.133866310119629
18,3,6,26,-81,81,0,0.634450435638428,1,1,-1,1,0.435955047607422
18,3,6,27,27,27,1,1.28596568107605,-1,-1,1,1,0.384450435638428
18,3,6,28,-27,27,0,0.46778130531311,1,1,-1,-1,1.03596568107605
18,3,6,29,3,3,1,0.585201025009155,-1,-1,1,1,0.21778130531311
18,3,6,30,-27,27,0,0.718150854110718,1,1,-1,-1,0.335201025009155
18,3,6,31,0,0,1,0.469162464141846,-1,-1,1,1,0.468150854110718
18,3,6,32,-81,81,0,0.567157030105591,1,1,-1,-1,0.219162464141846
18,3,6,33,3,3,0,0.567161321640015,-1,-1,1,1,0.317157030105591
18,3,6,34,-9,9,1,0.567769289016724,1,-1,-1,-1,0.317161321640015
18,3,6,35,3,3,0,0.267636775970459,-1,1,-1,1,0.317769289016724
18,3,6,36,-27,27,0,0.467964649200439,1,-1,1,-1,0.017636775970459
18,3,6,37,-0,0,0,0.468677759170532,-1,-1,-1,1,0.217964649200439
18,3,6,38,81,81,1,0.585998773574829,-1,-1,-1,-1,0.218677759170532
18,3,6,39,-27,27,0,0.600530862808228,1,1,-1,-1,0.335998773574829
18,3,6,40,9,9,0,0.301131963729858,-1,-1,1,1,0.350530862808228
18,3,6,41,81,81,1,0.869143486022949,1,-1,-1,-1,0.0511319637298584
18,3,6,42,-3,3,0,0.435637235641479,1,1,-1,1,0.619143486022949
18,3,6,43,9,9,1,0.55125880241394,-1,-1,1,1,0.185637235641479
18,3,6,44,-0,0,1,0.668892383575439,1,1,-1,-1,0.30125880241394
18,3,6,45,3,3,1,0.484454870223999,-1,1,1,1,0.418892383575439
18,3,6,46,-0,0,1,0.31777811050415,1,1,1,-1,0.234454870223999
18,3,6,47,27,27,1,0.602170705795288,-1,1,1,1,0.0677781105041504
18,3,6,48,-0,0,0,0.536107540130615,1,1,1,-1,0.352170705795288
18,3,6,49,81,81,1,0.834451675415039,-1,-1,1,1,0.286107540130615
18,3,6,50,0,0,1,0.551399230957031,1,1,-1,-1,0.584451675415039
18,3,6,51,-81,81,0,0.734508037567139,1,1,1,1,0.301399230957031
18,3,6,52,9,9,1,0.569163799285889,-1,-1,1,1,0.484508037567139
18,3,6,53,-81,81,0,0.668262720108032,1,1,-1,-1,0.319163799285889
18,3,6,54,9,9,1,0.501423597335815,-1,-1,1,1,0.418262720108032
18,3,6,55,-27,27,0,0.435866594314575,1,1,-1,-1,0.251423597335815
18,3,6,56,-81,81,0,0.60122537612915,-1,-1,1,1,0.185866594314575
18,3,6,57,27,27,1,0.552331924438477,-1,-1,-1,-1,0.35122537612915
18,3,6,58,-81,81,0,0.736127138137817,1,1,-1,-1,0.302331924438477
18,3,6,59,3,3,1,0.518804550170898,-1,-1,1,1,0.486127138137817
18,3,6,60,-27,27,0,0.518760681152344,1,1,-1,-1,0.268804550170898
18,3,6,61,-81,81,0,0.667905330657959,-1,-1,1,1,0.268760681152344
18,3,6,62,3,3,0,0.534500360488892,-1,-1,-1,-1,0.417905330657959
18,3,6,63,-9,9,1,0.600514650344849,1,-1,-1,-1,0.284500360488892
18,3,6,64,0,0,0,0.268952369689941,-1,1,-1,1,0.350514650344849
18,3,6,65,-3,3,0,0.384462833404541,1,-1,1,-1,0.0189523696899414
18,3,6,66,81,81,1,0.751049280166626,-1,-1,-1,1,0.134462833404541
18,3,6,67,-3,3,0,0.451875448226929,1,1,-1,-1,0.501049280166626
18,3,6,68,-27,27,0,0.51714015007019,-1,-1,1,1,0.201875448226929
18,3,6,69,9,9,1,0.435707092285156,-1,-1,-1,-1,0.26714015007019
18,3,6,70,-81,81,0,0.802685499191284,1,1,-1,-1,0.185707092285156
18,3,6,71,9,9,1,0.700512170791626,-1,-1,1,1,0.552685499191284
18,3,6,72,-81,81,0,0.635404348373413,1,1,-1,-1,0.450512170791626
18,3,6,73,27,27,1,0.602377414703369,-1,-1,1,1,0.385404348373413
18,3,6,74,-81,81,0,0.9172043800354,1,1,-1,-1,0.352377414703369
18,3,6,75,9,9,1,0.469161987304688,-1,-1,1,1,0.6672043800354
18,3,6,76,-81,81,0,0.601952314376831,1,1,-1,-1,0.219161987304688
18,3,6,77,0,0,0,0.468729257583618,-1,-1,1,1,0.351952314376831
18,3,6,78,-9,9,0,0.485743284225464,1,-1,-1,-1,0.218729257583618
18,3,6,79,9,9,1,0.802417755126953,-1,-1,-1,1,0.235743284225464
18,3,6,80,-27,27,0,0.551376819610596,1,1,-1,-1,0.552417755126953
18,3,6,81,3,3,0,0.634675025939941,-1,-1,1,1,0.301376819610596
18,3,6,82,-3,3,1,0.350472211837769,1,-1,-1,-1,0.384675025939941
18,3,6,83,-3,3,0,0.368159532546997,-1,1,-1,1,0.100472211837769
18,3,6,84,81,81,1,0.652664422988892,-1,-1,1,-1,0.118159532546997
18,3,6,85,-3,3,0,0.534460783004761,1,1,-1,-1,0.402664422988892
18,3,6,86,9,9,1,0.384448766708374,-1,-1,1,1,0.284460783004761
18,3,6,87,-27,27,0,0.550979614257812,1,1,-1,-1,0.134448766708374
18,3,6,88,81,81,1,0.834432125091553,-1,-1,1,1,0.300979614257812
18,3,6,89,-0,0,1,0.518496513366699,1,1,-1,-1,0.584432125091553
18,3,6,90,3,3,1,0.567187786102295,-1,1,1,1,0.268496513366699
18,3,6,91,-81,81,0,0.66780161857605,1,1,1,-1,0.317187786102295
18,3,6,92,3,3,1,0.70128870010376,-1,-1,1,1,0.41780161857605
18,3,6,93,3,3,1,0.601555585861206,1,1,-1,-1,0.45128870010376
18,3,6,94,-3,3,1,0.717783689498901,1,1,1,1,0.351555585861206
18,3,6,95,-27,27,0,0.552001953125,-1,1,1,1,0.467783689498901
18,3,6,96,9,9,0,0.401766538619995,-1,-1,1,-1,0.302001953125
18,3,6,97,9,9,0,0.552503347396851,1,-1,-1,-1,0.151766538619995
18,3,6,98,-27,27,0,0.785189151763916,1,-1,-1,1,0.302503347396851
18,3,6,99,81,81,1,0.735051870346069,-1,-1,-1,1,0.535189151763916
19,1,1,2,27,27,0,0.767593860626221,1,-1,1,-1,0.468050241470337
19,1,1,3,3,3,1,0.634468078613281,1,-1,-1,1,0.517593860626221
19,1,1,4,-3,3,1,0.751113653182983,1,1,-1,1,0.384468078613281
19,1,1,5,-81,81,0,0.801547050476074,-1,1,1,1,0.501113653182983
19,1,1,6,27,27,1,0.717134714126587,-1,-1,1,-1,0.551547050476074
19,1,1,7,-3,3,1,0.952074766159058,1,1,-1,-1,0.467134714126587
19,1,1,8,81,81,1,0.767985820770264,-1,1,1,1,0.702074766159058
19,1,1,9,-0,0,1,0.953139305114746,1,1,1,-1,0.517985820770264
19,1,1,10,3,3,0,0.902631759643555,-1,1,1,1,0.703139305114746
19,1,1,11,-9,9,0,0.783812046051025,1,-1,1,-1,0.652631759643555
19,1,1,12,-0,0,0,0.851172208786011,-1,-1,-1,1,0.533812046051025
19,1,1,13,-3,3,0,0.601899147033691,-1,-1,-1,-1,0.601172208786011
19,1,1,14,9,9,0,0.752574443817139,-1,-1,-1,-1,0.351899147033691
19,1,1,15,-81,81,0,0.917618751525879,1,-1,-1,-1,0.502574443817139
19,1,1,16,3,3,1,0.719012975692749,-1,-1,-1,1,0.667618751525879
19,1,1,17,-0,0,1,0.950483083724976,1,1,-1,-1,0.469012975692749
19,1,1,18,-0,0,1,0.817150115966797,-1,1,1,1,0.700483083724976
19,1,1,19,-81,81,0,0.667261600494385,-1,1,1,-1,0.567150115966797
19,1,1,20,-9,9,0,0.767723083496094,-1,-1,1,-1,0.417261600494385
19,1,1,21,-3,3,0,1.08448386192322,-1,-1,-1,-1,0.517723083496094
19,1,1,22,-81,81,0,1.13552188873291,-1,-1,-1,-1,0.834483861923218
19,1,1,23,-27,27,0,0.567262411117554,-1,-1,-1,-1,0.88552188873291
19,1,1,24,81,81,1,0.552838563919067,-1,-1,-1,-1,0.317262411117554
19,1,1,25,27,27,1,0.635772705078125,1,1,-1,-1,0.302838563919067
19,1,1,26,81,81,1,0.600991249084473,1,1,1,1,0.385772705078125
19,1,1,27,27,27,1,0.633857250213623,1,1,1,1,0.350991249084473
19,1,1,28,0,0,1,0.817649841308594,1,1,1,1,0.383857250213623
19,1,1,29,-9,9,0,1.40111660957336,1,1,1,1,0.567649841308594
19,1,1,30,-9,9,0,0.602227210998535,-1,-1,1,1,1.15111660957336
19,1,1,31,-3,3,1,0.918691873550415,-1,-1,-1,-1,0.352227210998535
19,1,1,32,-9,9,0,0.750536441802979,-1,1,-1,-1,0.668691873550415
19,1,1,33,81,81,1,0.718572854995728,-1,-1,1,-1,0.500536441802979
19,1,1,34,81,81,1,0.651553630828857,1,1,-1,-1,0.468572854995728
19,1,1,35,81,81,1,0.569462776184082,1,1,1,1,0.401553630828857
19,1,1,36,27,27,1,0.267582893371582,1,1,1,1,0.319462776184082
19,1,1,37,81,81,1,0.535317659378052,1,1,1,1,0.017582893371582
19,1,1,38,-81,81,0,0.967631101608276,1,1,1,1,0.285317659378052
19,1,1,39,-3,3,1,0.635367155075073,-1,-1,1,1,0.717631101608276
19,1,1,40,-9,9,0,0.752707719802856,-1,1,-1,-1,0.385367155075073
19,1,1,41,27,27,1,0.752012968063354,-1,-1,1,-1,0.502707719802856
19,1,1,42,-9,9,1,0.602528810501099,1,1,-1,-1,0.502012968063354
19,1,1,43,27,27,1,0.717771530151367,-1,1,1,1,0.352528810501099
19,1,1,44,27,27,1,0.617724657058716,1,1,1,-1,0.467771530151367
19,1,1,45,9,9,1,0.702691316604614,1,1,1,1,0.367724657058716
19,1,1,46,-81,81,0,0.800518989562988,1,1,1,1,0.452691316604614
19,1,1,47,3,3,0,0.652719259262085,-1,-1,1,1,0.550518989562988
19,1,1,48,3,3,0,0.768941640853882,1,-1,-1,-1,0.402719259262085
19,1,1,49,27,27,1,0.386042833328247,1,-1,-1,1,0.518941640853882
19,1,1,50,-9,9,0,0.719139337539673,1,1,-1,1,0.136042833328247
19,1,1,51,-3,3,0,0.285841703414917,-1,-1,1,1,0.469139337539673
19,1,1,52,-27,27,0,0.568220853805542,-1,-1,-1,-1,0.035841703414917
19,1,1,53,-0,0,0,0.851231336593628,-1,-1,-1,-1,0.318220853805542
19,1,1,54,9,9,1,0.734520673751831,-1,-1,-1,-1,0.601231336593628
19,1,1,55,-0,0,1,1.13533425331116,1,1,-1,-1,0.484520673751831
19,1,1,56,81,81,1,0.802121877670288,-1,1,1,1,0.885334253311157
19,1,1,57,3,3,1,0.735233545303345,1,1,1,-1,0.552121877670288
19,1,1,58,3,3,1,1.00049686431885,1,1,1,1,0.485233545303345
19,1,1,59,-3,3,0,0.500532150268555,1,1,1,1,0.750496864318848
19,1,1,63,-9,9,1,0.668150901794434,1,1,1,-1,0.383852243423462
19,1,1,64,-27,27,0,0.635892391204834,-1,1,1,1,0.418150901794434
19,1,1,65,9,9,1,0.785447597503662,-1,-1,1,-1,0.385892391204834
19,1,1,66,27,27,1,0.667702198028564,1,1,-1,-1,0.535447597503662
19,1,1,67,-81,81,0,0.585815906524658,1,1,1,1,0.417702198028564
19,1,1,68,-27,27,0,0.452697992324829,-1,-1,1,1,0.335815906524658
19,1,1,72,81,81,1,0.902841806411743,1,1,1,-1,0.417830467224121
19,1,1,73,27,27,1,0.669510126113892,1,1,1,1,0.652841806411743
19,1,1,74,-81,81,0,0.717157363891602,1,1,1,1,0.419510126113892
19,1,1,75,27,27,1,0.619246244430542,-1,-1,1,1,0.467157363891602
19,1,1,76,-3,3,0,0.602656841278076,1,1,-1,-1,0.369246244430542
19,1,1,77,9,9,1,1.11845374107361,-1,-1,1,1,0.352656841278076
19,1,1,78,-81,81,0,0.818508148193359,1,1,-1,-1,0.868453741073608
19,1,1,79,27,27,1,0.684796810150146,-1,-1,1,1,0.568508148193359
19,1,1,80,81,81,1,0.268769264221191,1,1,-1,-1,0.434796810150146
19,1,1,81,-27,27,0,1.01867532730103,1,1,1,1,0.0187692642211914
19,1,1,82,-3,3,1,1.21765470504761,-1,-1,1,1,0.768675327301025
19,1,1,83,-3,3,0,0.301118135452271,-1,1,-1,-1,0.967654705047607
19,1,1,84,-27,27,0,0.569092512130737,-1,-1,1,-1,0.0511181354522705
19,1,1,85,-3,3,0,1.0025520324707,-1,-1,-1,-1,0.319092512130737
19,1,1,86,-9,9,0,1.10202193260193,-1,-1,-1,-1,0.752552032470703
19,1,1,87,-0,0,0,0.667598485946655,-1,-1,-1,-1,0.852021932601929
19,1,1,88,-81,81,0,0.584801197052002,-1,-1,-1,-1,0.417598485946655
19,1,1,89,-3,3,0,0.635408639907837,-1,-1,-1,-1,0.334801197052002
19,1,1,90,81,81,1,0.867250919342041,-1,-1,-1,-1,0.385408639907837
19,1,1,94,9,9,1,0.917155504226685,-1,1,1,1,1.05226683616638
19,1,1,95,9,9,1,0.317813873291016,1,1,1,-1,0.667155504226685
19,1,2,2,-0,0,1,0.635961532592773,1,1,1,-1,0.668822050094604
19,1,2,3,0,0,1,0.434473037719727,-1,1,1,1,0.385961532592773
19,1,2,4,27,27,1,0.684795141220093,1,1,1,-1,0.184473037719727
19,1,2,5,3,3,1,0.602531671524048,1,1,1,1,0.434795141220093
19,1,2,6,-27,27,0,0.717813491821289,1,1,1,1,0.352531671524048
19,1,2,7,-27,27,0,0.584432125091553,-1,-1,1,1,0.467813491821289
19,1,2,8,3,3,1,0.61721396446228,-1,-1,-1,-1,0.334432125091553
19,1,2,9,-0,0,1,0.652374744415283,1,1,-1,-1,0.36721396446228
19,1,2,10,81,81,1,0.733839988708496,-1,1,1,1,0.402374744415283
19,1,2,11,81,81,1,0.750471115112305,1,1,1,-1,0.483839988708496
19,1,2,12,-0,0,1,0.702850818634033,1,1,1,1,0.500471115112305
19,1,2,13,81,81,1,0.550479650497437,-1,1,1,1,0.452850818634033
19,1,2,14,-9,9,1,1.38582611083984,1,1,1,-1,0.300479650497437
19,1,2,18,9,9,1,0.717147588729858,-1,1,1,1,0.418801307678223
19,1,2,19,-3,3,0,0.684534311294556,1,1,1,-1,0.467147588729858
19,1,2,20,27,27,1,1.18384790420532,-1,-1,1,1,0.434534311294556
19,1,2,21,3,3,1,0.283831119537354,1,1,-1,-1,0.933847904205322
19,1,2,22,-9,9,0,0.817619800567627,1,1,1,1,0.0338311195373535
19,1,2,23,-0,0,0,0.73477578163147,-1,-1,1,1,0.567619800567627
19,1,2,27,-9,9,1,0.434494018554688,1,-1,1,-1,0.517765045166016
19,1,2,28,-9,9,1,0.61771035194397,-1,1,-1,1,0.184494018554688
19,1,2,29,-81,81,0,0.685623407363892,-1,1,1,-1,0.36771035194397
19,1,2,30,81,81,1,0.502261161804199,-1,-1,1,-1,0.435623407363892
19,1,2,31,-0,0,1,0.817189455032349,1,1,-1,-1,0.252261161804199
19,1,2,36,-3,3,0,0.585790634155273,-1,-1,1,1,0.450478315353394
19,1,2,37,27,27,1,0.552781343460083,-1,-1,-1,-1,0.335790634155273
19,1,2,41,-9,9,0,0.918995141983032,1,1,1,1,0.419321537017822
19,1,2,42,3,3,1,0.585387229919434,-1,-1,1,1,0.668995141983032
19,1,2,43,-9,9,1,0.401278495788574,1,1,-1,-1,0.335387229919434
19,1,2,44,81,81,1,0.900489807128906,-1,1,1,1,0.151278495788574
19,1,2,45,-3,3,1,0.584524154663086,1,1,1,-1,0.650489807128906
19,1,2,46,-81,81,0,0.668750762939453,-1,1,1,1,0.334524154663086
19,1,2,47,0,0,1,1.017657995224,-1,-1,1,-1,0.418750762939453
19,1,2,48,-3,3,1,0.718100070953369,1,1,-1,-1,0.767657995223999
19,1,2,49,27,27,1,0.601119041442871,-1,1,1,1,0.468100070953369
19,1,2,54,-81,81,0,0.669461011886597,1,1,1,1,0.567873954772949
19,1,2,55,-3,3,1,0.669130802154541,-1,-1,1,1,0.419461011886597
19,1,2,56,0,0,1,1.01769495010376,-1,1,-1,-1,0.419130802154541
19,1,2,57,-81,81,0,0.601339101791382,1,1,1,-1,0.76769495010376
19,1,2,58,81,81,1,0.802715301513672,-1,-1,1,1,0.351339101791382
19,1,2,59,-81,81,0,0.668785572052002,1,1,-1,-1,0.552715301513672
19,1,2,60,27,27,1,0.286014795303345,-1,-1,1,1,0.418785572052002
19,1,2,61,3,3,1,0.519522428512573,1,1,-1,-1,0.0360147953033447
19,1,2,62,27,27,1,0.651114463806152,1,1,1,1,0.269522428512573
19,1,2,66,-9,9,1,0.600479125976562,1,1,-1,-1,0.434541702270508
19,1,2,67,-9,9,1,0.451236724853516,-1,1,1,1,0.350479125976562
19,1,2,68,81,81,1,0.750954627990723,-1,1,1,-1,0.201236724853516
19,1,2,69,-81,81,0,0.535377979278564,1,1,1,-1,0.500954627990723
19,1,2,70,27,27,1,0.633827209472656,-1,-1,1,1,0.285377979278564
19,1,2,71,-27,27,0,0.802762508392334,1,1,-1,-1,0.383827209472656
19,1,2,72,-3,3,1,0.867668151855469,-1,-1,1,1,0.552762508392334
19,1,2,73,27,27,1,0.285397291183472,-1,1,-1,-1,0.617668151855469
19,1,2,74,-9,9,1,0.817242622375488,1,1,1,-1,0.0353972911834717
19,1,2,75,81,81,1,0.968245267868042,-1,1,1,1,0.567242622375488
19,1,2,76,-9,9,1,0.251836776733398,1,1,1,-1,0.718245267868042
19,1,2,77,27,27,1,0.534512996673584,-1,1,1,1,0.00183677673339844
19,1,2,78,-9,9,0,1.45052695274353,1,1,1,-1,0.284512996673584
19,1,2,79,9,9,0,0.352734088897705,-1,-1,1,1,1.20052695274353
19,1,2,80,81,81,1,0.719027996063232,1,-1,-1,-1,0.102734088897705
19,1,2,81,-81,81,0,0.519115924835205,1,1,-1,1,0.469027996063232
19,1,2,82,3,3,0,0.584520816802979,-1,-1,1,1,0.269115924835205
19,1,2,83,-27,27,0,0.269387722015381,1,-1,-1,-1,0.334520816802979
19,1,2,84,27,27,1,0.552747011184692,-1,-1,-1,1,0.0193877220153809
19,1,2,85,27,27,1,0.652734041213989,1,1,-1,-1,0.302747011184692
19,1,2,86,-81,81,1,0.386111736297607,1,1,1,1,0.402734041213989
19,1,2,87,9,9,1,1.38569855690002,-1,1,1,1,0.136111736297607
19,1,2,88,9,9,1,0.70056939125061,1,1,1,-1,1.13569855690002
19,1,2,89,-3,3,0,0.652082204818726,1,1,1,1,0.45056939125061
19,1,2,90,27,27,1,0.785958766937256,-1,-1,1,1,0.402082204818726
19,1,2,91,-3,3,0,0.800500392913818,1,1,-1,-1,0.535958766937256
19,1,2,92,27,27,1,0.735692977905273,-1,-1,1,1,0.550500392913818
19,1,2,93,-27,27,0,0.734505176544189,1,1,-1,-1,0.485692977905273
19,1,2,97,-9,9,0,0.501107931137085,1,1,-1,-1,0.484516620635986
19,1,2,98,27,27,1,0.867164850234985,-1,-1,1,1,0.251107931137085
19,1,2,99,-3,3,1,0.73607873916626,1,1,-1,-1,0.617164850234985
19,1,3,2,9,9,1,0.735592126846313,1,1,-1,-1,0.369500875473022
19,1,3,3,81,81,1,1.11776041984558,1,1,1,1,0.485592126846313
19,1,3,4,3,3,1,0.535508155822754,1,1,1,1,0.867760419845581
19,1,3,5,27,27,1,0.602200031280518,1,1,1,1,0.285508155822754
19,1,3,6,3,3,1,1.00136017799377,1,1,1,1,0.352200031280518
19,1,3,7,3,3,1,0.6025550365448,1,1,1,1,0.751360177993774
19,1,3,8,27,27,1,0.585405826568604,1,1,1,1,0.3525550365448
19,1,3,9,-3,3,1,0.683811902999878,1,1,1,1,0.335405826568604
19,1,3,10,-0,0,1,0.601128101348877,-1,1,1,1,0.433811902999878
19,1,3,11,-81,81,0,0.535451889038086,-1,1,1,-1,0.351128101348877
19,1,3,12,0,0,0,0.702165126800537,-1,-1,1,-1,0.285451889038086
19,1,3,13,0,0,0,0.650526285171509,1,-1,-1,-1,0.452165126800537
19,1,3,14,9,9,1,0.56946325302124,1,-1,-1,1,0.400526285171509
19,1,3,15,27,27,1,0.767164945602417,1,1,-1,1,0.31946325302124
19,1,3,16,81,81,1,0.718863248825073,1,1,1,1,0.517164945602417
19,1,3,17,0,0,1,1.35207533836365,1,1,1,1,0.468863248825073
19,1,3,18,0,0,1,0.769160509109497,1,1,1,1,1.10207533836365
19,1,3,19,27,27,1,0.66930103302002,1,1,1,1,0.519160509109497
19,1,3,20,9,9,1,0.769308805465698,1,1,1,1,0.41930103302002
19,1,3,21,-27,27,0,0.569164752960205,1,1,1,1,0.519308805465698
19,1,3,22,-27,27,0,0.651005983352661,-1,-1,1,1,0.319164752960205
19,1,3,23,-3,3,1,0.684552669525146,-1,-1,-1,-1,0.401005983352661
19,1,3,24,81,81,1,0.686039924621582,-1,1,-1,-1,0.434552669525146
19,1,3,25,0,0,1,1.33442735671997,1,1,1,-1,0.436039924621582
19,1,3,26,0,0,1,0.617919683456421,1,1,1,1,1.08442735671997
19,1,3,27,9,9,1,0.750516891479492,1,1,1,1,0.367919683456421
19,1,3,28,81,81,1,0.584433555603027,1,1,1,1,0.500516891479492
19,1,3,29,81,81,1,0.484976768493652,1,1,1,1,0.334433555603027
19,1,3,30,3,3,1,0.634351968765259,1,1,1,1,0.234976768493652
19,1,3,31,-3,3,1,0.334707736968994,1,1,1,1,0.384351968765259
19,1,3,32,3,3,0,0.717194557189941,-1,1,1,1,0.0847077369689941
19,1,3,33,27,27,1,0.568572998046875,1,-1,1,-1,0.467194557189941
19,1,3,34,27,27,1,0.635969638824463,1,1,-1,1,0.318572998046875
19,1,3,35,3,3,1,0.785545825958252,1,1,1,1,0.385969638824463
19,1,3,36,81,81,1,0.484804630279541,1,1,1,1,0.535545825958252
19,1,3,40,-9,9,0,0.651190996170044,-1,-1,1,-1,0.402641534805298
19,1,3,41,-9,9,0,0.635783672332764,-1,-1,-1,-1,0.401190996170044
19,1,3,42,3,3,0,1.05256104469299,-1,-1,-1,-1,0.385783672332764
19,1,3,43,3,3,0,0.384475946426392,1,-1,-1,-1,0.802561044692993
19,1,3,44,-3,3,0,0.251180648803711,1,-1,-1,1,0.134475946426392
19,1,3,45,-27,27,0,0.519227266311646,-1,-1,-1,1,0.00118064880371094
19,1,3,46,-81,81,0,0.867816686630249,-1,-1,-1,-1,0.269227266311646
19,1,3,47,9,9,1,0.717154502868652,-1,-1,-1,-1,0.617816686630249
19,1,3,48,27,27,1,0.367897748947144,1,1,-1,-1,0.467154502868652
19,1,3,49,81,81,1,0.701527118682861,1,1,1,1,0.117897748947144
19,1,3,50,9,9,1,0.75232720375061,1,1,1,1,0.451527118682861
19,1,3,51,81,81,1,0.635889768600464,1,1,1,1,0.50232720375061
19,1,3,52,-27,27,0,0.802402019500732,1,1,1,1,0.385889768600464
19,1,3,56,-9,9,0,0.717793226242065,1,1,1,-1,0.28444766998291
19,1,3,57,-27,27,0,0.501244068145752,-1,-1,1,1,0.467793226242065
19,1,3,58,-27,27,0,0.617217063903809,-1,-1,-1,-1,0.251244068145752
19,1,3,59,-3,3,0,0.734443187713623,-1,-1,-1,-1,0.367217063903809
19,1,3,63,9,9,1,0.402684450149536,1,1,1,1,0.384503602981567
19,1,3,64,-3,3,1,0.767643690109253,1,1,1,1,0.152684450149536
19,1,3,65,-27,27,0,0.468863248825073,-1,1,1,1,0.517643690109253
19,1,3,66,9,9,0,0.35180926322937,-1,-1,1,-1,0.218863248825073
19,1,3,67,27,27,1,0.535526990890503,1,-1,-1,-1,0.10180926322937
19,1,3,68,9,9,1,1.069087266922,1,1,-1,1,0.285526990890503
19,1,3,69,81,81,1,0.701141357421875,1,1,1,1,0.819087266921997
19,1,3,70,27,27,1,0.683814764022827,1,1,1,1,0.451141357421875
19,1,3,71,3,3,1,0.668463945388794,1,1,1,1,0.433814764022827
19,1,3,72,81,81,1,0.734344959259033,1,1,1,1,0.418463945388794
19,1,3,73,27,27,1,0.501188039779663,1,1,1,1,0.484344959259033
19,1,3,74,81,81,1,0.850578784942627,1,1,1,1,0.251188039779663
19,1,3,75,81,81,1,0.668898344039917,1,1,1,1,0.600578784942627
19,1,3,76,9,9,0,0.618796825408936,1,1,1,1,0.418898344039917
19,1,3,77,3,3,0,0.617806196212769,1,-1,1,1,0.368796825408936
19,1,3,78,9,9,1,0.685949087142944,1,-1,-1,1,0.367806196212769
19,1,3,79,81,81,1,0.60216212272644,1,1,-1,1,0.435949087142944
19,1,3,80,81,81,1,0.585449695587158,1,1,1,1,0.35216212272644
19,1,3,81,0,0,1,1.4011242389679,1,1,1,1,0.335449695587158
19,1,3,82,27,27,1,0.66949462890625,1,1,1,1,1.1511242389679
19,1,3,83,-3,3,1,0.66716480255127,1,1,1,1,0.41949462890625
19,1,3,84,81,81,1,0.467677116394043,-1,1,1,1,0.41716480255127
19,1,3,85,3,3,1,0.702526330947876,1,1,1,-1,0.217677116394043
19,1,3,86,3,3,0,0.68455171585083,1,1,1,1,0.452526330947876
19,1,3,87,3,3,1,0.65120792388916,1,-1,1,1,0.43455171585083
19,1,3,91,-9,9,0,0.752372026443481,-1,-1,1,1,0.317770481109619
19,1,3,92,-3,3,1,0.367753982543945,-1,-1,-1,-1,0.502372026443481
19,1,3,98,-9,9,0,0.501154184341431,1,1,-1,-1,0.417716979980469
19,1,3,99,-9,9,0,0.702891826629639,-1,-1,1,1,0.251154184341431
19,1,4,2,81,81,1,0.534489631652832,1,1,1,1,0.4007568359375
19,1,4,3,-3,3,0,0.752772569656372,1,1,1,1,0.284489631652832
19,1,4,4,-3,3,0,0.736070871353149,-1,-1,1,1,0.502772569656372
19,1,4,5,-3,3,1,0.917187213897705,-1,-1,-1,-1,0.486070871353149
19,1,4,6,-0,0,0,0.650983095169067,-1,1,-1,-1,0.667187213897705
19,1,4,7,-81,81,0,0.651927947998047,-1,-1,1,-1,0.400983095169067
19,1,4,8,-9,9,0,0.7693190574646,-1,-1,-1,-1,0.401927947998047
19,1,4,9,-81,81,0,0.517800331115723,-1,-1,-1,-1,0.5193190574646
19,1,4,10,-27,27,0,0.618768930435181,-1,-1,-1,-1,0.267800331115723
19,1,4,11,0,0,0,0.869479179382324,-1,-1,-1,-1,0.368768930435181
19,1,4,12,81,81,1,0.651947736740112,1,-1,-1,-1,0.619479179382324
19,1,4,13,81,81,1,0.55051589012146,1,1,-1,1,0.401947736740112
19,1,4,14,81,81,1,0.567768812179565,1,1,1,1,0.30051589012146
19,1,4,15,9,9,1,1.2691695690155,1,1,1,1,0.317768812179565
19,1,4,16,3,3,1,0.635693073272705,1,1,1,1,1.0191695690155
19,1,4,17,27,27,1,0.568244695663452,1,1,1,1,0.385693073272705
19,1,4,18,3,3,1,0.833824872970581,1,1,1,1,0.318244695663452
19,1,4,22,81,81,1,0.51873254776001,-1,-1,1,1,0.651898145675659
19,1,4,23,3,3,1,0.819226264953613,1,1,-1,-1,0.26873254776001
19,1,4,24,-81,81,0,0.517147541046143,1,1,1,1,0.569226264953613
19,1,4,25,-81,81,0,0.552607297897339,-1,-1,1,1,0.267147541046143
19,1,4,26,9,9,1,0.501758098602295,-1,-1,-1,-1,0.302607297897339
19,1,4,27,27,27,1,0.985429763793945,1,1,-1,-1,0.251758098602295
19,1,4,28,3,3,1,0.502835988998413,1,1,1,1,0.735429763793945
19,1,4,29,9,9,1,0.60215163230896,1,1,1,1,0.252835988998413
19,1,4,30,9,9,1,0.769226312637329,1,1,1,1,0.35215163230896
19,1,4,31,-27,27,0,0.517809152603149,1,1,1,1,0.519226312637329
19,1,4,32,-3,3,1,0.635822296142578,-1,-1,1,1,0.267809152603149
19,1,4,33,-0,0,0,0.536171913146973,-1,1,-1,-1,0.385822296142578
19,1,4,34,-9,9,0,0.7510986328125,-1,-1,1,-1,0.286171913146973
19,1,4,35,-81,81,0,0.702494144439697,-1,-1,-1,-1,0.5010986328125
19,1,4,36,-81,81,0,0.534436225891113,-1,-1,-1,-1,0.452494144439697
19,1,4,37,-81,81,0,0.451056480407715,-1,-1,-1,-1,0.284436225891113
19,1,4,38,-27,27,0,0.601844072341919,-1,-1,-1,-1,0.201056480407715
19,1,4,39,-9,9,0,1.05055069923401,-1,-1,-1,-1,0.351844072341919
19,1,4,40,27,27,1,0.450537204742432,-1,-1,-1,-1,0.800550699234009
19,1,4,44,27,27,1,0.51812481880188,1,1,1,1,0.267659902572632
19,1,4,45,9,9,1,0.485548973083496,1,1,1,1,0.26812481880188
19,1,4,46,0,0,1,0.317777395248413,1,1,1,1,0.235548973083496
19,1,4,47,-0,0,1,0.552585601806641,1,1,1,1,0.0677773952484131
19,1,4,48,-27,27,0,0.668508768081665,-1,1,1,1,0.302585601806641
19,1,4,49,-3,3,1,0.719006299972534,-1,-1,1,-1,0.418508768081665
19,1,4,50,-81,81,0,0.769096374511719,-1,1,-1,-1,0.469006299972534
19,1,4,51,-3,3,1,0.701803922653198,-1,-1,1,-1,0.519096374511719
19,1,4,52,-3,3,0,0.669274091720581,-1,1,-1,-1,0.451803922653198
19,1,4,53,-27,27,0,0.519139766693115,-1,-1,1,-1,0.419274091720581
19,1,4,54,81,81,1,0.535156488418579,-1,-1,-1,-1,0.269139766693115
19,1,4,55,9,9,1,0.735381364822388,1,1,-1,-1,0.285156488418579
19,1,4,56,-27,27,0,0.617188453674316,1,1,1,1,0.485381364822388
19,1,4,57,-27,27,0,0.600525856018066,-1,-1,1,1,0.367188453674316
19,1,4,58,-9,9,1,1.35223269462585,-1,-1,-1,-1,0.350525856018066
19,1,4,59,-3,3,0,0.567806959152222,-1,1,-1,-1,1.10223269462585
19,1,4,60,27,27,1,0.25260329246521,-1,-1,1,-1,0.317806959152222
19,1,4,61,-9,9,0,0.584493637084961,1,1,-1,-1,0.00260329246520996
19,1,4,62,-9,9,1,0.433844327926636,-1,-1,1,1,0.334493637084961
19,1,4,63,-3,3,1,0.585708141326904,-1,1,-1,-1,0.183844327926636
19,1,4,67,-27,27,0,0.550494432449341,-1,1,-1,-1,0.167213439941406
19,1,4,68,-81,81,0,0.569076299667358,-1,-1,1,-1,0.300494432449341
19,1,4,72,81,81,1,1.03471493721008,1,1,1,1,0.318918704986572
19,1,4,73,9,9,1,0.786123752593994,1,1,1,1,0.784714937210083
19,1,4,74,-0,0,1,0.985918760299683,1,1,1,1,0.536123752593994
19,1,4,75,-9,9,1,0.686105966567993,-1,1,1,1,0.735918760299683
19,1,4,76,-81,81,0,0.569364309310913,-1,1,1,-1,0.436105966567993
19,1,4,77,-27,27,0,0.600953817367554,-1,-1,1,-1,0.319364309310913
19,1,4,78,81,81,1,0.517245292663574,-1,-1,-1,-1,0.350953817367554
19,1,4,79,27,27,1,0.417786121368408,1,1,-1,-1,0.267245292663574
19,1,4,80,-3,3,1,0.585324287414551,1,1,1,1,0.167786121368408
19,1,4,81,9,9,1,0.600531578063965,-1,1,1,1,0.335324287414551
19,1,4,82,9,9,1,0.719196796417236,1,1,1,-1,0.350531578063965
19,1,4,83,27,27,1,0.884439468383789,1,1,1,1,0.469196796417236
19,1,4,84,9,9,1,0.451128005981445,1,1,1,1,0.634439468383789
19,1,4,85,9,9,1,0.517219305038452,1,1,1,1,0.201128005981445
19,1,4,86,3,3,1,0.683874368667603,1,1,1,1,0.267219305038452
19,1,4,87,3,3,1,0.435414552688599,1,1,1,1,0.433874368667603
19,1,4,88,0,0,0,1.18380808830261,1,1,1,1,0.185414552688599
19,1,4,89,-27,27,0,0.650550842285156,1,-1,1,1,0.933808088302612
19,1,4,90,-81,81,0,0.569244861602783,-1,-1,-1,1,0.400550842285156
19,1,4,91,-3,3,0,0.784451961517334,-1,-1,-1,-1,0.319244861602783
19,1,4,92,-27,27,0,0.567239999771118,-1,-1,-1,-1,0.534451961517334
19,1,4,93,-27,27,0,1.00221681594849,-1,-1,-1,-1,0.317239999771118
19,1,4,94,-27,27,0,0.402584075927734,-1,-1,-1,-1,0.752216815948486
19,1,4,95,-9,9,1,0.367234706878662,-1,-1,-1,-1,0.152584075927734
19,1,4,96,-81,81,0,0.534446239471436,-1,1,-1,-1,0.117234706878662
19,1,4,97,-27,27,0,0.600543260574341,-1,-1,1,-1,0.284446239471436
19,1,4,98,-3,3,0,0.717906475067139,-1,-1,-1,-1,0.350543260574341
19,1,4,99,9,9,1,0.685283899307251,-1,-1,-1,-1,0.467906475067139
19,1,5,2,27,27,1,0.501922607421875,-1,-1,-1,-1,0.485681772232056
19,1,5,3,-81,81,0,0.469467878341675,1,1,-1,-1,0.251922607421875
19,1,5,4,0,0,0,0.685492992401123,-1,-1,1,1,0.219467878341675
19,1,5,5,-3,3,1,0.919082880020142,1,-1,-1,-1,0.435492992401123
19,1,5,6,9,9,1,0.752213001251221,-1,1,-1,1,0.669082880020142
19,1,5,7,-81,81,0,0.319201707839966,1,1,1,-1,0.502213001251221
19,1,5,8,3,3,0,0.783809900283813,-1,-1,1,1,0.0692017078399658
19,1,5,9,-27,27,0,0.335792064666748,1,-1,-1,-1,0.533809900283813
19,1,5,10,3,3,1,0.533856391906738,-1,-1,-1,1,0.085792064666748
19,1,5,11,0,0,0,0.55094051361084,1,1,-1,-1,0.283856391906738
19,1,5,12,-3,3,1,0.501765727996826,1,-1,1,1,0.30094051361084
19,1,5,13,3,3,1,0.433995008468628,-1,1,-1,1,0.251765727996826
19,1,5,14,-3,3,1,0.719282150268555,1,1,1,-1,0.183995008468628
19,1,5,15,81,81,1,0.635475158691406,-1,1,1,1,0.469282150268555
19,1,5,16,-9,9,1,0.752001523971558,1,1,1,-1,0.385475158691406
19,1,5,17,27,27,1,0.534488677978516,-1,1,1,1,0.502001523971558
19,1,5,18,3,3,1,0.700999975204468,1,1,1,-1,0.284488677978516
19,1,5,19,-9,9,1,0.886135578155518,1,1,1,1,0.450999975204468
19,1,5,20,-3,3,1,0.719412326812744,-1,1,1,1,0.636135578155518
19,1,5,21,-81,81,0,0.551327466964722,-1,1,1,-1,0.469412326812744
19,1,5,22,-3,3,0,0.435263156890869,-1,-1,1,-1,0.301327466964722
19,1,5,26,-3,3,0,0.651054382324219,1,1,-1,-1,0.283808946609497
19,1,5,27,81,81,1,0.567792892456055,-1,-1,1,1,0.401054382324219
19,1,5,28,-9,9,1,0.701114177703857,1,1,-1,-1,0.317792892456055
19,1,5,29,27,27,1,0.602514982223511,-1,1,1,1,0.451114177703857
19,1,5,30,-27,27,0,0.817889213562012,1,1,1,-1,0.352514982223511
19,1,5,31,9,9,0,0.617194652557373,-1,-1,1,1,0.567889213562012
19,1,5,32,81,81,1,0.633849859237671,1,-1,-1,-1,0.367194652557373
19,1,5,33,-27,27,0,0.718799114227295,1,1,-1,1,0.383849859237671
19,1,5,34,27,27,1,0.551144361495972,-1,-1,1,1,0.468799114227295
19,1,5,35,-81,81,0,0.434764623641968,1,1,-1,-1,0.301144361495972
19,1,5,36,-81,81,0,0.602762460708618,-1,-1,1,1,0.184764623641968
19,1,5,37,-9,9,0,0.434551954269409,-1,-1,-1,-1,0.352762460708618
19,1,5,38,-9,9,0,0.417192935943604,-1,-1,-1,-1,0.184551954269409
19,1,5,39,-81,81,0,0.683855533599854,-1,-1,-1,-1,0.167192935943604
19,1,5,40,9,9,1,0.685674667358398,-1,-1,-1,-1,0.433855533599854
19,1,5,41,-3,3,1,0.669322729110718,1,1,-1,-1,0.435674667358398
19,1,5,42,9,9,1,0.652958154678345,-1,1,1,1,0.419322729110718
19,1,5,43,-3,3,0,0.585044145584106,1,1,1,-1,0.402958154678345
19,1,5,44,-27,27,0,0.633819341659546,-1,-1,1,1,0.335044145584106
19,1,5,45,27,27,0,1.40098428726196,-1,-1,-1,-1,0.383819341659546
19,1,5,46,9,9,1,0.600569009780884,1,-1,-1,-1,1.15098428726196
19,1,5,47,-0,0,1,0.652096748352051,1,1,-1,1,0.350569009780884
19,1,5,48,-27,27,0,0.686163425445557,-1,1,1,1,0.402096748352051
19,1,5,52,-27,27,0,0.751132965087891,-1,1,1,1,0.202694654464722
19,1,5,53,-27,27,0,0.634470224380493,-1,-1,1,-1,0.501132965087891
19,1,5,54,81,81,1,0.769024848937988,-1,-1,-1,-1,0.384470224380493
19,1,5,55,-27,27,0,0.38580846786499,1,1,-1,-1,0.519024848937988
19,1,5,56,3,3,0,0.667786121368408,-1,-1,1,1,0.13580846786499
19,1,5,57,3,3,1,0.501164436340332,1,-1,-1,-1,0.417786121368408
19,1,5,58,-27,27,0,0.734498977661133,1,1,-1,1,0.251164436340332
19,1,5,59,3,3,0,0.867136001586914,-1,-1,1,1,0.484498977661133
19,1,5,60,-0,0,0,0.617761135101318,1,-1,-1,-1,0.617136001586914
19,1,5,61,81,81,1,0.634932041168213,-1,-1,-1,1,0.367761135101318
19,1,5,62,81,81,1,1.06784224510193,1,1,-1,-1,0.384932041168213
19,1,5,63,27,27,1,0.868903398513794,1,1,1,1,0.817842245101929
19,1,5,64,-27,27,0,0.801146507263184,1,1,1,1,0.618903398513794
19,1,5,65,9,9,1,0.917697668075562,-1,-1,1,1,0.551146507263184
19,1,5,66,-0,0,0,0.652350425720215,1,1,-1,-1,0.667697668075562
19,1,5,67,81,81,1,0.651108741760254,-1,-1,1,1,0.402350425720215
19,1,5,68,-3,3,1,0.602469682693481,1,1,-1,-1,0.401108741760254
19,1,5,69,-27,27,0,0.436057090759277,-1,1,1,1,0.352469682693481
19,1,5,70,81,81,1,0.636131048202515,-1,-1,1,-1,0.186057090759277
19,1,5,71,-9,9,0,0.585772752761841,1,1,-1,-1,0.386131048202515
19,1,5,72,27,27,1,0.400471448898315,-1,-1,1,1,0.335772752761841
19,1,5,73,3,3,0,0.753503799438477,1,1,-1,-1,0.150471448898315
19,1,5,74,-81,81,0,0.635466337203979,1,-1,1,1,0.503503799438477
19,1,5,75,9,9,1,0.717178106307983,-1,-1,-1,1,0.385466337203979
19,1,5,76,27,27,1,0.652043342590332,1,1,-1,-1,0.467178106307983
19,1,5,77,9,9,0,0.350533723831177,1,1,1,1,0.402043342590332
19,1,5,78,-0,0,1,0.702609539031982,1,-1,1,1,0.100533723831177
19,1,5,79,3,3,1,0.334461450576782,-1,1,-1,1,0.452609539031982
19,1,5,80,27,27,1,0.7342529296875,1,1,1,-1,0.0844614505767822
19,1,5,81,-9,9,0,0.752044916152954,1,1,1,1,0.4842529296875
19,1,5,82,9,9,0,0.317191362380981,-1,-1,1,1,0.502044916152954
19,1,5,83,9,9,1,1.00132536888123,1,-1,-1,-1,0.0671913623809814
19,1,5,84,-81,81,0,0.651490211486816,1,1,-1,1,0.751325368881226
19,1,5,85,3,3,0,0.918298482894897,-1,-1,1,1,0.401490211486816
19,1,5,86,-27,27,0,0.719241380691528,1,-1,-1,-1,0.668298482894897
19,1,5,87,0,0,0,0.901032686233521,-1,-1,-1,1,0.469241380691528
19,1,5,88,-3,3,0,0.702435731887817,1,-1,-1,-1,0.651032686233521
19,1,5,89,-81,81,0,0.567720890045166,-1,-1,-1,1,0.452435731887817
19,1,5,90,81,81,1,0.883861541748047,-1,-1,-1,-1,0.317720890045166
19,1,5,91,81,81,1,0.818806409835815,1,1,-1,-1,0.633861541748047
19,1,5,92,-81,81,0,0.535633087158203,1,1,1,1,0.568806409835815
19,1,5,93,3,3,0,0.68599534034729,-1,-1,1,1,0.285633087158203
19,1,5,94,-3,3,0,0.586205959320068,1,-1,-1,-1,0.43599534034729
19,1,5,95,9,9,0,0.319133996963501,-1,-1,-1,1,0.336205959320068
19,1,5,96,-0,0,1,0.586133718490601,1,-1,-1,-1,0.069133996963501
19,1,5,97,0,0,1,0.751032114028931,-1,1,-1,1,0.336133718490601
19,1,5,98,9,9,1,0.634344339370728,1,1,1,-1,0.501032114028931
19,1,5,99,-81,81,0,0.535381555557251,1,1,1,1,0.384344339370728
19,1,6,2,-3,3,0,0.635759830474854,-1,-1,-1,1,0.836046934127808
19,1,6,3,-81,81,0,0.686068296432495,-1,-1,-1,-1,0.385759830474854
19,1,6,4,9,9,1,0.601635932922363,-1,-1,-1,-1,0.436068296432495
19,1,6,5,81,81,1,0.552563428878784,1,1,-1,-1,0.351635932922363
19,1,6,6,-9,9,0,0.501188516616821,1,1,1,1,0.302563428878784
19,1,6,7,-81,81,0,0.53451132774353,-1,-1,1,1,0.251188516616821
19,1,6,8,27,27,1,0.818491220474243,-1,-1,-1,-1,0.28451132774353
19,1,6,9,-3,3,1,0.667676687240601,1,1,-1,-1,0.568491220474243
19,1,6,10,27,27,1,0.769514322280884,-1,1,1,1,0.417676687240601
19,1,6,11,-81,81,0,0.817782640457153,1,1,1,-1,0.519514322280884
19,1,6,12,-3,3,0,0.834455728530884,-1,-1,1,1,0.567782640457153
19,1,6,13,9,9,0,0.784457921981812,-1,-1,-1,-1,0.584455728530884
19,1,6,14,-27,27,0,0.550522804260254,1,-1,-1,-1,0.534457921981812
19,1,6,15,-0,0,0,0.769222736358643,-1,-1,-1,1,0.300522804260254
19,1,6,16,-27,27,0,0.636131525039673,-1,-1,-1,-1,0.519222736358643
19,1,6,17,-81,81,0,0.502955913543701,-1,-1,-1,-1,0.386131525039673
19,1,6,18,-9,9,0,0.818949699401855,-1,-1,-1,-1,0.252955913543701
19,1,6,19,-27,27,0,0.769383907318115,-1,-1,-1,-1,0.568949699401855
19,1,6,20,27,27,1,0.585386514663696,-1,-1,-1,-1,0.519383907318115
19,1,6,21,3,3,1,0.500538349151611,1,1,-1,-1,0.335386514663696
19,1,6,22,-3,3,0,0.617792844772339,1,1,1,1,0.250538349151611
19,1,6,23,9,9,0,0.967143774032593,-1,-1,1,1,0.367792844772339
19,1,6,24,-9,9,1,0.55164623260498,1,-1,-1,-1,0.717143774032593
19,1,6,25,-27,27,0,0.768199443817139,-1,1,-1,1,0.30164623260498
19,1,6,26,-81,81,0,0.583954334259033,-1,-1,1,-1,0.518199443817139
19,1,6,27,9,9,1,0.834440231323242,-1,-1,-1,-1,0.333954334259033
19,1,6,28,9,9,1,0.335721969604492,1,1,-1,-1,0.584440231323242
19,1,6,29,-3,3,0,0.684427261352539,1,1,1,1,0.0857219696044922
19,1,6,30,27,27,1,0.534733772277832,-1,-1,1,1,0.434427261352539
19,1,6,31,-81,81,0,0.619052648544312,1,1,-1,-1,0.284733772277832
19,1,6,32,27,27,1,0.551181316375732,-1,-1,1,1,0.369052648544312
19,1,6,33,-27,27,0,0.402557611465454,1,1,-1,-1,0.301181316375732
19,1,6,34,-27,27,0,0.317843675613403,-1,-1,1,1,0.152557611465454
19,1,6,35,9,9,1,0.502287626266479,-1,-1,-1,-1,0.0678436756134033
19,1,6,36,-81,81,0,0.568699359893799,1,1,-1,-1,0.252287626266479
19,1,6,37,-3,3,0,0.686136722564697,-1,-1,1,1,0.318699359893799
19,1,6,38,-0,0,1,0.635639905929565,-1,-1,-1,-1,0.436136722564697
19,1,6,39,-9,9,1,0.802827596664429,-1,1,-1,-1,0.385639905929565
19,1,6,40,81,81,1,0.800518274307251,-1,1,1,-1,0.552827596664429
19,1,6,41,27,27,1,0.618752956390381,1,1,1,-1,0.550518274307251
19,1,6,42,27,27,1,0.800972461700439,1,1,1,1,0.368752956390381
19,1,6,43,-9,9,1,0.450522184371948,1,1,1,1,0.550972461700439
19,1,6,44,3,3,1,0.535892009735107,-1,1,1,1,0.200522184371948
19,1,6,45,-9,9,0,0.586230993270874,1,1,1,-1,0.285892009735107
19,1,6,46,9,9,0,0.601101398468018,-1,-1,1,1,0.336230993270874
19,1,6,47,-3,3,0,0.535847187042236,1,-1,-1,-1,0.351101398468018
19,1,6,48,-27,27,0,0.483805418014526,-1,-1,-1,1,0.285847187042236
19,1,6,49,9,9,1,0.718931674957275,-1,-1,-1,-1,0.233805418014526
19,1,6,50,-81,81,0,0.617608308792114,1,1,-1,-1,0.468931674957275
19,1,6,51,81,81,1,0.519070863723755,-1,-1,1,1,0.367608308792114
19,1,6,52,9,9,1,0.36928915977478,1,1,-1,-1,0.269070863723755
19,1,6,53,-0,0,1,0.550511837005615,1,1,1,1,0.11928915977478
19,1,6,54,0,0,0,0.484318017959595,-1,1,1,1,0.300511837005615
19,1,6,55,27,27,1,0.617262601852417,1,-1,1,-1,0.234318017959595
19,1,6,56,81,81,1,0.517845630645752,1,1,-1,1,0.367262601852417
19,1,6,57,3,3,1,0.667804718017578,1,1,1,1,0.267845630645752
19,1,6,61,-81,81,0,0.452753782272339,1,1,1,-1,0.284441709518433
19,1,6,62,81,81,1,0.567172527313232,-1,-1,1,1,0.202753782272339
19,1,6,63,27,27,1,0.286338567733765,1,1,-1,-1,0.317172527313232
19,1,6,64,-3,3,1,0.335302114486694,1,1,1,1,0.0363385677337646
19,1,6,65,3,3,1,0.43542742729187,-1,1,1,1,0.0853021144866943
19,1,6,66,81,81,1,0.951243162155151,1,1,1,-1,0.18542742729187
19,1,6,67,3,3,1,1.2020571231842,1,1,1,1,0.701243162155151
19,1,6,68,-0,0,0,0.634928941726685,1,1,1,1,0.952057123184204
19,1,6,69,9,9,1,0.484521627426147,-1,-1,1,1,0.384928941726685
19,1,6,70,-27,27,0,0.48383092880249,1,1,-1,-1,0.234521627426147
19,1,6,71,-3,3,1,0.684312582015991,-1,-1,1,1,0.23383092880249
19,1,6,72,-27,27,0,0.535961627960205,-1,1,-1,-1,0.434312582015991
19,1,6,73,9,9,0,0.701979160308838,-1,-1,1,-1,0.285961627960205
19,1,6,74,-27,27,0,0.38383150100708,1,-1,-1,-1,0.451979160308838
19,1,6,75,-27,27,0,0.619566202163696,-1,-1,-1,1,0.13383150100708
19,1,6,76,0,0,1,0.919333219528198,-1,-1,-1,-1,0.369566202163696
19,1,6,77,3,3,1,0.717867851257324,1,1,-1,-1,0.669333219528198
19,1,6,78,-27,27,0,0.552297115325928,1,1,1,1,0.467867851257324
19,1,6,79,-3,3,0,0.517203092575073,-1,-1,1,1,0.302297115325928
19,1,6,80,-0,0,0,0.701179504394531,-1,-1,-1,-1,0.267203092575073
19,1,6,81,-0,0,1,0.383816242218018,-1,-1,-1,-1,0.451179504394531
19,1,6,82,-3,3,1,0.768726110458374,-1,1,-1,-1,0.133816242218018
19,1,6,83,-27,27,0,0.685776233673096,-1,1,1,-1,0.518726110458374
19,1,6,84,-81,81,0,0.668839454650879,-1,-1,1,-1,0.435776233673096
19,1,6,85,-3,3,1,0.817901849746704,-1,-1,-1,-1,0.418839454650879
19,1,6,86,-81,81,0,0.500556230545044,-1,1,-1,-1,0.567901849746704
19,1,6,90,-9,9,0,0.735589742660522,1,1,-1,-1,0.286141633987427
19,1,6,91,-3,3,1,0.617780923843384,-1,-1,1,1,0.485589742660522
19,1,6,92,-9,9,0,0.685304164886475,-1,1,-1,-1,0.367780923843384
19,1,6,93,-0,0,1,0.68551778793335,-1,-1,1,-1,0.435304164886475
19,1,6,94,-9,9,1,0.467730760574341,-1,1,-1,-1,0.43551778793335
19,1,6,95,-81,81,0,0.31724739074707,-1,1,1,-1,0.217730760574341
19,1,6,99,0,0,0,0.569486379623413,-1,-1,1,-1,0.100938081741333
19,2,1,2,-81,81,0,0.633844375610352,1,1,1,-1,0.317465543746948
19,2,1,3,-27,27,1,0.635418653488159,-1,-1,1,1,0.383844375610352
19,2,1,4,81,81,1,0.836036682128906,-1,1,-1,-1,0.385418653488159
19,2,1,5,0,0,1,0.61714506149292,1,1,1,-1,0.586036682128906
19,2,1,6,-9,9,0,0.617773771286011,1,1,1,1,0.36714506149292
19,2,1,7,-3,3,0,0.800500154495239,-1,-1,1,1,0.367773771286011
19,2,1,8,-9,9,0,0.418098926544189,-1,-1,-1,-1,0.550500154495239
19,2,1,9,81,81,1,0.667781591415405,-1,-1,-1,-1,0.168098926544189
19,2,1,10,-3,3,1,0.869300603866577,1,1,-1,-1,0.417781591415405
19,2,1,11,-9,9,1,0.750491857528687,-1,1,1,1,0.619300603866577
19,2,1,12,9,9,1,0.767655372619629,-1,1,1,-1,0.500491857528687
19,2,1,13,81,81,1,0.600973129272461,1,1,1,-1,0.517655372619629
19,2,1,14,27,27,1,0.735921859741211,1,1,1,1,0.350973129272461
19,2,1,15,-27,27,0,0.717751979827881,1,1,1,1,0.485921859741211
19,2,1,16,0,0,1,0.802662134170532,-1,-1,1,1,0.467751979827881
19,2,1,17,-27,27,0,0.767804145812988,1,1,-1,-1,0.552662134170532
19,2,1,18,-81,81,0,0.702053785324097,-1,-1,1,1,0.517804145812988
19,2,1,19,0,0,0,1.2505042552948,-1,-1,-1,-1,0.452053785324097
19,2,1,20,9,9,0,0.635478258132935,1,-1,-1,-1,1.0005042552948
19,2,1,21,9,9,0,1.03482151031494,1,-1,-1,1,0.385478258132935
19,2,1,22,9,9,0,0.535396099090576,1,-1,-1,1,0.784821510314941
19,2,1,23,-9,9,0,0.550495147705078,1,-1,-1,1,0.285396099090576
19,2,1,24,-27,27,0,0.60184121131897,-1,-1,-1,1,0.300495147705078
19,2,1,25,-9,9,0,0.468534708023071,-1,-1,-1,-1,0.35184121131897
19,2,1,26,-3,3,0,0.535835266113281,-1,-1,-1,-1,0.218534708023071
19,2,1,27,3,3,1,0.485198020935059,-1,-1,-1,-1,0.285835266113281
19,2,1,28,-9,9,1,0.733864784240723,1,1,-1,-1,0.235198020935059
19,2,1,29,81,81,1,0.652145385742188,-1,1,1,1,0.483864784240723
19,2,1,30,-9,9,1,0.801869630813599,1,1,1,-1,0.402145385742188
19,2,1,31,-3,3,1,0.735289335250854,-1,1,1,1,0.551869630813599
19,2,1,32,-9,9,0,1.15319180488586,-1,1,1,-1,0.485289335250854
19,2,1,33,-3,3,0,0.650477170944214,-1,-1,1,-1,0.903191804885864
19,2,1,34,-27,27,0,0.367688655853271,-1,-1,-1,-1,0.400477170944214
19,2,1,35,3,3,0,0.618668079376221,-1,-1,-1,-1,0.117688655853271
19,2,1,36,0,0,1,0.986559629440308,1,-1,-1,-1,0.368668079376221
19,2,1,37,9,9,1,1.03430557250977,1,1,-1,1,0.736559629440308
19,2,1,38,9,9,1,0.55183219909668,1,1,1,1,0.784305572509766
19,2,1,39,9,9,1,1.41940379142761,1,1,1,1,0.30183219909668
19,2,1,40,-27,27,0,0.55224347114563,1,1,1,1,1.16940379142761
19,2,1,41,9,9,1,1.06933569908142,-1,-1,1,1,0.30224347114563
19,2,1,42,-3,3,1,0.784275770187378,1,1,-1,-1,0.819335699081421
19,2,1,43,27,27,1,0.585409164428711,-1,1,1,1,0.534275770187378
19,2,1,44,-81,81,0,0.735678911209106,1,1,1,-1,0.335409164428711
19,2,1,45,-81,81,0,1.16764163970947,-1,-1,1,1,0.485678911209106
19,2,1,50,9,9,1,0.667197227478027,1,1,-1,-1,0.318400382995605
19,2,1,51,3,3,1,0.568460941314697,1,1,1,1,0.417197227478027
19,2,1,52,-81,81,0,0.517697811126709,1,1,1,1,0.318460941314697
19,2,1,53,0,0,1,0.852627754211426,-1,-1,1,1,0.267697811126709
19,2,1,54,3,3,1,0.633902311325073,1,1,-1,-1,0.602627754211426
19,2,1,55,81,81,1,0.301067590713501,1,1,1,1,0.383902311325073
19,2,1,56,-81,81,0,0.752464056015015,1,1,1,1,0.051067590713501
19,2,1,57,-81,81,0,0.268702268600464,-1,-1,1,1,0.502464056015015
19,2,1,58,27,27,1,0.685947895050049,-1,-1,-1,-1,0.0187022686004639
19,2,1,59,-27,27,0,0.600491523742676,1,1,-1,-1,0.435947895050049
19,2,1,60,3,3,1,0.617936372756958,-1,-1,1,1,0.350491523742676
19,2,1,61,-81,81,0,1.00256633758545,1,1,-1,-1,0.367936372756958
19,2,1,62,27,27,1,0.58427095413208,-1,-1,1,1,0.752566337585449
19,2,1,63,-0,0,1,0.984260559082031,1,1,-1,-1,0.33427095413208
19,2,1,64,-0,0,0,1.23438429832458,-1,1,1,1,0.734260559082031
19,2,1,65,81,81,1,1.05188202857971,-1,-1,1,-1,0.984384298324585
19,2,1,66,0,0,1,1.0686342716217,1,1,-1,-1,0.801882028579712
19,2,1,67,27,27,1,0.66880989074707,1,1,1,1,0.818634271621704
19,2,1,68,81,81,1,0.667197704315186,1,1,1,1,0.41880989074707
19,2,1,69,-3,3,1,0.586043119430542,1,1,1,1,0.417197704315186
19,2,1,70,-3,3,1,0.969126224517822,-1,1,1,1,0.336043119430542
19,2,1,71,81,81,1,0.717798233032227,-1,1,1,-1,0.719126224517822
19,2,1,72,-0,0,1,0.61783766746521,1,1,1,-1,0.467798233032227
19,2,1,73,27,27,1,0.502141237258911,-1,1,1,1,0.36783766746521
19,2,1,74,-3,3,1,1.40222525596619,1,1,1,-1,0.252141237258911
19,2,1,75,-0,0,0,1.35284543037415,-1,1,1,1,1.15222525596619
19,2,1,76,27,27,1,0.71718430519104,-1,-1,1,-1,1.10284543037415
19,2,1,77,-3,3,1,0.518450021743774,1,1,-1,-1,0.46718430519104
19,2,1,78,-9,9,1,0.567734479904175,-1,1,1,1,0.268450021743774
19,2,1,79,9,9,1,0.568728685379028,-1,1,1,-1,0.317734479904175
19,2,1,80,27,27,1,0.985177755355835,1,1,1,-1,0.318728685379028
19,2,1,81,3,3,0,0.667170524597168,1,1,1,1,0.735177755355835
19,2,1,82,-27,27,0,0.91764760017395,1,-1,1,1,0.417170524597168
19,2,1,83,-3,3,0,0.968051671981812,-1,-1,-1,1,0.66764760017395
19,2,1,84,-27,27,0,0.801234483718872,-1,-1,-1,-1,0.718051671981812
19,2,1,85,0,0,0,1.01916241645813,-1,-1,-1,-1,0.551234483718872
19,2,1,86,27,27,1,0.800952672958374,1,-1,-1,-1,0.76916241645813
19,2,1,87,-9,9,0,0.767256736755371,1,1,-1,1,0.550952672958374
19,2,1,88,3,3,1,0.619362354278564,-1,-1,1,1,0.517256736755371
19,2,1,89,-81,81,0,0.750522613525391,1,1,-1,-1,0.369362354278564
19,2,1,90,-27,27,0,1.0351505279541,-1,-1,1,1,0.500522613525391
19,2,1,91,-81,81,0,1.00095629692078,-1,-1,-1,-1,0.785150527954102
19,2,1,92,81,81,1,0.967178821563721,-1,-1,-1,-1,0.750956296920776
19,2,1,93,-3,3,1,1.31795525550842,1,1,-1,-1,0.717178821563721
19,2,1,94,9,9,1,0.76904821395874,-1,1,1,1,1.06795525550842
19,2,1,95,3,3,0,0.718608140945435,1,1,1,-1,0.51904821395874
19,2,1,96,-3,3,0,0.602247953414917,1,-1,1,1,0.468608140945435
19,2,1,97,27,27,1,0.818995475769043,-1,-1,-1,1,0.352247953414917
19,2,1,98,27,27,1,0.917664766311646,1,1,-1,-1,0.568995475769043
19,2,1,99,-3,3,1,1.10216522216797,1,1,1,1,0.667664766311646
19,2,2,2,-81,81,0,0.633800268173218,1,1,1,1,0.735937356948853
19,2,2,3,3,3,0,1.00048732757568,-1,-1,1,1,0.383800268173218
19,2,2,4,-0,0,0,1.36765456199646,1,-1,-1,-1,0.750487327575684
19,2,2,8,-27,27,0,0.835315942764282,1,1,1,-1,1.08592844009399
19,2,2,9,27,27,1,1.00052309036255,-1,-1,1,1,0.585315942764282
19,2,2,10,-81,81,0,0.90203857421875,1,1,-1,-1,0.750523090362549
19,2,2,11,81,81,1,0.867141008377075,-1,-1,1,1,0.65203857421875
19,2,2,12,-9,9,0,1.25241160392761,1,1,-1,-1,0.617141008377075
19,2,2,13,9,9,1,0.850964784622192,-1,-1,1,1,1.00241160392761
19,2,2,14,81,81,1,1.03433632850647,1,1,-1,-1,0.600964784622192
19,2,2,15,-9,9,1,0.902391910552979,1,1,1,1,0.78433632850647
19,2,2,16,0,0,0,1.21861982345581,-1,1,1,1,0.652391910552979
19,2,2,17,-9,9,0,0.969369411468506,1,-1,1,-1,0.968619823455811
19,2,2,18,-3,3,1,0.718142032623291,-1,-1,-1,1,0.719369411468506
19,2,2,19,27,27,1,0.851810932159424,-1,1,-1,-1,0.468142032623291
19,2,2,20,3,3,1,0.783815383911133,1,1,1,-1,0.601810932159424
19,2,2,21,-81,81,0,0.817650079727173,1,1,1,1,0.533815383911133
19,2,2,22,-0,0,1,0.533819913864136,-1,-1,1,1,0.567650079727173
19,2,2,23,9,9,1,0.785894393920898,-1,1,-1,-1,0.283819913864136
19,2,2,24,-27,27,0,0.833821058273315,1,1,1,-1,0.535894393920898
19,2,2,25,-81,81,0,0.900501728057861,-1,-1,1,1,0.583821058273315
19,2,2,26,81,81,1,0.535447120666504,-1,-1,-1,-1,0.650501728057861
19,2,2,27,-9,9,1,1.05239939689636,1,1,-1,-1,0.285447120666504
19,2,2,28,27,27,0,1.00098872184753,-1,1,1,1,0.802399396896362
19,2,2,29,-27,27,0,0.817651987075806,1,-1,1,-1,0.750988721847534
19,2,2,30,9,9,1,0.667186260223389,-1,-1,-1,1,0.567651987075806
19,2,2,31,-81,81,0,0.717623949050903,1,1,-1,-1,0.417186260223389
19,2,2,32,27,27,1,0.901975393295288,-1,-1,1,1,0.467623949050903
19,2,2,33,-81,81,0,0.984285116195679,1,1,-1,-1,0.651975393295288
19,2,2,34,0,0,0,1.18601942062378,-1,-1,1,1,0.734285116195679
19,2,2,35,81,81,1,0.669304370880127,1,-1,-1,-1,0.936019420623779
19,2,2,36,-27,27,0,0.635253429412842,1,1,-1,1,0.419304370880127
19,2,2,37,81,81,1,0.650481939315796,-1,-1,1,1,0.385253429412842
19,2,2,38,-27,27,0,0.652612924575806,1,1,-1,-1,0.400481939315796
19,2,2,39,9,9,1,1.13612461090088,-1,-1,1,1,0.402612924575806
19,2,2,40,9,9,1,0.867621898651123,1,1,-1,-1,0.886124610900879
19,2,2,41,-81,81,0,0.835497140884399,1,1,1,1,0.617621898651123
19,2,2,42,81,81,1,0.634287118911743,-1,-1,1,1,0.585497140884399
19,2,2,43,-3,3,0,0.851045370101929,1,1,-1,-1,0.384287118911743
19,2,2,44,27,27,1,1.1676766872406,-1,-1,1,1,0.601045370101929
19,2,2,45,-9,9,1,0.502235651016235,1,1,-1,-1,0.917676687240601
19,2,2,46,-0,0,0,0.502590656280518,-1,1,1,1,0.252235651016235
19,2,2,47,-81,81,0,0.618189334869385,-1,-1,1,-1,0.252590656280518
19,2,2,48,-3,3,1,0.75098443031311,-1,-1,-1,-1,0.368189334869385
19,2,2,49,81,81,1,0.785149335861206,-1,1,-1,-1,0.50098443031311
19,2,2,50,-27,27,0,0.70227837562561,1,1,1,-1,0.535149335861206
19,2,2,51,3,3,1,0.769238471984863,-1,-1,1,1,0.45227837562561
19,2,2,52,-3,3,1,1.30217313766479,1,1,-1,-1,0.519238471984863
19,2,2,53,9,9,1,1.11715745925903,-1,1,1,1,1.05217313766479
19,2,2,54,-81,81,0,0.818730115890503,1,1,1,-1,0.867157459259033
19,2,2,55,9,9,1,1.00098609924316,-1,-1,1,1,0.568730115890503
19,2,2,56,-27,27,0,1.05248832702637,1,1,-1,-1,0.750986099243164
19,2,2,57,27,27,1,0.800512552261353,-1,-1,1,1,0.802488327026367
19,2,2,58,-3,3,1,0.652549743652344,1,1,-1,-1,0.550512552261353
19,2,2,59,81,81,1,0.769251585006714,-1,1,1,1,0.402549743652344
19,2,2,60,3,3,1,0.619279146194458,1,1,1,-1,0.519251585006714
19,2,2,61,27,27,1,0.734280586242676,1,1,1,1,0.369279146194458
19,2,2,62,-0,0,0,0.96779203414917,1,1,1,1,0.484280586242676
19,2,2,63,27,27,1,0.834337949752808,-1,-1,1,1,0.71779203414917
19,2,2,64,-9,9,0,0.636120080947876,1,1,-1,-1,0.584337949752808
19,2,2,65,3,3,1,0.784280776977539,-1,-1,1,1,0.386120080947876
19,2,2,66,-0,0,1,0.584284782409668,1,1,-1,-1,0.534280776977539
19,2,2,67,27,27,1,0.600558519363403,-1,1,1,1,0.334284782409668
19,2,2,68,-0,0,0,0.667141199111938,1,1,1,-1,0.350558519363403
19,2,2,69,-81,81,0,0.701358318328857,-1,-1,1,1,0.417141199111938
19,2,2,70,3,3,1,0.901036024093628,-1,-1,-1,-1,0.451358318328857
19,2,2,71,9,9,1,0.368968963623047,1,1,-1,-1,0.651036024093628
19,2,2,72,-0,0,0,0.700621366500854,1,1,1,1,0.118968963623047
19,2,2,73,9,9,1,0.869460344314575,-1,-1,1,1,0.450621366500854
19,2,2,74,-27,27,0,0.819101333618164,1,1,-1,-1,0.619460344314575
19,2,2,75,3,3,0,1.08382964134216,-1,-1,1,1,0.569101333618164
19,2,2,76,-3,3,0,0.584450006484985,1,-1,-1,-1,0.833829641342163
19,2,2,77,3,3,0,0.668805360794067,-1,-1,-1,1,0.334450006484985
19,2,2,78,27,27,1,0.634329557418823,1,-1,-1,-1,0.418805360794067
19,2,2,79,-3,3,0,0.683881044387817,1,1,-1,1,0.384329557418823
19,2,2,80,81,81,1,0.667144298553467,-1,-1,1,1,0.433881044387817
19,2,2,81,-9,9,0,0.535267114639282,1,1,-1,-1,0.417144298553467
19,2,2,82,9,9,1,0.751575946807861,-1,-1,1,1,0.285267114639282
19,2,2,83,-81,81,0,0.66921067237854,1,1,-1,-1,0.501575946807861
19,2,2,84,-27,27,0,0.80095648765564,-1,-1,1,1,0.41921067237854
19,2,2,85,3,3,1,0.517222166061401,-1,-1,-1,-1,0.55095648765564
19,2,2,86,-27,27,0,0.702352046966553,1,1,-1,-1,0.267222166061401
19,2,2,87,3,3,0,0.734294652938843,-1,-1,1,1,0.452352046966553
19,2,2,88,-81,81,0,0.751263856887817,1,-1,-1,-1,0.484294652938843
19,2,2,92,-9,9,0,0.601917028427124,-1,1,1,1,0.417882919311523
19,2,2,93,27,27,1,0.602288722991943,-1,-1,1,-1,0.351917028427124
19,2,2,94,-3,3,1,0.60249400138855,1,1,-1,-1,0.352288722991943
19,2,2,95,3,3,0,1.08484101295471,-1,1,1,1,0.35249400138855
19,2,2,96,-9,9,0,0.786228656768799,1,-1,1,-1,0.834841012954712
19,2,2,97,9,9,1,0.617684125900269,-1,-1,-1,1,0.536228656768799
19,2,2,98,3,3,0,0.569508790969849,1,1,-1,-1,0.367684125900269
19,2,2,99,9,9,1,0.435091495513916,1,-1,1,1,0.319508790969849
19,2,3,2,-27,27,0,0.784426689147949,1,1,1,1,0.517417669296265
19,2,3,3,-3,3,1,0.867225170135498,-1,-1,1,1,0.534426689147949
19,2,3,4,3,3,1,1.01867890357971,-1,1,-1,-1,0.617225170135498
19,2,3,5,3,3,1,0.917249917984009,1,1,1,-1,0.768678903579712
19,2,3,6,-3,3,1,0.702625751495361,1,1,1,1,0.667249917984009
19,2,3,7,81,81,1,0.717639446258545,-1,1,1,1,0.452625751495361
19,2,3,8,-9,9,1,0.78582501411438,1,1,1,-1,0.467639446258545
19,2,3,9,-81,81,0,0.351970672607422,-1,1,1,1,0.53582501411438
19,2,3,10,0,0,1,0.485803842544556,-1,-1,1,-1,0.101970672607422
19,2,3,11,9,9,1,0.952061653137207,1,1,-1,-1,0.235803842544556
19,2,3,12,0,0,0,0.967199087142944,1,1,1,1,0.702061653137207
19,2,3,13,27,27,1,1.21814584732056,1,-1,1,1,0.717199087142944
19,2,3,14,27,27,1,0.884601831436157,1,1,-1,1,0.968145847320557
19,2,3,15,3,3,1,0.902469635009766,1,1,1,1,0.634601831436157
19,2,3,16,-0,0,1,1.15053939819336,1,1,1,1,0.652469635009766
19,2,3,17,27,27,1,0.701183557510376,-1,1,1,1,0.900539398193359
19,2,3,18,27,27,1,0.501451015472412,1,1,1,-1,0.451183557510376
19,2,3,19,-27,27,0,0.869172334671021,1,1,1,1,0.251451015472412
19,2,3,20,0,0,1,0.319463014602661,-1,-1,1,1,0.619172334671021
19,2,3,21,-27,27,0,0.452146053314209,1,1,-1,-1,0.0694630146026611
19,2,3,22,3,3,0,0.717649936676025,-1,-1,1,1,0.202146053314209
19,2,3,23,-9,9,1,0.685226440429688,1,-1,-1,-1,0.467649936676025
19,2,3,24,-81,81,0,0.733880996704102,-1,1,-1,1,0.435226440429688
19,2,3,25,-9,9,1,0.852368831634521,-1,-1,1,-1,0.483880996704102
19,2,3,26,3,3,1,0.61909031867981,-1,1,-1,-1,0.602368831634521
19,2,3,27,9,9,1,0.450947999954224,1,1,1,-1,0.36909031867981
19,2,3,28,-3,3,1,0.717787265777588,1,1,1,1,0.200947999954224
19,2,3,29,0,0,1,0.56725287437439,-1,1,1,1,0.467787265777588
19,2,3,30,-81,81,0,0.735902786254883,1,1,1,-1,0.31725287437439
19,2,3,31,81,81,1,0.583852052688599,-1,-1,1,1,0.485902786254883
19,2,3,32,-9,9,0,0.801006555557251,1,1,-1,-1,0.333852052688599
19,2,3,33,-81,81,0,0.735248327255249,-1,-1,1,1,0.551006555557251
19,2,3,34,-3,3,1,0.517612934112549,-1,-1,-1,-1,0.485248327255249
19,2,3,35,-9,9,1,0.452237367630005,-1,1,-1,-1,0.267612934112549
19,2,3,36,-81,81,0,0.38616418838501,-1,1,1,-1,0.202237367630005
19,2,3,37,-27,27,0,0.452028274536133,-1,-1,1,-1,0.13616418838501
19,2,3,38,-3,3,1,0.718924760818481,-1,-1,-1,-1,0.202028274536133
19,2,3,39,-3,3,1,0.617608547210693,-1,1,-1,-1,0.468924760818481
19,2,3,43,27,27,1,0.702587127685547,-1,-1,1,1,0.183820962905884
19,2,3,51,0,0,1,0.300550222396851,-1,1,-1,-1,0.485339403152466
19,2,3,52,0,0,1,0.61859655380249,1,1,1,-1,0.0505502223968506
19,2,3,53,27,27,1,0.317620515823364,1,1,1,1,0.36859655380249
19,2,3,54,9,9,1,0.702449321746826,1,1,1,1,0.0676205158233643
19,2,3,55,-9,9,0,0.717216968536377,1,1,1,1,0.452449321746826
19,2,3,56,9,9,1,0.319232940673828,-1,-1,1,1,0.467216968536377
19,2,3,57,-27,27,0,0.66719126701355,1,1,-1,-1,0.0692329406738281
19,2,3,58,-81,81,0,0.500500679016113,-1,-1,1,1,0.41719126701355
19,2,3,59,-81,81,0,0.550481081008911,-1,-1,-1,-1,0.250500679016113
19,2,3,60,-9,9,1,0.26927924156189,-1,-1,-1,-1,0.300481081008911
19,2,3,61,-81,81,0,0.319344758987427,-1,1,-1,-1,0.0192792415618896
19,2,3,62,-3,3,1,0.867903470993042,-1,-1,1,-1,0.0693447589874268
19,2,3,63,3,3,1,0.33431601524353,-1,1,-1,-1,0.617903470993042
19,2,3,67,-27,27,0,0.452082395553589,1,1,-1,-1,0.351766347885132
19,2,3,68,-9,9,0,0.900527477264404,-1,-1,1,1,0.202082395553589
19,2,3,69,-81,81,0,0.335283756256104,-1,-1,-1,-1,0.650527477264404
19,2,3,70,27,27,1,0.770202159881592,-1,-1,-1,-1,0.0852837562561035
19,2,3,71,81,81,1,0.50112771987915,1,1,-1,-1,0.520202159881592
19,2,3,72,-3,3,1,1.33383536338806,1,1,1,1,0.25112771987915
19,2,3,73,3,3,1,0.452576637268066,-1,1,1,1,1.08383536338806
19,2,3,74,0,0,1,0.983825445175171,1,1,1,-1,0.202576637268066
19,2,3,75,-81,81,0,0.785917520523071,1,1,1,1,0.733825445175171
19,2,3,76,27,27,1,0.801010608673096,-1,-1,1,1,0.535917520523071
19,2,3,77,-81,81,0,0.600555896759033,1,1,-1,-1,0.551010608673096
19,2,3,78,-9,9,1,0.550980091094971,-1,-1,1,1,0.350555896759033
19,2,3,79,-3,3,1,1.25094175338745,-1,1,-1,-1,0.300980091094971
19,2,3,80,-27,27,0,0.385412693023682,-1,1,1,-1,1.00094175338745
19,2,3,81,81,81,1,0.818435907363892,-1,-1,1,-1,0.135412693023682
19,2,3,82,27,27,1,0.867639780044556,1,1,-1,-1,0.568435907363892
19,2,3,83,3,3,1,0.519172668457031,1,1,1,1,0.617639780044556
19,2,3,84,-0,0,1,1.00276803970337,1,1,1,1,0.269172668457031
19,2,3,85,3,3,1,0.833821296691895,-1,1,1,1,0.752768039703369
19,2,3,86,-3,3,1,0.517698049545288,1,1,1,-1,0.583821296691895
19,2,3,87,9,9,1,0.369153738021851,-1,1,1,1,0.267698049545288
19,2,3,88,-9,9,1,0.752260684967041,1,1,1,-1,0.119153738021851
19,2,3,89,0,0,1,0.519400835037231,-1,1,1,1,0.502260684967041
19,2,3,90,3,3,1,0.368868589401245,1,1,1,-1,0.269400835037231
19,2,3,91,81,81,1,1.35093212127686,1,1,1,1,0.118868589401245
19,2,3,92,-9,9,1,0.918928146362305,1,1,1,1,1.10093212127686
19,2,3,93,9,9,1,0.700507879257202,-1,1,1,1,0.668928146362305
19,2,3,94,-9,9,1,1.15095663070679,1,1,1,-1,0.450507879257202
19,2,3,95,-27,27,0,0.618745565414429,-1,1,1,1,0.900956630706787
19,2,3,96,3,3,1,0.718876600265503,-1,-1,1,-1,0.368745565414429
19,2,3,97,9,9,1,0.601777791976929,1,1,-1,-1,0.468876600265503
19,2,4,2,9,9,1,0.751887559890747,1,-1,1,1,0.852880001068115
19,2,4,3,-27,27,0,0.652573108673096,1,1,-1,1,0.501887559890747
19,2,4,4,81,81,1,1.05195331573486,-1,-1,1,1,0.402573108673096
19,2,4,5,-9,9,0,0.868750095367432,1,1,-1,-1,0.801953315734863
19,2,4,6,81,81,1,0.634521245956421,-1,-1,1,1,0.618750095367432
19,2,4,7,-81,81,0,0.667852163314819,1,1,-1,-1,0.384521245956421
19,2,4,8,3,3,1,1.00100898742676,-1,-1,1,1,0.417852163314819
19,2,4,9,-9,9,0,1.0192551612854,1,1,-1,-1,0.751008987426758
19,2,4,10,3,3,1,0.917189121246338,-1,-1,1,1,0.7692551612854
19,2,4,11,3,3,1,0.851364374160767,1,1,-1,-1,0.667189121246338
19,2,4,12,-3,3,1,0.884353637695312,1,1,1,1,0.601364374160767
19,2,4,13,9,9,1,1.13526725769043,-1,1,1,1,0.634353637695312
19,2,4,17,0,0,1,0.852591276168823,1,1,1,1,0.151914834976196
19,2,4,18,-3,3,0,0.717679977416992,1,1,1,1,0.602591276168823
19,2,4,19,3,3,1,0.852470636367798,-1,-1,1,1,0.467679977416992
19,2,4,20,-9,9,1,0.817197322845459,1,1,-1,-1,0.602470636367798
19,2,4,21,27,27,1,0.769469976425171,-1,1,1,1,0.567197322845459
19,2,4,22,-0,0,1,0.569390296936035,1,1,1,-1,0.519469976425171
19,2,4,23,27,27,1,0.668649435043335,-1,1,1,1,0.319390296936035
19,2,4,24,-27,27,0,0.634283065795898,1,1,1,-1,0.418649435043335
19,2,4,25,9,9,1,1.01850295066833,-1,-1,1,1,0.384283065795898
19,2,4,26,-9,9,0,0.867667198181152,1,1,-1,-1,0.768502950668335
19,2,4,27,3,3,1,0.968735218048096,-1,-1,1,1,0.617667198181152
19,2,4,28,-27,27,0,0.867635726928711,1,1,-1,-1,0.718735218048096
19,2,4,29,81,81,1,0.9005126953125,-1,-1,1,1,0.617635726928711
19,2,4,30,9,9,1,1.10125327110291,1,1,-1,-1,0.6505126953125
19,2,4,31,-3,3,0,0.417196750640869,1,1,1,1,0.851253271102905
19,2,4,32,81,81,1,0.518843412399292,-1,-1,1,1,0.167196750640869
19,2,4,33,-3,3,0,0.633833885192871,1,1,-1,-1,0.268843412399292
19,2,4,34,3,3,1,1.3193461894989,-1,-1,1,1,0.383833885192871
19,2,4,35,3,3,1,0.550971746444702,1,1,-1,-1,1.0693461894989
19,2,4,36,-3,3,1,0.667626619338989,1,1,1,1,0.300971746444702
19,2,4,37,3,3,1,0.800593137741089,-1,1,1,1,0.417626619338989
19,2,4,38,-27,27,0,0.635654449462891,1,1,1,-1,0.550593137741089
19,2,4,39,81,81,1,0.569452524185181,-1,-1,1,1,0.385654449462891
19,2,4,40,-3,3,1,1.03588700294495,1,1,-1,-1,0.319452524185181
19,2,4,41,27,27,1,0.451837778091431,-1,1,1,1,0.785887002944946
19,2,4,42,-27,27,0,0.884502410888672,1,1,1,-1,0.201837778091431
19,2,4,43,9,9,1,0.834312677383423,-1,-1,1,1,0.634502410888672
19,2,4,44,-3,3,0,0.536066055297852,1,1,-1,-1,0.584312677383423
19,2,4,45,-3,3,1,0.784464359283447,-1,-1,1,1,0.286066055297852
19,2,4,46,9,9,1,0.4523024559021,-1,1,-1,-1,0.534464359283447
19,2,4,47,-81,81,0,0.533809900283813,1,1,1,-1,0.2023024559021
19,2,4,48,3,3,0,0.718586921691895,-1,-1,1,1,0.283809900283813
19,2,4,49,-3,3,1,0.685259103775024,1,-1,-1,-1,0.468586921691895
19,2,4,50,0,0,1,0.400955438613892,-1,1,-1,1,0.435259103775024
19,2,4,51,-3,3,1,0.284271717071533,1,1,1,-1,0.150955438613892
19,2,4,52,0,0,0,1.00099849700928,-1,1,1,1,0.0342717170715332
19,2,4,53,-0,0,1,0.55052638053894,1,-1,1,-1,0.750998497009277
19,2,4,54,-27,27,0,0.801210165023804,-1,1,-1,1,0.30052638053894
19,2,4,55,27,27,1,0.452809810638428,-1,-1,1,-1,0.551210165023804
19,2,4,56,-81,81,0,0.536065101623535,1,1,-1,-1,0.202809810638428
19,2,4,57,27,27,1,0.318519592285156,-1,-1,1,1,0.286065101623535
19,2,4,58,-27,27,0,0.568257570266724,1,1,-1,-1,0.0685195922851562
19,2,4,59,9,9,1,0.602250576019287,-1,-1,1,1,0.318257570266724
19,2,4,60,-81,81,0,0.601537704467773,1,1,-1,-1,0.352250576019287
19,2,4,61,27,27,1,0.68526554107666,-1,-1,1,1,0.351537704467773
19,2,4,62,-0,0,1,0.535590410232544,1,1,-1,-1,0.43526554107666
19,2,4,63,-81,81,0,0.533839702606201,-1,1,1,1,0.285590410232544
19,2,4,64,81,81,1,0.83564567565918,-1,-1,1,-1,0.283839702606201
19,2,4,65,-3,3,1,0.736095666885376,1,1,-1,-1,0.58564567565918
19,2,4,66,9,9,0,0.669161796569824,-1,1,1,1,0.486095666885376
19,2,4,67,-27,27,0,0.301117658615112,1,-1,1,-1,0.419161796569824
19,2,4,68,-27,27,0,0.269222974777222,-1,-1,-1,1,0.0511176586151123
19,2,4,72,-9,9,0,0.385437250137329,1,1,-1,-1,0.550510168075562
19,2,4,73,9,9,1,0.751011610031128,-1,-1,1,1,0.135437250137329
19,2,4,74,-81,81,0,0.402226448059082,1,1,-1,-1,0.501011610031128
19,2,4,75,27,27,1,0.602593898773193,-1,-1,1,1,0.152226448059082
19,2,4,76,-27,27,0,0.367200613021851,1,1,-1,-1,0.352593898773193
19,2,4,77,27,27,1,0.401679754257202,-1,-1,1,1,0.117200613021851
19,2,4,78,-81,81,0,0.801211833953857,1,1,-1,-1,0.151679754257202
19,2,4,79,0,0,1,0.935739040374756,-1,-1,1,1,0.551211833953857
19,2,4,80,-0,0,1,0.668483972549438,1,1,-1,-1,0.685739040374756
19,2,4,81,9,9,1,0.419222593307495,-1,1,1,1,0.418483972549438
19,2,4,82,-81,81,0,0.534382104873657,1,1,1,-1,0.169222593307495
19,2,4,83,-0,0,0,0.718883037567139,-1,-1,1,1,0.284382104873657
19,2,4,84,81,81,1,0.300489664077759,-1,-1,-1,-1,0.468883037567139
19,2,4,85,-27,27,0,0.668252944946289,1,1,-1,-1,0.0504896640777588
19,2,4,86,9,9,1,0.71873927116394,-1,-1,1,1,0.418252944946289
19,2,4,87,-9,9,0,0.685340404510498,1,1,-1,-1,0.46873927116394
19,2,4,88,0,0,1,0.550948619842529,-1,-1,1,1,0.435340404510498
19,2,4,89,-81,81,0,0.518420934677124,1,1,-1,-1,0.300948619842529
19,2,4,93,-9,9,1,0.417647123336792,1,1,-1,-1,0.28436803817749
19,2,4,94,81,81,1,0.552574157714844,-1,1,1,1,0.167647123336792
19,2,4,95,81,81,1,0.300966739654541,1,1,1,-1,0.302574157714844
19,2,4,96,-27,27,0,0.767214059829712,1,1,1,1,0.050966739654541
19,2,4,97,81,81,1,0.485711097717285,-1,-1,1,1,0.517214059829712
19,2,4,98,-81,81,0,0.350993633270264,1,1,-1,-1,0.235711097717285
19,2,4,99,81,81,1,0.285798311233521,-1,-1,1,1,0.100993633270264
19,2,5,2,9,9,1,0.651912689208984,1,1,-1,-1,0.452832698822021
19,2,5,3,9,9,1,0.668848037719727,1,1,1,1,0.401912689208984
19,2,5,4,-9,9,1,0.35048508644104,1,1,1,1,0.418848037719727
19,2,5,5,9,9,1,0.48432183265686,-1,1,1,1,0.10048508644104
19,2,5,6,-27,27,0,0.600488662719727,1,1,1,-1,0.23432183265686
19,2,5,7,-3,3,1,0.485779523849487,-1,-1,1,1,0.350488662719727
19,2,5,8,-9,9,1,0.334348678588867,-1,1,-1,-1,0.235779523849487
19,2,5,9,-27,27,0,0.285754680633545,-1,1,1,-1,0.0843486785888672
19,2,5,10,-81,81,0,0.518380403518677,-1,-1,1,-1,0.0357546806335449
19,2,5,11,81,81,1,0.269233703613281,-1,-1,-1,-1,0.268380403518677
19,2,5,12,9,9,1,0.65050196647644,1,1,-1,-1,0.0192337036132812
19,2,5,13,-0,0,1,0.668647289276123,1,1,1,1,0.40050196647644
19,2,5,14,-27,27,0,0.501011371612549,-1,1,1,1,0.418647289276123
19,2,5,15,-0,0,1,0.500938177108765,-1,-1,1,-1,0.251011371612549
19,2,5,16,-9,9,1,0.40258264541626,-1,1,-1,-1,0.250938177108765
19,2,5,17,-9,9,1,0.467662811279297,-1,1,1,-1,0.15258264541626
19,2,5,18,-3,3,0,0.7010657787323,-1,1,1,-1,0.217662811279297
19,2,5,19,-81,81,0,0.335236072540283,-1,-1,1,-1,0.4510657787323
19,2,5,20,-3,3,1,0.935672044754028,-1,-1,-1,-1,0.0852360725402832
19,2,5,24,-81,81,0,0.667627334594727,-1,-1,-1,-1,0.401117324829102
19,2,5,25,-0,0,1,0.636189937591553,-1,-1,-1,-1,0.417627334594727
19,2,5,26,-27,27,0,0.25099515914917,-1,1,-1,-1,0.386189937591553
19,2,5,27,-9,9,0,0.517734289169312,-1,-1,1,-1,0.000995159149169922
19,2,5,28,-3,3,0,0.467669248580933,-1,-1,-1,-1,0.267734289169312
19,2,5,29,-3,3,0,0.51925253868103,-1,-1,-1,-1,0.217669248580933
19,2,5,30,-3,3,0,0.852637767791748,-1,-1,-1,-1,0.26925253868103
19,2,5,31,-81,81,0,0.683841705322266,-1,-1,-1,-1,0.602637767791748
19,2,5,32,0,0,0,0.701080322265625,-1,-1,-1,-1,0.433841705322266
19,2,5,33,81,81,1,0.818627119064331,1,-1,-1,-1,0.451080322265625
19,2,5,34,0,0,1,0.419395923614502,1,1,-1,1,0.568627119064331
19,2,5,38,-9,9,1,0.517165422439575,-1,-1,1,1,0.00118350982666016
19,2,5,39,-9,9,0,0.585694789886475,-1,1,-1,-1,0.267165422439575
19,2,5,40,-3,3,1,0.701675653457642,-1,-1,1,-1,0.335694789886475
19,2,5,41,0,0,0,0.601876974105835,-1,1,-1,-1,0.451675653457642
19,2,5,42,3,3,1,0.735759735107422,1,-1,1,-1,0.351876974105835
19,2,5,43,9,9,1,0.853027105331421,1,1,-1,1,0.485759735107422
19,2,5,44,-3,3,1,0.601758241653442,1,1,1,1,0.603027105331421
19,2,5,45,3,3,1,0.400963306427002,-1,1,1,1,0.351758241653442
19,2,5,46,3,3,1,0.501963376998901,1,1,1,-1,0.150963306427002
19,2,5,47,9,9,1,0.635626077651978,1,1,1,1,0.251963376998901
19,2,5,48,27,27,1,0.46860671043396,1,1,1,1,0.385626077651978
19,2,5,49,81,81,1,0.434299230575562,1,1,1,1,0.21860671043396
19,2,5,50,27,27,1,0.585604667663574,1,1,1,1,0.184299230575562
19,2,5,51,27,27,1,0.902312755584717,1,1,1,1,0.335604667663574
19,2,5,56,-81,81,0,0.417647361755371,-1,-1,1,-1,0.436027050018311
19,2,5,57,-81,81,0,0.81859564781189,-1,-1,-1,-1,0.167647361755371
19,2,5,58,-27,27,0,0.802510499954224,-1,-1,-1,-1,0.56859564781189
19,2,5,59,-3,3,1,0.667682647705078,-1,-1,-1,-1,0.552510499954224
19,2,5,60,-9,9,1,0.63537073135376,-1,1,-1,-1,0.417682647705078
19,2,5,61,-3,3,1,0.650484323501587,-1,1,1,-1,0.38537073135376
19,2,5,62,-9,9,1,0.300530195236206,-1,1,1,-1,0.400484323501587
19,2,5,63,-9,9,1,0.401014089584351,-1,1,1,-1,0.0505301952362061
19,2,5,64,-9,9,1,0.417637825012207,-1,1,1,-1,0.151014089584351
19,2,5,65,27,27,1,0.319213390350342,-1,1,1,-1,0.167637825012207
19,2,5,66,9,9,1,1.33540749549866,1,1,1,-1,0.0692133903503418
19,2,5,67,27,27,1,0.535504817962646,1,1,1,1,1.08540749549866
19,2,5,68,81,81,1,0.601019382476807,1,1,1,1,0.285504817962646
19,2,5,69,27,27,1,0.651012420654297,1,1,1,1,0.351019382476807
19,2,5,70,9,9,1,0.435882091522217,1,1,1,1,0.401012420654297
19,2,5,71,27,27,1,0.369354248046875,1,1,1,1,0.185882091522217
19,2,5,72,-9,9,0,1.08425545692444,1,1,1,1,0.119354248046875
19,2,5,73,-27,27,0,0.55100679397583,-1,-1,1,1,0.834255456924438
19,2,5,74,-27,27,0,0.402417659759521,-1,-1,-1,-1,0.30100679397583
19,2,5,75,-3,3,0,0.368229150772095,-1,-1,-1,-1,0.152417659759521
19,2,5,76,-81,81,0,0.436108827590942,-1,-1,-1,-1,0.118229150772095
19,2,5,77,-27,27,0,0.452014207839966,-1,-1,-1,-1,0.186108827590942
19,2,5,78,-3,3,1,0.685291528701782,-1,-1,-1,-1,0.202014207839966
19,2,5,82,27,27,1,0.668749332427979,-1,-1,1,-1,0.519378900527954
19,2,5,83,81,81,1,0.635517120361328,1,1,-1,-1,0.418749332427979
19,2,5,84,3,3,1,0.918646812438965,1,1,1,1,0.385517120361328
19,2,5,88,3,3,1,0.351182460784912,1,1,1,1,0.183825016021729
19,2,5,89,0,0,1,0.483843088150024,1,1,1,1,0.101182460784912
19,2,5,90,3,3,1,0.900928497314453,1,1,1,1,0.233843088150024
19,2,5,91,81,81,1,0.752046346664429,1,1,1,1,0.650928497314453
19,2,5,92,81,81,1,0.485329151153564,1,1,1,1,0.502046346664429
19,2,5,93,27,27,1,0.735416173934937,1,1,1,1,0.235329151153564
19,2,5,94,3,3,1,0.817600011825562,1,1,1,1,0.485416173934937
19,2,5,95,-81,81,0,0.535803079605103,1,1,1,1,0.567600011825562
19,2,5,96,-81,81,0,0.535514116287231,-1,-1,1,1,0.285803079605103
19,2,5,97,-0,0,1,0.50101637840271,-1,-1,-1,-1,0.285514116287231
19,2,5,98,-81,81,0,0.452596426010132,-1,1,-1,-1,0.25101637840271
19,2,5,99,-3,3,0,0.802885293960571,-1,-1,1,-1,0.202596426010132
19,2,6,3,-3,3,1,0.785482406616211,-1,-1,-1,-1,0.286129474639893
19,2,6,4,81,81,1,0.550495386123657,-1,1,-1,-1,0.535482406616211
19,2,6,5,9,9,1,0.567194223403931,1,1,1,-1,0.300495386123657
19,2,6,6,9,9,1,0.584694623947144,1,1,1,1,0.317194223403931
19,2,6,7,-27,27,0,0.367885589599609,1,1,1,1,0.334694623947144
19,2,6,8,-3,3,1,0.617357015609741,-1,-1,1,1,0.117885589599609
19,2,6,9,27,27,1,0.601167440414429,-1,1,-1,-1,0.367357015609741
19,2,6,10,-9,9,0,0.702286720275879,1,1,1,-1,0.351167440414429
19,2,6,11,-3,3,0,0.550498247146606,-1,-1,1,1,0.452286720275879
19,2,6,12,-81,81,0,0.40129017829895,-1,-1,-1,-1,0.300498247146606
19,2,6,13,-0,0,0,0.752260684967041,-1,-1,-1,-1,0.15129017829895
19,2,6,14,81,81,1,0.519197225570679,-1,-1,-1,-1,0.502260684967041
19,2,6,15,27,27,1,0.733822345733643,1,1,-1,-1,0.269197225570679
19,2,6,16,9,9,1,0.333859443664551,1,1,1,1,0.483822345733643
19,2,6,17,3,3,1,0.635892391204834,1,1,1,1,0.0838594436645508
19,2,6,18,-9,9,1,0.585677623748779,1,1,1,1,0.385892391204834
19,2,6,19,-81,81,0,0.568454027175903,-1,1,1,1,0.335677623748779
19,2,6,20,-0,0,1,0.535888195037842,-1,-1,1,-1,0.318454027175903
19,2,6,21,-3,3,0,0.58600378036499,-1,1,-1,-1,0.285888195037842
19,2,6,25,27,27,1,0.801003932952881,1,1,1,-1,0.23384690284729
19,2,6,26,9,9,1,0.385636329650879,1,1,1,1,0.551003932952881
19,2,6,27,27,27,1,0.602128267288208,1,1,1,1,0.135636329650879
19,2,6,28,0,0,1,0.717176675796509,1,1,1,1,0.352128267288208
19,2,6,29,-81,81,0,0.635266780853271,1,1,1,1,0.467176675796509
19,2,6,30,-0,0,0,0.802292823791504,-1,-1,1,1,0.385266780853271
19,2,6,31,3,3,1,0.617645025253296,-1,-1,-1,-1,0.552292823791504
19,2,6,32,27,27,1,0.834310531616211,1,1,-1,-1,0.367645025253296
19,2,6,33,0,0,1,0.800561428070068,1,1,1,1,0.584310531616211
19,2,6,37,3,3,1,0.318175077438354,1,1,-1,1,0.15102219581604
19,2,6,38,0,0,1,0.384355068206787,1,1,1,1,0.0681750774383545
19,2,6,39,-81,81,0,0.717670202255249,1,1,1,1,0.134355068206787
19,2,6,40,-27,27,0,0.452098846435547,-1,-1,1,1,0.467670202255249
19,2,6,41,-3,3,1,0.602620601654053,-1,-1,-1,-1,0.202098846435547
19,2,6,42,-27,27,0,0.517196178436279,-1,1,-1,-1,0.352620601654053
19,2,6,43,-3,3,0,0.619513511657715,-1,-1,1,-1,0.267196178436279
19,2,6,44,-81,81,0,0.317655801773071,-1,-1,-1,-1,0.369513511657715
19,2,6,45,-9,9,0,0.702419519424438,-1,-1,-1,-1,0.0676558017730713
19,2,6,46,-27,27,0,0.602838039398193,-1,-1,-1,-1,0.452419519424438
19,2,6,47,-3,3,1,0.784324169158936,-1,-1,-1,-1,0.352838039398193
19,2,6,48,-9,9,0,0.752693653106689,-1,1,-1,-1,0.534324169158936
19,2,6,49,-81,81,0,0.601902723312378,-1,-1,1,-1,0.502693653106689
19,2,6,50,-9,9,0,0.852479457855225,-1,-1,-1,-1,0.351902723312378
19,2,6,51,27,27,1,0.517622947692871,-1,-1,-1,-1,0.602479457855225
19,2,6,52,9,9,1,0.502403259277344,1,1,-1,-1,0.267622947692871
19,2,6,53,81,81,1,0.633865118026733,1,1,1,1,0.252403259277344
19,2,6,54,27,27,1,0.268671751022339,1,1,1,1,0.383865118026733
19,2,6,58,27,27,1,0.268392086029053,-1,1,-1,-1,0.0517807006835938
19,2,6,59,-81,81,0,0.567615509033203,1,1,1,-1,0.0183920860290527
19,2,6,60,-0,0,1,0.784372329711914,-1,-1,1,1,0.317615509033203
19,2,6,61,9,9,1,0.53429388999939,-1,1,-1,-1,0.534372329711914
19,2,6,62,0,0,1,0.384359121322632,1,1,1,-1,0.28429388999939
19,2,6,63,3,3,0,0.901426553726196,1,1,1,1,0.134359121322632
19,2,6,64,-3,3,1,0.586020469665527,1,-1,1,1,0.651426553726196
19,2,6,65,-81,81,0,0.635309219360352,-1,1,-1,1,0.336020469665527
19,2,6,66,-81,81,0,0.652133226394653,-1,-1,1,-1,0.385309219360352
19,2,6,67,-9,9,0,0.701940774917603,-1,-1,-1,-1,0.402133226394653
19,2,6,68,-81,81,0,0.53587532043457,-1,-1,-1,-1,0.451940774917603
19,2,6,69,27,27,1,0.63610053062439,-1,-1,-1,-1,0.28587532043457
19,2,6,70,81,81,1,0.902661085128784,1,1,-1,-1,0.38610053062439
19,2,6,71,27,27,1,0.552081346511841,1,1,1,1,0.652661085128784
19,2,6,72,9,9,1,0.517832040786743,1,1,1,1,0.302081346511841
19,2,6,73,81,81,1,0.385650873184204,1,1,1,1,0.267832040786743
19,2,6,74,3,3,1,0.533829927444458,1,1,1,1,0.135650873184204
19,2,6,75,3,3,1,0.701937913894653,1,1,1,1,0.283829927444458
19,2,6,76,9,9,1,0.617228746414185,1,1,1,1,0.451937913894653
19,2,6,77,0,0,1,0.684362173080444,1,1,1,1,0.367228746414185
19,2,6,81,0,0,1,0.800478935241699,1,1,-1,1,0.551059484481812
19,2,6,82,3,3,1,0.300529479980469,1,1,1,1,0.550478935241699
19,2,6,83,9,9,1,0.268650054931641,1,1,1,1,0.0505294799804688
19,2,6,84,3,3,1,0.551080226898193,1,1,1,1,0.0186500549316406
19,2,6,85,9,9,0,0.851945400238037,1,1,1,1,0.301080226898193
19,2,6,86,-81,81,0,0.717618465423584,1,-1,1,1,0.601945400238037
19,2,6,87,-9,9,0,1.08534669876099,-1,-1,-1,1,0.467618465423584
19,2,6,88,-9,9,0,0.669271230697632,-1,-1,-1,-1,0.835346698760986
19,2,6,89,81,81,1,1.33549928665161,-1,-1,-1,-1,0.419271230697632
19,2,6,90,27,27,1,0.952579259872437,1,1,-1,-1,1.08549928665161
19,2,6,91,3,3,0,1.40175199508667,1,1,1,1,0.702579259872437
19,2,6,92,-81,81,0,0.886582851409912,1,-1,1,1,1.15175199508667
19,2,6,93,27,27,1,0.318951845169067,-1,-1,-1,1,0.636582851409912
19,2,6,94,81,81,1,0.985751152038574,1,1,-1,-1,0.0689518451690674
19,2,6,95,9,9,1,0.968536376953125,1,1,1,1,0.735751152038574
19,2,6,96,-0,0,0,1.01776480674744,1,1,1,1,0.718536376953125
19,3,1,2,27,27,1,0.602036952972412,1,-1,-1,-1,0.802610635757446
19,3,1,3,3,3,1,0.768498659133911,1,1,-1,1,0.352036952972412
19,3,1,4,3,3,1,0.552793741226196,1,1,1,1,0.518498659133911
19,3,1,5,-81,81,0,0.70198917388916,1,1,1,1,0.302793741226196
19,3,1,6,-0,0,1,0.719098567962646,-1,-1,1,1,0.45198917388916
19,3,1,7,-81,81,0,0.567154884338379,-1,1,-1,-1,0.469098567962646
19,3,1,8,-3,3,1,0.650946855545044,-1,-1,1,-1,0.317154884338379
19,3,1,9,-9,9,1,0.551081418991089,-1,1,-1,-1,0.400946855545044
19,3,1,10,-9,9,1,0.467168807983398,-1,1,1,-1,0.301081418991089
19,3,1,11,9,9,1,0.619088649749756,-1,1,1,-1,0.217168807983398
19,3,1,12,-27,27,0,0.819015741348267,1,1,1,-1,0.369088649749756
19,3,1,13,-0,0,0,0.751142740249634,-1,-1,1,1,0.569015741348267
19,3,1,14,3,3,1,0.667174816131592,-1,-1,-1,-1,0.501142740249634
19,3,1,15,9,9,1,0.652456045150757,1,1,-1,-1,0.417174816131592
19,3,1,16,9,9,1,0.3522629737854,1,1,1,1,0.402456045150757
19,3,1,17,27,27,1,0.550925016403198,1,1,1,1,0.1022629737854
19,3,1,18,81,81,1,0.636132478713989,1,1,1,1,0.300925016403198
19,3,1,19,-3,3,1,0.902753829956055,1,1,1,1,0.386132478713989
19,3,1,20,81,81,1,0.802351713180542,-1,1,1,1,0.652753829956055
19,3,1,24,81,81,1,1.05261588096619,1,1,1,1,0.801001071929932
19,3,1,25,9,9,1,1.03536486625671,1,1,1,1,0.802615880966187
19,3,1,26,9,9,1,0.618555307388306,1,1,1,1,0.785364866256714
19,3,1,27,3,3,1,0.951099157333374,1,1,1,1,0.368555307388306
19,3,1,28,9,9,1,0.886065244674683,1,1,1,1,0.701099157333374
19,3,1,29,0,0,1,0.917159795761108,1,1,1,1,0.636065244674683
19,3,1,30,9,9,1,0.652494668960571,1,1,1,1,0.667159795761108
19,3,1,31,9,9,1,0.73379111289978,1,1,1,1,0.402494668960571
19,3,1,32,81,81,1,0.719423294067383,1,1,1,1,0.48379111289978
19,3,1,33,27,27,1,0.685148000717163,1,1,1,1,0.469423294067383
19,3,1,34,-3,3,1,0.633861064910889,1,1,1,1,0.435148000717163
19,3,1,35,-27,27,0,0.619318723678589,-1,1,1,1,0.383861064910889
19,3,1,36,-27,27,0,0.569065570831299,-1,-1,1,-1,0.369318723678589
19,3,1,37,27,27,1,0.76899266242981,-1,-1,-1,-1,0.319065570831299
19,3,1,38,81,81,1,0.750537157058716,1,1,-1,-1,0.51899266242981
19,3,1,39,-9,9,0,0.667635917663574,1,1,1,1,0.500537157058716
19,3,1,40,3,3,1,0.751433372497559,-1,-1,1,1,0.417635917663574
19,3,1,41,3,3,1,0.818663358688354,1,1,-1,-1,0.501433372497559
19,3,1,42,-3,3,1,0.634431123733521,1,1,1,1,0.568663358688354
19,3,1,43,-27,27,0,0.684981107711792,-1,1,1,1,0.384431123733521
19,3,1,44,-3,3,1,0.385571241378784,-1,-1,1,-1,0.434981107711792
19,3,1,45,-0,0,1,0.634335279464722,-1,1,-1,-1,0.135571241378784
19,3,1,46,-9,9,0,0.900924205780029,-1,1,1,-1,0.384335279464722
19,3,1,47,-9,9,0,0.784267902374268,-1,-1,1,-1,0.650924205780029
19,3,1,48,-3,3,1,0.634282350540161,-1,-1,-1,-1,0.534267902374268
19,3,1,49,-3,3,1,0.76784086227417,-1,1,-1,-1,0.384282350540161
19,3,1,50,-27,27,0,0.669075012207031,-1,1,1,-1,0.51784086227417
19,3,1,51,-81,81,0,0.484296798706055,-1,-1,1,-1,0.419075012207031
19,3,1,52,-81,81,0,0.869179725646973,-1,-1,-1,-1,0.234296798706055
19,3,1,53,-0,0,1,0.884307384490967,-1,-1,-1,-1,0.619179725646973
19,3,1,54,-27,27,0,0.751701593399048,-1,1,-1,-1,0.634307384490967
19,3,1,55,9,9,1,0.685441732406616,-1,-1,1,-1,0.501701593399048
19,3,1,56,27,27,1,0.60093092918396,1,1,-1,-1,0.435441732406616
19,3,1,57,0,0,1,0.950462341308594,1,1,1,1,0.35093092918396
19,3,1,58,81,81,1,0.733799457550049,1,1,1,1,0.700462341308594
19,3,1,59,0,0,1,0.567616939544678,1,1,1,1,0.483799457550049
19,3,1,60,81,81,1,0.51714038848877,1,1,1,1,0.317616939544678
19,3,1,61,-3,3,1,0.852396488189697,1,1,1,1,0.26714038848877
19,3,1,62,-27,27,0,0.600485801696777,-1,1,1,1,0.602396488189697
19,3,1,63,-9,9,1,0.433835983276367,-1,-1,1,-1,0.350485801696777
19,3,1,64,9,9,0,0.901084899902344,-1,1,-1,-1,0.183835983276367
19,3,1,65,-81,81,0,0.617826461791992,1,-1,1,-1,0.651084899902344
19,3,1,66,0,0,1,0.785598516464233,-1,-1,-1,1,0.367826461791992
19,3,1,67,81,81,1,0.802582979202271,1,1,-1,-1,0.535598516464233
19,3,1,68,-27,27,0,0.552294492721558,1,1,1,1,0.552582979202271
19,3,1,69,-3,3,1,0.902420282363892,-1,-1,1,1,0.302294492721558
19,3,1,70,-27,27,0,0.350963115692139,-1,1,-1,-1,0.652420282363892
19,3,1,71,-27,27,0,0.751943588256836,-1,-1,1,-1,0.100963115692139
19,3,1,72,-3,3,1,0.684430122375488,-1,-1,-1,-1,0.501943588256836
19,3,1,73,-81,81,0,0.502375841140747,-1,1,-1,-1,0.434430122375488
19,3,1,77,9,9,1,0.701752424240112,1,1,-1,-1,0.284275054931641
19,3,1,78,-9,9,0,1.30094838142395,1,1,1,1,0.451752424240112
19,3,1,79,-9,9,0,0.534868001937866,-1,-1,1,1,1.05094838142395
19,3,1,80,-0,0,0,1.11823987960815,-1,-1,-1,-1,0.284868001937866
19,3,1,81,81,81,1,0.534446954727173,-1,-1,-1,-1,0.868239879608154
19,3,1,82,27,27,1,0.651834964752197,1,1,-1,-1,0.284446954727173
19,3,1,83,3,3,1,0.651095628738403,1,1,1,1,0.401834964752197
19,3,1,84,3,3,0,0.63440990447998,1,1,1,1,0.401095628738403
19,3,1,85,9,9,1,0.719134092330933,1,-1,1,1,0.38440990447998
19,3,1,86,-27,27,0,0.60113787651062,1,1,-1,1,0.469134092330933
19,3,1,87,81,81,1,0.602134943008423,-1,-1,1,1,0.35113787651062
19,3,1,88,81,81,1,0.552454233169556,1,1,-1,-1,0.352134943008423
19,3,1,89,-27,27,0,0.535110473632812,1,1,1,1,0.302454233169556
19,3,1,90,27,27,1,0.551879644393921,-1,-1,1,1,0.285110473632812
19,3,1,91,0,0,1,0.651046514511108,1,1,-1,-1,0.301879644393921
19,3,1,92,81,81,1,0.767135620117188,1,1,1,1,0.401046514511108
19,3,1,93,3,3,1,0.569145202636719,1,1,1,1,0.517135620117188
19,3,1,94,3,3,1,0.718544244766235,1,1,1,1,0.319145202636719
19,3,1,95,0,0,1,0.683823108673096,1,1,1,1,0.468544244766235
19,3,1,96,81,81,1,0.685815095901489,1,1,1,1,0.433823108673096
19,3,1,97,9,9,1,0.533872604370117,1,1,1,1,0.435815095901489
19,3,1,98,-9,9,0,0.717192888259888,1,1,1,1,0.283872604370117
19,3,1,99,-27,27,0,0.702806234359741,-1,-1,1,1,0.467192888259888
19,3,2,2,-81,81,0,0.568928718566895,1,1,1,1,0.419823884963989
19,3,2,3,81,81,1,0.636032342910767,-1,-1,1,1,0.318928718566895
19,3,2,4,-3,3,0,0.768235683441162,1,1,-1,-1,0.386032342910767
19,3,2,5,3,3,1,0.733833074569702,-1,-1,1,1,0.518235683441162
19,3,2,6,27,27,1,0.500961065292358,1,1,-1,-1,0.483833074569702
19,3,2,7,9,9,1,0.717650651931763,1,1,1,1,0.250961065292358
19,3,2,8,-9,9,1,0.58435583114624,1,1,1,1,0.467650651931763
19,3,2,9,9,9,1,0.467158079147339,-1,1,1,1,0.33435583114624
19,3,2,10,9,9,1,0.519473552703857,1,1,1,-1,0.217158079147339
19,3,2,11,-27,27,0,0.417793035507202,1,1,1,1,0.269473552703857
19,3,2,12,-0,0,1,0.652658700942993,-1,-1,1,1,0.167793035507202
19,3,2,13,-27,27,0,0.484954595565796,-1,1,-1,-1,0.402658700942993
19,3,2,14,81,81,1,0.618065118789673,-1,-1,1,-1,0.234954595565796
19,3,2,15,-27,27,0,0.617166757583618,1,1,-1,-1,0.368065118789673
19,3,2,16,3,3,1,0.550994634628296,-1,-1,1,1,0.367166757583618
19,3,2,17,-3,3,0,0.802140712738037,1,1,-1,-1,0.300994634628296
19,3,2,18,81,81,1,0.552258968353271,-1,-1,1,1,0.552140712738037
19,3,2,19,27,27,1,0.617676734924316,1,1,-1,-1,0.302258968353271
19,3,2,20,3,3,1,0.818687915802002,1,1,1,1,0.367676734924316
19,3,2,21,-9,9,0,0.568491458892822,1,1,1,1,0.568687915802002
19,3,2,22,-9,9,1,0.435963869094849,-1,-1,1,1,0.318491458892822
19,3,2,23,-0,0,1,0.684331893920898,-1,1,-1,-1,0.185963869094849
19,3,2,24,-27,27,0,0.834725618362427,-1,1,1,-1,0.434331893920898
19,3,2,25,-3,3,1,0.768555641174316,-1,-1,1,-1,0.584725618362427
19,3,2,26,3,3,1,0.468835830688477,-1,1,-1,-1,0.518555641174316
19,3,2,27,27,27,1,0.619325160980225,1,1,1,-1,0.218835830688477
19,3,2,28,-9,9,1,0.450552701950073,1,1,1,1,0.369325160980225
19,3,2,29,-0,0,1,0.468125820159912,-1,1,1,1,0.200552701950073
19,3,2,30,-9,9,1,0.734470367431641,-1,1,1,-1,0.218125820159912
19,3,2,31,-0,0,0,0.934376239776611,-1,1,1,-1,0.484470367431641
19,3,2,32,-9,9,1,0.88450813293457,-1,-1,1,-1,0.684376239776611
19,3,2,33,-27,27,0,0.350977182388306,-1,1,-1,-1,0.63450813293457
19,3,2,34,-81,81,0,0.434463024139404,-1,-1,1,-1,0.100977182388306
19,3,2,35,-3,3,1,0.600559949874878,-1,-1,-1,-1,0.184463024139404
19,3,2,36,81,81,1,0.534290790557861,-1,1,-1,-1,0.350559949874878
19,3,2,37,-81,81,0,0.418126106262207,1,1,1,-1,0.284290790557861
19,3,2,38,-3,3,1,0.402468919754028,-1,-1,1,1,0.168126106262207
19,3,2,39,81,81,1,0.767653465270996,-1,1,-1,-1,0.152468919754028
19,3,2,40,27,27,1,0.534741640090942,1,1,1,-1,0.517653465270996
19,3,2,41,-0,0,1,0.817652225494385,1,1,1,1,0.284741640090942
19,3,2,42,-27,27,0,0.635955810546875,-1,1,1,1,0.567652225494385
19,3,2,43,-81,81,0,0.552590370178223,-1,-1,1,-1,0.385955810546875
19,3,2,44,27,27,1,0.567923784255981,-1,-1,-1,-1,0.302590370178223
19,3,2,48,3,3,1,0.552663326263428,1,1,1,1,0.851890087127686
19,3,2,49,-81,81,0,0.550508260726929,1,1,1,1,0.302663326263428
19,3,2,50,-9,9,1,0.367204189300537,-1,-1,1,1,0.300508260726929
19,3,2,51,-3,3,1,0.650484085083008,-1,1,-1,-1,0.117204189300537
19,3,2,52,-0,0,1,0.452137231826782,-1,1,1,-1,0.400484085083008
19,3,2,53,-81,81,0,0.501075744628906,-1,1,1,-1,0.202137231826782
19,3,2,54,-27,27,0,0.333869218826294,-1,-1,1,-1,0.251075744628906
19,3,2,55,-3,3,1,0.650497674942017,-1,-1,-1,-1,0.0838692188262939
19,3,2,56,9,9,1,0.402260780334473,-1,1,-1,-1,0.400497674942017
19,3,2,57,9,9,1,0.633887529373169,1,1,1,-1,0.152260780334473
19,3,2,58,81,81,1,0.534844160079956,1,1,1,1,0.383887529373169
19,3,2,59,-9,9,1,0.550506353378296,1,1,1,1,0.284844160079956
19,3,2,60,81,81,1,0.383851528167725,-1,1,1,1,0.300506353378296
19,3,2,61,-0,0,1,0.901018619537354,1,1,1,-1,0.133851528167725
19,3,2,62,-9,9,1,0.501120567321777,-1,1,1,1,0.651018619537354
19,3,2,63,-9,9,0,0.536022663116455,-1,1,1,-1,0.251120567321777
19,3,2,64,3,3,1,0.519244909286499,-1,-1,1,-1,0.286022663116455
19,3,2,65,81,81,1,0.484353065490723,1,1,-1,-1,0.269244909286499
19,3,2,66,81,81,1,0.333891153335571,1,1,1,1,0.234353065490723
19,3,2,70,3,3,1,0.584332227706909,1,1,1,1,0.384361505508423
19,3,2,71,-9,9,0,0.700969457626343,1,1,1,1,0.334332227706909
19,3,2,75,-3,3,0,0.601021528244019,-1,-1,-1,-1,0.117162942886353
19,3,2,79,-27,27,0,0.302592515945435,-1,-1,-1,-1,0.367642402648926
19,3,2,80,-81,81,0,0.283847332000732,-1,-1,-1,-1,0.0525925159454346
19,3,2,81,9,9,1,0.802164793014526,-1,-1,-1,-1,0.0338473320007324
19,3,2,82,27,27,1,0.617640733718872,1,1,-1,-1,0.552164793014526
19,3,2,83,3,3,1,0.534288167953491,1,1,1,1,0.367640733718872
19,3,2,84,0,0,1,0.634416341781616,1,1,1,1,0.284288167953491
19,3,2,85,3,3,1,0.468118906021118,1,1,1,1,0.384416341781616
19,3,2,86,27,27,1,0.417761087417603,1,1,1,1,0.218118906021118
19,3,2,87,-9,9,1,0.717604160308838,1,1,1,1,0.167761087417603
19,3,2,88,3,3,1,0.350548028945923,-1,1,1,1,0.467604160308838
19,3,2,92,-81,81,0,0.318624973297119,-1,1,-1,-1,0.36946702003479
19,3,2,93,81,81,1,0.533897638320923,-1,-1,1,-1,0.0686249732971191
19,3,2,94,-27,27,0,0.569159746170044,1,1,-1,-1,0.283897638320923
19,3,2,95,3,3,1,0.302282810211182,-1,-1,1,1,0.319159746170044
19,3,2,96,27,27,1,0.70199728012085,1,1,-1,-1,0.0522828102111816
19,3,2,97,27,27,1,0.501575469970703,1,1,1,1,0.45199728012085
19,3,2,98,-9,9,0,0.484291076660156,1,1,1,1,0.251575469970703
19,3,2,99,0,0,1,0.451982736587524,-1,-1,1,1,0.234291076660156
19,3,3,2,-27,27,0,0.468976736068726,-1,-1,-1,-1,0.401259183883667
19,3,3,3,9,9,1,0.533843755722046,-1,-1,-1,-1,0.218976736068726
19,3,3,4,27,27,1,0.735738277435303,1,1,-1,-1,0.283843755722046
19,3,3,5,-9,9,0,0.669226169586182,1,1,1,1,0.485738277435303
19,3,3,6,9,9,0,1.11767363548279,-1,-1,1,1,0.419226169586182
19,3,3,7,27,27,1,0.384305238723755,1,-1,-1,-1,0.867673635482788
19,3,3,8,81,81,1,0.550529718399048,1,1,-1,1,0.134305238723755
19,3,3,9,-3,3,1,0.652615308761597,1,1,1,1,0.300529718399048
19,3,3,10,-9,9,0,0.618943929672241,-1,1,1,1,0.402615308761597
19,3,3,11,-3,3,1,0.684308528900146,-1,-1,1,-1,0.368943929672241
19,3,3,12,-9,9,0,0.669432878494263,-1,1,-1,-1,0.434308528900146
19,3,3,13,-0,0,1,0.81761622428894,-1,-1,1,-1,0.419432878494263
19,3,3,14,-9,9,0,0.584272861480713,-1,1,-1,-1,0.56761622428894
19,3,3,15,-81,81,0,0.56777548789978,-1,-1,1,-1,0.334272861480713
19,3,3,16,-9,9,0,0.567649364471436,-1,-1,-1,-1,0.31777548789978
19,3,3,17,-3,3,0,0.252456903457642,-1,-1,-1,-1,0.317649364471436
19,3,3,18,-3,3,0,0.534896612167358,-1,-1,-1,-1,0.0024569034576416
19,3,3,19,27,27,1,0.519105911254883,-1,-1,-1,-1,0.284896612167358
19,3,3,20,3,3,1,0.586108207702637,1,1,-1,-1,0.269105911254883
19,3,3,21,9,9,1,0.669206142425537,1,1,1,1,0.336108207702637
19,3,3,22,3,3,1,0.484490871429443,1,1,1,1,0.419206142425537
19,3,3,26,9,9,1,0.367676973342896,1,1,1,1,0.285624980926514
19,3,3,27,27,27,1,0.585558891296387,1,1,1,1,0.117676973342896
19,3,3,28,81,81,1,0.736088752746582,1,1,1,1,0.335558891296387
19,3,3,29,-81,81,0,0.669114351272583,1,1,1,1,0.486088752746582
19,3,3,30,9,9,1,0.434295892715454,-1,-1,1,1,0.419114351272583
19,3,3,31,27,27,1,0.384267568588257,1,1,-1,-1,0.184295892715454
19,3,3,32,27,27,1,0.602506875991821,1,1,1,1,0.134267568588257
19,3,3,33,-81,81,0,0.635681629180908,1,1,1,1,0.352506875991821
19,3,3,34,3,3,1,0.567975044250488,-1,-1,1,1,0.385681629180908
19,3,3,35,0,0,0,0.617255210876465,1,1,-1,-1,0.317975044250488
19,3,3,36,81,81,1,0.83564567565918,1,-1,1,1,0.367255210876465
19,3,3,37,-81,81,0,0.335632085800171,1,1,-1,1,0.58564567565918
19,3,3,38,81,81,1,0.668441772460938,-1,-1,1,1,0.0856320858001709
19,3,3,39,3,3,1,0.467670202255249,1,1,-1,-1,0.418441772460938
19,3,3,40,27,27,1,0.519056797027588,1,1,1,1,0.217670202255249
19,3,3,41,81,81,1,1.05097341537476,1,1,1,1,0.269056797027588
19,3,3,42,81,81,1,0.71765661239624,1,1,1,1,0.800973415374756
19,3,3,43,27,27,1,0.569416522979736,1,1,1,1,0.46765661239624
19,3,3,47,9,9,1,0.450997114181519,1,1,-1,1,0.318577289581299
19,3,3,48,-3,3,0,0.452095746994019,1,1,1,1,0.200997114181519
19,3,3,49,-27,27,0,0.968432188034058,-1,-1,1,1,0.202095746994019
19,3,3,50,-3,3,0,0.486036777496338,-1,-1,-1,-1,0.718432188034058
19,3,3,51,-3,3,1,0.317666053771973,-1,-1,-1,-1,0.236036777496338
19,3,3,52,-0,0,0,0.451029777526855,-1,1,-1,-1,0.0676660537719727
19,3,3,53,-3,3,1,0.33525562286377,-1,-1,1,-1,0.201029777526855
19,3,3,54,3,3,1,0.552284479141235,-1,1,-1,-1,0.0852556228637695
19,3,3,55,-81,81,0,0.535743951797485,1,1,1,-1,0.302284479141235
19,3,3,56,-9,9,0,0.369484424591064,-1,-1,1,1,0.285743951797485
19,3,3,57,-3,3,0,0.652087211608887,-1,-1,-1,-1,0.119484424591064
19,3,3,58,-27,27,0,0.552804231643677,-1,-1,-1,-1,0.402087211608887
19,3,3,59,-3,3,0,0.517757415771484,-1,-1,-1,-1,0.302804231643677
19,3,3,60,3,3,0,0.65197229385376,-1,-1,-1,-1,0.267757415771484
19,3,3,61,0,0,0,0.7842857837677,1,-1,-1,-1,0.40197229385376
19,3,3,62,27,27,1,0.517595052719116,1,-1,-1,1,0.5342857837677
19,3,3,63,9,9,1,0.884288549423218,1,1,-1,1,0.267595052719116
19,3,3,64,-3,3,1,0.68604850769043,1,1,1,1,0.634288549423218
19,3,3,65,-0,0,1,0.550946950912476,-1,1,1,1,0.43604850769043
19,3,3,66,-9,9,1,0.517176866531372,-1,1,1,-1,0.300946950912476
19,3,3,67,-27,27,0,0.435791969299316,-1,1,1,-1,0.267176866531372
19,3,3,68,27,27,1,0.602155447006226,-1,-1,1,-1,0.185791969299316
19,3,3,69,27,27,1,0.935920238494873,1,1,-1,-1,0.352155447006226
19,3,3,70,81,81,1,0.767209768295288,1,1,1,1,0.685920238494873
19,3,3,71,3,3,1,0.700496196746826,1,1,1,1,0.517209768295288
19,3,3,72,81,81,1,0.269232273101807,1,1,1,1,0.450496196746826
19,3,3,73,0,0,1,0.384284973144531,1,1,1,1,0.0192322731018066
19,3,3,77,27,27,1,0.469084024429321,1,1,1,1,0.434382677078247
19,3,3,81,-0,0,1,0.417631149291992,1,1,1,1,0.401592016220093
19,3,3,82,-81,81,0,0.617741584777832,-1,1,1,1,0.167631149291992
19,3,3,83,-9,9,0,0.552071809768677,-1,-1,1,-1,0.367741584777832
19,3,3,84,-27,27,0,0.352108955383301,-1,-1,-1,-1,0.302071809768677
19,3,3,85,-9,9,0,0.683831453323364,-1,-1,-1,-1,0.102108955383301
19,3,3,89,-3,3,1,0.668779850006104,1,1,-1,1,0.185925483703613
19,3,3,90,-3,3,0,0.385674953460693,-1,1,1,1,0.418779850006104
19,3,3,91,-81,81,0,0.551393747329712,-1,-1,1,-1,0.135674953460693
19,3,3,92,9,9,1,0.334284543991089,-1,-1,-1,-1,0.301393747329712
19,3,3,96,-27,27,0,0.467142343521118,1,1,1,1,0.569253206253052
19,3,3,97,-81,81,0,0.985436916351318,-1,-1,1,1,0.217142343521118
19,3,3,98,-27,27,0,0.535768508911133,-1,-1,-1,-1,0.735436916351318
19,3,3,99,-81,81,0,0.618972778320312,-1,-1,-1,-1,0.285768508911133
19,3,4,2,-81,81,0,0.551001310348511,-1,-1,1,-1,0.500762462615967
19,3,4,3,-27,27,0,0.585472583770752,-1,-1,-1,-1,0.301001310348511
19,3,4,4,27,27,1,0.50179386138916,-1,-1,-1,-1,0.335472583770752
19,3,4,5,-9,9,1,0.402013778686523,1,1,-1,-1,0.25179386138916
19,3,4,6,9,9,1,0.36719274520874,-1,1,1,1,0.152013778686523
19,3,4,7,-3,3,1,0.934282302856445,1,1,1,-1,0.11719274520874
19,3,4,8,27,27,1,0.283847093582153,-1,1,1,1,0.684282302856445
19,3,4,9,-0,0,1,0.585526943206787,1,1,1,-1,0.0338470935821533
19,3,4,10,9,9,1,0.651053190231323,-1,1,1,1,0.335526943206787
19,3,4,11,-9,9,1,0.5352623462677,1,1,1,-1,0.401053190231323
19,3,4,12,9,9,1,0.350484848022461,-1,1,1,1,0.2852623462677
19,3,4,13,-27,27,0,1.41920828819275,1,1,1,-1,0.100484848022461
19,3,4,14,81,81,1,0.75054407119751,-1,-1,1,1,1.16920828819275
19,3,4,15,-27,27,0,0.502386808395386,1,1,-1,-1,0.50054407119751
19,3,4,16,-3,3,1,0.485876083374023,-1,-1,1,1,0.252386808395386
19,3,4,17,-27,27,0,0.469496726989746,-1,1,-1,-1,0.235876083374023
19,3,4,18,-81,81,0,0.484301328659058,-1,-1,1,-1,0.219496726989746
19,3,4,19,-27,27,0,0.452077865600586,-1,-1,-1,-1,0.234301328659058
19,3,4,20,3,3,1,0.66886305809021,-1,-1,-1,-1,0.202077865600586
19,3,4,21,-81,81,0,0.601930856704712,1,1,-1,-1,0.41886305809021
19,3,4,22,-3,3,1,0.367758274078369,-1,-1,1,1,0.351930856704712
19,3,4,23,3,3,1,0.518421649932861,-1,1,-1,-1,0.117758274078369
19,3,4,24,-0,0,1,0.569068908691406,1,1,1,-1,0.268421649932861
19,3,4,25,81,81,1,0.435421228408813,-1,1,1,1,0.319068908691406
19,3,4,26,-0,0,1,0.569329023361206,1,1,1,-1,0.185421228408813
19,3,4,27,0,0,1,0.35190486907959,-1,1,1,1,0.319329023361206
19,3,4,28,-3,3,1,0.467673301696777,1,1,1,-1,0.10190486907959
19,3,4,29,27,27,1,0.700959444046021,-1,1,1,1,0.217673301696777
19,3,4,30,-3,3,1,0.884326934814453,1,1,1,-1,0.450959444046021
19,3,4,31,27,27,1,0.986055612564087,-1,1,1,1,0.634326934814453
19,3,4,32,9,9,1,0.835516929626465,1,1,1,-1,0.736055612564087
19,3,4,33,81,81,1,0.667642593383789,1,1,1,1,0.585516929626465
19,3,4,34,-81,81,0,0.517188310623169,1,1,1,1,0.417642593383789
19,3,4,35,9,9,1,0.585439205169678,-1,-1,1,1,0.267188310623169
19,3,4,36,-3,3,1,0.3859703540802,1,1,-1,-1,0.335439205169678
19,3,4,37,-3,3,1,0.535321950912476,-1,1,1,1,0.1359703540802
19,3,4,38,3,3,0,0.636042833328247,-1,1,1,-1,0.285321950912476
19,3,4,39,-27,27,0,0.502216100692749,1,-1,1,-1,0.386042833328247
19,3,4,40,81,81,1,0.367142915725708,-1,-1,-1,1,0.252216100692749
19,3,4,41,-9,9,1,0.302076101303101,1,1,-1,-1,0.117142915725708
19,3,4,42,-9,9,1,0.685364007949829,-1,1,1,1,0.0520761013031006
19,3,4,43,27,27,1,0.352339744567871,-1,1,1,-1,0.435364007949829
19,3,4,44,-3,3,1,0.485819339752197,1,1,1,-1,0.102339744567871
19,3,4,45,9,9,1,0.284409523010254,-1,1,1,1,0.235819339752197
19,3,4,46,-0,0,1,0.535262584686279,1,1,1,-1,0.0344095230102539
19,3,4,47,81,81,1,0.685999870300293,-1,1,1,1,0.285262584686279
19,3,4,48,-81,81,0,0.584634304046631,1,1,1,-1,0.435999870300293
19,3,4,49,3,3,0,1.16758990287781,-1,-1,1,1,0.334634304046631
19,3,4,50,81,81,1,0.68384313583374,1,-1,-1,-1,0.917589902877808
19,3,4,51,-27,27,0,0.650542259216309,1,1,-1,1,0.43384313583374
19,3,4,52,-0,0,1,0.617905378341675,-1,-1,1,1,0.400542259216309
19,3,4,53,81,81,1,0.567842721939087,-1,1,-1,-1,0.367905378341675
19,3,4,54,-27,27,0,0.4857177734375,1,1,1,-1,0.317842721939087
19,3,4,55,3,3,1,0.35204005241394,-1,-1,1,1,0.2357177734375
19,3,4,59,81,81,1,0.552413702011108,-1,1,1,1,0.302048683166504
19,3,4,60,-3,3,0,0.534294843673706,1,1,1,-1,0.302413702011108
19,3,4,61,3,3,1,0.267614126205444,-1,-1,1,1,0.284294843673706
19,3,4,62,-9,9,0,0.467187881469727,1,1,-1,-1,0.0176141262054443
19,3,4,63,0,0,1,0.401390790939331,-1,-1,1,1,0.217187881469727
19,3,4,64,-27,27,0,0.584347009658813,1,1,-1,-1,0.151390790939331
19,3,4,68,27,27,1,0.51720142364502,-1,-1,1,1,0.30201268196106
19,3,4,69,81,81,1,0.469275236129761,1,1,-1,-1,0.26720142364502
19,3,4,70,-9,9,1,0.569427967071533,1,1,1,1,0.219275236129761
19,3,4,71,-3,3,1,0.285890817642212,-1,1,1,1,0.319427967071533
19,3,4,72,9,9,1,0.618561506271362,-1,1,1,-1,0.0358908176422119
19,3,4,73,9,9,1,0.552258253097534,1,1,1,-1,0.368561506271362
19,3,4,74,-9,9,0,0.65268349647522,1,1,1,1,0.302258253097534
19,3,4,75,27,27,1,0.48438835144043,-1,-1,1,1,0.40268349647522
19,3,4,76,3,3,1,0.684416532516479,1,1,-1,-1,0.23438835144043
19,3,4,77,-9,9,0,0.502533435821533,1,1,1,1,0.434416532516479
19,3,4,78,27,27,1,0.536086797714233,-1,-1,1,1,0.252533435821533
19,3,4,79,27,27,1,0.585577249526978,1,1,-1,-1,0.286086797714233
19,3,4,80,27,27,1,0.45261549949646,1,1,1,1,0.335577249526978
19,3,4,81,-9,9,1,0.717671632766724,1,1,1,1,0.20261549949646
19,3,4,82,3,3,1,0.351943731307983,-1,1,1,1,0.467671632766724
19,3,4,83,-3,3,1,0.268625020980835,1,1,1,-1,0.101943731307983
19,3,4,84,3,3,1,0.317834138870239,-1,1,1,1,0.018625020980835
19,3,4,91,81,81,1,0.402764797210693,-1,1,1,1,0.0847828388214111
19,3,4,95,-27,27,1,0.43599534034729,1,1,1,1,0.135185718536377
19,3,4,96,81,81,1,0.402390480041504,-1,1,1,1,0.18599534034729
19,3,4,97,-9,9,1,0.301130533218384,1,1,1,-1,0.152390480041504
19,3,5,2,0,0,0,0.267616271972656,-1,1,1,-1,0.484572887420654
19,3,5,3,-9,9,0,0.584554195404053,1,-1,1,-1,0.0176162719726562
19,3,5,4,81,81,1,0.502270698547363,-1,-1,-1,1,0.334554195404053
19,3,5,5,-9,9,1,0.91764497756958,1,1,-1,-1,0.252270698547363
19,3,5,9,3,3,1,0.301062822341919,-1,1,-1,1,0.18545126914978
19,3,5,13,9,9,1,0.634299755096436,-1,-1,1,1,0.0187876224517822
19,3,5,14,27,27,1,0.802766561508179,1,1,-1,-1,0.384299755096436
19,3,5,15,3,3,1,0.651634931564331,1,1,1,1,0.552766561508179
19,3,5,16,-9,9,1,0.652561187744141,1,1,1,1,0.401634931564331
19,3,5,17,81,81,1,0.552381277084351,-1,1,1,1,0.402561187744141
19,3,5,18,-3,3,1,0.535333871841431,1,1,1,-1,0.302381277084351
19,3,5,19,3,3,1,0.518669128417969,-1,1,1,1,0.285333871841431
19,3,5,20,-27,27,0,0.251013517379761,1,1,1,-1,0.268669128417969
19,3,5,21,-81,81,0,0.552767515182495,-1,-1,1,1,0.00101351737976074
19,3,5,22,9,9,1,0.650966882705688,-1,-1,-1,-1,0.302767515182495
19,3,5,23,-3,3,1,0.586047649383545,1,1,-1,-1,0.400966882705688
19,3,5,24,27,27,1,0.267635345458984,-1,1,1,1,0.336047649383545
19,3,5,25,-81,81,0,0.50051212310791,1,1,1,-1,0.0176353454589844
19,3,5,26,-0,0,1,0.417791604995728,-1,-1,1,1,0.25051212310791
19,3,5,27,0,0,1,0.251277685165405,-1,1,-1,-1,0.167791604995728
19,3,5,28,-27,27,1,0.467164039611816,1,1,1,-1,0.00127768516540527
19,3,5,29,3,3,1,0.56889271736145,-1,1,1,1,0.217164039611816
19,3,5,30,27,27,1,0.650506496429443,1,1,1,-1,0.31889271736145
19,3,5,31,-27,27,0,0.667634963989258,1,1,1,1,0.400506496429443
19,3,5,32,9,9,1,0.469107866287231,-1,-1,1,1,0.417634963989258
19,3,5,33,-27,27,0,0.417159557342529,1,1,-1,-1,0.219107866287231
19,3,5,34,-3,3,1,0.369186401367188,-1,-1,1,1,0.167159557342529
19,3,5,35,81,81,1,0.617270946502686,-1,1,-1,-1,0.119186401367188
19,3,5,36,-27,27,0,0.302760601043701,1,1,1,-1,0.367270946502686
19,3,5,37,0,0,1,0.500987768173218,-1,-1,1,1,0.0527606010437012
19,3,5,38,3,3,1,0.585696458816528,1,1,-1,-1,0.250987768173218
19,3,5,39,81,81,1,0.552692413330078,1,1,1,1,0.335696458816528
19,3,5,40,-0,0,1,0.633821487426758,1,1,1,1,0.302692413330078
19,3,5,41,27,27,1,0.55135703086853,-1,1,1,1,0.383821487426758
19,3,5,42,-3,3,0,1.05242586135864,1,1,1,-1,0.30135703086853
19,3,5,43,0,0,0,0.669585943222046,-1,-1,1,1,0.802425861358643
19,3,5,44,-0,0,1,0.568078756332397,1,-1,-1,-1,0.419585943222046
19,3,5,45,81,81,1,0.618231058120728,-1,1,-1,1,0.318078756332397
19,3,5,46,-27,27,0,0.719375133514404,1,1,1,-1,0.368231058120728
19,3,5,47,27,27,1,0.267667531967163,-1,-1,1,1,0.469375133514404
19,3,5,48,-9,9,0,0.600985765457153,1,1,-1,-1,0.0176675319671631
19,3,5,49,9,9,1,0.63384747505188,-1,-1,1,1,0.350985765457153
19,3,5,50,-9,9,1,0.502354383468628,1,1,-1,-1,0.38384747505188
19,3,5,51,3,3,1,0.519317626953125,-1,1,1,1,0.252354383468628
19,3,5,52,-9,9,0,0.768706083297729,1,1,1,-1,0.269317626953125
19,3,5,53,27,27,1,0.618030786514282,-1,-1,1,1,0.518706083297729
19,3,5,54,-27,27,0,0.600535154342651,1,1,-1,-1,0.368030786514282
19,3,5,55,3,3,1,0.369599580764771,-1,-1,1,1,0.350535154342651
19,3,5,56,-9,9,0,0.984304904937744,1,1,-1,-1,0.119599580764771
19,3,5,57,0,0,1,0.317664623260498,-1,-1,1,1,0.734304904937744
19,3,5,58,3,3,1,0.467691898345947,1,1,-1,-1,0.067664623260498
19,3,5,59,27,27,1,0.785961627960205,1,1,1,1,0.217691898345947
19,3,5,60,-9,9,1,0.552824735641479,1,1,1,1,0.535961627960205
19,3,5,61,3,3,1,0.619097709655762,-1,1,1,1,0.302824735641479
19,3,5,62,-9,9,1,0.602480411529541,1,1,1,-1,0.369097709655762
19,3,5,63,-0,0,1,0.368260383605957,-1,1,1,1,0.352480411529541
19,3,5,67,81,81,1,0.550543546676636,-1,1,1,1,0.334290742874146
19,3,5,68,-81,81,0,0.48580527305603,1,1,1,-1,0.300543546676636
19,3,5,69,3,3,0,0.867615938186646,-1,-1,1,1,0.23580527305603
19,3,5,70,-9,9,1,0.267820596694946,1,-1,-1,-1,0.617615938186646
19,3,5,71,81,81,1,0.484297275543213,-1,1,-1,1,0.0178205966949463
19,3,5,72,-3,3,1,0.335561037063599,1,1,1,-1,0.234297275543213
19,3,5,73,81,81,1,0.502634048461914,-1,1,1,1,0.0855610370635986
19,3,5,74,-27,27,0,0.718349695205688,1,1,1,-1,0.252634048461914
19,3,5,75,0,0,0,0.369033813476562,-1,-1,1,1,0.468349695205688
19,3,5,76,81,81,1,0.784425735473633,1,-1,-1,-1,0.119033813476562
19,3,5,77,-81,81,0,0.853470087051392,1,1,-1,1,0.534425735473633
19,3,5,78,-81,81,0,0.500653028488159,-1,-1,1,1,0.603470087051392
19,3,5,79,27,27,1,0.451045036315918,-1,-1,-1,-1,0.250653028488159
19,3,5,80,81,81,1,0.617682933807373,1,1,-1,-1,0.201045036315918
19,3,5,81,-9,9,0,0.551291465759277,1,1,1,1,0.367682933807373
19,3,5,82,27,27,1,0.350992202758789,-1,-1,1,1,0.301291465759277
19,3,5,83,-9,9,1,0.367811918258667,1,1,-1,-1,0.100992202758789
19,3,5,88,-81,81,0,0.517174482345581,-1,-1,1,1,0.102218151092529
19,3,5,89,81,81,1,0.583832025527954,-1,-1,-1,-1,0.267174482345581
19,3,5,90,-27,27,0,0.418893814086914,1,1,-1,-1,0.333832025527954
19,3,5,91,9,9,1,0.602649688720703,-1,-1,1,1,0.168893814086914
19,3,5,92,-81,81,0,0.384361982345581,1,1,-1,-1,0.352649688720703
19,3,5,93,9,9,0,0.66762900352478,-1,-1,1,1,0.134361982345581
19,3,5,94,-81,81,0,0.300986766815186,1,-1,-1,-1,0.41762900352478
19,3,5,95,9,9,1,0.568878173828125,-1,-1,-1,1,0.0509867668151855
19,3,5,96,-3,3,1,0.534931421279907,1,1,-1,-1,0.318878173828125
19,3,6,2,27,27,1,0.502146244049072,1,1,1,1,0.434765100479126
19,3,6,3,3,3,0,0.66932201385498,1,1,1,1,0.252146244049072
19,3,6,4,-81,81,0,0.501008987426758,1,-1,1,1,0.41932201385498
19,3,6,5,-81,81,0,0.519385814666748,-1,-1,-1,1,0.251008987426758
19,3,6,6,9,9,1,0.668706655502319,-1,-1,-1,-1,0.269385814666748
19,3,6,7,27,27,1,0.651886940002441,1,1,-1,-1,0.418706655502319
19,3,6,8,9,9,1,0.602062940597534,1,1,1,1,0.401886940002441
19,3,6,9,3,3,1,0.567194223403931,1,1,1,1,0.352062940597534
19,3,6,10,-81,81,0,0.551187753677368,1,1,1,1,0.317194223403931
19,3,6,14,3,3,1,0.352607727050781,-1,1,1,1,0.368850469589233
19,3,6,15,-3,3,1,0.652246713638306,1,1,1,-1,0.102607727050781
19,3,6,16,81,81,1,0.500952243804932,-1,1,1,1,0.402246713638306
19,3,6,17,81,81,1,0.500479936599731,1,1,1,-1,0.250952243804932
19,3,6,18,3,3,1,0.701034784317017,1,1,1,1,0.250479936599731
19,3,6,19,-3,3,1,0.768840312957764,1,1,1,1,0.451034784317017
19,3,6,20,-3,3,1,0.584292411804199,-1,1,1,1,0.518840312957764
19,3,6,21,-3,3,1,0.435877561569214,-1,1,1,-1,0.334292411804199
19,3,6,22,-27,27,0,0.502529144287109,-1,1,1,-1,0.185877561569214
19,3,6,23,-9,9,0,0.751060724258423,-1,-1,1,-1,0.252529144287109
19,3,6,24,-81,81,0,0.583802700042725,-1,-1,-1,-1,0.501060724258423
19,3,6,25,-81,81,0,0.534501552581787,-1,-1,-1,-1,0.333802700042725
19,3,6,26,3,3,1,0.735583782196045,-1,-1,-1,-1,0.284501552581787
19,3,6,27,3,3,1,1.36763644218445,1,1,-1,-1,0.485583782196045
19,3,6,28,9,9,1,0.434294939041138,1,1,1,1,1.11763644218445
19,3,6,29,-27,27,0,0.601247310638428,1,1,1,1,0.184294939041138
19,3,6,30,-3,3,1,0.917167901992798,-1,-1,1,1,0.351247310638428
19,3,6,31,27,27,1,0.402470111846924,-1,1,-1,-1,0.667167901992798
19,3,6,32,0,0,1,0.917648077011108,1,1,1,-1,0.152470111846924
19,3,6,33,-27,27,0,0.552254676818848,1,1,1,1,0.667648077011108
19,3,6,34,81,81,1,0.300970077514648,-1,-1,1,1,0.302254676818848
19,3,6,35,9,9,1,0.900986194610596,1,1,-1,-1,0.0509700775146484
19,3,6,36,0,0,1,0.617185592651367,1,1,1,1,0.650986194610596
19,3,6,37,81,81,1,0.535917997360229,1,1,1,1,0.367185592651367
19,3,6,38,3,3,0,0.351588010787964,1,1,1,1,0.285917997360229
19,3,6,39,9,9,1,0.351015090942383,1,-1,1,1,0.101588010787964
19,3,6,40,-81,81,0,0.501143455505371,1,1,-1,1,0.101015090942383
19,3,6,41,-27,27,0,0.434378623962402,-1,-1,1,1,0.251143455505371
19,3,6,42,3,3,0,0.633829116821289,-1,-1,-1,-1,0.184378623962402
19,3,6,46,-81,81,0,0.533869981765747,-1,1,1,1,0.00283265113830566
19,3,6,47,27,27,1,0.450537919998169,-1,-1,1,-1,0.283869981765747
19,3,6,48,0,0,1,0.367657423019409,1,1,-1,-1,0.200537919998169
19,3,6,52,9,9,1,0.30049991607666,1,1,1,1,0.352291822433472
19,3,6,53,-27,27,0,0.517217397689819,1,1,1,1,0.0504999160766602
19,3,6,54,9,9,1,0.41813588142395,-1,-1,1,1,0.267217397689819
19,3,6,55,-3,3,1,0.28499960899353,1,1,-1,-1,0.16813588142395
19,3,6,56,0,0,1,0.283833980560303,-1,1,1,1,0.0349996089935303
19,3,6,57,-27,27,0,0.60048508644104,1,1,1,-1,0.0338339805603027
19,3,6,58,81,81,1,0.286033153533936,-1,-1,1,1,0.35048508644104
19,3,6,59,9,9,1,0.685432434082031,1,1,-1,-1,0.0360331535339355
19,3,6,60,-9,9,1,0.551703214645386,1,1,1,1,0.435432434082031
19,3,6,61,-9,9,0,0.669389486312866,-1,1,1,1,0.301703214645386
19,3,6,62,-27,27,0,0.300523996353149,-1,-1,1,-1,0.419389486312866
19,3,6,63,9,9,1,0.268494844436646,-1,-1,-1,-1,0.0505239963531494
19,3,6,67,-27,27,0,0.252681732177734,-1,-1,1,-1,0.251074552536011
19,3,6,68,9,9,1,0.252426147460938,-1,-1,-1,-1,0.00268173217773438
19,3,6,69,0,0,1,0.517678022384644,1,1,-1,-1,0.0024261474609375
19,3,6,70,81,81,1,0.452729940414429,1,1,1,1,0.267678022384644
19,3,6,71,-9,9,1,1.18471693992615,1,1,1,1,0.202729940414429
19,3,6,72,-3,3,1,0.469467163085938,-1,1,1,1,0.934716939926147
19,3,6,73,-3,3,1,0.585818767547607,-1,1,1,-1,0.219467163085938
19,3,6,77,-27,27,0,0.534287452697754,1,1,-1,1,0.268687963485718
19,3,6,78,81,81,0,0.502851963043213,-1,-1,1,1,0.284287452697754
19,3,6,79,-27,27,0,0.417156457901001,1,-1,-1,-1,0.252851963043213
19,3,6,80,27,27,1,0.500977516174316,-1,-1,-1,1,0.167156457901001
19,3,6,81,-81,81,0,0.468485832214355,1,1,-1,-1,0.250977516174316
19,3,6,82,-9,9,0,0.701023101806641,-1,-1,1,1,0.218485832214355
19,3,6,83,9,9,1,0.534367084503174,-1,-1,-1,-1,0.451023101806641
19,3,6,84,-81,81,0,0.500979900360107,1,1,-1,-1,0.284367084503174
19,3,6,85,9,9,1,1.03566884994507,-1,-1,1,1,0.250979900360107
19,3,6,86,-27,27,0,0.78459644317627,1,1,-1,-1,0.785668849945068
19,3,6,87,-9,9,0,0.58558464050293,-1,-1,1,1,0.53459644317627
19,3,6,88,-0,0,1,0.568615198135376,-1,-1,-1,-1,0.33558464050293
19,3,6,89,9,9,1,0.584295272827148,-1,1,-1,-1,0.318615198135376
19,3,6,90,-81,81,0,0.468675851821899,1,1,1,-1,0.334295272827148
19,3,6,91,27,27,1,0.300969839096069,-1,-1,1,1,0.218675851821899
19,3,6,92,-81,81,0,0.583825588226318,1,1,-1,-1,0.0509698390960693
19,3,6,93,9,9,1,0.967690467834473,-1,-1,1,1,0.333825588226318
19,3,6,94,3,3,0,0.58580493927002,1,1,-1,-1,0.717690467834473
19,3,6,95,-0,0,1,0.567819118499756,1,-1,1,1,0.33580493927002
19,3,6,96,81,81,1,0.567647933959961,-1,1,-1,1,0.317819118499756
19,3,6,97,3,3,1,0.684329986572266,1,1,1,-1,0.317647933959961
19,3,6,98,0,0,1,0.583840608596802,1,1,1,1,0.434329986572266
19,3,6,99,0,0,1,0.335062980651855,1,1,1,1,0.333840608596802
20,1,1,6,9,9,0,0.767194747924805,1,1,-1,1,0.635401487350464
20,1,1,7,0,0,1,0.867220878601074,1,-1,1,1,0.517194747924805
20,1,1,8,-9,9,0,0.784519910812378,1,1,-1,1,0.617220878601074
20,1,1,9,81,81,0,0.718507051467896,-1,-1,1,1,0.534519910812378
20,1,1,10,-81,81,0,0.684422254562378,1,-1,-1,-1,0.468507051467896
20,1,1,11,-3,3,1,0.718379497528076,-1,-1,-1,1,0.434422254562378
20,1,1,12,9,9,1,0.800984382629395,-1,1,-1,-1,0.468379497528076
20,1,1,13,-27,27,0,0.651319265365601,1,1,1,-1,0.550984382629395
20,1,1,14,-3,3,1,0.850521802902222,-1,-1,1,1,0.401319265365601
20,1,1,15,81,81,1,0.885213613510132,-1,1,-1,-1,0.600521802902222
20,1,1,16,-9,9,1,0.886071920394897,1,1,1,-1,0.635213613510132
20,1,1,17,0,0,1,0.919335842132568,-1,1,1,1,0.636071920394897
20,1,1,18,-3,3,1,0.785905838012695,1,1,1,-1,0.669335842132568
20,1,1,19,-9,9,0,0.634314775466919,-1,1,1,1,0.535905838012695
20,1,1,20,3,3,1,0.633839130401611,-1,-1,1,-1,0.384314775466919
20,1,1,21,3,3,1,0.902709484100342,1,1,-1,-1,0.383839130401611
20,1,1,22,0,0,1,0.767166614532471,1,1,1,1,0.652709484100342
20,1,1,23,-27,27,1,1.00263905525208,1,1,1,1,0.517166614532471
20,1,1,24,3,3,0,0.76801061630249,-1,1,1,1,0.752639055252075
20,1,1,25,-81,81,0,0.669245004653931,1,-1,1,-1,0.51801061630249
20,1,1,26,3,3,0,0.969435214996338,-1,-1,-1,1,0.419245004653931
20,1,1,27,-27,27,0,0.750976085662842,1,-1,-1,-1,0.719435214996338
20,1,1,28,-3,3,1,0.667182207107544,-1,-1,-1,1,0.500976085662842
20,1,1,29,81,81,0,1.1004638671875,-1,1,-1,-1,0.417182207107544
20,1,1,30,27,27,0,0.886258840560913,1,-1,1,-1,0.8504638671875
20,1,1,31,-3,3,0,0.386124134063721,1,-1,-1,1,0.636258840560913
20,1,1,32,-9,9,1,0.802645444869995,-1,-1,-1,1,0.136124134063721
20,1,1,33,3,3,1,0.835977554321289,-1,1,-1,-1,0.552645444869995
20,1,1,34,-9,9,1,0.252032995223999,1,1,1,-1,0.585977554321289
20,1,1,35,9,9,1,0.735668659210205,-1,1,1,1,0.00203299522399902
20,1,1,36,3,3,1,0.684622526168823,1,1,1,-1,0.485668659210205
20,1,1,37,-9,9,0,0.851195096969604,1,1,1,1,0.434622526168823
20,1,1,38,81,81,0,1.18586397171021,-1,-1,1,1,0.601195096969604
20,1,1,39,-9,9,1,1.03426051139832,1,-1,-1,-1,0.935863971710205
20,1,1,40,0,0,1,0.802881479263306,-1,1,-1,1,0.784260511398315
20,1,1,41,27,27,1,0.751797199249268,1,1,1,-1,0.552881479263306
20,1,1,42,-0,0,0,0.852332830429077,1,1,1,1,0.501797199249268
20,1,1,43,-27,27,0,0.61896014213562,-1,-1,1,1,0.602332830429077
20,1,1,44,3,3,1,0.667147159576416,-1,-1,-1,-1,0.36896014213562
20,1,1,48,3,3,0,1.00053024291992,1,-1,1,-1,0.717171907424927
20,1,1,49,-27,27,0,0.736069202423096,1,-1,-1,1,0.750530242919922
20,1,1,50,-0,0,1,0.717189311981201,-1,-1,-1,1,0.486069202423096
20,1,1,51,-9,9,1,0.717210054397583,-1,1,-1,-1,0.467189311981201
20,1,1,52,27,27,1,0.918778896331787,-1,1,1,-1,0.467210054397583
20,1,1,53,27,27,1,0.867117881774902,1,1,1,-1,0.668778896331787
20,1,1,54,-27,27,0,0.63388729095459,1,1,1,1,0.617117881774902
20,1,1,55,9,9,1,0.586125373840332,-1,-1,1,1,0.38388729095459
20,1,1,56,81,81,1,0.668759822845459,1,1,-1,-1,0.336125373840332
20,1,1,57,9,9,1,0.701017379760742,1,1,1,1,0.418759822845459
20,1,1,58,-27,27,0,0.48382306098938,1,1,1,1,0.451017379760742
20,1,1,59,-27,27,1,0.735937118530273,-1,-1,1,1,0.23382306098938
20,1,1,60,-0,0,0,0.969037771224976,-1,1,-1,-1,0.485937118530273
20,1,1,61,81,81,1,0.967652559280396,-1,-1,1,-1,0.719037771224976
20,1,1,62,27,27,1,0.885408639907837,1,1,-1,-1,0.717652559280396
20,1,1,63,3,3,1,0.735354423522949,1,1,1,1,0.635408639907837
20,1,1,64,3,3,1,0.634343385696411,1,1,1,1,0.485354423522949
20,1,1,65,-27,27,1,0.568085908889771,1,1,1,1,0.384343385696411
20,1,1,66,3,3,0,0.717805147171021,-1,1,1,1,0.318085908889771
20,1,1,67,-81,81,0,0.601478815078735,1,-1,1,-1,0.467805147171021
20,1,1,68,-27,27,0,0.733839988708496,-1,-1,-1,1,0.351478815078735
20,1,1,69,81,81,1,0.617608785629272,-1,-1,-1,-1,0.483839988708496
20,1,1,70,81,81,1,0.734320163726807,1,1,-1,-1,0.367608785629272
20,1,1,71,81,81,1,0.550512075424194,1,1,1,1,0.484320163726807
20,1,1,72,-81,81,0,0.551074743270874,1,1,1,1,0.300512075424194
20,1,1,73,-9,9,0,1.03588557243347,-1,-1,1,1,0.301074743270874
20,1,1,74,0,0,1,0.718068599700928,-1,-1,-1,-1,0.785885572433472
20,1,1,75,-81,81,0,0.550539970397949,1,1,-1,-1,0.468068599700928
20,1,1,76,-9,9,0,0.767133474349976,-1,-1,1,1,0.300539970397949
20,1,1,77,0,0,1,0.63385009765625,-1,-1,-1,-1,0.517133474349976
20,1,1,78,-9,9,0,0.584342002868652,1,1,-1,-1,0.38385009765625
20,1,1,79,9,9,1,0.801983594894409,-1,-1,1,1,0.334342002868652
20,1,1,80,81,81,1,0.667946815490723,1,1,-1,-1,0.551983594894409
20,1,1,81,-27,27,0,0.652600288391113,1,1,1,1,0.417946815490723
20,1,1,82,27,27,1,0.552265644073486,-1,-1,1,1,0.402600288391113
20,1,1,83,-27,27,0,0.567727088928223,1,1,-1,-1,0.302265644073486
20,1,1,84,-9,9,0,0.5677649974823,-1,-1,1,1,0.317727088928223
20,1,1,85,9,9,1,0.534683227539062,-1,-1,-1,-1,0.3177649974823
20,1,1,86,27,27,1,0.585358142852783,1,1,-1,-1,0.284683227539062
20,1,1,87,9,9,1,0.517599821090698,1,1,1,1,0.335358142852783
20,1,1,88,-81,81,0,0.534435749053955,1,1,1,1,0.267599821090698
20,1,1,89,81,81,1,0.485832929611206,-1,-1,1,1,0.284435749053955
20,1,1,90,81,81,1,0.45111346244812,1,1,-1,-1,0.235832929611206
20,1,1,91,-27,27,0,0.53670859336853,1,1,1,1,0.20111346244812
20,1,1,95,-27,27,0,0.536113977432251,-1,1,1,1,0.25049090385437
20,1,1,96,-81,81,0,0.519317150115967,-1,-1,1,-1,0.286113977432251
20,1,1,97,-3,3,0,1.03750252723694,-1,-1,-1,-1,0.269317150115967
20,1,1,98,81,81,1,0.436168193817139,-1,-1,-1,-1,0.787502527236938
20,1,1,99,3,3,0,0.717201948165894,1,1,-1,-1,0.186168193817139
20,1,2,2,3,3,0,0.601430177688599,1,-1,1,1,0.434682369232178
20,1,2,3,3,3,1,0.68457293510437,1,-1,-1,1,0.351430177688599
20,1,2,4,-81,81,0,0.519343852996826,1,1,-1,1,0.43457293510437
20,1,2,5,27,27,1,1.01928544044495,-1,-1,1,1,0.269343852996826
20,1,2,6,-9,9,0,0.734634876251221,1,1,-1,-1,0.769285440444946
20,1,2,7,27,27,0,0.550540924072266,-1,-1,1,1,0.484634876251221
20,1,2,8,-9,9,1,0.684308767318726,1,-1,-1,-1,0.300540924072266
20,1,2,9,-81,81,0,0.501153469085693,-1,1,-1,1,0.434308767318726
20,1,2,10,-3,3,1,0.617223501205444,-1,-1,1,-1,0.251153469085693
20,1,2,11,81,81,1,0.718934774398804,-1,1,-1,-1,0.367223501205444
20,1,2,12,81,81,1,0.55115795135498,1,1,1,-1,0.468934774398804
20,1,2,13,3,3,1,0.618107080459595,1,1,1,1,0.30115795135498
20,1,2,14,-27,27,0,0.519834756851196,1,1,1,1,0.368107080459595
20,1,2,15,-3,3,1,0.734288215637207,-1,-1,1,1,0.269834756851196
20,1,2,16,-0,0,1,0.702476501464844,-1,1,-1,-1,0.484288215637207
20,1,2,17,-81,81,0,0.385089159011841,-1,1,1,-1,0.452476501464844
20,1,2,18,9,9,1,0.619286060333252,-1,-1,1,-1,0.135089159011841
20,1,2,19,-81,81,0,0.585561275482178,1,1,-1,-1,0.369286060333252
20,1,2,20,-0,0,0,0.901233434677124,-1,-1,1,1,0.335561275482178
20,1,2,21,3,3,0,0.667993068695068,-1,-1,-1,-1,0.651233434677124
20,1,2,22,27,27,1,0.650942802429199,1,-1,-1,-1,0.417993068695068
20,1,2,23,-9,9,0,0.685703277587891,1,1,-1,1,0.400942802429199
20,1,2,24,-3,3,1,0.66933012008667,-1,-1,1,1,0.435703277587891
20,1,2,25,3,3,0,0.834414005279541,-1,1,-1,-1,0.41933012008667
20,1,2,26,27,27,1,0.734432458877563,1,-1,1,-1,0.584414005279541
20,1,2,27,27,27,1,0.718932628631592,1,1,-1,1,0.484432458877563
20,1,2,28,-3,3,1,0.700987339019775,1,1,1,1,0.468932628631592
20,1,2,29,-9,9,0,0.950512886047363,-1,1,1,1,0.450987339019775
20,1,2,30,-81,81,0,0.600525379180908,-1,-1,1,-1,0.700512886047363
20,1,2,31,3,3,1,0.634287118911743,-1,-1,-1,-1,0.350525379180908
20,1,2,32,81,81,1,0.785014152526855,1,1,-1,-1,0.384287118911743
20,1,2,33,3,3,0,0.718567609786987,1,1,1,1,0.535014152526855
20,1,2,34,-3,3,0,0.667852401733398,1,-1,1,1,0.468567609786987
20,1,2,35,-81,81,0,0.66781210899353,-1,-1,-1,1,0.417852401733398
20,1,2,36,-27,27,0,0.617644786834717,-1,-1,-1,-1,0.41781210899353
20,1,2,37,-0,0,0,0.834570407867432,-1,-1,-1,-1,0.367644786834717
20,1,2,38,-9,9,0,0.702761888504028,-1,-1,-1,-1,0.584570407867432
20,1,2,39,-81,81,0,0.535383939743042,-1,-1,-1,-1,0.452761888504028
20,1,2,40,-3,3,1,0.718450546264648,-1,-1,-1,-1,0.285383939743042
20,1,2,41,-27,27,0,0.601790189743042,-1,1,-1,-1,0.468450546264648
20,1,2,42,-3,3,0,0.617202997207642,-1,-1,1,-1,0.351790189743042
20,1,2,43,-9,9,0,0.551923751831055,-1,-1,-1,-1,0.367202997207642
20,1,2,44,-3,3,0,0.68385648727417,-1,-1,-1,-1,0.301923751831055
20,1,2,45,-27,27,0,0.567838668823242,-1,-1,-1,-1,0.43385648727417
20,1,2,46,-27,27,0,0.567179203033447,-1,-1,-1,-1,0.317838668823242
20,1,2,47,-81,81,0,0.534482479095459,-1,-1,-1,-1,0.317179203033447
20,1,2,48,-0,0,1,0.586179733276367,-1,-1,-1,-1,0.284482479095459
20,1,2,49,-81,81,0,0.534348487854004,-1,1,-1,-1,0.336179733276367
20,1,2,50,-27,27,0,0.618649244308472,-1,-1,1,-1,0.284348487854004
20,1,2,51,-27,27,0,0.501098871231079,-1,-1,-1,-1,0.368649244308472
20,1,2,52,9,9,0,0.618985891342163,-1,-1,-1,-1,0.251098871231079
20,1,2,53,3,3,1,0.835808753967285,1,-1,-1,-1,0.368985891342163
20,1,2,54,3,3,1,0.967151165008545,1,1,-1,1,0.585808753967285
20,1,2,55,3,3,1,0.7688307762146,1,1,1,1,0.717151165008545
20,1,2,56,81,81,1,0.550472021102905,1,1,1,1,0.5188307762146
20,1,2,57,9,9,1,0.76719069480896,1,1,1,1,0.300472021102905
20,1,2,58,-27,27,0,0.833845853805542,1,1,1,1,0.51719069480896
20,1,2,59,9,9,1,1.20093297958374,-1,-1,1,1,0.583845853805542
20,1,2,60,27,27,1,0.7344970703125,1,1,-1,-1,0.95093297958374
20,1,2,61,27,27,1,0.551138162612915,1,1,1,1,0.4844970703125
20,1,2,62,-27,27,0,0.6844482421875,1,1,1,1,0.301138162612915
20,1,2,63,-9,9,1,0.618859529495239,-1,-1,1,1,0.4344482421875
20,1,2,64,-9,9,0,0.700464487075806,-1,1,-1,-1,0.368859529495239
20,1,2,65,-9,9,0,0.700945138931274,-1,-1,1,-1,0.450464487075806
20,1,2,66,-81,81,0,0.634933710098267,-1,-1,-1,-1,0.450945138931274
20,1,2,67,-81,81,0,0.550499200820923,-1,-1,-1,-1,0.384933710098267
20,1,2,68,3,3,1,0.567168235778809,-1,-1,-1,-1,0.300499200820923
20,1,2,69,9,9,0,0.634477138519287,1,1,-1,-1,0.317168235778809
20,1,2,70,0,0,1,0.752703905105591,1,-1,1,1,0.384477138519287
20,1,2,71,9,9,0,0.918450832366943,1,1,-1,1,0.502703905105591
20,1,2,72,27,27,0,0.767644166946411,1,-1,1,1,0.668450832366943
20,1,2,73,27,27,1,0.652557611465454,1,-1,-1,1,0.517644166946411
20,1,2,74,27,27,1,0.550511598587036,1,1,-1,1,0.402557611465454
20,1,2,75,-9,9,0,0.784448146820068,1,1,1,1,0.300511598587036
20,1,2,76,-81,81,0,0.517948627471924,-1,-1,1,1,0.534448146820068
20,1,2,77,-81,81,0,0.436365127563477,-1,-1,-1,-1,0.267948627471924
20,1,2,78,81,81,1,0.600464820861816,-1,-1,-1,-1,0.186365127563477
20,1,2,79,9,9,1,0.733848333358765,1,1,-1,-1,0.350464820861816
20,1,2,80,3,3,0,0.717203855514526,1,1,1,1,0.483848333358765
20,1,2,81,81,81,1,0.569236516952515,1,-1,1,1,0.467203855514526
20,1,2,82,0,0,1,0.650542259216309,1,1,-1,1,0.319236516952515
20,1,2,83,0,0,1,0.567766189575195,1,1,1,1,0.400542259216309
20,1,2,84,9,9,0,0.886076211929321,1,1,1,1,0.317766189575195
20,1,2,85,81,81,1,0.767188310623169,1,-1,1,1,0.636076211929321
20,1,2,86,81,81,1,0.617899417877197,1,1,-1,1,0.517188310623169
20,1,2,87,-0,0,0,0.61777138710022,1,1,1,1,0.367899417877197
20,1,2,88,-81,81,0,1.03546714782715,-1,-1,1,1,0.36777138710022
20,1,2,89,-9,9,0,1.01925683021545,-1,-1,-1,-1,0.785467147827148
20,1,2,90,-3,3,0,0.667824745178223,-1,-1,-1,-1,0.769256830215454
20,1,2,91,27,27,0,0.61773157119751,-1,-1,-1,-1,0.417824745178223
20,1,2,92,0,0,1,0.685914993286133,1,-1,-1,-1,0.36773157119751
20,1,2,93,9,9,1,0.652535915374756,1,1,-1,1,0.435914993286133
20,1,2,94,27,27,0,0.584475755691528,1,1,1,1,0.402535915374756
20,1,2,95,27,27,0,0.75175929069519,1,-1,1,1,0.334475755691528
20,1,2,96,-0,0,0,0.951354026794434,1,-1,-1,1,0.50175929069519
20,1,2,97,-3,3,1,0.668814897537231,-1,-1,-1,1,0.701354026794434
20,1,2,98,-0,0,1,0.835525035858154,-1,1,-1,-1,0.418814897537231
20,1,2,99,9,9,1,0.718753099441528,-1,1,1,-1,0.585525035858154
20,1,3,4,27,27,0,0.886010646820068,-1,-1,1,1,0.301123142242432
20,1,3,5,-27,27,0,0.818866729736328,1,-1,-1,-1,0.636010646820068
20,1,3,6,3,3,0,0.670783996582031,-1,-1,-1,1,0.568866729736328
20,1,3,7,27,27,1,0.752660274505615,1,-1,-1,-1,0.420783996582031
20,1,3,8,-3,3,0,0.719494104385376,1,1,-1,1,0.502660274505615
20,1,3,9,3,3,1,0.802225351333618,-1,-1,1,1,0.469494104385376
20,1,3,10,9,9,0,0.585837364196777,1,1,-1,-1,0.552225351333618
20,1,3,11,-3,3,0,1.00048017501831,1,-1,1,1,0.335837364196777
20,1,3,12,81,81,1,0.685942888259888,-1,-1,-1,1,0.750480175018311
20,1,3,13,-0,0,0,0.533848524093628,1,1,-1,-1,0.435942888259888
20,1,3,14,81,81,1,0.667165040969849,-1,-1,1,1,0.283848524093628
20,1,3,15,-81,81,0,0.503047227859497,1,1,-1,-1,0.417165040969849
20,1,3,16,3,3,1,0.969430923461914,-1,-1,1,1,0.253047227859497
20,1,3,17,-9,9,0,0.65113353729248,1,1,-1,-1,0.719430923461914
20,1,3,18,81,81,1,0.817198991775513,-1,-1,1,1,0.40113353729248
20,1,3,19,-3,3,0,0.835139751434326,1,1,-1,-1,0.567198991775513
20,1,3,20,81,81,1,0.852621793746948,-1,-1,1,1,0.585139751434326
20,1,3,21,-81,81,0,0.635634422302246,1,1,-1,-1,0.602621793746948
20,1,3,22,0,0,1,0.652700424194336,-1,-1,1,1,0.385634422302246
20,1,3,23,-81,81,0,0.785016059875488,1,1,-1,-1,0.402700424194336
20,1,3,24,-3,3,1,0.9344322681427,-1,-1,1,1,0.535016059875488
20,1,3,25,27,27,1,0.900470972061157,-1,1,-1,-1,0.6844322681427
20,1,3,26,3,3,0,0.785909652709961,1,1,1,-1,0.650470972061157
20,1,3,27,-3,3,1,0.884300947189331,1,-1,1,1,0.535909652709961
20,1,3,28,27,27,1,1.11861228942871,-1,1,-1,1,0.634300947189331
20,1,3,29,-3,3,1,0.652281999588013,1,1,1,-1,0.868612289428711
20,1,3,30,9,9,0,0.850486040115356,-1,1,1,1,0.402281999588013
20,1,3,31,-9,9,1,0.918649196624756,1,-1,1,-1,0.600486040115356
20,1,3,32,27,27,0,0.984466791152954,-1,1,-1,1,0.668649196624756
20,1,3,33,-3,3,0,0.817691087722778,1,-1,1,-1,0.734466791152954
20,1,3,34,27,27,1,0.751104831695557,-1,-1,-1,1,0.567691087722778
20,1,3,35,-9,9,1,0.702187538146973,1,1,-1,-1,0.501104831695557
20,1,3,36,-9,9,1,0.867627143859863,-1,1,1,1,0.452187538146973
20,1,3,37,9,9,0,0.902545690536499,-1,1,1,-1,0.617627143859863
20,1,3,38,-27,27,1,0.618717670440674,1,-1,1,-1,0.652545690536499
20,1,3,39,9,9,1,1.08426737785339,-1,1,-1,1,0.368717670440674
20,1,3,40,81,81,1,0.70046329498291,1,1,1,-1,0.834267377853394
20,1,3,41,-81,81,0,0.685642957687378,1,1,1,1,0.45046329498291
20,1,3,42,81,81,1,0.650470495223999,-1,-1,1,1,0.435642957687378
20,1,3,43,-3,3,0,0.81782341003418,1,1,-1,-1,0.400470495223999
20,1,3,44,0,0,1,0.700475215911865,-1,-1,1,1,0.56782341003418
20,1,3,45,-3,3,0,0.834491729736328,1,1,-1,-1,0.450475215911865
20,1,3,46,81,81,1,0.750976324081421,-1,-1,1,1,0.584491729736328
20,1,3,47,-27,27,0,0.751932382583618,1,1,-1,-1,0.500976324081421
20,1,3,48,81,81,1,0.600927591323853,-1,-1,1,1,0.501932382583618
20,1,3,49,27,27,1,0.618692398071289,1,1,-1,-1,0.350927591323853
20,1,3,50,-9,9,1,1.03381395339966,1,1,1,1,0.368692398071289
20,1,3,51,81,81,1,0.58568263053894,-1,1,1,1,0.783813953399658
20,1,3,52,27,27,0,0.535364389419556,1,1,1,-1,0.33568263053894
20,1,3,53,-81,81,0,0.601555585861206,1,-1,1,1,0.285364389419556
20,1,3,54,0,0,0,0.535919189453125,-1,-1,-1,1,0.351555585861206
20,1,3,55,-9,9,0,0.567735195159912,1,-1,-1,-1,0.285919189453125
20,1,3,56,9,9,1,0.567744255065918,-1,-1,-1,1,0.317735195159912
20,1,3,57,-3,3,0,0.750483751296997,1,1,-1,-1,0.317744255065918
20,1,3,58,27,27,1,0.751146078109741,-1,-1,1,1,0.500483751296997
20,1,3,59,-81,81,0,0.569334506988525,1,1,-1,-1,0.501146078109741
20,1,3,60,3,3,1,0.81766152381897,-1,-1,1,1,0.319334506988525
20,1,3,61,-3,3,0,0.435692310333252,1,1,-1,-1,0.56766152381897
20,1,3,62,81,81,1,0.686298847198486,-1,-1,1,1,0.185692310333252
20,1,3,63,-27,27,0,0.55284571647644,1,1,-1,-1,0.436298847198486
20,1,3,64,81,81,1,0.635451793670654,-1,-1,1,1,0.30284571647644
20,1,3,65,3,3,0,0.719300031661987,1,1,-1,-1,0.385451793670654
20,1,3,66,-27,27,0,0.802037239074707,1,-1,1,1,0.469300031661987
20,1,3,67,81,81,1,0.600520372390747,-1,-1,-1,1,0.552037239074707
20,1,3,68,-9,9,1,0.81877613067627,1,1,-1,-1,0.350520372390747
20,1,3,69,3,3,1,0.750900506973267,-1,1,1,1,0.56877613067627
20,1,3,70,-9,9,0,0.719435214996338,1,1,1,-1,0.500900506973267
20,1,3,71,3,3,1,0.601156234741211,-1,-1,1,1,0.469435214996338
20,1,3,72,-0,0,1,0.634380102157593,1,1,-1,-1,0.351156234741211
20,1,3,73,-81,81,0,0.718148946762085,-1,1,1,1,0.384380102157593
20,1,3,74,27,27,0,0.852608442306519,-1,-1,1,-1,0.468148946762085
20,1,3,75,-9,9,0,1.18610906600952,1,-1,-1,-1,0.602608442306519
20,1,3,76,9,9,1,0.885934591293335,-1,-1,-1,1,0.936109066009521
20,1,3,77,-0,0,0,0.885957717895508,1,1,-1,-1,0.635934591293335
20,1,3,78,0,0,0,0.734529495239258,-1,-1,1,1,0.635957717895508
20,1,3,79,-9,9,1,0.702784538269043,1,-1,-1,-1,0.484529495239258
20,1,3,80,3,3,1,1.11724019050598,-1,1,-1,1,0.452784538269043
20,1,3,81,-27,27,0,0.751960277557373,1,1,1,-1,0.867240190505981
20,1,3,82,9,9,1,0.918771982192993,-1,-1,1,1,0.501960277557373
20,1,3,83,27,27,1,0.968526840209961,1,1,-1,-1,0.668771982192993
20,1,3,84,-81,81,0,0.551997661590576,1,1,1,1,0.718526840209961
20,1,3,85,0,0,1,0.736063480377197,-1,-1,1,1,0.301997661590576
20,1,3,86,-27,27,0,0.601553201675415,1,1,-1,-1,0.486063480377197
20,1,3,87,9,9,1,0.800926685333252,-1,-1,1,1,0.351553201675415
20,1,3,88,-81,81,0,0.602017164230347,1,1,-1,-1,0.550926685333252
20,1,3,89,9,9,1,1.25223803520203,-1,-1,1,1,0.352017164230347
20,1,3,90,-27,27,0,0.667811632156372,1,1,-1,-1,1.00223803520203
20,1,3,91,9,9,0,0.784440994262695,-1,-1,1,1,0.417811632156372
20,1,3,92,-27,27,0,0.618671894073486,1,-1,-1,-1,0.534440994262695
20,1,3,93,0,0,1,0.635819435119629,-1,-1,-1,1,0.368671894073486
20,1,3,94,-3,3,1,0.834514617919922,1,1,-1,-1,0.385819435119629
20,1,3,95,-9,9,0,1.15116286277771,-1,1,1,1,0.584514617919922
20,1,3,96,-3,3,0,0.618759870529175,-1,-1,1,-1,0.90116286277771
20,1,3,97,27,27,0,0.63606333732605,-1,-1,-1,-1,0.368759870529175
20,1,3,98,-0,0,0,0.869572877883911,1,-1,-1,-1,0.38606333732605
20,1,3,99,9,9,1,0.735465049743652,-1,-1,-1,1,0.619572877883911
20,1,4,2,-3,3,0,0.784462928771973,1,1,-1,-1,0.78469705581665
20,1,4,3,-3,3,1,0.8191237449646,-1,-1,1,1,0.534462928771973
20,1,4,4,9,9,1,0.917772531509399,-1,1,-1,-1,0.5691237449646
20,1,4,5,27,27,0,0.735388517379761,1,1,1,-1,0.667772531509399
20,1,4,6,-9,9,0,0.802020311355591,1,-1,1,1,0.485388517379761
20,1,4,7,3,3,1,0.83450722694397,-1,-1,-1,1,0.552020311355591
20,1,4,8,-3,3,1,0.651100397109985,1,1,-1,-1,0.58450722694397
20,1,4,9,3,3,0,0.702788352966309,-1,1,1,1,0.401100397109985
20,1,4,10,27,27,1,0.734510898590088,1,-1,1,-1,0.452788352966309
20,1,4,11,-27,27,0,0.568455457687378,1,1,-1,1,0.484510898590088
20,1,4,12,-27,27,0,0.501147985458374,-1,-1,1,1,0.318455457687378
20,1,4,13,3,3,1,0.551450252532959,-1,-1,-1,-1,0.251147985458374
20,1,4,14,-3,3,0,0.636090517044067,1,1,-1,-1,0.301450252532959
20,1,4,15,-3,3,1,0.651135921478271,-1,-1,1,1,0.386090517044067
20,1,4,16,-0,0,0,0.669204950332642,-1,1,-1,-1,0.401135921478271
20,1,4,17,-0,0,0,0.56861400604248,-1,-1,1,-1,0.419204950332642
20,1,4,18,-3,3,0,0.73436450958252,-1,-1,-1,-1,0.31861400604248
20,1,4,19,27,27,1,0.736055135726929,-1,-1,-1,-1,0.48436450958252
20,1,4,20,81,81,1,0.534726142883301,1,1,-1,-1,0.486055135726929
20,1,4,21,-9,9,0,0.619582653045654,1,1,1,1,0.284726142883301
20,1,4,22,-27,27,0,0.552704095840454,-1,-1,1,1,0.369582653045654
20,1,4,23,-3,3,0,0.935276508331299,-1,-1,-1,-1,0.302704095840454
20,1,4,24,-81,81,0,0.568785190582275,-1,-1,-1,-1,0.685276508331299
20,1,4,25,3,3,0,0.584285736083984,-1,-1,-1,-1,0.318785190582275
20,1,4,26,-81,81,0,0.518044233322144,1,-1,-1,-1,0.334285736083984
20,1,4,27,3,3,0,0.718131303787231,-1,-1,-1,1,0.268044233322144
20,1,4,28,81,81,1,0.767714977264404,1,-1,-1,-1,0.468131303787231
20,1,4,29,-3,3,0,0.769178152084351,1,1,-1,1,0.517714977264404
20,1,4,30,81,81,1,0.535003185272217,-1,-1,1,1,0.519178152084351
20,1,4,31,0,0,1,0.901905536651611,1,1,-1,-1,0.285003185272217
20,1,4,32,9,9,1,0.602813243865967,1,1,1,1,0.651905536651611
20,1,4,33,9,9,1,0.602516412734985,1,1,1,1,0.352813243865967
20,1,4,34,-9,9,0,0.551410436630249,1,1,1,1,0.352516412734985
20,1,4,35,-9,9,1,0.535499572753906,-1,-1,1,1,0.301410436630249
20,1,4,36,-9,9,0,0.733827590942383,-1,1,-1,-1,0.285499572753906
20,1,4,37,-9,9,1,0.735403776168823,-1,-1,1,-1,0.483827590942383
20,1,4,38,-3,3,1,0.984528064727783,-1,1,-1,-1,0.485403776168823
20,1,4,39,81,81,1,0.517146587371826,-1,1,1,-1,0.734528064727783
20,1,4,40,9,9,1,0.618543386459351,1,1,1,-1,0.267146587371826
20,1,4,41,-27,27,0,0.385119676589966,1,1,1,1,0.368543386459351
20,1,4,42,0,0,1,0.567641019821167,-1,-1,1,1,0.135119676589966
20,1,4,43,-81,81,0,0.718918085098267,1,1,-1,-1,0.317641019821167
20,1,4,44,-0,0,1,0.634275913238525,-1,-1,1,1,0.468918085098267
20,1,4,45,-27,27,0,0.68608546257019,-1,1,-1,-1,0.384275913238525
20,1,4,46,-81,81,0,0.535701990127563,-1,-1,1,-1,0.43608546257019
20,1,4,47,-0,0,1,0.602779150009155,-1,-1,-1,-1,0.285701990127563
20,1,4,48,-81,81,0,0.56825590133667,-1,1,-1,-1,0.352779150009155
20,1,4,49,27,27,1,0.501209497451782,-1,-1,1,-1,0.31825590133667
20,1,4,50,-0,0,1,0.634343862533569,1,1,-1,-1,0.251209497451782
20,1,4,51,3,3,1,0.617727518081665,-1,1,1,1,0.384343862533569
20,1,4,52,-0,0,1,0.517889499664307,1,1,1,-1,0.367727518081665
20,1,4,53,27,27,1,0.885267496109009,-1,1,1,1,0.267889499664307
20,1,4,54,-9,9,0,0.684550523757935,1,1,1,-1,0.635267496109009
20,1,4,55,-9,9,1,0.552607536315918,-1,-1,1,1,0.434550523757935
20,1,4,56,-27,27,0,0.769357442855835,-1,1,-1,-1,0.302607536315918
20,1,4,57,81,81,1,0.834768056869507,-1,-1,1,-1,0.519357442855835
20,1,4,58,9,9,1,0.617932319641113,1,1,-1,-1,0.584768056869507
20,1,4,59,0,0,1,0.617916584014893,1,1,1,1,0.367932319641113
20,1,4,60,3,3,1,0.586073160171509,1,1,1,1,0.367916584014893
20,1,4,61,3,3,0,0.535875558853149,1,1,1,1,0.336073160171509
20,1,4,62,-27,27,0,0.785287857055664,1,-1,1,1,0.285875558853149
20,1,4,63,-27,27,0,0.484506130218506,-1,-1,-1,1,0.535287857055664
20,1,4,64,27,27,0,0.550920963287354,-1,-1,-1,-1,0.234506130218506
20,1,4,65,81,81,1,0.485783815383911,1,-1,-1,-1,0.300920963287354
20,1,4,66,-81,81,0,0.517626762390137,1,1,-1,1,0.235783815383911
20,1,4,67,-9,9,0,0.501956462860107,-1,-1,1,1,0.267626762390137
20,1,4,68,-27,27,0,0.367801666259766,-1,-1,-1,-1,0.251956462860107
20,1,4,69,-3,3,1,0.58383584022522,-1,-1,-1,-1,0.117801666259766
20,1,4,70,81,81,1,0.485161304473877,-1,1,-1,-1,0.33383584022522
20,1,4,71,-81,81,0,0.651099443435669,1,1,1,-1,0.235161304473877
20,1,4,72,-3,3,1,0.702162027359009,-1,-1,1,1,0.401099443435669
20,1,4,73,-3,3,0,0.800535440444946,-1,1,-1,-1,0.452162027359009
20,1,4,74,27,27,1,0.81767463684082,-1,-1,1,-1,0.550535440444946
20,1,4,75,27,27,1,0.985867977142334,1,1,-1,-1,0.56767463684082
20,1,4,76,-9,9,1,0.851888418197632,1,1,1,1,0.735867977142334
20,1,4,77,-9,9,1,1.00113081932068,-1,1,1,1,0.601888418197632
20,1,4,78,-81,81,0,0.835900068283081,-1,1,1,-1,0.751130819320679
20,1,4,79,-9,9,0,0.585765600204468,-1,-1,1,-1,0.585900068283081
20,1,4,80,-27,27,0,0.65113639831543,-1,-1,-1,-1,0.335765600204468
20,1,4,81,-27,27,0,0.634619474411011,-1,-1,-1,-1,0.40113639831543
20,1,4,82,81,81,1,0.618529796600342,-1,-1,-1,-1,0.384619474411011
20,1,4,83,-9,9,1,0.884756326675415,1,1,-1,-1,0.368529796600342
20,1,4,84,-81,81,0,0.752748012542725,-1,1,1,1,0.634756326675415
20,1,4,85,-27,27,1,0.602876901626587,-1,-1,1,-1,0.502748012542725
20,1,4,86,-27,27,0,0.702389717102051,-1,1,-1,-1,0.352876901626587
20,1,4,87,-0,0,1,1.38442897796631,-1,-1,1,-1,0.452389717102051
20,1,4,88,0,0,1,0.686282157897949,-1,1,-1,-1,1.13442897796631
20,1,4,89,81,81,1,0.535642147064209,1,1,1,-1,0.436282157897949
20,1,4,93,-27,27,0,0.568054676055908,-1,-1,1,1,0.301161527633667
20,1,4,94,-9,9,0,0.786020994186401,-1,-1,-1,-1,0.318054676055908
20,1,4,95,9,9,1,0.683816194534302,-1,-1,-1,-1,0.536020994186401
20,1,4,96,81,81,1,0.585644721984863,1,1,-1,-1,0.433816194534302
20,1,4,97,9,9,1,0.550945997238159,1,1,1,1,0.335644721984863
20,1,4,98,-3,3,0,0.584303617477417,1,1,1,1,0.300945997238159
20,1,4,99,-81,81,0,0.80208945274353,-1,-1,1,1,0.334303617477417
20,1,5,2,3,3,1,0.684439182281494,-1,-1,1,1,0.36835241317749
20,1,5,3,-3,3,0,0.702010154724121,1,1,-1,-1,0.434439182281494
20,1,5,4,27,27,1,0.617777109146118,-1,-1,1,1,0.452010154724121
20,1,5,5,27,27,1,0.633867025375366,1,1,-1,-1,0.367777109146118
20,1,5,6,-9,9,1,0.667761087417603,1,1,1,1,0.383867025375366
20,1,5,7,81,81,1,0.551100492477417,-1,1,1,1,0.417761087417603
20,1,5,8,-0,0,0,0.701096296310425,1,1,1,-1,0.301100492477417
20,1,5,9,-3,3,1,0.584686279296875,-1,-1,1,1,0.451096296310425
20,1,5,10,-9,9,1,0.735742092132568,-1,1,-1,-1,0.334686279296875
20,1,5,11,27,27,1,0.702625751495361,-1,1,1,-1,0.485742092132568
20,1,5,12,-0,0,0,0.768582344055176,1,1,1,-1,0.452625751495361
20,1,5,13,0,0,1,0.750983715057373,-1,-1,1,1,0.518582344055176
20,1,5,14,-27,27,0,0.768670320510864,1,1,-1,-1,0.500983715057373
20,1,5,15,27,27,1,0.669353008270264,-1,-1,1,1,0.518670320510864
20,1,5,16,-3,3,0,0.751105785369873,1,1,-1,-1,0.419353008270264
20,1,5,17,3,3,0,0.65191125869751,-1,-1,1,1,0.501105785369873
20,1,5,18,-81,81,0,0.635809659957886,1,-1,-1,-1,0.40191125869751
20,1,5,19,3,3,1,0.80260157585144,-1,-1,-1,1,0.385809659957886
20,1,5,20,9,9,1,0.784433364868164,1,1,-1,-1,0.55260157585144
20,1,5,21,-3,3,1,0.536075353622437,1,1,1,1,0.534433364868164
20,1,5,22,9,9,1,0.634798526763916,-1,1,1,1,0.286075353622437
20,1,5,23,-81,81,0,0.617600917816162,1,1,1,-1,0.384798526763916
20,1,5,24,-9,9,0,0.76716423034668,-1,-1,1,1,0.367600917816162
20,1,5,25,27,27,1,0.550999164581299,-1,-1,-1,-1,0.51716423034668
20,1,5,26,-9,9,0,0.752557277679443,1,1,-1,-1,0.300999164581299
20,1,5,27,-27,27,0,0.500488519668579,-1,-1,1,1,0.502557277679443
20,1,5,28,3,3,0,0.719437599182129,-1,-1,-1,-1,0.250488519668579
20,1,5,29,-81,81,0,0.518251180648804,1,-1,-1,-1,0.469437599182129
20,1,5,30,81,81,1,0.450514793395996,-1,-1,-1,1,0.268251180648804
20,1,5,31,-9,9,1,1.03442406654358,1,1,-1,-1,0.200514793395996
20,1,5,32,81,81,1,0.601552486419678,-1,1,1,1,0.784424066543579
20,1,5,33,-81,81,0,0.535376787185669,1,1,1,-1,0.351552486419678
20,1,5,34,9,9,1,0.667146444320679,-1,-1,1,1,0.285376787185669
20,1,5,35,-0,0,1,0.917570829391479,1,1,-1,-1,0.417146444320679
20,1,5,36,-3,3,0,0.885717153549194,-1,1,1,1,0.667570829391479
20,1,5,37,-9,9,0,1.10281658172607,-1,-1,1,-1,0.635717153549194
20,1,5,38,27,27,1,0.534472703933716,-1,-1,-1,-1,0.852816581726074
20,1,5,39,-81,81,0,0.702069759368896,1,1,-1,-1,0.284472703933716
20,1,5,40,-27,27,0,0.602755308151245,-1,-1,1,1,0.452069759368896
20,1,5,41,-81,81,0,0.50055193901062,-1,-1,-1,-1,0.352755308151245
20,1,5,42,3,3,1,0.636011600494385,-1,-1,-1,-1,0.25055193901062
20,1,5,43,-3,3,0,0.919354200363159,1,1,-1,-1,0.386011600494385
20,1,5,44,3,3,1,0.752130508422852,-1,-1,1,1,0.669354200363159
20,1,5,45,-9,9,1,0.784814834594727,1,1,-1,-1,0.502130508422852
20,1,5,46,0,0,0,0.685879945755005,-1,1,1,1,0.534814834594727
20,1,5,47,-3,3,0,0.617864370346069,1,-1,1,-1,0.435879945755005
20,1,5,48,0,0,1,0.552291393280029,-1,-1,-1,1,0.367864370346069
20,1,5,49,-27,27,1,0.568852663040161,1,1,-1,-1,0.302291393280029
20,1,5,50,-81,81,0,0.501378774642944,-1,1,1,1,0.318852663040161
20,1,5,51,27,27,1,0.635700464248657,-1,-1,1,-1,0.251378774642944
20,1,5,52,-3,3,1,0.667160511016846,1,1,-1,-1,0.385700464248657
20,1,5,53,27,27,1,0.569279670715332,-1,1,1,1,0.417160511016846
20,1,5,54,3,3,1,0.468784809112549,1,1,1,-1,0.319279670715332
20,1,5,55,-9,9,1,0.567654609680176,1,1,1,1,0.218784809112549
20,1,5,56,81,81,1,0.583887577056885,-1,1,1,1,0.317654609680176
20,1,5,57,-27,27,0,0.585974931716919,1,1,1,-1,0.333887577056885
20,1,5,58,0,0,1,0.55046820640564,-1,-1,1,1,0.335974931716919
20,1,5,59,-9,9,1,0.667640924453735,1,1,-1,-1,0.30046820640564
20,1,5,60,9,9,1,0.818533658981323,-1,1,1,1,0.417640924453735
20,1,5,61,-81,81,0,0.434322118759155,1,1,1,-1,0.568533658981323
20,1,5,62,9,9,1,0.719687461853027,-1,-1,1,1,0.184322118759155
20,1,5,63,-9,9,0,0.600515365600586,1,1,-1,-1,0.469687461853027
20,1,5,64,27,27,1,0.535346746444702,-1,-1,1,1,0.350515365600586
20,1,5,65,-81,81,0,0.519160747528076,1,1,-1,-1,0.285346746444702
20,1,5,66,3,3,1,1.18515801429749,-1,-1,1,1,0.269160747528076
20,1,5,67,-27,27,0,0.71874737739563,1,1,-1,-1,0.935158014297485
20,1,5,68,3,3,1,0.601855039596558,-1,-1,1,1,0.46874737739563
20,1,5,69,-9,9,1,0.551090478897095,1,1,-1,-1,0.351855039596558
20,1,5,70,9,9,1,0.802775144577026,-1,1,1,1,0.301090478897095
20,1,5,71,-9,9,0,0.535530805587769,1,1,1,-1,0.552775144577026
20,1,5,72,-9,9,1,0.667669534683228,-1,-1,1,1,0.285530805587769
20,1,5,73,-27,27,1,1.05239820480347,-1,1,-1,-1,0.417669534683228
20,1,5,74,-9,9,1,0.784811973571777,-1,1,1,-1,0.802398204803467
20,1,5,75,27,27,1,0.634471416473389,-1,1,1,-1,0.534811973571777
20,1,5,76,-0,0,1,0.868692874908447,1,1,1,-1,0.384471416473389
20,1,5,77,9,9,1,0.717776536941528,-1,1,1,1,0.618692874908447
20,1,5,78,3,3,0,0.552746057510376,1,1,1,-1,0.467776536941528
20,1,5,79,-81,81,0,0.502515554428101,1,-1,1,1,0.302746057510376
20,1,5,80,3,3,0,1.18604683876038,-1,-1,-1,1,0.252515554428101
20,1,5,81,27,27,1,0.783803462982178,1,-1,-1,-1,0.936046838760376
20,1,5,82,81,81,1,0.467176675796509,1,1,-1,1,0.533803462982178
20,1,5,83,-81,81,0,0.300537824630737,1,1,1,1,0.217176675796509
20,1,5,84,0,0,1,0.584472179412842,-1,-1,1,1,0.0505378246307373
20,1,5,85,3,3,0,0.734463214874268,1,1,-1,-1,0.334472179412842
20,1,5,86,-27,27,1,0.751648902893066,1,-1,1,1,0.484463214874268
20,1,5,87,-27,27,0,0.669066429138184,-1,1,-1,1,0.501648902893066
20,1,5,91,3,3,1,0.652618169784546,-1,-1,1,1,0.435921192169189
20,1,5,92,-27,27,0,0.817824602127075,1,1,-1,-1,0.402618169784546
20,1,5,93,3,3,1,0.517143726348877,-1,-1,1,1,0.567824602127075
20,1,5,94,-81,81,0,0.569105386734009,1,1,-1,-1,0.267143726348877
20,1,5,95,0,0,1,0.417623281478882,-1,-1,1,1,0.319105386734009
20,1,5,96,81,81,1,0.817184686660767,1,1,-1,-1,0.167623281478882
20,1,5,97,0,0,1,0.568663120269775,1,1,1,1,0.567184686660767
20,1,5,98,-9,9,1,0.601373910903931,1,1,1,1,0.318663120269775
20,1,5,99,27,27,1,0.534431934356689,-1,1,1,1,0.351373910903931
20,1,6,2,9,9,0,0.634431123733521,1,-1,1,1,1.06796216964722
20,1,6,3,9,9,1,0.73496413230896,1,-1,-1,1,0.384431123733521
20,1,6,4,-9,9,1,0.567162275314331,1,1,-1,1,0.48496413230896
20,1,6,5,-81,81,0,0.73606276512146,-1,1,1,1,0.317162275314331
20,1,6,6,-9,9,0,0.568300247192383,-1,-1,1,-1,0.48606276512146
20,1,6,7,81,81,1,0.483870506286621,-1,-1,-1,-1,0.318300247192383
20,1,6,8,81,81,1,0.500923156738281,1,1,-1,-1,0.233870506286621
20,1,6,9,27,27,0,0.63544487953186,1,1,1,1,0.250923156738281
20,1,6,10,81,81,1,0.535681247711182,1,-1,1,1,0.38544487953186
20,1,6,11,81,81,1,0.534398794174194,1,1,-1,1,0.285681247711182
20,1,6,12,-0,0,1,0.751904726028442,1,1,1,1,0.284398794174194
20,1,6,13,-27,27,0,0.385848760604858,-1,1,1,1,0.501904726028442
20,1,6,14,-9,9,0,0.651466608047485,-1,-1,1,-1,0.135848760604858
20,1,6,15,-27,27,0,0.836058378219604,-1,-1,-1,-1,0.401466608047485
20,1,6,16,-81,81,0,1.13446617126465,-1,-1,-1,-1,0.586058378219604
20,1,6,17,-9,9,1,0.585820436477661,-1,-1,-1,-1,0.884466171264648
20,1,6,18,-3,3,0,0.769005537033081,-1,1,-1,-1,0.335820436477661
20,1,6,19,-81,81,0,0.435029745101929,-1,-1,1,-1,0.519005537033081
20,1,6,20,-9,9,1,0.468508958816528,-1,-1,-1,-1,0.185029745101929
20,1,6,21,-0,0,1,0.58608341217041,-1,1,-1,-1,0.218508958816528
20,1,6,22,-3,3,0,0.51764178276062,-1,1,1,-1,0.33608341217041
20,1,6,23,-0,0,1,0.534467458724976,-1,-1,1,-1,0.26764178276062
20,1,6,24,-3,3,0,0.702337026596069,-1,1,-1,-1,0.284467458724976
20,1,6,25,-81,81,0,0.650485992431641,-1,-1,1,-1,0.452337026596069
20,1,6,26,3,3,0,0.50106406211853,-1,-1,-1,-1,0.400485992431641
20,1,6,27,0,0,1,0.800483703613281,1,-1,-1,-1,0.25106406211853
20,1,6,28,-0,0,0,0.550976753234863,1,1,-1,1,0.550483703613281
20,1,6,29,-27,27,0,0.717140913009644,-1,-1,1,1,0.300976753234863
20,1,6,30,-3,3,1,0.484441518783569,-1,-1,-1,-1,0.467140913009644
20,1,6,31,-27,27,0,0.636105298995972,-1,1,-1,-1,0.234441518783569
20,1,6,32,-3,3,0,0.619279861450195,-1,-1,1,-1,0.386105298995972
20,1,6,33,9,9,1,0.61777138710022,-1,-1,-1,-1,0.369279861450195
20,1,6,34,81,81,1,0.617802143096924,1,1,-1,-1,0.36777138710022
20,1,6,35,0,0,0,0.952206373214722,1,1,1,1,0.367802143096924
20,1,6,36,81,81,1,0.602665185928345,1,-1,1,1,0.702206373214722
20,1,6,37,-9,9,0,0.601880311965942,1,1,-1,1,0.352665185928345
20,1,6,38,-3,3,0,0.735452651977539,-1,-1,1,1,0.351880311965942
20,1,6,39,-27,27,0,0.551087141036987,-1,-1,-1,-1,0.485452651977539
20,1,6,40,-0,0,1,0.619266748428345,-1,-1,-1,-1,0.301087141036987
20,1,6,41,3,3,0,0.719682931900024,-1,1,-1,-1,0.369266748428345
20,1,6,42,9,9,0,1.08609819412231,1,-1,1,-1,0.469682931900024
20,1,6,43,3,3,1,0.667171239852905,1,-1,-1,1,0.836098194122314
20,1,6,44,27,27,1,0.750950813293457,1,1,-1,1,0.417171239852905
20,1,6,45,27,27,1,0.486136436462402,1,1,1,1,0.500950813293457
20,1,6,46,3,3,1,0.533804178237915,1,1,1,1,0.236136436462402
20,1,6,47,81,81,1,0.286055564880371,1,1,1,1,0.283804178237915
20,1,6,48,27,27,1,0.519292831420898,1,1,1,1,0.0360555648803711
20,1,6,49,-27,27,0,0.319394111633301,1,1,1,1,0.269292831420898
20,1,6,50,9,9,0,0.552597284317017,-1,-1,1,1,0.0693941116333008
20,1,6,51,27,27,1,0.652052402496338,1,-1,-1,-1,0.302597284317017
20,1,6,52,81,81,1,0.350983619689941,1,1,-1,1,0.402052402496338
20,1,6,53,9,9,0,0.717155456542969,1,1,1,1,0.100983619689941
20,1,6,54,3,3,0,0.583912134170532,1,-1,1,1,0.467155456542969
20,1,6,55,-9,9,1,0.850461959838867,1,-1,-1,1,0.333912134170532
20,1,6,56,27,27,1,0.534509897232056,-1,1,-1,1,0.600461959838867
20,1,6,57,3,3,1,0.686012268066406,1,1,1,-1,0.284509897232056
20,1,6,58,-9,9,0,0.517171621322632,1,1,1,1,0.436012268066406
20,1,6,59,-3,3,0,0.535873413085938,-1,-1,1,1,0.267171621322632
20,1,6,60,-9,9,0,0.619146108627319,-1,-1,-1,-1,0.285873413085938
20,1,6,61,-27,27,0,0.584648609161377,-1,-1,-1,-1,0.369146108627319
20,1,6,62,-27,27,1,0.902358531951904,-1,-1,-1,-1,0.334648609161377
20,1,6,63,9,9,1,0.634556531906128,-1,1,-1,-1,0.652358531951904
20,1,6,64,0,0,0,0.652281761169434,1,1,1,-1,0.384556531906128
20,1,6,65,3,3,0,0.635813474655151,1,-1,1,1,0.402281761169434
20,1,6,66,-3,3,1,0.734452962875366,1,-1,-1,1,0.385813474655151
20,1,6,67,-9,9,0,0.934425354003906,-1,1,-1,1,0.484452962875366
20,1,6,68,-27,27,0,0.602312564849854,-1,-1,1,-1,0.684425354003906
20,1,6,69,-3,3,1,0.751137256622314,-1,-1,-1,-1,0.352312564849854
20,1,6,70,-27,27,0,1.05144619941711,-1,1,-1,-1,0.501137256622314
20,1,6,71,3,3,0,0.635590791702271,-1,-1,1,-1,0.801446199417114
20,1,6,72,81,81,1,1.15111255645752,1,-1,-1,-1,0.385590791702271
20,1,6,73,0,0,1,1.08587002754211,1,1,-1,1,0.90111255645752
20,1,6,74,9,9,0,0.852145195007324,1,1,1,1,0.835870027542114
20,1,6,75,27,27,0,0.618737459182739,1,-1,1,1,0.602145195007324
20,1,6,76,0,0,0,0.734495162963867,1,-1,-1,1,0.368737459182739
20,1,6,77,0,0,1,0.718907117843628,1,-1,-1,1,0.484495162963867
20,1,6,78,9,9,1,0.651156902313232,1,1,-1,1,0.468907117843628
20,1,6,79,3,3,0,0.668653249740601,1,1,1,1,0.401156902313232
20,1,6,80,81,81,1,0.551693916320801,1,-1,1,1,0.418653249740601
20,1,6,81,-27,27,0,0.586050748825073,1,1,-1,1,0.301693916320801
20,1,6,82,3,3,1,0.651020526885986,-1,-1,1,1,0.336050748825073
20,1,6,83,27,27,1,0.635999441146851,1,1,-1,-1,0.401020526885986
20,1,6,84,-9,9,1,0.868731021881104,1,1,1,1,0.385999441146851
20,1,6,85,-81,81,0,0.551038265228271,-1,1,1,1,0.618731021881104
20,1,6,86,-27,27,0,0.668132543563843,-1,-1,1,-1,0.301038265228271
20,1,6,87,-3,3,0,0.56777548789978,-1,-1,-1,-1,0.418132543563843
20,1,6,88,-81,81,0,0.585262775421143,-1,-1,-1,-1,0.31777548789978
20,1,6,89,-27,27,0,0.551345586776733,-1,-1,-1,-1,0.335262775421143
20,1,6,90,-81,81,0,0.55151104927063,-1,-1,-1,-1,0.301345586776733
20,1,6,91,-81,81,0,0.468628406524658,-1,-1,-1,-1,0.30151104927063
20,1,6,92,-9,9,1,0.91913914680481,-1,-1,-1,-1,0.218628406524658
20,1,6,93,-81,81,0,0.502132654190063,-1,1,-1,-1,0.66913914680481
20,1,6,94,3,3,0,0.60111927986145,-1,-1,1,-1,0.252132654190063
20,1,6,95,81,81,1,0.519378662109375,1,-1,-1,-1,0.35111927986145
20,1,6,96,81,81,1,0.434490442276001,1,1,-1,1,0.269378662109375
20,1,6,97,27,27,1,0.652196884155273,1,1,1,1,0.184490442276001
20,1,6,98,9,9,1,0.533840894699097,1,1,1,1,0.402196884155273
20,1,6,99,81,81,1,0.518223524093628,1,1,1,1,0.283840894699097
20,2,1,2,27,27,1,0.967797040939331,1,1,1,1,0.901659727096558
20,2,1,3,27,27,0,0.802735328674316,1,1,1,1,0.717797040939331
20,2,1,4,0,0,0,0.935906410217285,1,-1,1,1,0.552735328674316
20,2,1,5,-9,9,0,0.835253000259399,1,-1,-1,1,0.685906410217285
20,2,1,6,3,3,1,0.834452867507935,-1,-1,-1,1,0.585253000259399
20,2,1,7,9,9,1,1.01979637145996,1,1,-1,-1,0.584452867507935
20,2,1,8,3,3,0,0.650949716567993,1,1,1,1,0.769796371459961
20,2,1,9,27,27,0,0.934348821640015,1,-1,1,1,0.400949716567993
20,2,1,10,0,0,1,0.918519973754883,1,-1,-1,1,0.684348821640015
20,2,1,11,-3,3,0,0.801122903823853,1,1,-1,1,0.668519973754883
20,2,1,12,-27,27,0,0.636485576629639,-1,-1,1,1,0.551122903823853
20,2,1,13,-3,3,0,0.834792375564575,-1,-1,-1,-1,0.386485576629639
20,2,1,14,81,81,1,0.919298648834229,-1,-1,-1,-1,0.584792375564575
20,2,1,15,27,27,1,0.817954063415527,1,1,-1,-1,0.669298648834229
20,2,1,16,81,81,1,0.785402297973633,1,1,1,1,0.567954063415527
20,2,1,17,27,27,1,0.75047492980957,1,1,1,1,0.535402297973633
20,2,1,18,-9,9,1,1.11782431602478,1,1,1,1,0.50047492980957
20,2,1,19,27,27,0,1.03625321388245,-1,1,1,1,0.86782431602478
20,2,1,20,9,9,1,0.834484815597534,1,-1,1,-1,0.786253213882446
20,2,1,21,-81,81,0,0.668425559997559,1,1,-1,1,0.584484815597534
20,2,1,22,-3,3,1,0.733816385269165,-1,-1,1,1,0.418425559997559
20,2,1,23,3,3,0,0.835436820983887,-1,1,-1,-1,0.483816385269165
20,2,1,24,9,9,1,1.0527777671814,1,-1,1,-1,0.585436820983887
20,2,1,25,-27,27,0,1.08442807197571,1,1,-1,1,0.802777767181396
20,2,1,26,-9,9,1,0.652158975601196,-1,-1,1,1,0.834428071975708
20,2,1,27,27,27,1,0.651590585708618,-1,1,-1,-1,0.402158975601196
20,2,1,28,27,27,1,0.552823066711426,1,1,1,-1,0.401590585708618
20,2,1,29,3,3,1,0.735534191131592,1,1,1,1,0.302823066711426
20,2,1,30,-81,81,0,0.769212484359741,1,1,1,1,0.485534191131592
20,2,1,31,-9,9,1,0.650516510009766,-1,-1,1,1,0.519212484359741
20,2,1,32,-27,27,0,0.651323795318604,-1,1,-1,-1,0.400516510009766
20,2,1,33,-9,9,1,0.868974924087524,-1,-1,1,-1,0.401323795318604
20,2,1,34,3,3,1,0.819467306137085,-1,1,-1,-1,0.618974924087524
20,2,1,35,3,3,0,0.717198133468628,1,1,1,-1,0.569467306137085
20,2,1,36,81,81,1,0.73554253578186,1,-1,1,1,0.467198133468628
20,2,1,37,0,0,1,0.817691087722778,1,1,-1,1,0.48554253578186
20,2,1,38,-81,81,0,0.602060556411743,1,1,1,1,0.567691087722778
20,2,1,39,-3,3,0,0.984466552734375,-1,-1,1,1,0.352060556411743
20,2,1,40,-27,27,1,0.969152927398682,-1,-1,-1,-1,0.734466552734375
20,2,1,41,-3,3,0,0.700497150421143,-1,1,-1,-1,0.719152927398682
20,2,1,42,-0,0,0,0.71876335144043,-1,-1,1,-1,0.450497150421143
20,2,1,43,-0,0,1,0.58428955078125,-1,-1,-1,-1,0.46876335144043
20,2,1,44,81,81,1,0.785290479660034,-1,1,-1,-1,0.33428955078125
20,2,1,45,81,81,1,0.717841148376465,1,1,1,-1,0.535290479660034
20,2,1,46,81,81,1,0.601057529449463,1,1,1,1,0.467841148376465
20,2,1,47,9,9,1,0.669396162033081,1,1,1,1,0.351057529449463
20,2,1,48,3,3,1,0.602300643920898,1,1,1,1,0.419396162033081
20,2,1,49,-81,81,0,0.467998504638672,1,1,1,1,0.352300643920898
20,2,1,50,-81,81,0,0.518685340881348,-1,-1,1,1,0.217998504638672
20,2,1,51,-3,3,0,0.767982244491577,-1,-1,-1,-1,0.268685340881348
20,2,1,52,-0,0,0,0.569140195846558,-1,-1,-1,-1,0.517982244491577
20,2,1,53,-3,3,1,0.584456920623779,-1,-1,-1,-1,0.319140195846558
20,2,1,54,-81,81,0,0.602104663848877,-1,1,-1,-1,0.334456920623779
20,2,1,55,-27,27,0,0.551132440567017,-1,-1,1,-1,0.352104663848877
20,2,1,56,-0,0,0,0.617791652679443,-1,-1,-1,-1,0.301132440567017
20,2,1,57,-81,81,0,0.634456872940063,-1,-1,-1,-1,0.367791652679443
20,2,1,58,-9,9,0,0.600637674331665,-1,-1,-1,-1,0.384456872940063
20,2,1,59,-27,27,0,0.585960626602173,-1,-1,-1,-1,0.350637674331665
20,2,1,60,-81,81,0,0.435333728790283,-1,-1,-1,-1,0.335960626602173
20,2,1,61,-27,27,0,0.718718767166138,-1,-1,-1,-1,0.185333728790283
20,2,1,62,81,81,1,0.819152116775513,-1,-1,-1,-1,0.468718767166138
20,2,1,63,9,9,1,0.902637720108032,1,1,-1,-1,0.569152116775513
20,2,1,64,27,27,1,0.583855867385864,1,1,1,1,0.652637720108032
20,2,1,65,0,0,0,0.56714940071106,1,1,1,1,0.333855867385864
20,2,1,66,27,27,1,0.60133695602417,1,-1,1,1,0.31714940071106
20,2,1,67,3,3,0,0.534698963165283,1,1,-1,1,0.35133695602417
20,2,1,68,27,27,1,0.500507354736328,1,-1,1,1,0.284698963165283
20,2,1,69,27,27,1,0.501105070114136,1,1,-1,1,0.250507354736328
20,2,1,70,-9,9,0,0.60262393951416,1,1,1,1,0.251105070114136
20,2,1,71,-3,3,1,0.56780743598938,-1,-1,1,1,0.35262393951416
20,2,1,72,-0,0,0,0.834425449371338,-1,1,-1,-1,0.31780743598938
20,2,1,73,9,9,0,0.585819721221924,-1,-1,1,-1,0.584425449371338
20,2,1,74,-9,9,0,0.818723440170288,1,-1,-1,-1,0.335819721221924
20,2,1,75,-9,9,0,0.584479331970215,-1,-1,-1,1,0.568723440170288
20,2,1,76,-0,0,1,0.617692708969116,-1,-1,-1,-1,0.334479331970215
20,2,1,77,-3,3,0,0.75218391418457,-1,1,-1,-1,0.367692708969116
20,2,1,78,9,9,1,0.684276342391968,-1,-1,1,-1,0.50218391418457
20,2,1,79,-9,9,1,0.601922750473022,1,1,-1,-1,0.434276342391968
20,2,1,80,9,9,0,0.717868566513062,-1,1,1,1,0.351922750473022
20,2,1,81,81,81,1,0.667179107666016,1,-1,1,-1,0.467868566513062
20,2,1,82,-27,27,0,0.700944900512695,1,1,-1,1,0.417179107666016
20,2,1,83,-3,3,1,0.668907880783081,-1,-1,1,1,0.450944900512695
20,2,1,84,-81,81,0,0.584499359130859,-1,1,-1,-1,0.418907880783081
20,2,1,85,-81,81,0,0.534619569778442,-1,-1,1,-1,0.334499359130859
20,2,1,86,-27,27,0,0.584943056106567,-1,-1,-1,-1,0.284619569778442
20,2,1,87,-81,81,0,0.535301446914673,-1,-1,-1,-1,0.334943056106567
20,2,1,88,-9,9,0,0.619243860244751,-1,-1,-1,-1,0.285301446914673
20,2,1,89,3,3,0,0.517160415649414,-1,-1,-1,-1,0.369243860244751
20,2,1,90,81,81,1,0.552318811416626,1,-1,-1,-1,0.267160415649414
20,2,1,91,3,3,0,0.550963640213013,1,1,-1,1,0.302318811416626
20,2,1,92,0,0,1,1.23537182807922,1,-1,1,1,0.300963640213013
20,2,1,93,9,9,1,0.719022035598755,1,1,-1,1,0.985371828079224
20,2,1,94,3,3,1,0.75324273109436,1,1,1,1,0.469022035598755
20,2,1,95,81,81,1,0.635855436325073,1,1,1,1,0.50324273109436
20,2,1,96,3,3,0,0.55282735824585,1,1,1,1,0.385855436325073
20,2,1,97,9,9,1,0.517238855361938,1,-1,1,1,0.30282735824585
20,2,1,98,9,9,1,0.584511518478394,1,1,-1,1,0.267238855361938
20,2,1,99,27,27,1,0.534472227096558,1,1,1,1,0.334511518478394
20,2,2,4,3,3,1,0.652791500091553,-1,-1,-1,1,0.501110792160034
20,2,2,5,-27,27,0,0.535572290420532,1,1,-1,-1,0.402791500091553
20,2,2,6,3,3,0,0.66858434677124,-1,-1,1,1,0.285572290420532
20,2,2,7,-9,9,0,0.584436893463135,1,-1,-1,-1,0.41858434677124
20,2,2,8,81,81,1,0.618887186050415,-1,-1,-1,1,0.334436893463135
20,2,2,9,9,9,0,0.801112174987793,1,1,-1,-1,0.368887186050415
20,2,2,10,-81,81,0,0.535549163818359,1,-1,1,1,0.551112174987793
20,2,2,11,27,27,1,0.635539054870605,-1,-1,-1,1,0.285549163818359
20,2,2,12,-3,3,0,0.686023712158203,1,1,-1,-1,0.385539054870605
20,2,2,13,-3,3,1,0.517157554626465,-1,-1,1,1,0.436023712158203
20,2,2,14,9,9,0,0.617781162261963,-1,1,-1,-1,0.267157554626465
20,2,2,15,27,27,1,0.802046298980713,1,-1,1,-1,0.367781162261963
20,2,2,16,-27,27,0,0.536032199859619,1,1,-1,1,0.552046298980713
20,2,2,17,9,9,1,0.569008111953735,-1,-1,1,1,0.286032199859619
20,2,2,18,0,0,1,0.585519790649414,1,1,-1,-1,0.319008111953735
20,2,2,19,-27,27,0,0.585817575454712,1,1,1,1,0.335519790649414
20,2,2,20,9,9,1,0.550505638122559,-1,-1,1,1,0.335817575454712
20,2,2,21,-81,81,0,0.519366025924683,1,1,-1,-1,0.300505638122559
20,2,2,22,9,9,1,0.700478076934814,-1,-1,1,1,0.269366025924683
20,2,2,23,-9,9,0,0.569418668746948,1,1,-1,-1,0.450478076934814
20,2,2,24,3,3,0,0.901828765869141,-1,-1,1,1,0.319418668746948
20,2,2,25,-81,81,0,0.76781153678894,1,-1,-1,-1,0.651828765869141
20,2,2,26,27,27,1,0.600468158721924,-1,-1,-1,1,0.51781153678894
20,2,2,27,-9,9,0,0.484362840652466,1,1,-1,-1,0.350468158721924
20,2,2,28,81,81,1,0.768842697143555,-1,-1,1,1,0.234362840652466
20,2,2,29,-3,3,1,0.701150417327881,1,1,-1,-1,0.518842697143555
20,2,2,30,27,27,0,0.335227727890015,-1,1,1,1,0.451150417327881
20,2,2,31,-27,27,0,0.484465837478638,1,-1,1,-1,0.0852277278900146
20,2,2,32,-27,27,1,0.534455060958862,-1,-1,-1,1,0.234465837478638
20,2,2,33,27,27,1,0.652038097381592,-1,1,-1,-1,0.284455060958862
20,2,2,34,-3,3,1,0.635941743850708,1,1,1,-1,0.402038097381592
20,2,2,35,3,3,1,0.667872190475464,-1,1,1,1,0.385941743850708
20,2,2,36,81,81,1,0.634346485137939,1,1,1,-1,0.417872190475464
20,2,2,37,-81,81,0,0.500500440597534,1,1,1,1,0.384346485137939
20,2,2,38,81,81,1,0.536053657531738,-1,-1,1,1,0.250500440597534
20,2,2,39,-27,27,0,0.636132955551147,1,1,-1,-1,0.286053657531738
20,2,2,40,81,81,1,0.618044853210449,-1,-1,1,1,0.386132955551147
20,2,2,41,-81,81,0,0.551643371582031,1,1,-1,-1,0.368044853210449
20,2,2,42,-0,0,0,0.585058450698853,-1,-1,1,1,0.301643371582031
20,2,2,43,3,3,0,0.800543069839478,-1,-1,-1,-1,0.335058450698853
20,2,2,44,-81,81,0,0.519203186035156,1,-1,-1,-1,0.550543069839478
20,2,2,45,9,9,1,1.00110173225403,-1,-1,-1,1,0.269203186035156
20,2,2,46,-81,81,0,0.517681360244751,1,1,-1,-1,0.751101732254028
20,2,2,47,9,9,1,0.669297456741333,-1,-1,1,1,0.267681360244751
20,2,2,48,9,9,1,0.600983619689941,1,1,-1,-1,0.419297456741333
20,2,2,49,-3,3,0,0.567622661590576,1,1,1,1,0.350983619689941
20,2,2,50,27,27,0,0.501135349273682,-1,-1,1,1,0.317622661590576
20,2,2,51,-9,9,0,0.519834995269775,1,-1,-1,-1,0.251135349273682
20,2,2,52,0,0,1,0.883808374404907,-1,-1,-1,1,0.269834995269775
20,2,2,53,-27,27,0,0.483885049819946,1,1,-1,-1,0.633808374404907
20,2,2,54,9,9,1,0.601281642913818,-1,-1,1,1,0.233885049819946
20,2,2,55,-3,3,0,0.335156679153442,1,1,-1,-1,0.351281642913818
20,2,2,56,27,27,1,0.669415712356567,-1,-1,1,1,0.0851566791534424
20,2,2,57,-0,0,1,0.551144361495972,1,1,-1,-1,0.419415712356567
20,2,2,58,27,27,1,0.517169237136841,-1,1,1,1,0.301144361495972
20,2,2,59,81,81,1,0.568286657333374,1,1,1,-1,0.267169237136841
20,2,2,60,9,9,0,0.568162679672241,1,1,1,1,0.318286657333374
20,2,2,61,0,0,1,0.667140960693359,1,-1,1,1,0.318162679672241
20,2,2,62,-9,9,1,1.05056166648865,1,1,-1,1,0.417140960693359
20,2,2,63,81,81,1,0.6354660987854,-1,1,1,1,0.800561666488647
20,2,2,64,81,81,1,0.584574699401855,1,1,1,-1,0.3854660987854
20,2,2,65,-3,3,1,0.935730457305908,1,1,1,1,0.334574699401855
20,2,2,66,81,81,1,0.469349145889282,-1,1,1,1,0.685730457305908
20,2,2,67,-27,27,0,0.517850637435913,1,1,1,-1,0.219349145889282
20,2,2,68,3,3,0,0.585616827011108,-1,-1,1,1,0.267850637435913
20,2,2,69,-9,9,0,0.452522277832031,1,-1,-1,-1,0.335616827011108
20,2,2,70,27,27,1,0.567718982696533,-1,-1,-1,1,0.202522277832031
20,2,2,71,0,0,1,0.652050733566284,1,1,-1,-1,0.317718982696533
20,2,2,72,0,0,0,0.267633199691772,1,1,1,1,0.402050733566284
20,2,2,73,27,27,1,0.635385274887085,1,-1,1,1,0.0176331996917725
20,2,2,74,-27,27,0,0.601004123687744,1,1,-1,1,0.385385274887085
20,2,2,75,9,9,1,0.617184162139893,-1,-1,1,1,0.351004123687744
20,2,2,76,-9,9,1,0.85202431678772,1,1,-1,-1,0.367184162139893
20,2,2,77,81,81,1,0.517654180526733,-1,1,1,1,0.60202431678772
20,2,2,78,-81,81,0,0.467874765396118,1,1,1,-1,0.267654180526733
20,2,2,79,3,3,0,0.552495241165161,-1,-1,1,1,0.217874765396118
20,2,2,80,-3,3,0,0.500530242919922,1,-1,-1,-1,0.302495241165161
20,2,2,81,27,27,1,0.684458255767822,-1,-1,-1,1,0.250530242919922
20,2,2,82,-9,9,0,0.517764806747437,1,1,-1,-1,0.434458255767822
20,2,2,83,9,9,0,0.634626626968384,-1,-1,1,1,0.267764806747437
20,2,2,84,-9,9,0,0.701099872589111,1,-1,-1,-1,0.384626626968384
20,2,2,85,3,3,0,0.56864070892334,-1,-1,-1,1,0.451099872589111
20,2,2,86,-27,27,1,0.617740869522095,1,-1,-1,-1,0.31864070892334
20,2,2,87,-3,3,0,0.851125955581665,-1,1,-1,1,0.367740869522095
20,2,2,88,3,3,1,1.01913928985596,-1,-1,1,-1,0.601125955581665
20,2,2,89,3,3,1,0.553158283233643,1,1,-1,-1,0.769139289855957
20,2,2,90,-27,27,0,0.535351514816284,1,1,1,1,0.303158283233643
20,2,2,91,3,3,1,0.619229078292847,-1,-1,1,1,0.285351514816284
20,2,2,92,-0,0,1,0.73446249961853,1,1,-1,-1,0.369229078292847
20,2,2,93,0,0,1,0.800527095794678,-1,1,1,1,0.48446249961853
20,2,2,94,-81,81,0,0.61953592300415,1,1,1,-1,0.550527095794678
20,2,2,95,81,81,1,0.617706537246704,-1,-1,1,1,0.36953592300415
20,2,2,96,-81,81,0,0.669809579849243,1,1,-1,-1,0.367706537246704
20,2,2,97,0,0,0,0.518350124359131,-1,-1,1,1,0.419809579849243
20,2,2,98,-0,0,1,0.568498373031616,1,-1,-1,-1,0.268350124359131
20,2,2,99,-81,81,0,0.550517797470093,-1,1,-1,1,0.318498373031616
20,2,3,2,9,9,0,0.603124856948853,-1,-1,-1,-1,0.701393842697144
20,2,3,3,-3,3,1,0.650545358657837,1,-1,-1,-1,0.353124856948853
20,2,3,4,-9,9,0,0.602512836456299,-1,1,-1,1,0.400545358657837
20,2,3,5,-9,9,0,0.552316665649414,-1,-1,1,-1,0.352512836456299
20,2,3,6,81,81,1,0.51928186416626,-1,-1,-1,-1,0.302316665649414
20,2,3,7,-3,3,0,0.868934631347656,1,1,-1,-1,0.26928186416626
20,2,3,8,-81,81,0,0.552186012268066,-1,-1,1,1,0.618934631347656
20,2,3,9,-9,9,0,0.535346031188965,-1,-1,-1,-1,0.302186012268066
20,2,3,10,27,27,0,0.800475835800171,-1,-1,-1,-1,0.285346031188965
20,2,3,11,9,9,1,0.618928194046021,1,-1,-1,-1,0.550475835800171
20,2,3,12,3,3,0,0.733816623687744,1,1,-1,1,0.368928194046021
20,2,3,13,-81,81,0,0.51922345161438,1,-1,1,1,0.483816623687744
20,2,3,14,-3,3,1,0.634494304656982,-1,-1,-1,1,0.26922345161438
20,2,3,15,27,27,0,0.985383987426758,-1,1,-1,-1,0.384494304656982
20,2,3,16,9,9,0,0.635356426239014,1,-1,1,-1,0.735383987426758
20,2,3,17,-9,9,0,0.601380109786987,1,-1,-1,1,0.385356426239014
20,2,3,18,-3,3,1,0.718442678451538,-1,-1,-1,1,0.351380109786987
20,2,3,19,27,27,1,0.785399198532104,-1,1,-1,-1,0.468442678451538
20,2,3,20,27,27,1,0.552200317382812,1,1,1,-1,0.535399198532104
20,2,3,21,-81,81,0,0.417818546295166,1,1,1,1,0.302200317382812
20,2,3,22,3,3,0,0.534531593322754,-1,-1,1,1,0.167818546295166
20,2,3,23,-0,0,0,0.802086353302002,1,-1,-1,-1,0.284531593322754
20,2,3,24,-27,27,0,0.569270849227905,-1,-1,-1,1,0.552086353302002
20,2,3,25,81,81,1,0.585589170455933,-1,-1,-1,-1,0.319270849227905
20,2,3,26,-27,27,0,0.535642862319946,1,1,-1,-1,0.335589170455933
20,2,3,27,27,27,1,0.568557024002075,-1,-1,1,1,0.285642862319946
20,2,3,28,27,27,1,0.667693614959717,1,1,-1,-1,0.318557024002075
20,2,3,29,-0,0,0,0.733808040618896,1,1,1,1,0.417693614959717
20,2,3,30,-3,3,1,0.885261058807373,-1,-1,1,1,0.483808040618896
20,2,3,31,-27,27,0,0.5025794506073,-1,1,-1,-1,0.635261058807373
20,2,3,32,81,81,1,0.618475198745728,-1,-1,1,-1,0.2525794506073
20,2,3,33,0,0,0,0.752046823501587,1,1,-1,-1,0.368475198745728
20,2,3,34,-81,81,0,0.551830291748047,1,-1,1,1,0.502046823501587
20,2,3,35,3,3,0,0.634456396102905,-1,-1,-1,1,0.301830291748047
20,2,3,36,3,3,1,0.736721038818359,1,-1,-1,-1,0.384456396102905
20,2,3,37,3,3,1,0.567802906036377,1,1,-1,1,0.486721038818359
20,2,3,38,81,81,1,0.535072088241577,1,1,1,1,0.317802906036377
20,2,3,39,81,81,1,0.619004487991333,1,1,1,1,0.285072088241577
20,2,3,40,-27,27,0,0.535336017608643,1,1,1,1,0.369004487991333
20,2,3,41,-0,0,0,0.584619522094727,-1,-1,1,1,0.285336017608643
20,2,3,42,-3,3,1,0.584539175033569,-1,-1,-1,-1,0.334619522094727
20,2,3,43,27,27,0,0.618578672409058,-1,1,-1,-1,0.334539175033569
20,2,3,44,-9,9,1,0.633881568908691,1,-1,1,-1,0.368578672409058
20,2,3,45,-9,9,0,0.651139974594116,-1,1,-1,1,0.383881568908691
20,2,3,46,-0,0,0,0.968827486038208,-1,-1,1,-1,0.401139974594116
20,2,3,47,-27,27,0,0.5694420337677,-1,-1,-1,-1,0.718827486038208
20,2,3,48,-9,9,0,0.619308948516846,-1,-1,-1,-1,0.3194420337677
20,2,3,49,-27,27,1,0.535303115844727,-1,-1,-1,-1,0.369308948516846
20,2,3,50,-81,81,0,0.534369230270386,-1,1,-1,-1,0.285303115844727
20,2,3,51,-0,0,1,0.569072961807251,-1,-1,1,-1,0.284369230270386
20,2,3,52,-0,0,0,0.534358263015747,-1,1,-1,-1,0.319072961807251
20,2,3,53,-3,3,0,0.601408004760742,-1,-1,1,-1,0.284358263015747
20,2,3,54,27,27,1,0.534724473953247,-1,-1,-1,-1,0.351408004760742
20,2,3,55,-3,3,0,0.618222236633301,1,1,-1,-1,0.284724473953247
20,2,3,56,81,81,1,0.535742282867432,-1,-1,1,1,0.368222236633301
20,2,3,57,-0,0,1,0.700549602508545,1,1,-1,-1,0.285742282867432
20,2,3,58,-9,9,0,0.586045980453491,-1,1,1,1,0.450549602508545
20,2,3,59,81,81,1,0.517753839492798,-1,-1,1,-1,0.336045980453491
20,2,3,60,-81,81,0,0.551076889038086,1,1,-1,-1,0.267753839492798
20,2,3,61,-81,81,0,0.551005363464355,-1,-1,1,1,0.301076889038086
20,2,3,62,81,81,1,0.567768335342407,-1,-1,-1,-1,0.301005363464355
20,2,3,63,-9,9,0,0.585735559463501,1,1,-1,-1,0.317768335342407
20,2,3,64,0,0,1,0.533913135528564,-1,-1,1,1,0.335735559463501
20,2,3,65,9,9,0,0.601095199584961,1,1,-1,-1,0.283913135528564
20,2,3,66,9,9,1,0.58482813835144,1,-1,1,1,0.351095199584961
20,2,3,67,-9,9,1,0.633829116821289,1,1,-1,1,0.33482813835144
20,2,3,68,-81,81,0,0.569132328033447,-1,1,1,1,0.383829116821289
20,2,3,69,-3,3,1,0.601931095123291,-1,-1,1,-1,0.319132328033447
20,2,3,70,27,27,1,0.517681121826172,-1,1,-1,-1,0.351931095123291
20,2,3,71,3,3,0,0.535879135131836,1,1,1,-1,0.267681121826172
20,2,3,72,3,3,0,0.768716812133789,1,-1,1,1,0.285879135131836
20,2,3,73,-3,3,1,0.584393262863159,1,-1,-1,1,0.518716812133789
20,2,3,74,-9,9,0,0.667761564254761,-1,1,-1,1,0.334393262863159
20,2,3,75,27,27,1,0.517608880996704,-1,-1,1,-1,0.417761564254761
20,2,3,76,9,9,1,0.517655372619629,1,1,-1,-1,0.267608880996704
20,2,3,77,-9,9,1,0.567691326141357,1,1,1,1,0.267655372619629
20,2,3,78,9,9,0,0.619285106658936,-1,1,1,1,0.317691326141357
20,2,3,79,-81,81,0,0.45287299156189,1,-1,1,-1,0.369285106658936
20,2,3,80,-27,27,0,0.535405397415161,-1,-1,-1,1,0.20287299156189
20,2,3,81,0,0,0,0.567617893218994,-1,-1,-1,-1,0.285405397415161
20,2,3,82,-81,81,0,0.45114278793335,1,-1,-1,-1,0.317617893218994
20,2,3,83,-81,81,0,0.51904559135437,-1,-1,-1,1,0.20114278793335
20,2,3,84,9,9,0,0.600625276565552,-1,-1,-1,-1,0.26904559135437
20,2,3,85,3,3,1,0.551909446716309,1,-1,-1,-1,0.350625276565552
20,2,3,86,-0,0,1,0.602297067642212,1,1,-1,1,0.301909446716309
20,2,3,87,-27,27,0,0.567703247070312,-1,1,1,1,0.352297067642212
20,2,3,88,9,9,1,0.618198394775391,-1,-1,1,-1,0.317703247070312
20,2,3,89,3,3,1,1.08386158943176,1,1,-1,-1,0.368198394775391
20,2,3,90,-81,81,0,0.500509023666382,1,1,1,1,0.833861589431763
20,2,3,91,81,81,1,0.65281081199646,-1,-1,1,1,0.250509023666382
20,2,3,92,-3,3,1,0.551025867462158,1,1,-1,-1,0.40281081199646
20,2,3,93,-3,3,0,0.534494876861572,-1,1,1,1,0.301025867462158
20,2,3,94,9,9,0,0.518679141998291,-1,-1,1,-1,0.284494876861572
20,2,3,95,-3,3,0,0.584489583969116,1,-1,-1,-1,0.268679141998291
20,2,3,96,27,27,1,0.519410610198975,-1,-1,-1,1,0.334489583969116
20,2,3,97,81,81,1,0.501672506332397,1,1,-1,-1,0.269410610198975
20,2,3,98,27,27,1,0.585942029953003,1,1,1,1,0.251672506332397
20,2,3,99,-27,27,0,0.467829465866089,1,1,1,1,0.335942029953003
20,2,4,2,81,81,1,0.600536346435547,1,-1,1,1,1.08550357818604
20,2,4,3,0,0,1,0.552347183227539,1,1,-1,1,0.350536346435547
20,2,4,4,9,9,0,0.519412994384766,1,1,1,1,0.302347183227539
20,2,4,5,0,0,1,1.10054731369019,1,-1,1,1,0.269412994384766
20,2,4,6,3,3,1,0.500476837158203,1,1,-1,1,0.850547313690186
20,2,4,7,81,81,1,0.552976369857788,1,1,1,1,0.250476837158203
20,2,4,8,81,81,1,0.501098155975342,1,1,1,1,0.302976369857788
20,2,4,9,-3,3,0,0.600467920303345,1,1,1,1,0.251098155975342
20,2,4,10,-3,3,0,0.668757200241089,-1,-1,1,1,0.350467920303345
20,2,4,11,0,0,0,0.535222053527832,-1,-1,-1,-1,0.418757200241089
20,2,4,12,-0,0,0,0.585658311843872,1,-1,-1,-1,0.285222053527832
20,2,4,13,-27,27,0,0.950477838516235,-1,-1,-1,1,0.335658311843872
20,2,4,14,0,0,1,0.769068956375122,-1,-1,-1,-1,0.700477838516235
20,2,4,15,9,9,0,0.669215679168701,1,1,-1,-1,0.519068956375122
20,2,4,16,-81,81,0,0.58557391166687,1,-1,1,1,0.419215679168701
20,2,4,17,-27,27,0,0.618826866149902,-1,-1,-1,1,0.33557391166687
20,2,4,18,-27,27,0,0.601322650909424,-1,-1,-1,-1,0.368826866149902
20,2,4,19,-3,3,1,0.784485816955566,-1,-1,-1,-1,0.351322650909424
20,2,4,20,-9,9,0,0.58476185798645,-1,1,-1,-1,0.534485816955566
20,2,4,21,0,0,0,0.717648029327393,-1,-1,1,-1,0.33476185798645
20,2,4,22,27,27,1,0.467159509658813,1,-1,-1,-1,0.467648029327393
20,2,4,23,3,3,1,0.518815040588379,1,1,-1,1,0.217159509658813
20,2,4,24,-9,9,0,0.535377264022827,1,1,1,1,0.268815040588379
20,2,4,25,-9,9,0,0.552279233932495,-1,-1,1,1,0.285377264022827
20,2,4,26,-3,3,0,0.735232353210449,-1,-1,-1,-1,0.302279233932495
20,2,4,27,-81,81,0,0.500514030456543,-1,-1,-1,-1,0.485232353210449
20,2,4,28,81,81,1,0.501203298568726,-1,-1,-1,-1,0.250514030456543
20,2,4,29,3,3,0,0.501728296279907,1,1,-1,-1,0.251203298568726
20,2,4,30,27,27,1,0.918721675872803,1,-1,1,1,0.251728296279907
20,2,4,31,9,9,1,0.435641050338745,1,1,-1,1,0.668721675872803
20,2,4,32,27,27,1,0.551038026809692,1,1,1,1,0.185641050338745
20,2,4,33,81,81,1,0.552510738372803,1,1,1,1,0.301038026809692
20,2,4,34,-3,3,0,0.568559169769287,1,1,1,1,0.302510738372803
20,2,4,35,3,3,1,0.583900928497314,-1,-1,1,1,0.318559169769287
20,2,4,36,-81,81,0,0.584291458129883,1,1,-1,-1,0.333900928497314
20,2,4,37,-81,81,0,0.469029188156128,-1,-1,1,1,0.334291458129883
20,2,4,38,-81,81,0,0.485126972198486,-1,-1,-1,-1,0.219029188156128
20,2,4,39,-81,81,0,0.535946130752563,-1,-1,-1,-1,0.235126972198486
20,2,4,40,27,27,0,0.600949048995972,-1,-1,-1,-1,0.285946130752563
20,2,4,41,-0,0,1,1.21821784973145,1,-1,-1,-1,0.350949048995972
20,2,4,42,27,27,1,0.751588582992554,-1,1,-1,1,0.968217849731445
20,2,4,43,-81,81,0,0.517170667648315,1,1,1,-1,0.501588582992554
20,2,4,44,27,27,1,0.767729997634888,-1,-1,1,1,0.267170667648315
20,2,4,45,-9,9,0,0.518174648284912,1,1,-1,-1,0.517729997634888
20,2,4,46,-9,9,0,0.685718059539795,-1,-1,1,1,0.268174648284912
20,2,4,47,81,81,1,0.58598780632019,-1,-1,-1,-1,0.435718059539795
20,2,4,48,-27,27,0,0.551038265228271,1,1,-1,-1,0.33598780632019
20,2,4,49,-3,3,0,0.751124620437622,-1,-1,1,1,0.301038265228271
20,2,4,50,-27,27,0,0.569218873977661,-1,-1,-1,-1,0.501124620437622
20,2,4,51,27,27,1,0.518442153930664,-1,-1,-1,-1,0.319218873977661
20,2,4,52,3,3,1,0.735753536224365,1,1,-1,-1,0.268442153930664
20,2,4,53,27,27,1,0.585994720458984,1,1,1,1,0.485753536224365
20,2,4,54,-0,0,0,0.502673864364624,1,1,1,1,0.335994720458984
20,2,4,55,27,27,1,0.534309148788452,-1,-1,1,1,0.252673864364624
20,2,4,56,9,9,1,0.567795991897583,1,1,-1,-1,0.284309148788452
20,2,4,57,27,27,0,0.551008939743042,1,1,1,1,0.317795991897583
20,2,4,58,-27,27,0,0.569362640380859,1,-1,1,1,0.301008939743042
20,2,4,59,-9,9,0,0.719213962554932,-1,-1,-1,1,0.319362640380859
20,2,4,60,9,9,1,0.550981998443604,-1,-1,-1,-1,0.469213962554932
20,2,4,61,-9,9,0,0.58608865737915,1,1,-1,-1,0.300981998443604
20,2,4,62,-3,3,1,0.600999355316162,-1,-1,1,1,0.33608865737915
20,2,4,63,9,9,1,0.585264921188354,-1,1,-1,-1,0.350999355316162
20,2,4,64,-81,81,0,0.501229047775269,1,1,1,-1,0.335264921188354
20,2,4,65,-27,27,0,0.552751779556274,-1,-1,1,1,0.251229047775269
20,2,4,66,27,27,1,0.536124467849731,-1,-1,-1,-1,0.302751779556274
20,2,4,67,-9,9,1,0.534378051757812,1,1,-1,-1,0.286124467849731
20,2,4,68,-81,81,0,0.567173957824707,-1,1,1,1,0.284378051757812
20,2,4,69,-3,3,1,0.635527372360229,-1,-1,1,-1,0.317173957824707
20,2,4,70,9,9,0,0.585468053817749,-1,1,-1,-1,0.385527372360229
20,2,4,71,-9,9,0,0.667679071426392,1,-1,1,-1,0.335468053817749
20,2,4,72,81,81,1,0.800960063934326,-1,-1,-1,1,0.417679071426392
20,2,4,73,81,81,1,0.518912315368652,1,1,-1,-1,0.550960063934326
20,2,4,74,-3,3,0,0.852227926254272,1,1,1,1,0.268912315368652
20,2,4,75,-81,81,0,0.652504682540894,-1,-1,1,1,0.602227926254272
20,2,4,76,-81,81,0,0.501945018768311,-1,-1,-1,-1,0.402504682540894
20,2,4,77,3,3,0,0.867160081863403,-1,-1,-1,-1,0.251945018768311
20,2,4,78,0,0,1,0.652712345123291,1,-1,-1,-1,0.617160081863403
20,2,4,79,3,3,1,1.16760039329529,1,1,-1,1,0.402712345123291
20,2,4,80,-27,27,0,0.619728565216064,1,1,1,1,0.917600393295288
20,2,4,81,0,0,1,0.602237701416016,-1,-1,1,1,0.369728565216064
20,2,4,82,-3,3,1,0.685877561569214,1,1,-1,-1,0.352237701416016
20,2,4,83,9,9,0,0.484283924102783,-1,1,1,1,0.435877561569214
20,2,4,84,-81,81,0,0.635943651199341,1,-1,1,-1,0.234283924102783
20,2,4,85,3,3,1,1.15052080154419,-1,-1,-1,1,0.385943651199341
20,2,4,86,3,3,0,0.500494956970215,1,1,-1,-1,0.900520801544189
20,2,4,87,-3,3,1,0.652005672454834,1,-1,1,1,0.250494956970215
20,2,4,88,27,27,1,0.83454418182373,-1,1,-1,1,0.402005672454834
20,2,4,89,-27,27,0,0.58426570892334,1,1,1,-1,0.58454418182373
20,2,4,90,-81,81,0,0.552287101745605,-1,-1,1,1,0.33426570892334
20,2,4,91,-81,81,0,0.535065174102783,-1,-1,-1,-1,0.302287101745605
20,2,4,92,27,27,1,0.452002048492432,-1,-1,-1,-1,0.285065174102783
20,2,4,93,3,3,1,0.517215251922607,1,1,-1,-1,0.202002048492432
20,2,4,94,9,9,0,0.533865451812744,1,1,1,1,0.267215251922607
20,2,4,95,9,9,1,0.484237194061279,1,-1,1,1,0.283865451812744
20,2,4,96,9,9,1,0.569049119949341,1,1,-1,1,0.234237194061279
20,2,4,97,-0,0,1,0.567664384841919,1,1,1,1,0.319049119949341
20,2,4,98,9,9,1,0.552319049835205,-1,1,1,1,0.317664384841919
20,2,4,99,3,3,1,0.667204141616821,1,1,1,-1,0.302319049835205
20,2,5,2,-9,9,0,0.584289312362671,-1,-1,-1,-1,0.851248502731323
20,2,5,3,-0,0,0,0.567821025848389,-1,-1,-1,-1,0.334289312362671
20,2,5,4,-81,81,0,0.569344043731689,-1,-1,-1,-1,0.317821025848389
20,2,5,5,-3,3,0,0.634299278259277,-1,-1,-1,-1,0.319344043731689
20,2,5,6,-3,3,0,0.485059499740601,-1,-1,-1,-1,0.384299278259277
20,2,5,7,27,27,1,0.551095962524414,-1,-1,-1,-1,0.235059499740601
20,2,5,8,3,3,0,0.702294111251831,1,1,-1,-1,0.301095962524414
20,2,5,9,27,27,1,0.600544452667236,1,-1,1,1,0.452294111251831
20,2,5,10,9,9,1,0.836069822311401,1,1,-1,1,0.350544452667236
20,2,5,11,3,3,1,0.53579306602478,1,1,1,1,0.586069822311401
20,2,5,12,9,9,0,0.734738111495972,1,1,1,1,0.28579306602478
20,2,5,13,0,0,0,1.01904606819153,1,-1,1,1,0.484738111495972
20,2,5,14,27,27,1,0.586104393005371,1,-1,-1,1,0.769046068191528
20,2,5,15,-3,3,1,0.585831642150879,1,1,-1,1,0.336104393005371
20,2,5,16,27,27,1,0.552713871002197,-1,1,1,1,0.335831642150879
20,2,5,17,3,3,1,0.568130254745483,1,1,1,-1,0.302713871002197
20,2,5,18,9,9,1,0.518755912780762,1,1,1,1,0.318130254745483
20,2,5,19,3,3,0,0.535596609115601,1,1,1,1,0.268755912780762
20,2,5,20,27,27,1,0.518747091293335,1,-1,1,1,0.285596609115601
20,2,5,21,81,81,1,0.551191806793213,1,1,-1,1,0.268747091293335
20,2,5,22,81,81,1,0.519363164901733,1,1,1,1,0.301191806793213
20,2,5,23,27,27,1,0.550955295562744,1,1,1,1,0.269363164901733
20,2,5,24,81,81,1,0.519349336624146,1,1,1,1,0.300955295562744
20,2,5,25,-81,81,0,0.51927638053894,1,1,1,1,0.269349336624146
20,2,5,26,-9,9,0,0.71929931640625,-1,-1,1,1,0.26927638053894
20,2,5,27,-9,9,0,0.46715784072876,-1,-1,-1,-1,0.46929931640625
20,2,5,28,-9,9,0,0.567705154418945,-1,-1,-1,-1,0.21715784072876
20,2,5,29,3,3,0,0.567192792892456,-1,-1,-1,-1,0.317705154418945
20,2,5,30,27,27,1,0.600507259368896,1,-1,-1,-1,0.317192792892456
20,2,5,31,9,9,1,0.634625434875488,1,1,-1,1,0.350507259368896
20,2,5,32,3,3,1,0.550486087799072,1,1,1,1,0.384625434875488
20,2,5,33,81,81,1,0.518500328063965,1,1,1,1,0.300486087799072
20,2,5,34,9,9,1,0.55052638053894,1,1,1,1,0.268500328063965
20,2,5,35,27,27,0,0.552554607391357,1,1,1,1,0.30052638053894
20,2,5,36,9,9,1,1.01779866218567,1,-1,1,1,0.302554607391357
20,2,5,37,3,3,1,0.619399785995483,1,1,-1,1,0.767798662185669
20,2,5,38,27,27,1,0.619312047958374,1,1,1,1,0.369399785995483
20,2,5,39,81,81,1,0.519338130950928,1,1,1,1,0.369312047958374
20,2,5,40,3,3,1,0.519350051879883,1,1,1,1,0.269338130950928
20,2,5,41,0,0,1,0.350543022155762,1,1,1,1,0.269350051879883
20,2,5,42,9,9,1,0.567186117172241,1,1,1,1,0.100543022155762
20,2,5,43,81,81,1,0.534280061721802,1,1,1,1,0.317186117172241
20,2,5,44,27,27,1,0.568529605865479,1,1,1,1,0.284280061721802
20,2,5,45,81,81,1,0.536013126373291,1,1,1,1,0.318529605865479
20,2,5,46,81,81,1,0.53389310836792,1,1,1,1,0.286013126373291
20,2,5,47,3,3,0,0.601013422012329,1,1,1,1,0.28389310836792
20,2,5,48,9,9,0,0.550493955612183,1,-1,1,1,0.351013422012329
20,2,5,49,9,9,1,0.567621946334839,1,-1,-1,1,0.300493955612183
20,2,5,50,27,27,1,0.601220607757568,1,1,-1,1,0.317621946334839
20,2,5,51,9,9,1,0.517830848693848,1,1,1,1,0.351220607757568
20,2,5,52,9,9,1,0.519279718399048,1,1,1,1,0.267830848693848
20,2,5,53,81,81,1,0.501093864440918,1,1,1,1,0.269279718399048
20,2,5,54,9,9,1,0.534294128417969,1,1,1,1,0.251093864440918
20,2,5,55,-27,27,0,0.501000165939331,1,1,1,1,0.284294128417969
20,2,5,56,-9,9,0,0.786111116409302,-1,-1,1,1,0.251000165939331
20,2,5,57,-3,3,0,0.617855072021484,-1,-1,-1,-1,0.536111116409302
20,2,5,58,0,0,0,0.619560241699219,-1,-1,-1,-1,0.367855072021484
20,2,5,59,0,0,1,0.569286823272705,1,-1,-1,-1,0.369560241699219
20,2,5,60,0,0,1,0.517804384231567,1,1,-1,1,0.319286823272705
20,2,5,61,-27,27,0,0.502326250076294,1,1,1,1,0.267804384231567
20,2,5,62,-3,3,0,0.43553352355957,-1,-1,1,1,0.252326250076294
20,2,5,63,-81,81,0,0.518483877182007,-1,-1,-1,-1,0.18553352355957
20,2,5,64,27,27,1,0.652370691299438,-1,-1,-1,-1,0.268483877182007
20,2,5,65,0,0,1,0.618201494216919,1,1,-1,-1,0.402370691299438
20,2,5,66,9,9,1,0.951017379760742,1,1,1,1,0.368201494216919
20,2,5,67,0,0,1,0.536011219024658,1,1,1,1,0.701017379760742
20,2,5,68,81,81,1,0.501481294631958,1,1,1,1,0.286011219024658
20,2,5,69,-81,81,0,0.552749395370483,1,1,1,1,0.251481294631958
20,2,5,70,-3,3,0,0.484314203262329,-1,-1,1,1,0.302749395370483
20,2,5,71,9,9,1,0.519272327423096,-1,-1,-1,-1,0.234314203262329
20,2,5,72,81,81,1,0.584459066390991,1,1,-1,-1,0.269272327423096
20,2,5,73,81,81,1,0.318942070007324,1,1,1,1,0.334459066390991
20,2,5,74,81,81,1,0.485769987106323,1,1,1,1,0.0689420700073242
20,2,5,75,3,3,0,0.600941896438599,1,1,1,1,0.235769987106323
20,2,5,76,-9,9,0,0.600950956344604,1,-1,1,1,0.350941896438599
20,2,5,77,-3,3,0,0.568634748458862,-1,-1,-1,1,0.350950956344604
20,2,5,78,-0,0,0,0.551419496536255,-1,-1,-1,-1,0.318634748458862
20,2,5,79,-27,27,0,0.585968255996704,-1,-1,-1,-1,0.301419496536255
20,2,5,80,-9,9,0,0.668957233428955,-1,-1,-1,-1,0.335968255996704
20,2,5,81,-81,81,0,0.502676248550415,-1,-1,-1,-1,0.418957233428955
20,2,5,82,-9,9,0,0.55099081993103,-1,-1,-1,-1,0.252676248550415
20,2,5,83,27,27,1,0.467630624771118,-1,-1,-1,-1,0.30099081993103
20,2,5,84,27,27,1,0.502728223800659,1,1,-1,-1,0.217630624771118
20,2,5,85,27,27,1,0.4690842628479,1,1,1,1,0.252728223800659
20,2,5,86,3,3,1,0.585588932037354,1,1,1,1,0.2190842628479
20,2,5,87,27,27,1,0.619416475296021,1,1,1,1,0.335588932037354
20,2,5,88,-3,3,1,0.818700075149536,1,1,1,1,0.369416475296021
20,2,5,89,-27,27,0,0.518131732940674,-1,1,1,1,0.568700075149536
20,2,5,90,-81,81,0,0.334287643432617,-1,-1,1,-1,0.268131732940674
20,2,5,91,-3,3,0,0.933813810348511,-1,-1,-1,-1,0.0842876434326172
20,2,5,92,27,27,1,0.700967788696289,-1,-1,-1,-1,0.683813810348511
20,2,5,93,3,3,0,0.30047607421875,1,1,-1,-1,0.450967788696289
20,2,5,94,-81,81,0,0.551535367965698,1,-1,1,1,0.05047607421875
20,2,5,95,0,0,1,0.617261648178101,-1,-1,-1,1,0.301535367965698
20,2,5,96,81,81,1,1.48490643501282,1,1,-1,-1,0.367261648178101
20,2,5,97,-0,0,1,0.619114875793457,1,1,1,1,1.23490643501282
20,2,5,98,-81,81,0,0.51716423034668,-1,1,1,1,0.369114875793457
20,2,5,99,-27,27,0,0.586006164550781,-1,-1,1,-1,0.26716423034668
20,2,6,2,0,0,0,0.618291139602661,-1,-1,-1,-1,0.751794338226318
20,2,6,3,-9,9,0,0.601087808609009,1,-1,-1,-1,0.368291139602661
20,2,6,4,-27,27,0,0.651639461517334,-1,-1,-1,1,0.351087808609009
20,2,6,5,3,3,0,0.600525617599487,-1,-1,-1,-1,0.401639461517334
20,2,6,6,-27,27,0,0.535786390304565,1,-1,-1,-1,0.350525617599487
20,2,6,7,3,3,1,0.63434362411499,-1,-1,-1,1,0.285786390304565
20,2,6,8,-81,81,0,0.484520673751831,1,1,-1,-1,0.38434362411499
20,2,6,9,-9,9,0,0.634386539459229,-1,-1,1,1,0.234520673751831
20,2,6,10,0,0,1,0.902642965316772,-1,-1,-1,-1,0.384386539459229
20,2,6,11,-81,81,0,0.652697801589966,1,1,-1,-1,0.652642965316772
20,2,6,12,81,81,1,0.552176713943481,-1,-1,1,1,0.402697801589966
20,2,6,13,81,81,1,0.553022146224976,1,1,-1,-1,0.302176713943481
20,2,6,14,9,9,1,0.601121425628662,1,1,1,1,0.303022146224976
20,2,6,15,3,3,0,0.485323190689087,1,1,1,1,0.351121425628662
20,2,6,16,81,81,1,0.685917854309082,1,-1,1,1,0.235323190689087
20,2,6,17,-27,27,0,0.468178033828735,1,1,-1,1,0.435917854309082
20,2,6,18,0,0,1,0.719176769256592,-1,-1,1,1,0.218178033828735
20,2,6,19,27,27,1,0.550989389419556,1,1,-1,-1,0.469176769256592
20,2,6,20,3,3,1,0.585764169692993,1,1,1,1,0.300989389419556
20,2,6,21,-27,27,0,0.567278623580933,1,1,1,1,0.335764169692993
20,2,6,22,81,81,1,0.551196813583374,-1,-1,1,1,0.317278623580933
20,2,6,23,-27,27,0,0.50199556350708,1,1,-1,-1,0.301196813583374
20,2,6,24,3,3,0,0.568737745285034,-1,-1,1,1,0.25199556350708
20,2,6,25,-0,0,1,0.717151880264282,1,-1,-1,-1,0.318737745285034
20,2,6,26,27,27,0,0.568992614746094,-1,1,-1,1,0.467151880264282
20,2,6,27,-3,3,1,0.701971292495728,1,-1,1,-1,0.318992614746094
20,2,6,28,0,0,0,0.552101373672485,-1,1,-1,1,0.451971292495728
20,2,6,29,-3,3,0,0.650968790054321,1,-1,1,-1,0.302101373672485
20,2,6,30,9,9,1,0.518078088760376,-1,-1,-1,1,0.400968790054321
20,2,6,31,81,81,1,0.517161130905151,1,1,-1,-1,0.268078088760376
20,2,6,32,-81,81,0,0.552361488342285,1,1,1,1,0.267161130905151
20,2,6,33,9,9,1,0.835853815078735,-1,-1,1,1,0.302361488342285
20,2,6,34,27,27,1,0.551327228546143,1,1,-1,-1,0.585853815078735
20,2,6,35,-9,9,0,0.535724639892578,1,1,1,1,0.301327228546143
20,2,6,36,81,81,1,0.550495386123657,-1,-1,1,1,0.285724639892578
20,2,6,37,-9,9,0,0.600934982299805,1,1,-1,-1,0.300495386123657
20,2,6,38,9,9,0,0.736119985580444,-1,-1,1,1,0.350934982299805
20,2,6,39,-27,27,0,0.618893623352051,1,-1,-1,-1,0.486119985580444
20,2,6,40,27,27,1,0.734437704086304,-1,-1,-1,1,0.368893623352051
20,2,6,41,-3,3,0,0.65106463432312,1,1,-1,-1,0.484437704086304
20,2,6,42,-3,3,0,0.601108312606812,-1,-1,1,1,0.40106463432312
20,2,6,43,0,0,1,0.651936292648315,-1,-1,-1,-1,0.351108312606812
20,2,6,44,-81,81,0,0.651453971862793,1,1,-1,-1,0.401936292648315
20,2,6,45,9,9,1,0.567774295806885,-1,-1,1,1,0.401453971862793
20,2,6,46,-81,81,0,0.434670925140381,1,1,-1,-1,0.317774295806885
20,2,6,47,3,3,1,0.535804986953735,-1,-1,1,1,0.184670925140381
20,2,6,48,-9,9,0,0.551864147186279,1,1,-1,-1,0.285804986953735
20,2,6,49,27,27,1,0.583841323852539,-1,-1,1,1,0.301864147186279
20,2,6,50,-81,81,0,0.383812665939331,1,1,-1,-1,0.333841323852539
20,2,6,51,9,9,0,0.652592897415161,-1,-1,1,1,0.133812665939331
20,2,6,52,-3,3,0,0.650493621826172,1,-1,-1,-1,0.402592897415161
20,2,6,53,27,27,1,0.634428977966309,-1,-1,-1,1,0.400493621826172
20,2,6,54,-3,3,1,0.585960865020752,1,1,-1,-1,0.384428977966309
20,2,6,55,81,81,1,0.535987615585327,-1,1,1,1,0.335960865020752
20,2,6,56,-27,27,0,0.552029132843018,1,1,1,-1,0.285987615585327
20,2,6,57,3,3,1,0.58449387550354,-1,-1,1,1,0.302029132843018
20,2,6,58,-0,0,0,0.569506406784058,1,1,-1,-1,0.33449387550354
20,2,6,59,9,9,1,0.769327640533447,-1,-1,1,1,0.319506406784058
20,2,6,60,-9,9,0,0.600949287414551,1,1,-1,-1,0.519327640533447
20,2,6,61,-0,0,1,0.702929019927979,-1,-1,1,1,0.350949287414551
20,2,6,62,3,3,0,0.585252285003662,-1,1,-1,-1,0.452929019927979
20,2,6,63,81,81,1,0.501042366027832,1,-1,1,-1,0.335252285003662
20,2,6,64,-9,9,0,0.501975297927856,1,1,-1,1,0.251042366027832
20,2,6,65,27,27,1,0.667671918869019,-1,-1,1,1,0.251975297927856
20,2,6,66,3,3,0,0.569251775741577,1,1,-1,-1,0.417671918869019
20,2,6,67,-9,9,0,0.634446859359741,1,-1,1,1,0.319251775741577
20,2,6,68,27,27,1,0.517609357833862,-1,-1,-1,1,0.384446859359741
20,2,6,69,-27,27,0,0.502256393432617,1,1,-1,-1,0.267609357833862
20,2,6,70,3,3,1,0.567799806594849,-1,-1,1,1,0.252256393432617
20,2,6,71,-81,81,0,0.334567546844482,1,1,-1,-1,0.317799806594849
20,2,6,72,27,27,1,0.533927917480469,-1,-1,1,1,0.0845675468444824
20,2,6,73,-81,81,0,0.550933361053467,1,1,-1,-1,0.283927917480469
20,2,6,74,3,3,1,0.602477550506592,-1,-1,1,1,0.300933361053467
20,2,6,75,-3,3,0,0.552565574645996,1,1,-1,-1,0.352477550506592
20,2,6,76,3,3,1,0.552824974060059,-1,-1,1,1,0.302565574645996
20,2,6,77,-0,0,0,0.550514936447144,1,1,-1,-1,0.302824974060059
20,2,6,78,27,27,1,0.551031112670898,-1,-1,1,1,0.300514936447144
20,2,6,79,-27,27,1,0.667176961898804,1,1,-1,-1,0.301031112670898
20,2,6,80,0,0,1,0.752392530441284,-1,1,1,1,0.417176961898804
20,2,6,81,-9,9,0,0.518835306167603,1,1,1,-1,0.502392530441284
20,2,6,82,-9,9,0,0.534359931945801,-1,-1,1,1,0.268835306167603
20,2,6,83,3,3,1,0.50100302696228,-1,-1,-1,-1,0.284359931945801
20,2,6,84,-0,0,1,0.551548480987549,1,1,-1,-1,0.25100302696228
20,2,6,85,-9,9,0,0.567693948745728,-1,1,1,1,0.301548480987549
20,2,6,86,-9,9,0,0.535546541213989,-1,-1,1,-1,0.317693948745728
20,2,6,87,-81,81,0,0.552413940429688,-1,-1,-1,-1,0.285546541213989
20,2,6,88,27,27,0,0.819161176681519,-1,-1,-1,-1,0.302413940429688
20,2,6,89,-3,3,0,0.667834281921387,1,-1,-1,-1,0.569161176681519
20,2,6,90,9,9,0,0.850941896438599,-1,-1,-1,1,0.417834281921387
20,2,6,91,27,27,1,0.635691165924072,1,-1,-1,-1,0.600941896438599
20,2,6,92,-81,81,0,0.534284830093384,1,1,-1,1,0.385691165924072
20,2,6,93,-81,81,0,0.518909454345703,-1,-1,1,1,0.284284830093384
20,2,6,94,81,81,1,0.552441835403442,-1,-1,-1,-1,0.268909454345703
20,2,6,95,-9,9,0,0.700982809066772,1,1,-1,-1,0.302441835403442
20,2,6,96,27,27,1,0.517163038253784,-1,-1,1,1,0.450982809066772
20,2,6,97,-81,81,0,0.617601871490479,1,1,-1,-1,0.267163038253784
20,2,6,98,9,9,0,0.685001134872437,-1,-1,1,1,0.367601871490479
20,2,6,99,-81,81,0,0.55181360244751,1,-1,-1,-1,0.435001134872437
20,3,1,5,-9,9,0,0.668758153915405,1,1,1,1,0.583810806274414
20,3,1,6,-81,81,0,0.567752122879028,-1,-1,1,1,0.418758153915405
20,3,1,7,-81,81,0,0.467641592025757,-1,-1,-1,-1,0.317752122879028
20,3,1,8,27,27,1,0.552259683609009,-1,-1,-1,-1,0.217641592025757
20,3,1,9,-3,3,1,0.683871746063232,1,1,-1,-1,0.302259683609009
20,3,1,10,81,81,1,0.652485132217407,-1,1,1,1,0.433871746063232
20,3,1,11,27,27,0,0.93550181388855,1,1,1,-1,0.402485132217407
20,3,1,12,3,3,1,0.68536376953125,1,-1,1,1,0.68550181388855
20,3,1,13,3,3,0,0.767216205596924,1,1,-1,1,0.43536376953125
20,3,1,14,27,27,1,0.650560617446899,1,-1,1,1,0.517216205596924
20,3,1,15,3,3,0,0.652328968048096,1,1,-1,1,0.400560617446899
20,3,1,16,-9,9,0,0.770612478256226,1,-1,1,1,0.402328968048096
20,3,1,17,-9,9,1,0.533933877944946,-1,-1,-1,1,0.520612478256226
20,3,1,18,9,9,0,0.819024562835693,-1,1,-1,-1,0.283933877944946
20,3,1,19,3,3,1,0.635788679122925,1,-1,1,-1,0.569024562835693
20,3,1,20,3,3,1,0.636276483535767,1,1,-1,1,0.385788679122925
20,3,1,21,-9,9,1,0.601151943206787,1,1,1,1,0.386276483535767
20,3,1,22,-0,0,0,0.834852933883667,-1,1,1,1,0.351151943206787
20,3,1,23,27,27,1,0.501103639602661,-1,-1,1,-1,0.584852933883667
20,3,1,24,27,27,1,0.567170381546021,1,1,-1,-1,0.251103639602661
20,3,1,25,81,81,1,0.60162091255188,1,1,1,1,0.317170381546021
20,3,1,26,-27,27,0,0.569482564926147,1,1,1,1,0.35162091255188
20,3,1,27,-81,81,0,0.535558938980103,-1,-1,1,1,0.319482564926147
20,3,1,28,-27,27,0,0.469067811965942,-1,-1,-1,-1,0.285558938980103
20,3,1,29,-3,3,0,0.619048118591309,-1,-1,-1,-1,0.219067811965942
20,3,1,30,9,9,1,0.518905162811279,-1,-1,-1,-1,0.369048118591309
20,3,1,31,3,3,1,0.617192983627319,1,1,-1,-1,0.268905162811279
20,3,1,32,27,27,1,0.567909955978394,1,1,1,1,0.367192983627319
20,3,1,33,-0,0,1,0.617645263671875,1,1,1,1,0.317909955978394
20,3,1,34,-3,3,0,0.585918426513672,-1,1,1,1,0.367645263671875
20,3,1,35,81,81,1,0.585482597351074,-1,-1,1,-1,0.335918426513672
20,3,1,36,-3,3,1,0.550560235977173,1,1,-1,-1,0.335482597351074
20,3,1,37,3,3,0,0.600935935974121,-1,1,1,1,0.300560235977173
20,3,1,38,-27,27,0,0.66717791557312,1,-1,1,-1,0.350935935974121
20,3,1,39,-81,81,0,0.550511598587036,-1,-1,-1,1,0.41717791557312
20,3,1,40,-3,3,1,0.617203712463379,-1,-1,-1,-1,0.300511598587036
20,3,1,41,-3,3,1,0.602267742156982,-1,1,-1,-1,0.367203712463379
20,3,1,42,81,81,1,0.585217714309692,-1,1,1,-1,0.352267742156982
20,3,1,43,27,27,1,0.584364652633667,1,1,1,-1,0.335217714309692
20,3,1,44,-0,0,0,0.786055326461792,1,1,1,1,0.334364652633667
20,3,1,45,-81,81,0,0.468188285827637,-1,-1,1,1,0.536055326461792
20,3,1,46,27,27,1,0.567675828933716,-1,-1,-1,-1,0.218188285827637
20,3,1,47,-81,81,0,0.567648410797119,1,1,-1,-1,0.317675828933716
20,3,1,48,81,81,1,0.602882862091064,-1,-1,1,1,0.317648410797119
20,3,1,49,27,27,1,0.584445714950562,1,1,-1,-1,0.352882862091064
20,3,1,50,9,9,0,0.552300930023193,1,1,1,1,0.334445714950562
20,3,1,51,27,27,1,0.685305118560791,1,-1,1,1,0.302300930023193
20,3,1,52,3,3,1,0.552363395690918,1,1,-1,1,0.435305118560791
20,3,1,53,9,9,1,0.617775440216064,1,1,1,1,0.302363395690918
20,3,1,54,-81,81,0,0.48472261428833,1,1,1,1,0.367775440216064
20,3,1,55,-3,3,1,0.534313917160034,-1,-1,1,1,0.23472261428833
20,3,1,56,-81,81,0,0.401016235351562,-1,1,-1,-1,0.284313917160034
20,3,1,57,9,9,0,0.66875171661377,-1,-1,1,-1,0.151016235351562
20,3,1,58,-9,9,0,0.517783641815186,1,-1,-1,-1,0.41875171661377
20,3,1,59,-3,3,1,0.585536956787109,-1,-1,-1,1,0.267783641815186
20,3,1,60,-0,0,1,0.819437265396118,-1,1,-1,-1,0.335536956787109
20,3,1,61,-0,0,1,0.667592287063599,-1,1,1,-1,0.569437265396118
20,3,1,62,-3,3,1,0.501182079315186,-1,1,1,-1,0.417592287063599
20,3,1,63,3,3,1,0.534804344177246,-1,1,1,-1,0.251182079315186
20,3,1,64,0,0,0,0.535924196243286,1,1,1,-1,0.284804344177246
20,3,1,65,-81,81,0,0.367743492126465,1,-1,1,1,0.285924196243286
20,3,1,66,-9,9,0,0.652551889419556,-1,-1,-1,1,0.117743492126465
20,3,1,67,-27,27,0,0.451000690460205,-1,-1,-1,-1,0.402551889419556
20,3,1,68,-81,81,0,0.467663049697876,-1,-1,-1,-1,0.201000690460205
20,3,1,69,81,81,1,0.601483106613159,-1,-1,-1,-1,0.217663049697876
20,3,1,70,-81,81,0,0.35197114944458,1,1,-1,-1,0.351483106613159
20,3,1,71,-27,27,0,0.567637920379639,-1,-1,1,1,0.10197114944458
20,3,1,72,-81,81,0,0.300960779190063,-1,-1,-1,-1,0.317637920379639
20,3,1,73,27,27,1,0.767658233642578,-1,-1,-1,-1,0.0509607791900635
20,3,1,74,-9,9,0,0.567194938659668,1,1,-1,-1,0.517658233642578
20,3,1,75,9,9,0,0.551522254943848,-1,-1,1,1,0.317194938659668
20,3,1,76,-0,0,1,0.869064331054688,1,-1,-1,-1,0.301522254943848
20,3,1,77,27,27,0,0.586308002471924,-1,1,-1,1,0.619064331054688
20,3,1,78,3,3,1,0.601357936859131,1,-1,1,-1,0.336308002471924
20,3,1,79,0,0,1,0.517627239227295,1,1,-1,1,0.351357936859131
20,3,1,80,9,9,0,0.602290153503418,1,1,1,1,0.267627239227295
20,3,1,81,0,0,0,0.517620086669922,1,-1,1,1,0.352290153503418
20,3,1,82,-9,9,0,0.567178010940552,1,-1,-1,1,0.267620086669922
20,3,1,83,27,27,1,0.51769495010376,-1,-1,-1,1,0.317178010940552
20,3,1,84,27,27,1,0.601751327514648,1,1,-1,-1,0.26769495010376
20,3,1,85,-9,9,1,0.600527763366699,1,1,1,1,0.351751327514648
20,3,1,86,-81,81,0,0.453016042709351,-1,1,1,1,0.350527763366699
20,3,1,87,9,9,1,0.551344156265259,-1,-1,1,-1,0.203016042709351
20,3,1,88,-3,3,0,0.669160604476929,1,1,-1,-1,0.301344156265259
20,3,1,89,-27,27,0,0.551261186599731,-1,-1,1,1,0.419160604476929
20,3,1,90,-9,9,0,0.583829402923584,-1,-1,-1,-1,0.301261186599731
20,3,1,91,27,27,0,0.584388732910156,-1,-1,-1,-1,0.333829402923584
20,3,1,92,27,27,1,0.569218158721924,1,-1,-1,-1,0.334388732910156
20,3,1,93,0,0,1,0.519342184066772,1,1,-1,1,0.319218158721924
20,3,1,94,9,9,0,0.468716859817505,1,1,1,1,0.269342184066772
20,3,1,95,3,3,1,0.685956954956055,1,-1,1,1,0.218716859817505
20,3,1,96,81,81,1,0.519298076629639,1,1,-1,1,0.435956954956055
20,3,1,97,9,9,1,0.617220401763916,1,1,1,1,0.269298076629639
20,3,1,98,-9,9,1,0.585464477539062,1,1,1,1,0.367220401763916
20,3,1,99,0,0,0,0.550509691238403,-1,1,1,1,0.335464477539062
20,3,2,4,0,0,1,0.484498262405396,1,1,-1,-1,0.367165803909302
20,3,2,5,-3,3,1,0.5009605884552,1,1,1,1,0.234498262405396
20,3,2,6,9,9,0,0.502185106277466,-1,1,1,1,0.2509605884552
20,3,2,7,-27,27,0,0.569116592407227,1,-1,1,-1,0.252185106277466
20,3,2,8,9,9,0,0.919386148452759,-1,-1,-1,1,0.319116592407227
20,3,2,9,-9,9,1,0.4190514087677,1,-1,-1,-1,0.669386148452759
20,3,2,10,9,9,0,0.535162448883057,-1,1,-1,1,0.1690514087677
20,3,2,11,-3,3,1,0.502720594406128,1,-1,1,-1,0.285162448883057
20,3,2,12,81,81,1,0.502145051956177,-1,1,-1,1,0.252720594406128
20,3,2,13,-9,9,1,0.501980304718018,1,1,1,-1,0.252145051956177
20,3,2,14,9,9,0,0.585277795791626,-1,1,1,1,0.251980304718018
20,3,2,15,-9,9,0,0.502508878707886,1,-1,1,-1,0.335277795791626
20,3,2,16,-27,27,0,0.401070594787598,-1,-1,-1,1,0.252508878707886
20,3,2,17,27,27,1,0.552634716033936,-1,-1,-1,-1,0.151070594787598
20,3,2,18,-27,27,0,0.485233783721924,1,1,-1,-1,0.302634716033936
20,3,2,19,81,81,1,0.551578760147095,-1,-1,1,1,0.235233783721924
20,3,2,20,-3,3,0,0.600998640060425,1,1,-1,-1,0.301578760147095
20,3,2,21,-81,81,0,0.533875465393066,-1,-1,1,1,0.350998640060425
20,3,2,22,81,81,1,0.502433776855469,-1,-1,-1,-1,0.283875465393066
20,3,2,23,-9,9,0,0.519166946411133,1,1,-1,-1,0.252433776855469
20,3,2,24,-3,3,1,0.635810136795044,-1,-1,1,1,0.269166946411133
20,3,2,25,-3,3,1,0.502050161361694,-1,1,-1,-1,0.385810136795044
20,3,2,26,-9,9,0,0.535459280014038,-1,1,1,-1,0.252050161361694
20,3,2,27,3,3,1,0.550495386123657,-1,-1,1,-1,0.285459280014038
20,3,2,28,-81,81,0,0.535940885543823,1,1,-1,-1,0.300495386123657
20,3,2,29,-0,0,1,0.602603673934937,-1,-1,1,1,0.285940885543823
20,3,2,30,-3,3,1,0.602597713470459,-1,1,-1,-1,0.352603673934937
20,3,2,31,81,81,1,0.60225248336792,-1,1,1,-1,0.352597713470459
20,3,2,32,-27,27,0,0.583876132965088,1,1,1,-1,0.35225248336792
20,3,2,33,0,0,1,0.585739135742188,-1,-1,1,1,0.333876132965088
20,3,2,34,-9,9,0,0.485061168670654,1,1,-1,-1,0.335739135742188
20,3,2,35,27,27,1,0.535320997238159,-1,-1,1,1,0.235061168670654
20,3,2,36,3,3,1,0.552662372589111,1,1,-1,-1,0.285320997238159
20,3,2,37,-81,81,0,0.500972509384155,1,1,1,1,0.302662372589111
20,3,2,38,81,81,1,0.501262903213501,-1,-1,1,1,0.250972509384155
20,3,2,39,0,0,0,0.63427996635437,1,1,-1,-1,0.251262903213501
20,3,2,40,-9,9,1,0.602887630462646,1,-1,1,1,0.38427996635437
20,3,2,41,81,81,1,0.551370143890381,-1,1,-1,1,0.352887630462646
20,3,2,42,-27,27,0,0.502885103225708,1,1,1,-1,0.301370143890381
20,3,2,43,81,81,1,0.585803031921387,-1,-1,1,1,0.252885103225708
20,3,2,44,-27,27,0,0.702115535736084,1,1,-1,-1,0.335803031921387
20,3,2,45,-3,3,0,0.751069307327271,-1,-1,1,1,0.452115535736084
20,3,2,46,3,3,1,0.567649364471436,-1,-1,-1,-1,0.501069307327271
20,3,2,47,-3,3,1,0.768791913986206,1,1,-1,-1,0.317649364471436
20,3,2,48,-27,27,0,0.533821821212769,-1,1,1,1,0.518791913986206
20,3,2,49,3,3,1,0.635751724243164,-1,-1,1,-1,0.283821821212769
20,3,2,50,27,27,1,0.652462959289551,1,1,-1,-1,0.385751724243164
20,3,2,51,9,9,0,0.567170381546021,1,1,1,1,0.402462959289551
20,3,2,52,-3,3,1,0.567674398422241,1,-1,1,1,0.317170381546021
20,3,2,53,27,27,1,0.519086122512817,-1,1,-1,1,0.317674398422241
20,3,2,54,-9,9,0,0.552216053009033,1,1,1,-1,0.269086122512817
20,3,2,55,81,81,1,0.652591943740845,-1,-1,1,1,0.302216053009033
20,3,2,56,-0,0,0,0.602491855621338,1,1,-1,-1,0.402591943740845
20,3,2,57,9,9,1,0.784442186355591,-1,-1,1,1,0.352491855621338
20,3,2,58,-3,3,0,0.51917576789856,1,1,-1,-1,0.534442186355591
20,3,2,59,9,9,1,0.502516031265259,-1,-1,1,1,0.26917576789856
20,3,2,60,-27,27,0,0.484275341033936,1,1,-1,-1,0.252516031265259
20,3,2,61,9,9,1,0.619633913040161,-1,-1,1,1,0.234275341033936
20,3,2,62,-9,9,1,0.535353183746338,1,1,-1,-1,0.369633913040161
20,3,2,63,0,0,0,0.75099778175354,-1,1,1,1,0.285353183746338
20,3,2,64,-81,81,0,0.535418272018433,1,-1,1,-1,0.50099778175354
20,3,2,65,-81,81,0,0.36890721321106,-1,-1,-1,1,0.285418272018433
20,3,2,66,81,81,1,0.469402074813843,-1,-1,-1,-1,0.11890721321106
20,3,2,67,-9,9,0,0.517220020294189,1,1,-1,-1,0.219402074813843
20,3,2,68,27,27,1,0.534590005874634,-1,-1,1,1,0.267220020294189
20,3,2,69,-3,3,0,0.534268856048584,1,1,-1,-1,0.284590005874634
20,3,2,70,-81,81,0,0.502111911773682,-1,-1,1,1,0.284268856048584
20,3,2,71,0,0,0,1.15053963661194,-1,-1,-1,-1,0.252111911773682
20,3,2,75,-27,27,0,0.550526142120361,1,-1,-1,1,0.467620849609375
20,3,2,76,-27,27,0,0.635257005691528,-1,-1,-1,1,0.300526142120361
20,3,2,77,3,3,1,0.50116491317749,-1,-1,-1,-1,0.385257005691528
20,3,2,78,-9,9,0,0.519880056381226,1,1,-1,-1,0.25116491317749
20,3,2,79,81,81,1,0.50094199180603,-1,-1,1,1,0.269880056381226
20,3,2,80,-3,3,0,0.618650913238525,1,1,-1,-1,0.25094199180603
20,3,2,81,9,9,1,0.551104068756104,-1,-1,1,1,0.368650913238525
20,3,2,82,-81,81,0,0.53564977645874,1,1,-1,-1,0.301104068756104
20,3,2,83,0,0,0,0.717871189117432,-1,-1,1,1,0.28564977645874
20,3,2,84,-81,81,0,0.535823822021484,1,-1,-1,-1,0.467871189117432
20,3,2,85,0,0,0,0.65095329284668,-1,-1,-1,1,0.285823822021484
20,3,2,86,27,27,1,0.518644094467163,1,-1,-1,-1,0.40095329284668
20,3,2,87,9,9,0,0.519314289093018,1,1,-1,1,0.268644094467163
20,3,2,88,-9,9,0,0.534321308135986,1,-1,1,1,0.269314289093018
20,3,2,89,3,3,0,0.500470638275146,-1,-1,-1,1,0.284321308135986
20,3,2,90,-81,81,0,0.50099778175354,1,-1,-1,-1,0.250470638275146
20,3,2,91,-27,27,0,0.51763916015625,-1,-1,-1,1,0.25099778175354
20,3,2,92,81,81,1,0.517723560333252,-1,-1,-1,-1,0.26763916015625
20,3,2,93,-81,81,0,0.552933931350708,1,1,-1,-1,0.267723560333252
20,3,2,94,0,0,0,0.634867429733276,-1,-1,1,1,0.302933931350708
20,3,2,95,-81,81,0,0.468683242797852,1,-1,-1,-1,0.384867429733276
20,3,2,96,27,27,1,0.5677170753479,-1,-1,-1,1,0.218683242797852
20,3,2,97,-27,27,0,0.635603427886963,1,1,-1,-1,0.3177170753479
20,3,2,98,-27,27,0,0.51923680305481,-1,-1,1,1,0.385603427886963
20,3,2,99,27,27,1,0.517697334289551,-1,-1,-1,-1,0.26923680305481
20,3,3,2,-27,27,0,0.584842443466187,1,-1,-1,1,0.502999782562256
20,3,3,3,-9,9,0,0.569491147994995,-1,-1,-1,1,0.334842443466187
20,3,3,4,9,9,0,0.602737665176392,-1,-1,-1,-1,0.319491147994995
20,3,3,5,9,9,1,0.818916082382202,1,-1,-1,-1,0.352737665176392
20,3,3,6,3,3,1,0.719398975372314,1,1,-1,1,0.568916082382202
20,3,3,7,-27,27,0,0.601226329803467,1,1,1,1,0.469398975372314
20,3,3,8,-3,3,0,0.51762866973877,-1,-1,1,1,0.351226329803467
20,3,3,9,-0,0,0,0.534868955612183,-1,-1,-1,-1,0.26762866973877
20,3,3,10,-3,3,0,0.601101875305176,-1,-1,-1,-1,0.284868955612183
20,3,3,11,27,27,1,0.60210919380188,-1,-1,-1,-1,0.351101875305176
20,3,3,12,-27,27,0,0.533848285675049,1,1,-1,-1,0.35210919380188
20,3,3,13,27,27,1,0.584617137908936,-1,-1,1,1,0.283848285675049
20,3,3,14,-27,27,0,0.534339904785156,1,1,-1,-1,0.334617137908936
20,3,3,15,27,27,1,0.752180337905884,-1,-1,1,1,0.284339904785156
20,3,3,16,-81,81,0,0.567665576934814,1,1,-1,-1,0.502180337905884
20,3,3,17,-3,3,0,0.984449148178101,-1,-1,1,1,0.317665576934814
20,3,3,18,-9,9,0,0.517644882202148,-1,-1,-1,-1,0.734449148178101
20,3,3,19,27,27,1,0.517187833786011,-1,-1,-1,-1,0.267644882202148
20,3,3,20,-81,81,0,0.567208051681519,1,1,-1,-1,0.267187833786011
20,3,3,21,-81,81,0,0.518840789794922,-1,-1,1,1,0.317208051681519
20,3,3,22,9,9,1,0.635008573532104,-1,-1,-1,-1,0.268840789794922
20,3,3,23,-9,9,1,0.584443807601929,1,1,-1,-1,0.385008573532104
20,3,3,24,27,27,1,0.635830163955688,-1,1,1,1,0.334443807601929
20,3,3,25,-27,27,1,0.60097599029541,1,1,1,-1,0.385830163955688
20,3,3,26,9,9,0,0.800498247146606,-1,1,1,1,0.35097599029541
20,3,3,27,3,3,1,0.701466083526611,1,-1,1,-1,0.550498247146606
20,3,3,28,-9,9,0,0.767606019973755,1,1,-1,1,0.451466083526611
20,3,3,29,27,27,1,0.752304315567017,-1,-1,1,1,0.517606019973755
20,3,3,30,27,27,1,0.567622423171997,1,1,-1,-1,0.502304315567017
20,3,3,31,9,9,1,0.569455146789551,1,1,1,1,0.317622423171997
20,3,3,32,-9,9,0,0.617660760879517,1,1,1,1,0.319455146789551
20,3,3,36,-81,81,0,0.584316968917847,1,1,1,1,0.618594169616699
20,3,3,37,-27,27,0,0.584890127182007,-1,-1,1,1,0.334316968917847
20,3,3,38,81,81,1,0.651103258132935,-1,-1,-1,-1,0.334890127182007
20,3,3,39,27,27,1,0.617188930511475,1,1,-1,-1,0.401103258132935
20,3,3,40,0,0,1,0.551385402679443,1,1,1,1,0.367188930511475
20,3,3,41,-3,3,1,0.55246114730835,1,1,1,1,0.301385402679443
20,3,3,42,0,0,0,0.834296226501465,-1,1,1,1,0.30246114730835
20,3,3,43,27,27,1,0.784433126449585,1,-1,1,-1,0.584296226501465
20,3,3,44,-27,27,0,0.602829933166504,1,1,-1,1,0.534433126449585
20,3,3,45,-9,9,1,0.852699756622314,-1,-1,1,1,0.352829933166504
20,3,3,46,-3,3,0,0.767765522003174,-1,1,-1,-1,0.602699756622314
20,3,3,47,81,81,1,0.586463928222656,-1,-1,1,-1,0.517765522003174
20,3,3,48,9,9,1,0.735164165496826,1,1,-1,-1,0.336463928222656
20,3,3,49,-27,27,0,0.61909008026123,1,1,1,1,0.485164165496826
20,3,3,50,-81,81,0,0.602455139160156,-1,-1,1,1,0.36909008026123
20,3,3,51,-27,27,0,0.550992012023926,-1,-1,-1,-1,0.352455139160156
20,3,3,52,9,9,0,0.635140419006348,-1,-1,-1,-1,0.300992012023926
20,3,3,53,81,81,1,0.635460138320923,1,-1,-1,-1,0.385140419006348
20,3,3,54,-81,81,0,0.517668724060059,1,1,-1,1,0.385460138320923
20,3,3,55,-81,81,0,0.569199800491333,-1,-1,1,1,0.267668724060059
20,3,3,56,81,81,1,0.585419654846191,-1,-1,-1,-1,0.319199800491333
20,3,3,57,3,3,0,0.702018022537231,1,1,-1,-1,0.335419654846191
20,3,3,58,81,81,1,0.801007509231567,1,-1,1,1,0.452018022537231
20,3,3,59,-3,3,1,0.851823091506958,1,1,-1,1,0.551007509231567
20,3,3,60,-0,0,1,1.10103392601013,-1,1,1,1,0.601823091506958
20,3,3,61,3,3,0,0.652309417724609,-1,1,1,-1,0.851033926010132
20,3,3,62,81,81,1,0.617940187454224,1,-1,1,-1,0.402309417724609
20,3,3,63,9,9,0,0.6683189868927,1,1,-1,1,0.367940187454224
20,3,3,64,-27,27,0,0.567829847335815,1,-1,1,1,0.4183189868927
20,3,3,65,-0,0,1,0.668867826461792,-1,-1,-1,1,0.317829847335815
20,3,3,66,-27,27,0,0.568673133850098,-1,1,-1,-1,0.418867826461792
20,3,3,67,9,9,1,0.535548210144043,-1,-1,1,-1,0.318673133850098
20,3,3,68,-27,27,0,0.634478092193604,1,1,-1,-1,0.285548210144043
20,3,3,69,3,3,0,0.768632888793945,-1,-1,1,1,0.384478092193604
20,3,3,70,-9,9,0,0.601710319519043,1,-1,-1,-1,0.518632888793945
20,3,3,71,81,81,1,0.602185487747192,-1,-1,-1,1,0.351710319519043
20,3,3,72,-9,9,1,0.684316158294678,1,1,-1,-1,0.352185487747192
20,3,3,73,-0,0,0,1.05047297477722,-1,1,1,1,0.434316158294678
20,3,3,74,3,3,0,0.719238042831421,-1,-1,1,-1,0.800472974777222
20,3,3,75,0,0,1,0.685410976409912,1,-1,-1,-1,0.469238042831421
20,3,3,76,-81,81,0,0.651933193206787,1,1,-1,1,0.435410976409912
20,3,3,77,-9,9,0,0.634456634521484,-1,-1,1,1,0.401933193206787
20,3,3,78,-9,9,0,0.536353349685669,-1,-1,-1,-1,0.384456634521484
20,3,3,79,-3,3,1,0.501723527908325,-1,-1,-1,-1,0.286353349685669
20,3,3,80,-3,3,1,0.768918991088867,-1,1,-1,-1,0.251723527908325
20,3,3,81,-3,3,1,0.684293985366821,-1,1,1,-1,0.518918991088867
20,3,3,82,-0,0,0,0.651224374771118,-1,1,1,-1,0.434293985366821
20,3,3,83,9,9,0,0.584609031677246,-1,-1,1,-1,0.401224374771118
20,3,3,84,-81,81,0,0.552539348602295,1,-1,-1,-1,0.334609031677246
20,3,3,85,-3,3,1,0.667670249938965,-1,-1,-1,1,0.302539348602295
20,3,3,86,-81,81,0,0.435618162155151,-1,1,-1,-1,0.417670249938965
20,3,3,87,3,3,0,0.667652130126953,-1,-1,1,-1,0.185618162155151
20,3,3,88,81,81,1,0.584798336029053,1,-1,-1,-1,0.417652130126953
20,3,3,89,81,81,1,0.569376468658447,1,1,-1,1,0.334798336029053
20,3,3,90,-3,3,0,0.634527921676636,1,1,1,1,0.319376468658447
20,3,3,91,-27,27,0,0.50243091583252,-1,-1,1,1,0.384527921676636
20,3,3,92,81,81,1,0.717158794403076,-1,-1,-1,-1,0.25243091583252
20,3,3,93,-0,0,0,0.617673873901367,1,1,-1,-1,0.467158794403076
20,3,3,94,-81,81,0,0.567759037017822,-1,-1,1,1,0.367673873901367
20,3,3,95,9,9,0,0.569442749023438,-1,-1,-1,-1,0.317759037017822
20,3,3,96,0,0,0,0.552459239959717,1,-1,-1,-1,0.319442749023438
20,3,3,97,-3,3,0,0.619479894638062,1,-1,-1,1,0.302459239959717
20,3,3,98,3,3,1,0.684486865997314,-1,-1,-1,1,0.369479894638062
20,3,3,99,3,3,0,0.65276026725769,1,1,-1,-1,0.434486865997314
20,3,4,2,-0,0,1,0.769264936447144,-1,-1,1,1,0.768922805786133
20,3,4,3,-9,9,0,0.535211801528931,-1,1,-1,-1,0.519264936447144
20,3,4,4,-3,3,0,0.585509061813354,-1,-1,1,-1,0.285211801528931
20,3,4,5,9,9,1,0.552202463150024,-1,-1,-1,-1,0.335509061813354
20,3,4,6,3,3,0,0.552069902420044,1,1,-1,-1,0.302202463150024
20,3,4,7,81,81,1,0.651137351989746,1,-1,1,1,0.302069902420044
20,3,4,8,-27,27,0,0.417611360549927,1,1,-1,1,0.401137351989746
20,3,4,9,-81,81,0,0.403290748596191,-1,-1,1,1,0.167611360549927
20,3,4,10,-81,81,0,0.568653106689453,-1,-1,-1,-1,0.153290748596191
20,3,4,11,-27,27,0,0.552355289459229,-1,-1,-1,-1,0.318653106689453
20,3,4,12,3,3,1,0.533865928649902,-1,-1,-1,-1,0.302355289459229
20,3,4,13,-3,3,1,0.584314823150635,1,1,-1,-1,0.283865928649902
20,3,4,14,-3,3,1,0.719133377075195,-1,1,1,1,0.334314823150635
20,3,4,15,-27,27,0,0.56719183921814,-1,1,1,-1,0.469133377075195
20,3,4,16,-3,3,0,0.586156845092773,-1,-1,1,-1,0.31719183921814
20,3,4,17,-9,9,0,0.585327863693237,-1,-1,-1,-1,0.336156845092773
20,3,4,18,-3,3,0,0.552398443222046,-1,-1,-1,-1,0.335327863693237
20,3,4,19,9,9,0,0.535619735717773,-1,-1,-1,-1,0.302398443222046
20,3,4,20,3,3,1,0.63539457321167,1,-1,-1,-1,0.285619735717773
20,3,4,21,27,27,1,0.701065540313721,1,1,-1,1,0.38539457321167
20,3,4,22,81,81,1,0.517841815948486,1,1,1,1,0.451065540313721
20,3,4,23,27,27,1,0.551813125610352,1,1,1,1,0.267841815948486
20,3,4,24,0,0,0,0.484338760375977,1,1,1,1,0.301813125610352
20,3,4,25,81,81,1,0.902758836746216,1,-1,1,1,0.234338760375977
20,3,4,26,9,9,1,0.55049991607666,1,1,-1,1,0.652758836746216
20,3,4,27,9,9,0,0.619223117828369,1,1,1,1,0.30049991607666
20,3,4,28,9,9,1,0.552517890930176,1,-1,1,1,0.369223117828369
20,3,4,29,81,81,1,0.535268306732178,1,1,-1,1,0.302517890930176
20,3,4,30,3,3,1,0.551839351654053,1,1,1,1,0.285268306732178
20,3,4,31,81,81,1,0.51933217048645,1,1,1,1,0.301839351654053
20,3,4,32,3,3,1,0.651793956756592,1,1,1,1,0.26933217048645
20,3,4,33,81,81,1,0.502234220504761,1,1,1,1,0.401793956756592
20,3,4,34,27,27,1,0.534895420074463,1,1,1,1,0.252234220504761
20,3,4,35,27,27,1,0.551022291183472,1,1,1,1,0.284895420074463
20,3,4,36,0,0,1,0.568063974380493,1,1,1,1,0.301022291183472
20,3,4,37,-81,81,0,0.484350919723511,1,1,1,1,0.318063974380493
20,3,4,38,27,27,1,0.568461894989014,-1,-1,1,1,0.234350919723511
20,3,4,39,9,9,0,0.602644205093384,1,1,-1,-1,0.318461894989014
20,3,4,40,9,9,0,0.602641582489014,1,-1,1,1,0.352644205093384
20,3,4,41,0,0,1,0.601356506347656,1,-1,-1,1,0.352641582489014
20,3,4,42,3,3,1,0.701518774032593,1,1,-1,1,0.351356506347656
20,3,4,43,-3,3,1,0.668919801712036,1,1,1,1,0.451518774032593
20,3,4,44,3,3,0,0.584300994873047,-1,1,1,1,0.418919801712036
20,3,4,45,9,9,1,0.900986909866333,1,-1,1,-1,0.334300994873047
20,3,4,46,27,27,1,0.602294683456421,1,1,-1,1,0.650986909866333
20,3,4,47,9,9,1,0.569243669509888,1,1,1,1,0.352294683456421
20,3,4,48,81,81,1,0.500969171524048,1,1,1,1,0.319243669509888
20,3,4,49,3,3,0,0.534305095672607,1,1,1,1,0.250969171524048
20,3,4,50,0,0,0,0.652542591094971,1,-1,1,1,0.284305095672607
20,3,4,51,0,0,1,0.634871244430542,1,-1,-1,1,0.402542591094971
20,3,4,52,81,81,1,0.585873365402222,1,1,-1,1,0.384871244430542
20,3,4,53,0,0,0,0.533851146697998,1,1,1,1,0.335873365402222
20,3,4,54,27,27,1,0.552449941635132,1,-1,1,1,0.283851146697998
20,3,4,55,81,81,1,0.569409847259521,1,1,-1,1,0.302449941635132
20,3,4,56,9,9,0,0.567604064941406,1,1,1,1,0.319409847259521
20,3,4,57,27,27,1,0.533849477767944,1,-1,1,1,0.317604064941406
20,3,4,58,3,3,1,0.601005554199219,1,1,-1,1,0.283849477767944
20,3,4,59,-81,81,0,0.517180681228638,1,1,1,1,0.351005554199219
20,3,4,60,-0,0,1,0.767645120620728,-1,-1,1,1,0.267180681228638
20,3,4,61,81,81,1,0.652458906173706,-1,1,-1,-1,0.517645120620728
20,3,4,62,27,27,0,0.836052179336548,1,1,1,-1,0.402458906173706
20,3,4,63,9,9,1,0.569159269332886,1,-1,1,1,0.586052179336548
20,3,4,64,-27,27,0,0.73583984375,1,1,-1,1,0.319159269332886
20,3,4,65,-3,3,0,0.519345045089722,-1,-1,1,1,0.48583984375
20,3,4,66,-27,27,0,0.467612028121948,-1,-1,-1,-1,0.269345045089722
20,3,4,67,-27,27,0,0.534487009048462,-1,-1,-1,-1,0.217612028121948
20,3,4,68,-9,9,0,0.568100452423096,-1,-1,-1,-1,0.284487009048462
20,3,4,69,-27,27,0,0.635516405105591,-1,-1,-1,-1,0.318100452423096
20,3,4,70,-0,0,1,0.617205858230591,-1,-1,-1,-1,0.385516405105591
20,3,4,71,-81,81,0,0.551077127456665,-1,1,-1,-1,0.367205858230591
20,3,4,72,-9,9,0,0.650948524475098,-1,-1,1,-1,0.301077127456665
20,3,4,73,-9,9,0,0.551095962524414,-1,-1,-1,-1,0.400948524475098
20,3,4,74,-81,81,0,0.51721453666687,-1,-1,-1,-1,0.301095962524414
20,3,4,75,-81,81,0,0.518493890762329,-1,-1,-1,-1,0.26721453666687
20,3,4,76,-81,81,0,0.535780668258667,-1,-1,-1,-1,0.268493890762329
20,3,4,77,-9,9,0,0.550477743148804,-1,-1,-1,-1,0.285780668258667
20,3,4,78,81,81,1,0.651747226715088,-1,-1,-1,-1,0.300477743148804
20,3,4,79,-3,3,1,0.683802127838135,1,1,-1,-1,0.401747226715088
20,3,4,80,-27,27,0,0.384891033172607,-1,1,1,1,0.433802127838135
20,3,4,81,-27,27,0,0.734456300735474,-1,-1,1,-1,0.134891033172607
20,3,4,82,-9,9,0,0.519014358520508,-1,-1,-1,-1,0.484456300735474
20,3,4,83,-9,9,0,0.65209436416626,-1,-1,-1,-1,0.269014358520508
20,3,4,84,-81,81,0,0.501056909561157,-1,-1,-1,-1,0.40209436416626
20,3,4,85,-0,0,0,0.602437019348145,-1,-1,-1,-1,0.251056909561157
20,3,4,86,-27,27,0,0.550950527191162,-1,-1,-1,-1,0.352437019348145
20,3,4,87,-81,81,0,0.500961065292358,-1,-1,-1,-1,0.300950527191162
20,3,4,88,-3,3,1,0.65268611907959,-1,-1,-1,-1,0.250961065292358
20,3,4,89,27,27,1,0.669419050216675,-1,1,-1,-1,0.40268611907959
20,3,4,90,9,9,1,0.585626125335693,1,1,1,-1,0.419419050216675
20,3,4,91,9,9,1,0.801914930343628,1,1,1,1,0.335626125335693
20,3,4,92,3,3,0,0.635975360870361,1,1,1,1,0.551914930343628
20,3,4,93,3,3,0,0.73429536819458,1,-1,1,1,0.385975360870361
20,3,4,94,3,3,1,0.619178771972656,1,-1,-1,1,0.48429536819458
20,3,4,95,0,0,1,0.719366073608398,1,1,-1,1,0.369178771972656
20,3,4,96,3,3,1,0.584405183792114,1,1,1,1,0.469366073608398
20,3,4,97,9,9,1,0.569231271743774,1,1,1,1,0.334405183792114
20,3,4,98,27,27,1,0.551008224487305,1,1,1,1,0.319231271743774
20,3,4,99,81,81,1,0.501728057861328,1,1,1,1,0.301008224487305
20,3,5,2,3,3,0,0.901041984558105,-1,1,1,-1,0.785596370697021
20,3,5,3,3,3,0,0.66875433921814,1,-1,1,-1,0.651041984558105
20,3,5,4,-3,3,1,0.586117267608643,1,-1,-1,1,0.41875433921814
20,3,5,5,-81,81,0,0.568930625915527,-1,1,-1,1,0.336117267608643
20,3,5,6,-9,9,0,0.552718877792358,-1,-1,1,-1,0.318930625915527
20,3,5,7,27,27,1,0.517155408859253,-1,-1,-1,-1,0.302718877792358
20,3,5,8,81,81,1,0.534335374832153,1,1,-1,-1,0.267155408859253
20,3,5,9,-81,81,0,0.48584508895874,1,1,1,1,0.284335374832153
20,3,5,10,27,27,1,0.75095534324646,-1,-1,1,1,0.23584508895874
20,3,5,11,-81,81,0,0.717180013656616,1,1,-1,-1,0.50095534324646
20,3,5,12,27,27,1,0.569392681121826,-1,-1,1,1,0.467180013656616
20,3,5,13,-81,81,0,0.602333784103394,1,1,-1,-1,0.319392681121826
20,3,5,14,0,0,1,0.819114685058594,-1,-1,1,1,0.352333784103394
20,3,5,15,-27,27,0,0.61721396446228,1,1,-1,-1,0.569114685058594
20,3,5,16,9,9,1,0.769497394561768,-1,-1,1,1,0.36721396446228
20,3,5,17,-3,3,0,0.567777872085571,1,1,-1,-1,0.519497394561768
20,3,5,18,3,3,1,0.55205225944519,-1,-1,1,1,0.317777872085571
20,3,5,19,-0,0,1,0.968966722488403,1,1,-1,-1,0.30205225944519
20,3,5,20,0,0,1,0.9509437084198,-1,1,1,1,0.718966722488403
20,3,5,21,-81,81,0,0.500952243804932,1,1,1,-1,0.7009437084198
20,3,5,22,9,9,0,0.768480062484741,-1,-1,1,1,0.250952243804932
20,3,5,23,-81,81,0,0.451770305633545,1,-1,-1,-1,0.518480062484741
20,3,5,24,81,81,1,0.351242780685425,-1,-1,-1,1,0.201770305633545
20,3,5,25,-81,81,0,0.485832452774048,1,1,-1,-1,0.101242780685425
20,3,5,26,3,3,0,0.71766209602356,-1,-1,1,1,0.235832452774048
20,3,5,27,-3,3,0,0.584370136260986,1,-1,-1,-1,0.46766209602356
20,3,5,28,9,9,1,0.585348606109619,-1,-1,-1,1,0.334370136260986
20,3,5,29,-3,3,0,0.619096279144287,1,1,-1,-1,0.335348606109619
20,3,5,30,9,9,0,0.552795886993408,-1,-1,1,1,0.369096279144287
20,3,5,31,-27,27,0,0.550498723983765,1,-1,-1,-1,0.302795886993408
20,3,5,32,3,3,1,0.567207336425781,-1,-1,-1,1,0.300498723983765
20,3,5,33,-81,81,0,0.50093674659729,1,1,-1,-1,0.317207336425781
20,3,5,34,9,9,1,0.518878936767578,-1,-1,1,1,0.25093674659729
20,3,5,35,-9,9,0,0.617798089981079,1,1,-1,-1,0.268878936767578
20,3,5,36,-9,9,1,0.584369421005249,-1,-1,1,1,0.367798089981079
20,3,5,37,-81,81,0,0.501002311706543,-1,1,-1,-1,0.334369421005249
20,3,5,38,27,27,1,0.567842245101929,-1,-1,1,-1,0.251002311706543
20,3,5,39,-9,9,0,0.533816337585449,1,1,-1,-1,0.317842245101929
20,3,5,40,81,81,1,0.53518009185791,-1,-1,1,1,0.283816337585449
20,3,5,41,-81,81,0,0.501167058944702,1,1,-1,-1,0.28518009185791
20,3,5,42,-81,81,0,0.502167463302612,-1,-1,1,1,0.251167058944702
20,3,5,43,0,0,1,0.617644071578979,-1,-1,-1,-1,0.252167463302612
20,3,5,44,3,3,0,0.536079168319702,1,1,-1,-1,0.367644071578979
20,3,5,45,-0,0,1,0.635500192642212,1,-1,1,1,0.286079168319702
20,3,5,46,3,3,0,0.600959777832031,-1,1,-1,1,0.385500192642212
20,3,5,47,-81,81,0,0.517963171005249,1,-1,1,-1,0.350959777832031
20,3,5,48,27,27,1,0.568662881851196,-1,-1,-1,1,0.267963171005249
20,3,5,49,27,27,1,0.701000213623047,1,1,-1,-1,0.318662881851196
20,3,5,50,-9,9,0,0.652693271636963,1,1,1,1,0.451000213623047
20,3,5,51,27,27,1,0.517634153366089,-1,-1,1,1,0.402693271636963
20,3,5,52,-3,3,1,0.635667562484741,1,1,-1,-1,0.267634153366089
20,3,5,53,-3,3,0,0.550933122634888,-1,1,1,1,0.385667562484741
20,3,5,54,-0,0,1,0.651671648025513,-1,-1,1,-1,0.300933122634888
20,3,5,55,81,81,1,0.80106520652771,-1,1,-1,-1,0.401671648025513
20,3,5,56,3,3,1,0.650997161865234,1,1,1,-1,0.55106520652771
20,3,5,57,-0,0,0,0.619327068328857,1,1,1,1,0.400997161865234
20,3,5,58,-3,3,0,0.618917942047119,-1,-1,1,1,0.369327068328857
20,3,5,59,-81,81,0,0.469300746917725,-1,-1,-1,-1,0.368917942047119
20,3,5,60,81,81,1,0.501025915145874,-1,-1,-1,-1,0.219300746917725
20,3,5,61,-0,0,0,0.469440698623657,1,1,-1,-1,0.251025915145874
20,3,5,62,27,27,1,0.718782901763916,-1,-1,1,1,0.219440698623657
20,3,5,63,-3,3,1,0.53431510925293,1,1,-1,-1,0.468782901763916
20,3,5,64,27,27,1,0.634424448013306,-1,1,1,1,0.28431510925293
20,3,5,65,-27,27,0,0.517834424972534,1,1,1,-1,0.384424448013306
20,3,5,66,-9,9,0,0.500984668731689,-1,-1,1,1,0.267834424972534
20,3,5,67,27,27,1,0.55263090133667,-1,-1,-1,-1,0.250984668731689
20,3,5,68,81,81,1,0.568632125854492,1,1,-1,-1,0.30263090133667
20,3,5,69,9,9,1,0.567614078521729,1,1,1,1,0.318632125854492
20,3,5,70,-27,27,0,0.550486087799072,1,1,1,1,0.317614078521729
20,3,5,71,-27,27,0,0.519112825393677,-1,-1,1,1,0.300486087799072
20,3,5,72,3,3,1,0.55107307434082,-1,-1,-1,-1,0.269112825393677
20,3,5,73,-27,27,0,0.534830331802368,1,1,-1,-1,0.30107307434082
20,3,5,74,27,27,1,0.519333839416504,-1,-1,1,1,0.284830331802368
20,3,5,75,-27,27,0,0.502302646636963,1,1,-1,-1,0.269333839416504
20,3,5,76,3,3,1,0.567930221557617,-1,-1,1,1,0.252302646636963
20,3,5,77,-3,3,0,0.534294605255127,1,1,-1,-1,0.317930221557617
20,3,5,78,9,9,1,0.569266319274902,-1,-1,1,1,0.284294605255127
20,3,5,79,9,9,0,0.567204713821411,1,1,-1,-1,0.319266319274902
20,3,5,80,-81,81,0,0.51764988899231,1,-1,1,1,0.317204713821411
20,3,5,81,9,9,1,0.868249654769897,-1,-1,-1,1,0.26764988899231
20,3,5,82,-27,27,0,0.568830966949463,1,1,-1,-1,0.618249654769897
20,3,5,83,3,3,1,0.586037158966064,-1,-1,1,1,0.318830966949463
20,3,5,84,9,9,0,0.767161130905151,1,1,-1,-1,0.336037158966064
20,3,5,85,27,27,0,1.06899094581604,1,-1,1,1,0.517161130905151
20,3,5,86,-0,0,0,0.569366216659546,1,-1,-1,1,0.81899094581604
20,3,5,87,9,9,1,0.752237319946289,-1,-1,-1,1,0.319366216659546
20,3,5,88,-9,9,1,0.667683124542236,1,1,-1,-1,0.502237319946289
20,3,5,89,3,3,0,0.517742156982422,-1,1,1,1,0.417683124542236
20,3,5,90,-9,9,0,0.867635250091553,1,-1,1,-1,0.267742156982422
20,3,5,91,9,9,1,0.634613513946533,-1,-1,-1,1,0.617635250091553
20,3,5,92,-27,27,0,0.602868318557739,1,1,-1,-1,0.384613513946533
20,3,5,93,9,9,1,0.534471988677979,-1,-1,1,1,0.352868318557739
20,3,5,94,-81,81,0,0.600634336471558,1,1,-1,-1,0.284471988677979
20,3,5,95,0,0,1,0.652274131774902,-1,-1,1,1,0.350634336471558
20,3,5,96,81,81,1,0.552003145217896,1,1,-1,-1,0.402274131774902
20,3,5,97,-9,9,0,0.702303886413574,1,1,1,1,0.302003145217896
20,3,5,98,27,27,1,0.533826112747192,-1,-1,1,1,0.452303886413574
20,3,5,99,-0,0,1,0.600560188293457,1,1,-1,-1,0.283826112747192
20,3,6,2,-9,9,0,0.506361722946167,1,1,1,1,0.486263036727905
20,3,6,3,-27,27,0,0.535867691040039,-1,-1,1,1,0.256361722946167
20,3,6,4,-3,3,1,0.519537448883057,-1,-1,-1,-1,0.285867691040039
20,3,6,5,-81,81,0,0.502401351928711,-1,1,-1,-1,0.269537448883057
20,3,6,6,-3,3,0,0.569223880767822,-1,-1,1,-1,0.252401351928711
20,3,6,7,27,27,1,0.502028465270996,-1,-1,-1,-1,0.319223880767822
20,3,6,8,9,9,1,0.702660322189331,1,1,-1,-1,0.252028465270996
20,3,6,9,9,9,0,0.550960540771484,1,1,1,1,0.452660322189331
20,3,6,10,27,27,1,0.533882856369019,1,-1,1,1,0.300960540771484
20,3,6,11,81,81,1,0.535817623138428,1,1,-1,1,0.283882856369019
20,3,6,12,3,3,0,0.517685174942017,1,1,1,1,0.285817623138428
20,3,6,13,-0,0,1,0.852236986160278,1,-1,1,1,0.267685174942017
20,3,6,14,-27,27,0,0.650930166244507,-1,1,-1,1,0.602236986160278
20,3,6,15,-0,0,1,0.519315958023071,-1,-1,1,-1,0.400930166244507
20,3,6,16,-3,3,1,0.602268695831299,-1,1,-1,-1,0.269315958023071
20,3,6,17,-27,27,0,0.568812370300293,-1,1,1,-1,0.352268695831299
20,3,6,18,-3,3,1,0.568885803222656,-1,-1,1,-1,0.318812370300293
20,3,6,19,-81,81,0,0.534689426422119,-1,1,-1,-1,0.318885803222656
20,3,6,20,-27,27,0,0.568579912185669,-1,-1,1,-1,0.284689426422119
20,3,6,21,-3,3,1,0.568615674972534,-1,-1,-1,-1,0.318579912185669
20,3,6,22,-81,81,1,0.534313917160034,-1,1,-1,-1,0.318615674972534
20,3,6,23,-9,9,0,0.669016361236572,-1,1,1,-1,0.284313917160034
20,3,6,24,-3,3,0,0.517168521881104,-1,-1,1,-1,0.419016361236572
20,3,6,25,-3,3,0,0.583839893341064,-1,-1,-1,-1,0.267168521881104
20,3,6,26,-9,9,0,0.569193124771118,-1,-1,-1,-1,0.333839893341064
20,3,6,27,-3,3,0,0.535780191421509,-1,-1,-1,-1,0.319193124771118
20,3,6,28,-3,3,1,0.551960468292236,-1,-1,-1,-1,0.285780191421509
20,3,6,29,-9,9,0,0.535899639129639,-1,1,-1,-1,0.301960468292236
20,3,6,30,0,0,1,0.633895635604858,-1,-1,1,-1,0.285899639129639
20,3,6,31,27,27,1,0.600515127182007,1,1,-1,-1,0.383895635604858
20,3,6,32,-9,9,1,0.584380626678467,1,1,1,1,0.350515127182007
20,3,6,33,-27,27,0,0.517650365829468,-1,1,1,1,0.334380626678467
20,3,6,34,-81,81,0,0.400977611541748,-1,-1,1,-1,0.267650365829468
20,3,6,35,-27,27,0,0.617775201797485,-1,-1,-1,-1,0.150977611541748
20,3,6,36,-3,3,0,0.567883968353271,-1,-1,-1,-1,0.367775201797485
20,3,6,37,-81,81,0,0.53470516204834,-1,-1,-1,-1,0.317883968353271
20,3,6,38,9,9,1,0.519367456436157,-1,-1,-1,-1,0.28470516204834
20,3,6,39,9,9,1,0.719434976577759,1,1,-1,-1,0.269367456436157
20,3,6,40,81,81,1,0.602198600769043,1,1,1,1,0.469434976577759
20,3,6,41,9,9,1,0.534330129623413,1,1,1,1,0.352198600769043
20,3,6,42,27,27,0,0.569329977035522,1,1,1,1,0.284330129623413
20,3,6,43,3,3,1,0.702006340026855,1,-1,1,1,0.319329977035522
20,3,6,44,3,3,1,0.667970180511475,1,1,-1,1,0.452006340026855
20,3,6,45,0,0,0,0.585685729980469,1,1,1,1,0.417970180511475
20,3,6,46,0,0,0,0.552543640136719,1,-1,1,1,0.335685729980469
20,3,6,47,9,9,1,0.533859491348267,1,-1,-1,1,0.302543640136719
20,3,6,48,-9,9,0,0.767203330993652,1,1,-1,1,0.283859491348267
20,3,6,49,-0,0,1,0.669018745422363,-1,-1,1,1,0.517203330993652
20,3,6,50,-27,27,0,0.600473165512085,-1,1,-1,-1,0.419018745422363
20,3,6,51,-27,27,0,0.518436193466187,-1,-1,1,-1,0.350473165512085
20,3,6,52,-81,81,0,0.568726301193237,-1,-1,-1,-1,0.268436193466187
20,3,6,53,81,81,1,0.517173051834106,-1,-1,-1,-1,0.318726301193237
20,3,6,54,-9,9,1,0.569187164306641,1,1,-1,-1,0.267173051834106
20,3,6,55,-9,9,0,0.467650890350342,-1,1,1,1,0.319187164306641
20,3,6,56,-3,3,0,0.534362077713013,-1,-1,1,-1,0.217650890350342
20,3,6,57,-81,81,0,0.535526037216187,-1,-1,-1,-1,0.284362077713013
20,3,6,58,-81,81,0,0.401350975036621,-1,-1,-1,-1,0.285526037216187
20,3,6,59,-9,9,1,0.536098718643188,-1,-1,-1,-1,0.151350975036621
20,3,6,60,27,27,1,0.517910003662109,-1,1,-1,-1,0.286098718643188
20,3,6,61,-0,0,1,0.467161417007446,1,1,1,-1,0.267910003662109
20,3,6,62,-27,27,0,0.518270015716553,-1,1,1,1,0.217161417007446
20,3,6,63,-81,81,0,0.484318733215332,-1,-1,1,-1,0.268270015716553
20,3,6,64,-3,3,1,0.485414028167725,-1,-1,-1,-1,0.234318733215332
20,3,6,65,-27,27,0,0.568710327148438,-1,1,-1,-1,0.235414028167725
20,3,6,66,-81,81,0,0.568660020828247,-1,-1,1,-1,0.318710327148438
20,3,6,67,-9,9,0,0.585383176803589,-1,-1,-1,-1,0.318660020828247
20,3,6,68,-27,27,0,0.667609214782715,-1,-1,-1,-1,0.335383176803589
20,3,6,69,0,0,0,0.567295789718628,-1,-1,-1,-1,0.417609214782715
20,3,6,70,-81,81,0,0.385791063308716,1,-1,-1,-1,0.317295789718628
20,3,6,71,-27,27,0,0.536020517349243,-1,-1,-1,1,0.135791063308716
20,3,6,72,-9,9,0,0.518201589584351,-1,-1,-1,-1,0.286020517349243
20,3,6,73,-9,9,0,0.769396066665649,-1,-1,-1,-1,0.268201589584351
20,3,6,74,-81,81,0,0.485860824584961,-1,-1,-1,-1,0.519396066665649
20,3,6,75,-9,9,0,0.468141555786133,-1,-1,-1,-1,0.235860824584961
20,3,6,76,27,27,1,0.633867979049683,-1,-1,-1,-1,0.218141555786133
20,3,6,77,3,3,0,0.684816122055054,1,1,-1,-1,0.383867979049683
20,3,6,78,-9,9,0,0.652708530426025,1,-1,1,1,0.434816122055054
20,3,6,79,-27,27,0,0.517153024673462,-1,-1,-1,1,0.402708530426025
20,3,6,80,-0,0,1,0.567617893218994,-1,-1,-1,-1,0.267153024673462
20,3,6,81,-3,3,1,0.534283876419067,-1,1,-1,-1,0.317617893218994
20,3,6,82,-3,3,0,0.602535247802734,-1,1,1,-1,0.284283876419067
20,3,6,83,-9,9,0,0.5171799659729,-1,-1,1,-1,0.352535247802734
20,3,6,84,-81,81,0,0.400547981262207,-1,-1,-1,-1,0.2671799659729
20,3,6,85,-81,81,0,0.41793966293335,-1,-1,-1,-1,0.150547981262207
20,3,6,86,-3,3,0,0.702673435211182,-1,-1,-1,-1,0.16793966293335
20,3,6,87,-0,0,0,0.734550476074219,-1,-1,-1,-1,0.452673435211182
20,3,6,88,-81,81,0,0.502699375152588,-1,-1,-1,-1,0.484550476074219
20,3,6,89,9,9,1,0.55253791809082,-1,-1,-1,-1,0.252699375152588
20,3,6,90,81,81,1,0.300531387329102,1,1,-1,-1,0.30253791809082
20,3,6,91,27,27,1,0.452749252319336,1,1,1,1,0.0505313873291016
20,3,6,92,-0,0,0,0.684276342391968,1,1,1,1,0.202749252319336
20,3,6,93,-81,81,0,0.41718602180481,-1,-1,1,1,0.434276342391968
20,3,6,94,81,81,1,0.501096963882446,-1,-1,-1,-1,0.16718602180481
20,3,6,95,81,81,1,0.502331972122192,1,1,-1,-1,0.251096963882446
20,3,6,96,3,3,1,0.419392824172974,1,1,1,1,0.252331972122192
20,3,6,97,3,3,0,0.552603006362915,1,1,1,1,0.169392824172974
20,3,6,98,3,3,1,0.53438401222229,1,-1,1,1,0.302603006362915
20,3,6,99,27,27,1,0.484429359436035,1,1,-1,1,0.28438401222229
21,1,1,3,9,9,1,0.267638206481934,-1,-1,1,1,0.867169380187988
21,1,1,7,-27,27,0,0.951042652130127,-1,1,1,1,1.08387851715088
21,1,1,8,81,81,1,0.683839082717896,-1,-1,1,-1,0.701042652130127
21,1,1,9,-3,3,1,1.15052437782288,1,1,-1,-1,0.433839082717896
21,1,1,10,27,27,0,1.28382802009583,-1,1,1,1,0.900524377822876
21,1,1,11,-27,27,0,0.767209053039551,1,-1,1,-1,1.03382802009583
21,1,1,12,0,0,0,0.884272813796997,-1,-1,-1,1,0.517209053039551
21,1,1,13,-0,0,0,0.800463199615479,1,-1,-1,-1,0.634272813796997
21,1,1,14,81,81,1,0.767697334289551,-1,-1,-1,1,0.550463199615479
21,1,1,15,-27,27,0,0.80101203918457,1,1,-1,-1,0.517697334289551
21,1,1,16,3,3,0,0.735127687454224,-1,-1,1,1,0.55101203918457
21,1,1,17,-27,27,0,1.18380522727966,1,-1,-1,-1,0.485127687454224
21,1,1,18,9,9,1,0.78386664390564,-1,-1,-1,1,0.933805227279663
21,1,1,19,-3,3,0,0.917230367660522,1,1,-1,-1,0.53386664390564
21,1,1,20,81,81,1,0.86718225479126,-1,-1,1,1,0.667230367660522
21,1,1,21,-81,81,0,0.584486484527588,1,1,-1,-1,0.61718225479126
21,1,1,22,27,27,1,0.800493478775024,-1,-1,1,1,0.334486484527588
21,1,1,23,-81,81,0,0.633889675140381,1,1,-1,-1,0.550493478775024
21,1,1,24,27,27,1,0.850554227828979,-1,-1,1,1,0.383889675140381
21,1,1,25,-81,81,0,0.501116275787354,1,1,-1,-1,0.600554227828979
21,1,1,26,3,3,1,0.717685222625732,-1,-1,1,1,0.251116275787354
21,1,1,27,-27,27,0,0.500968456268311,1,1,-1,-1,0.467685222625732
21,1,1,28,0,0,1,0.717166662216187,-1,-1,1,1,0.250968456268311
21,1,1,29,-81,81,0,0.567632436752319,1,1,-1,-1,0.467166662216187
21,1,1,30,27,27,1,0.801106214523315,-1,-1,1,1,0.317632436752319
21,1,1,31,-27,27,0,1.08386445045471,1,1,-1,-1,0.551106214523315
21,1,1,32,0,0,0,0.684329271316528,-1,-1,1,1,0.833864450454712
21,1,1,33,-3,3,1,1.06719255447388,1,-1,-1,-1,0.434329271316528
21,1,1,34,9,9,0,0.900597810745239,-1,1,-1,1,0.817192554473877
21,1,1,35,-0,0,1,0.634261846542358,1,-1,1,-1,0.650597810745239
21,1,1,36,9,9,1,0.800477981567383,-1,1,-1,1,0.384261846542358
21,1,1,37,-81,81,0,0.751659393310547,1,1,1,-1,0.550477981567383
21,1,1,38,-27,27,0,0.783809185028076,-1,-1,1,1,0.501659393310547
21,1,1,39,27,27,1,0.384289741516113,-1,-1,-1,-1,0.533809185028076
21,1,1,40,-9,9,0,0.517195224761963,1,1,-1,-1,0.134289741516113
21,1,1,41,0,0,0,0.76784873008728,-1,-1,1,1,0.267195224761963
21,1,1,42,9,9,1,0.817129850387573,1,-1,-1,-1,0.51784873008728
21,1,1,43,-27,27,1,1.40054225921631,1,1,-1,1,0.567129850387573
21,1,1,44,0,0,0,1.283855676651,-1,1,1,1,1.15054225921631
21,1,1,45,-27,27,0,0.784500360488892,1,-1,1,-1,1.033855676651
21,1,1,46,-81,81,0,0.617179393768311,-1,-1,-1,1,0.534500360488892
21,1,1,47,9,9,1,0.717128753662109,-1,-1,-1,-1,0.367179393768311
21,1,1,48,-81,81,0,0.483845710754395,1,1,-1,-1,0.467128753662109
21,1,1,49,3,3,1,0.951454639434814,-1,-1,1,1,0.233845710754395
21,1,1,50,-9,9,1,0.717159271240234,1,1,-1,-1,0.701454639434814
21,1,1,51,9,9,0,0.550478219985962,-1,1,1,1,0.467159271240234
21,1,1,52,-0,0,1,0.567224025726318,1,-1,1,-1,0.300478219985962
21,1,1,53,81,81,1,0.734512090682983,-1,1,-1,1,0.317224025726318
21,1,1,54,-81,81,0,0.434388160705566,1,1,1,-1,0.484512090682983
21,1,1,55,81,81,1,0.551296472549438,-1,-1,1,1,0.184388160705566
21,1,1,56,-3,3,1,1.23446035385132,1,1,-1,-1,0.301296472549438
21,1,1,57,27,27,1,0.634253263473511,-1,1,1,1,0.984460353851318
21,1,1,58,-27,27,0,0.833867311477661,1,1,1,-1,0.384253263473511
21,1,1,59,-81,81,0,0.650549650192261,-1,-1,1,1,0.583867311477661
21,1,1,63,3,3,0,0.784436941146851,-1,-1,-1,-1,0.567826509475708
21,1,1,64,-3,3,1,0.783859252929688,1,-1,-1,-1,0.534436941146851
21,1,1,65,-81,81,0,0.567196130752563,-1,1,-1,1,0.533859252929688
21,1,1,66,81,81,1,0.517226219177246,-1,-1,1,-1,0.317196130752563
21,1,1,67,-9,9,0,0.68386435508728,1,1,-1,-1,0.267226219177246
21,1,1,68,3,3,0,1.35053467750549,-1,-1,1,1,0.43386435508728
21,1,1,69,-81,81,0,0.767606019973755,1,-1,-1,-1,1.10053467750549
21,1,1,70,81,81,1,0.651536464691162,-1,-1,-1,1,0.517606019973755
21,1,1,71,-9,9,0,0.717666387557983,1,1,-1,-1,0.401536464691162
21,1,1,72,81,81,1,0.468693256378174,-1,-1,1,1,0.467666387557983
21,1,1,73,-27,27,1,0.567137241363525,1,1,-1,-1,0.218693256378174
21,1,1,74,27,27,1,0.950475215911865,-1,1,1,1,0.317137241363525
21,1,1,75,-9,9,0,0.71717381477356,1,1,1,-1,0.700475215911865
21,1,1,76,27,27,1,0.684367656707764,-1,-1,1,1,0.46717381477356
21,1,1,77,-3,3,0,0.633840084075928,1,1,-1,-1,0.434367656707764
21,1,1,78,9,9,1,0.800509214401245,-1,-1,1,1,0.383840084075928
21,1,1,79,-3,3,1,1.16777920722961,1,1,-1,-1,0.550509214401245
21,1,1,80,3,3,0,1.13382291793823,-1,1,1,1,0.917779207229614
21,1,1,81,-9,9,0,0.768144130706787,1,-1,1,-1,0.883822917938232
21,1,1,82,81,81,1,0.633862018585205,-1,-1,-1,1,0.518144130706787
21,1,1,83,-9,9,0,0.834476232528687,1,1,-1,-1,0.383862018585205
21,1,1,84,0,0,1,0.700992345809937,-1,-1,1,1,0.584476232528687
21,1,1,85,-27,27,0,1.11714315414429,1,1,-1,-1,0.450992345809937
21,1,1,97,-3,3,0,1.03436589241028,1,-1,1,1,0.567221403121948
21,1,1,98,9,9,1,0.701156139373779,-1,-1,-1,1,0.784365892410278
21,1,2,2,3,3,0,0.783823013305664,-1,1,1,1,0.867404699325562
21,1,2,3,-27,27,0,0.417792797088623,1,-1,1,-1,0.533823013305664
21,1,2,4,81,81,1,0.351129055023193,-1,-1,-1,1,0.167792797088623
21,1,2,5,-3,3,0,1.01831722259521,1,1,-1,-1,0.101129055023193
21,1,2,6,9,9,0,1.00102138519287,-1,-1,1,1,0.768317222595215
21,1,2,7,-9,9,0,1.03382349014282,1,-1,-1,-1,0.751021385192871
21,1,2,8,3,3,1,0.633834362030029,-1,-1,-1,1,0.783823490142822
21,1,2,9,-9,9,1,1.33434343338013,1,1,-1,-1,0.383834362030029
21,1,2,10,-27,27,0,0.633881330490112,-1,1,1,1,1.08434343338013
21,1,2,11,0,0,1,0.817194938659668,-1,-1,1,-1,0.383881330490112
21,1,2,15,-0,0,1,1.06771540641785,1,1,1,-1,1.15151715278625
21,1,2,16,-81,81,0,0.751204967498779,-1,1,1,1,0.817715406417847
21,1,2,17,9,9,1,1.20053052902222,-1,-1,1,-1,0.501204967498779
21,1,2,18,-3,3,0,0.817611694335938,1,1,-1,-1,0.950530529022217
21,1,2,19,81,81,1,0.617929458618164,-1,-1,1,1,0.567611694335938
21,1,2,20,9,9,1,1.26765894889832,1,1,-1,-1,0.367929458618164
21,1,2,21,-3,3,0,0.934329271316528,1,1,1,1,1.01765894889832
21,1,2,22,-81,81,0,0.984275102615356,-1,-1,1,1,0.684329271316528
21,1,2,23,3,3,1,0.783891677856445,-1,-1,-1,-1,0.734275102615356
21,1,2,24,-3,3,1,1.20058345794678,1,1,-1,-1,0.533891677856445
21,1,2,28,27,27,1,0.867981433868408,-1,-1,-1,-1,0.583825349807739
21,1,2,29,-9,9,0,1.31779336929321,1,1,-1,-1,0.617981433868408
21,1,2,30,81,81,1,0.934284925460815,-1,-1,1,1,1.06779336929321
21,1,2,31,-81,81,0,0.501180410385132,1,1,-1,-1,0.684284925460815
21,1,2,32,81,81,1,0.518151521682739,-1,-1,1,1,0.251180410385132
21,1,2,33,-81,81,0,1.28451728820801,1,1,-1,-1,0.268151521682739
21,1,2,34,3,3,1,1.00053763389587,-1,-1,1,1,1.03451728820801
21,1,2,35,-27,27,1,1.21717429161072,1,1,-1,-1,0.750537633895874
21,1,2,36,27,27,1,0.850485324859619,-1,1,1,1,0.967174291610718
21,1,2,40,0,0,0,1.0338728427887,-1,1,1,1,0.833883047103882
21,1,2,41,-3,3,1,0.500502109527588,1,-1,1,-1,0.783872842788696
21,1,2,42,-9,9,1,1.38448119163513,-1,1,-1,1,0.250502109527588
21,1,2,46,-27,27,0,1.30058550834656,1,1,-1,-1,1.10053038597107
21,1,2,47,-3,3,1,1.38480639457703,-1,-1,1,1,1.05058550834656
21,1,2,48,0,0,1,1.41784262657166,-1,1,-1,-1,1.13480639457703
21,1,2,49,-81,81,0,0.517208576202393,1,1,1,-1,1.16784262657166
21,1,2,50,81,81,0,1.15051984786987,-1,-1,1,1,0.267208576202393
21,1,2,51,-81,81,0,0.635101318359375,1,-1,-1,-1,0.900519847869873
21,1,2,52,-3,3,1,1.15117716789246,-1,-1,-1,1,0.385101318359375
21,1,2,53,81,81,1,0.800556421279907,-1,1,-1,-1,0.901177167892456
21,1,2,54,-81,81,0,0.717174530029297,1,1,1,-1,0.550556421279907
21,1,2,55,3,3,1,0.901190757751465,-1,-1,1,1,0.467174530029297
21,1,2,56,-27,27,0,0.767911434173584,1,1,-1,-1,0.651190757751465
21,1,2,57,27,27,1,1.03513431549072,-1,-1,1,1,0.517911434173584
21,1,2,58,-81,81,0,0.700555324554443,1,1,-1,-1,0.785134315490723
21,1,2,59,27,27,1,0.683868646621704,-1,-1,1,1,0.450555324554443
21,1,2,60,-27,27,0,1.00112557411194,1,1,-1,-1,0.433868646621704
21,1,2,61,9,9,1,1.10052943229675,-1,-1,1,1,0.751125574111938
21,1,2,62,-9,9,0,1.38456225395203,1,1,-1,-1,0.850529432296753
21,1,2,74,0,0,1,1.16782760620117,-1,-1,1,1,0.984437227249146
21,1,2,75,-27,27,0,0.851153135299683,1,1,-1,-1,0.917827606201172
21,1,2,76,9,9,1,0.967825174331665,-1,-1,1,1,0.601153135299683
21,1,2,77,-81,81,0,1.333829164505,1,1,-1,-1,0.717825174331665
21,1,2,81,-9,9,0,1.41788148880005,1,1,-1,-1,0.60052227973938
21,1,2,82,9,9,1,1.30049824714661,-1,-1,1,1,1.16788148880005
21,1,2,83,81,81,1,1.35047936439514,1,1,-1,-1,1.05049824714661
21,1,2,84,-27,27,0,0.933852910995483,1,1,1,1,1.10047936439514
21,1,2,88,-3,3,0,0.701353549957275,1,1,-1,-1,0.41784143447876
21,1,2,89,27,27,1,0.917133092880249,-1,-1,1,1,0.451353549957275
21,1,2,90,81,81,0,0.95116138458252,1,1,-1,-1,0.667133092880249
21,1,2,91,-27,27,1,0.850936412811279,1,-1,1,1,0.70116138458252
21,1,2,95,9,9,0,1.30180406570435,-1,1,-1,1,0.667181015014648
21,1,2,96,-27,27,0,0.51721453666687,1,-1,1,-1,1.05180406570435
21,1,2,97,9,9,1,1.16721081733704,-1,-1,-1,1,0.26721453666687
21,1,2,98,-9,9,0,1.3671863079071,1,1,-1,-1,0.917210817337036
21,1,2,99,9,9,1,0.883869647979736,-1,-1,1,1,1.1171863079071
21,1,3,3,-3,3,0,0.667228698730469,1,1,-1,1,0.78382134437561
21,1,3,4,-81,81,0,1.00053000450134,-1,-1,1,1,0.417228698730469
21,1,3,5,9,9,1,1.25054144859314,-1,-1,-1,-1,0.750530004501343
21,1,3,9,-81,81,0,0.651442289352417,1,1,1,1,0.884822130203247
21,1,3,10,81,81,1,0.80053448677063,-1,-1,1,1,0.401442289352417
21,1,3,11,-27,27,0,0.567197322845459,1,1,-1,-1,0.55053448677063
21,1,3,12,3,3,1,1.16758418083191,-1,-1,1,1,0.317197322845459
21,1,3,13,-81,81,0,0.55052638053894,1,1,-1,-1,0.917584180831909
21,1,3,14,9,9,1,1.00052332878113,-1,-1,1,1,0.30052638053894
21,1,3,15,27,27,0,0.867156028747559,1,1,-1,-1,0.750523328781128
21,1,3,16,9,9,0,1.23431634902954,1,-1,1,1,0.617156028747559
21,1,3,17,27,27,1,1.0509922504425,1,-1,-1,1,0.984316349029541
21,1,3,18,81,81,0,0.983806371688843,1,1,-1,1,0.800992250442505
21,1,3,19,9,9,1,1.15045642852783,1,-1,1,1,0.733806371688843
21,1,3,20,-81,81,0,0.551510810852051,1,1,-1,1,0.900456428527832
21,1,3,21,3,3,1,1.06724858283997,-1,-1,1,1,0.301510810852051
21,1,3,26,81,81,1,0.850486278533936,-1,-1,1,1,0.317753076553345
21,1,3,27,-3,3,0,1.21721839904785,1,1,-1,-1,0.600486278533936
21,1,3,28,-81,81,0,0.351006507873535,-1,-1,1,1,0.967218399047852
21,1,3,29,27,27,1,0.617228507995605,-1,-1,-1,-1,0.101006507873535
21,1,3,30,-81,81,0,0.433903217315674,1,1,-1,-1,0.367228507995605
21,1,3,31,-0,0,0,0.784732341766357,-1,-1,1,1,0.183903217315674
21,1,3,32,-27,27,0,0.601114273071289,-1,-1,-1,-1,0.534732341766357
21,1,3,33,-27,27,0,1.10147261619568,-1,-1,-1,-1,0.351114273071289
21,1,3,34,-9,9,0,0.700514554977417,-1,-1,-1,-1,0.851472616195679
21,1,3,35,81,81,1,0.751144886016846,-1,-1,-1,-1,0.450514554977417
21,1,3,36,3,3,1,1.21716213226318,1,1,-1,-1,0.501144886016846
21,1,3,37,-3,3,0,0.501195430755615,1,1,1,1,0.967162132263184
21,1,3,38,-27,27,0,0.667196750640869,-1,-1,1,1,0.251195430755615
21,1,3,39,-27,27,0,0.400554895401001,-1,-1,-1,-1,0.417196750640869
21,1,3,40,3,3,1,0.517613172531128,-1,-1,-1,-1,0.150554895401001
21,1,3,41,3,3,0,1.23473501205444,1,1,-1,-1,0.267613172531128
21,1,3,42,9,9,1,0.633866310119629,1,-1,1,1,0.984735012054443
21,1,3,43,9,9,0,0.534923553466797,1,1,-1,1,0.383866310119629
21,1,3,44,3,3,1,1.20047736167908,1,-1,1,1,0.284923553466797
21,1,3,45,-27,27,0,0.683862447738647,1,1,-1,1,0.950477361679077
21,1,3,46,3,3,1,1.46782541275024,-1,-1,1,1,0.433862447738647
21,1,3,47,-9,9,0,0.951303243637085,1,1,-1,-1,1.21782541275024
21,1,3,48,-27,27,0,0.550511121749878,-1,-1,1,1,0.701303243637085
21,1,3,49,-81,81,0,0.417259931564331,-1,-1,-1,-1,0.300511121749878
21,1,3,50,-81,81,0,0.350513219833374,-1,-1,-1,-1,0.167259931564331
21,1,3,51,-0,0,1,0.9505615234375,-1,-1,-1,-1,0.100513219833374
21,1,3,52,81,81,1,0.701185941696167,-1,1,-1,-1,0.7005615234375
21,1,3,53,9,9,1,0.851086139678955,1,1,1,-1,0.451185941696167
21,1,3,54,-9,9,0,0.483834266662598,1,1,1,1,0.601086139678955
21,1,3,55,-0,0,0,1.05109071731567,-1,-1,1,1,0.233834266662598
21,1,3,56,81,81,1,0.517144441604614,-1,-1,-1,-1,0.801090717315674
21,1,3,62,-9,9,1,0.667198896408081,1,-1,1,1,0.950523376464844
21,1,3,63,-0,0,1,0.883802890777588,-1,1,-1,1,0.417198896408081
21,1,3,64,27,27,1,0.68493390083313,-1,1,1,-1,0.633802890777588
21,1,3,65,3,3,0,0.684353590011597,1,1,1,-1,0.43493390083313
21,1,3,66,0,0,1,1.26718235015869,1,-1,1,1,0.434353590011597
21,1,3,67,-3,3,0,0.883849620819092,1,1,-1,1,1.01718235015869
21,1,3,68,27,27,1,0.717185020446777,-1,-1,1,1,0.633849620819092
21,1,3,69,-3,3,1,1.46721625328064,1,1,-1,-1,0.467185020446777
21,1,3,73,3,3,0,0.70059871673584,1,1,-1,1,0.618295669555664
21,1,3,74,-81,81,0,0.950511932373047,1,-1,1,1,0.45059871673584
21,1,3,75,-0,0,0,1.16717958450317,-1,-1,-1,1,0.700511932373047
21,1,3,76,-81,81,0,0.40053653717041,-1,-1,-1,-1,0.917179584503174
21,1,3,77,9,9,1,0.667156457901001,-1,-1,-1,-1,0.15053653717041
21,1,3,78,3,3,0,0.751166820526123,1,1,-1,-1,0.417156457901001
21,1,3,79,81,81,0,0.450540542602539,1,-1,1,1,0.501166820526123
21,1,3,80,-3,3,1,0.517208576202393,1,-1,-1,1,0.200540542602539
21,1,3,81,9,9,1,0.517781734466553,-1,1,-1,1,0.267208576202393
21,1,3,82,27,27,1,0.568202018737793,1,1,1,-1,0.267781734466553
21,1,3,83,-27,27,0,0.733808040618896,1,1,1,1,0.318202018737793
21,1,3,84,3,3,1,0.367920398712158,-1,-1,1,1,0.483808040618896
21,1,3,85,3,3,0,0.533958673477173,1,1,-1,-1,0.117920398712158
21,1,3,86,-27,27,0,0.683835983276367,1,-1,1,1,0.283958673477173
21,1,3,87,0,0,1,1.00051116943359,-1,-1,-1,1,0.433835983276367
21,1,3,88,27,27,0,1.16780710220337,1,1,-1,-1,0.750511169433594
21,1,3,89,-27,27,0,0.434407711029053,1,-1,1,1,0.917807102203369
21,1,3,93,-27,27,0,0.583822727203369,-1,1,-1,-1,0.284475564956665
21,1,3,94,0,0,0,1.01714682579041,-1,-1,1,-1,0.333822727203369
21,1,3,95,-81,81,0,0.417199611663818,1,-1,-1,-1,0.767146825790405
21,1,3,96,0,0,1,0.700480461120605,-1,-1,-1,1,0.167199611663818
21,1,3,97,81,81,1,0.617769002914429,1,1,-1,-1,0.450480461120605
21,1,3,98,-9,9,0,1.18445706367493,1,1,1,1,0.367769002914429
21,1,4,2,-3,3,0,0.601131200790405,-1,1,-1,1,1.11742949485779
21,1,4,3,-81,81,1,0.617210149765015,-1,-1,1,-1,0.351131200790405
21,1,4,4,-27,27,0,0.351629257202148,-1,1,-1,-1,0.367210149765015
21,1,4,5,-9,9,1,0.467176198959351,-1,-1,1,-1,0.101629257202148
21,1,4,6,3,3,1,0.61716890335083,-1,1,-1,-1,0.217176198959351
21,1,4,7,81,81,1,1.01721501350403,1,1,1,-1,0.36716890335083
21,1,4,11,-3,3,1,1.21713328361511,-1,1,1,1,0.667196273803711
21,1,4,12,-81,81,0,0.801125288009644,-1,1,1,-1,0.967133283615112
21,1,4,13,-3,3,1,0.601147413253784,-1,-1,1,-1,0.551125288009644
21,1,4,14,-9,9,0,0.60117506980896,-1,1,-1,-1,0.351147413253784
21,1,4,15,81,81,1,0.683872938156128,-1,-1,1,-1,0.35117506980896
21,1,4,16,-27,27,0,0.717912197113037,1,1,-1,-1,0.433872938156128
21,1,4,17,27,27,1,0.901447534561157,-1,-1,1,1,0.467912197113037
21,1,4,18,9,9,1,0.700992584228516,1,1,-1,-1,0.651447534561157
21,1,4,19,-27,27,0,0.533879280090332,1,1,1,1,0.450992584228516
21,1,4,20,-27,27,0,0.783882617950439,-1,-1,1,1,0.283879280090332
21,1,4,21,-81,81,0,0.500489234924316,-1,-1,-1,-1,0.533882617950439
21,1,4,22,-3,3,1,0.783832550048828,-1,-1,-1,-1,0.250489234924316
21,1,4,23,-81,81,0,0.333876132965088,-1,1,-1,-1,0.533832550048828
21,1,4,24,-27,27,0,0.367182970046997,-1,-1,1,-1,0.0838761329650879
21,1,4,25,-9,9,0,0.984321355819702,-1,-1,-1,-1,0.117182970046997
21,1,4,26,81,81,1,0.550592422485352,-1,-1,-1,-1,0.734321355819702
21,1,4,27,-81,81,0,0.734733819961548,1,1,-1,-1,0.300592422485352
21,1,4,28,-81,81,0,0.76759934425354,-1,-1,1,1,0.484733819961548
21,1,4,29,-3,3,1,0.933863401412964,-1,-1,-1,-1,0.51759934425354
21,1,4,30,-3,3,0,1.41713690757751,-1,1,-1,-1,0.683863401412964
21,1,4,31,-0,0,1,0.767826080322266,-1,-1,1,-1,1.16713690757751
21,1,4,32,-27,27,0,1.03388261795044,-1,1,-1,-1,0.517826080322266
21,1,4,33,9,9,1,1.16721415519714,-1,-1,1,-1,0.783882617950439
21,1,4,34,27,27,1,1.20200848579407,1,1,-1,-1,0.917214155197144
21,1,4,35,3,3,1,0.451119184494019,1,1,1,1,0.952008485794067
21,1,4,36,81,81,0,0.867592811584473,1,1,1,1,0.201119184494019
21,1,4,37,-81,81,0,0.567161560058594,1,-1,1,1,0.617592811584473
21,1,4,41,-9,9,1,1.11780619621277,-1,-1,1,-1,0.750613451004028
21,1,4,42,9,9,0,1.06783246994019,-1,1,-1,-1,0.867806196212769
21,1,4,43,3,3,1,0.384502649307251,1,-1,1,-1,0.817832469940186
21,1,4,50,-9,9,1,0.684329509735107,1,1,1,1,0.500482559204102
21,1,4,51,-27,27,0,0.967185974121094,-1,1,1,1,0.434329509735107
21,1,4,52,-9,9,1,1.05116248130798,-1,-1,1,-1,0.717185974121094
21,1,4,53,-81,81,0,0.601392507553101,-1,1,-1,-1,0.801162481307983
21,1,4,54,-0,0,0,0.667200326919556,-1,-1,1,-1,0.351392507553101
21,1,4,55,-9,9,1,1.05116176605225,-1,-1,-1,-1,0.417200326919556
21,1,4,56,-0,0,1,1.05054140090942,-1,1,-1,-1,0.801161766052246
21,1,4,57,27,27,1,1.48387050628662,-1,1,1,-1,0.800541400909424
21,1,4,58,-81,81,0,0.517685651779175,1,1,1,-1,1.23387050628662
21,1,4,59,-3,3,1,0.367161989212036,-1,-1,1,1,0.267685651779175
21,1,4,60,3,3,1,0.633883237838745,-1,1,-1,-1,0.117161989212036
21,1,4,61,27,27,0,0.633809089660645,1,1,1,-1,0.383883237838745
21,1,4,62,-81,81,0,0.467167139053345,1,-1,1,1,0.383809089660645
21,1,4,63,-81,81,0,0.484839677810669,-1,-1,-1,1,0.217167139053345
21,1,4,64,-27,27,0,0.635082483291626,-1,-1,-1,-1,0.234839677810669
21,1,4,65,-0,0,1,0.683830976486206,-1,-1,-1,-1,0.385082483291626
21,1,4,69,-9,9,1,1.05093717575073,-1,-1,1,-1,0.784271240234375
21,1,4,70,-27,27,1,1.08381247520447,-1,1,-1,-1,0.800937175750732
21,1,4,71,3,3,1,0.967835664749146,-1,1,1,-1,0.833812475204468
21,1,4,75,-0,0,1,1.36789679527283,-1,-1,-1,-1,0.26714825630188
21,1,4,76,-3,3,1,1.1678626537323,-1,1,-1,-1,1.11789679527283
21,1,4,77,-81,81,0,0.717151641845703,-1,1,1,-1,0.9178626537323
21,1,4,78,9,9,1,1.23382019996643,-1,-1,1,-1,0.467151641845703
21,1,4,79,0,0,0,1.18388557434082,1,1,-1,-1,0.983820199966431
21,1,4,80,81,81,1,0.983855485916138,1,-1,1,1,0.93388557434082
21,1,4,81,27,27,1,1.03379678726196,1,1,-1,1,0.733855485916138
21,1,4,82,0,0,0,1.01719284057617,1,1,1,1,0.783796787261963
21,1,4,83,27,27,1,0.834258079528809,1,-1,1,1,0.767192840576172
21,1,4,84,3,3,1,0.767176628112793,1,1,-1,1,0.584258079528809
21,1,4,85,9,9,1,0.783847093582153,1,1,1,1,0.517176628112793
21,1,4,89,-81,81,0,0.817160129547119,-1,-1,-1,-1,0.751153230667114
21,1,4,90,9,9,1,0.98448634147644,-1,-1,-1,-1,0.567160129547119
21,1,4,91,27,27,1,1.03443598747253,1,1,-1,-1,0.73448634147644
21,1,4,92,9,9,1,0.700533390045166,1,1,1,1,0.784435987472534
21,1,4,93,81,81,1,0.601020336151123,1,1,1,1,0.450533390045166
21,1,4,94,-3,3,1,0.834467887878418,1,1,1,1,0.351020336151123
21,1,4,95,9,9,0,1.31771039962769,-1,1,1,1,0.584467887878418
21,1,4,96,-0,0,1,0.683825254440308,1,-1,1,-1,1.06771039962769
21,1,4,97,9,9,1,1.33425664901733,-1,1,-1,1,0.433825254440308
21,1,4,98,27,27,1,0.900485515594482,1,1,1,-1,1.08425664901733
21,1,4,99,3,3,0,1.15112376213074,1,1,1,1,0.650485515594482
21,1,5,2,-81,81,0,0.384305238723755,-1,1,1,1,0.834119319915771
21,1,5,3,9,9,1,0.917818307876587,-1,-1,1,-1,0.134305238723755
21,1,5,4,-9,9,0,1.05051469802856,1,1,-1,-1,0.667818307876587
21,1,5,5,-9,9,1,1.03390312194824,-1,-1,1,1,0.800514698028564
21,1,5,6,0,0,0,1.1843113899231,-1,1,-1,-1,0.783903121948242
21,1,5,7,0,0,1,1.26715731620789,1,-1,1,-1,0.934311389923096
21,1,5,8,27,27,1,1.31834506988525,1,1,-1,1,1.01715731620789
21,1,5,9,-3,3,1,1.21718192100525,1,1,1,1,1.06834506988525
21,1,5,10,3,3,0,0.667627096176147,-1,1,1,1,0.967181921005249
21,1,5,11,-3,3,1,0.617813348770142,1,-1,1,-1,0.417627096176147
21,1,5,12,-27,27,0,1.38384747505188,-1,1,-1,1,0.367813348770142
21,1,5,13,-9,9,1,0.733807325363159,-1,-1,1,-1,1.13384747505188
21,1,5,14,-9,9,1,1.36761927604675,-1,1,-1,-1,0.483807325363159
21,1,5,15,-81,81,1,1.28447127342224,-1,1,1,-1,1.11761927604675
21,1,5,16,81,81,1,0.701099395751953,-1,1,1,-1,1.03447127342224
21,1,5,20,0,0,1,1.46785926818848,1,1,-1,1,0.483835220336914
21,1,5,21,-81,81,0,0.500534296035767,1,1,1,1,1.21785926818848
21,1,5,22,9,9,1,1.05099749565125,-1,-1,1,1,0.250534296035767
21,1,5,23,81,81,1,0.633857488632202,1,1,-1,-1,0.800997495651245
21,1,5,24,-3,3,0,1.25140523910522,1,1,1,1,0.383857488632202
21,1,5,25,-27,27,0,0.71713924407959,-1,-1,1,1,1.00140523910522
21,1,5,26,-81,81,0,0.567204475402832,-1,-1,-1,-1,0.46713924407959
21,1,5,27,81,81,1,0.600485801696777,-1,-1,-1,-1,0.317204475402832
21,1,5,28,-3,3,1,0.967668294906616,1,1,-1,-1,0.350485801696777
21,1,5,29,9,9,1,1.23389530181885,-1,1,1,1,0.717668294906616
21,1,5,30,-27,27,0,0.467209339141846,1,1,1,-1,0.983895301818848
21,1,5,31,3,3,0,1.28451871871948,-1,-1,1,1,0.217209339141846
21,1,5,32,9,9,1,0.384589433670044,1,-1,-1,-1,1.03451871871948
21,1,5,33,-0,0,1,1.38382840156555,1,1,-1,1,0.134589433670044
21,1,5,34,9,9,1,0.551015138626099,-1,1,1,1,1.13382840156555
21,1,5,35,81,81,1,0.684730291366577,1,1,1,-1,0.301015138626099
21,1,5,36,0,0,1,0.933885335922241,1,1,1,1,0.434730291366577
21,1,5,37,-3,3,0,0.900484561920166,1,1,1,1,0.683885335922241
21,1,5,38,-3,3,1,0.683892250061035,-1,-1,1,1,0.650484561920166
21,1,5,39,-81,81,0,0.784515380859375,-1,1,-1,-1,0.433892250061035
21,1,5,40,-81,81,0,0.567760705947876,-1,-1,1,-1,0.534515380859375
21,1,5,41,81,81,1,1.06782364845276,-1,-1,-1,-1,0.317760705947876
21,1,5,42,-9,9,0,0.883826017379761,1,1,-1,-1,0.817823648452759
21,1,5,51,-9,9,0,1.16758918762207,-1,-1,1,1,0.751129388809204
21,1,5,52,-0,0,1,0.667286396026611,-1,-1,-1,-1,0.91758918762207
21,1,5,53,-0,0,0,1.48519706726074,-1,1,-1,-1,0.417286396026611
21,1,5,54,-81,81,0,1.36792397499084,-1,-1,1,-1,1.23519706726074
21,1,5,55,27,27,1,0.483930110931396,-1,-1,-1,-1,1.11792397499084
21,1,5,63,27,27,1,0.951170682907104,-1,-1,-1,-1,0.367777824401855
21,1,5,67,3,3,1,1.13382005691528,1,1,1,1,0.967144250869751
21,1,5,68,-9,9,1,0.683828115463257,1,1,1,1,0.883820056915283
21,1,5,74,27,27,1,0.917187929153442,1,1,-1,1,0.583816051483154
21,1,5,78,27,27,1,1.11761522293091,-1,-1,-1,-1,0.617942810058594
21,1,5,79,-9,9,1,0.933851003646851,1,1,-1,-1,0.867615222930908
21,1,5,80,-81,81,0,0.768450021743774,-1,1,1,1,0.683851003646851
21,1,5,89,-0,0,1,0.834470510482788,-1,-1,1,-1,0.450506687164307
21,1,5,90,-81,81,0,1.01713609695435,-1,1,-1,-1,0.584470510482788
21,1,5,91,27,27,1,0.984337091445923,-1,-1,1,-1,0.767136096954346
21,1,5,92,81,81,1,0.917208909988403,1,1,-1,-1,0.734337091445923
21,1,5,93,9,9,1,1.38390231132507,1,1,1,1,0.667208909988403
21,1,5,94,-27,27,0,0.600606679916382,1,1,1,1,1.13390231132507
21,1,6,2,81,81,1,0.850537300109863,1,-1,1,1,0.884101152420044
21,1,6,3,-81,81,1,0.751356363296509,1,1,-1,1,0.600537300109863
21,1,6,4,-27,27,0,0.500980615615845,-1,1,1,1,0.501356363296509
21,1,6,5,-81,81,0,0.417210817337036,-1,-1,1,-1,0.250980615615845
21,1,6,6,-27,27,1,0.567252397537231,-1,-1,-1,-1,0.167210817337036
21,1,6,7,27,27,1,0.85051417350769,-1,1,-1,-1,0.317252397537231
21,1,6,8,27,27,1,0.583806276321411,1,1,1,-1,0.60051417350769
21,1,6,9,9,9,0,0.883854150772095,1,1,1,1,0.333806276321411
21,1,6,10,27,27,1,0.483832359313965,1,-1,1,1,0.633854150772095
21,1,6,11,-3,3,0,0.817640066146851,1,1,-1,1,0.233832359313965
21,1,6,12,-9,9,0,0.851185321807861,-1,-1,1,1,0.567640066146851
21,1,6,13,-9,9,0,1.11720252037048,-1,-1,-1,-1,0.601185321807861
21,1,6,14,-81,81,0,0.667145013809204,-1,-1,-1,-1,0.867202520370483
21,1,6,15,-81,81,0,0.483866930007935,-1,-1,-1,-1,0.417145013809204
21,1,6,16,-9,9,0,1.21783065795898,-1,-1,-1,-1,0.233866930007935
21,1,6,17,-3,3,0,1.13430070877075,-1,-1,-1,-1,0.967830657958984
21,1,6,18,-3,3,0,1.05055737495422,-1,-1,-1,-1,0.884300708770752
21,1,6,19,-3,3,0,0.934341192245483,-1,-1,-1,-1,0.800557374954224
21,1,6,20,-81,81,0,1.06800222396851,-1,-1,-1,-1,0.684341192245483
21,1,6,21,-3,3,0,0.684433221817017,-1,-1,-1,-1,0.818002223968506
21,1,6,22,-27,27,0,0.550490379333496,-1,-1,-1,-1,0.434433221817017
21,1,6,23,0,0,1,0.750540494918823,-1,-1,-1,-1,0.300490379333496
21,1,6,24,-27,27,0,0.634696483612061,1,1,-1,-1,0.500540494918823
21,1,6,25,-3,3,0,1.25051832199097,-1,-1,1,1,0.384696483612061
21,1,6,26,-9,9,0,0.517205476760864,-1,-1,-1,-1,1.00051832199097
21,1,6,27,81,81,1,0.517158031463623,-1,-1,-1,-1,0.267205476760864
21,1,6,28,-81,81,0,0.601045370101929,1,1,-1,-1,0.267158031463623
21,1,6,29,0,0,0,0.433834314346313,-1,-1,1,1,0.351045370101929
21,1,6,30,27,27,1,0.600495576858521,1,-1,-1,-1,0.183834314346313
21,1,6,31,9,9,1,1.11783957481384,1,1,-1,1,0.350495576858521
21,1,6,32,-3,3,1,0.600485324859619,1,1,1,1,0.867839574813843
21,1,6,33,-0,0,0,0.700496912002563,-1,1,1,1,0.350485324859619
21,1,6,34,-3,3,1,1.10153222084045,-1,-1,1,-1,0.450496912002563
21,1,6,35,-27,27,0,0.518115282058716,-1,1,-1,-1,0.851532220840454
21,1,6,36,9,9,1,0.517157316207886,-1,-1,1,-1,0.268115282058716
21,1,6,37,27,27,1,0.51784348487854,1,1,-1,-1,0.267157316207886
21,1,6,38,3,3,0,0.600546598434448,1,1,1,1,0.26784348487854
21,1,6,39,81,81,1,0.585059881210327,1,-1,1,1,0.350546598434448
21,1,6,40,81,81,1,0.650531768798828,1,1,-1,1,0.335059881210327
21,1,6,41,27,27,1,0.601088047027588,1,1,1,1,0.400531768798828
21,1,6,42,9,9,1,0.833863258361816,1,1,1,1,0.351088047027588
21,1,6,43,-0,0,0,1.25048661231995,1,1,1,1,0.583863258361816
21,1,6,44,-81,81,0,0.701129913330078,-1,-1,1,1,1.00048661231995
21,1,6,45,-3,3,1,0.717790603637695,-1,-1,-1,-1,0.451129913330078
21,1,6,49,-3,3,0,0.60052752494812,1,1,1,-1,0.467821359634399
21,1,6,50,-9,9,0,0.984457731246948,-1,-1,1,1,0.35052752494812
21,1,6,51,9,9,1,0.667147874832153,-1,-1,-1,-1,0.734457731246948
21,1,6,52,81,81,1,0.834489822387695,1,1,-1,-1,0.417147874832153
21,1,6,53,3,3,1,1.06826710700989,1,1,1,1,0.584489822387695
21,1,6,54,9,9,1,0.900552749633789,1,1,1,1,0.818267107009888
21,1,6,55,9,9,1,0.86719274520874,1,1,1,1,0.650552749633789
21,1,6,56,-9,9,0,1.01783537864685,1,1,1,1,0.61719274520874
21,1,6,57,-0,0,1,0.684465646743774,-1,-1,1,1,0.767835378646851
21,1,6,58,-27,27,0,0.551228284835815,-1,1,-1,-1,0.434465646743774
21,1,6,59,27,27,1,0.467175722122192,-1,-1,1,-1,0.301228284835815
21,1,6,60,0,0,0,0.65050220489502,1,1,-1,-1,0.217175722122192
21,1,6,61,-0,0,1,0.667204618453979,1,-1,1,1,0.40050220489502
21,1,6,62,9,9,1,0.700538635253906,-1,1,-1,1,0.417204618453979
21,1,6,63,27,27,1,0.584489822387695,1,1,1,-1,0.450538635253906
21,1,6,64,3,3,1,0.684433460235596,1,1,1,1,0.334489822387695
21,1,6,65,-81,81,0,0.550508260726929,1,1,1,1,0.434433460235596
21,1,6,66,-3,3,0,0.901771783828735,-1,-1,1,1,0.300508260726929
21,1,6,67,-0,0,1,0.751098155975342,-1,-1,-1,-1,0.651771783828735
21,1,6,68,-3,3,0,0.68387246131897,-1,1,-1,-1,0.501098155975342
21,1,6,69,81,81,0,0.6671462059021,-1,-1,1,-1,0.43387246131897
21,1,6,70,-27,27,1,1.3005051612854,1,-1,-1,-1,0.4171462059021
21,1,6,71,-27,27,0,0.600545644760132,-1,1,-1,1,1.0505051612854
21,1,6,72,-3,3,0,1.0350513458252,-1,-1,1,-1,0.350545644760132
21,1,6,73,-3,3,0,1.10052967071533,-1,-1,-1,-1,0.785051345825195
21,1,6,74,3,3,0,0.501341581344604,-1,-1,-1,-1,0.850529670715332
21,1,6,75,9,9,1,0.701137781143188,1,-1,-1,-1,0.251341581344604
21,1,6,76,81,81,1,0.651481866836548,1,1,-1,1,0.451137781143188
21,1,6,77,3,3,0,0.883822441101074,1,1,1,1,0.401481866836548
21,1,6,78,-81,81,0,0.801132202148438,1,-1,1,1,0.633822441101074
21,1,6,79,-9,9,0,0.650552749633789,-1,-1,-1,1,0.551132202148438
21,1,6,80,-3,3,0,1.36720538139343,-1,-1,-1,-1,0.400552749633789
21,1,6,81,9,9,0,1.01719951629639,-1,-1,-1,-1,1.11720538139343
21,1,6,82,81,81,1,0.733879566192627,1,-1,-1,-1,0.767199516296387
21,1,6,83,9,9,0,1.15048265457153,1,1,-1,1,0.483879566192627
21,1,6,84,81,81,1,0.684998989105225,1,-1,1,1,0.900482654571533
21,1,6,85,27,27,1,0.883918523788452,1,1,-1,1,0.434998989105225
21,1,6,86,27,27,0,0.83449387550354,1,1,1,1,0.633918523788452
21,1,6,87,27,27,1,0.833810091018677,1,-1,1,1,0.58449387550354
21,1,6,88,0,0,0,1.1509313583374,1,1,-1,1,0.583810091018677
21,1,6,89,3,3,1,1.05118656158447,1,-1,1,1,0.900931358337402
21,1,6,90,81,81,1,0.45055365562439,1,1,-1,1,0.801186561584473
21,1,6,91,9,9,1,0.717205762863159,1,1,1,1,0.20055365562439
21,1,6,92,81,81,1,0.350961685180664,1,1,1,1,0.467205762863159
21,1,6,93,81,81,1,0.483901500701904,1,1,1,1,0.100961685180664
21,1,6,94,27,27,1,0.833815813064575,1,1,1,1,0.233901500701904
21,1,6,95,-0,0,0,1.03386735916138,1,1,1,1,0.583815813064575
21,1,6,96,-3,3,1,1.38387060165405,-1,-1,1,1,0.783867359161377
21,1,6,97,81,81,1,0.783870697021484,-1,1,-1,-1,1.13387060165405
21,1,6,98,9,9,1,0.917963743209839,1,1,1,-1,0.533870697021484
21,1,6,99,9,9,1,1.15115880966187,1,1,1,1,0.667963743209839
21,2,1,2,9,9,1,1.1004753112793,1,-1,-1,-1,0.701874732971191
21,2,1,3,81,81,1,1.11898112297058,1,1,-1,1,0.850475311279297
21,2,1,4,81,81,1,0.935338020324707,1,1,1,1,0.868981122970581
21,2,1,5,3,3,0,1.28626394271851,1,1,1,1,0.685338020324707
21,2,1,6,0,0,0,1.25091338157654,1,-1,1,1,1.03626394271851
21,2,1,7,81,81,1,0.618494987487793,1,-1,-1,1,1.00091338157654
21,2,1,8,3,3,1,0.950916528701782,1,1,-1,1,0.368494987487793
21,2,1,9,27,27,1,0.700935125350952,1,1,1,1,0.700916528701782
21,2,1,10,27,27,1,0.767725944519043,1,1,1,1,0.450935125350952
21,2,1,11,-9,9,0,0.71725058555603,1,1,1,1,0.517725944519043
21,2,1,12,-0,0,1,1.03578042984009,-1,-1,1,1,0.46725058555603
21,2,1,13,-3,3,1,0.952445268630981,-1,1,-1,-1,0.785780429840088
21,2,1,14,-81,81,0,0.567747116088867,-1,1,1,-1,0.702445268630981
21,2,1,15,81,81,1,0.719326019287109,-1,-1,1,-1,0.317747116088867
21,2,1,16,27,27,1,0.834485292434692,1,1,-1,-1,0.469326019287109
21,2,1,17,3,3,1,0.585974454879761,1,1,1,1,0.584485292434692
21,2,1,18,0,0,1,0.501101016998291,1,1,1,1,0.335974454879761
21,2,1,19,9,9,1,0.685579776763916,1,1,1,1,0.251101016998291
21,2,1,20,3,3,1,0.833810567855835,1,1,1,1,0.435579776763916
21,2,1,21,0,0,1,0.568601131439209,1,1,1,1,0.583810567855835
21,2,1,22,9,9,0,1.21902942657471,1,1,1,1,0.318601131439209
21,2,1,23,0,0,1,0.717914581298828,1,-1,1,1,0.969029426574707
21,2,1,24,9,9,1,1.03505516052246,1,1,-1,1,0.467914581298828
21,2,1,25,9,9,1,0.985418796539307,1,1,1,1,0.785055160522461
21,2,1,26,81,81,1,0.600476026535034,1,1,1,1,0.735418796539307
21,2,1,27,3,3,1,0.768949747085571,1,1,1,1,0.350476026535034
21,2,1,28,81,81,1,0.435360670089722,1,1,1,1,0.518949747085571
21,2,1,29,-0,0,1,0.750980854034424,1,1,1,1,0.185360670089722
21,2,1,30,81,81,1,0.451176404953003,-1,1,1,1,0.500980854034424
21,2,1,31,-27,27,0,0.835771799087524,1,1,1,-1,0.201176404953003
21,2,1,32,-81,81,0,0.484280347824097,-1,-1,1,1,0.585771799087524
21,2,1,33,-27,27,0,0.635841369628906,-1,-1,-1,-1,0.234280347824097
21,2,1,34,-27,27,0,0.785919427871704,-1,-1,-1,-1,0.385841369628906
21,2,1,35,3,3,1,0.802566766738892,-1,-1,-1,-1,0.535919427871704
21,2,1,36,9,9,1,0.867594718933105,1,1,-1,-1,0.552566766738892
21,2,1,37,-81,81,0,0.602357864379883,1,1,1,1,0.617594718933105
21,2,1,38,-9,9,1,0.768597841262817,-1,-1,1,1,0.352357864379883
21,2,1,39,-81,81,0,0.61931037902832,-1,1,-1,-1,0.518597841262817
21,2,1,40,-9,9,0,0.717798948287964,-1,-1,1,-1,0.36931037902832
21,2,1,41,-27,27,0,0.585581064224243,-1,-1,-1,-1,0.467798948287964
21,2,1,42,-0,0,1,1.03560256958008,-1,-1,-1,-1,0.335581064224243
21,2,1,43,27,27,0,1.03588199615479,-1,1,-1,-1,0.785602569580078
21,2,1,44,0,0,0,1.05047678947449,1,-1,1,-1,0.785881996154785
21,2,1,45,3,3,0,0.818933248519897,1,-1,-1,1,0.800476789474487
21,2,1,46,9,9,0,0.735436916351318,1,-1,-1,1,0.568933248519897
21,2,1,47,9,9,1,0.75157356262207,1,-1,-1,1,0.485436916351318
21,2,1,48,-3,3,1,1.06926727294922,1,1,-1,1,0.50157356262207
21,2,1,49,81,81,1,0.951289415359497,-1,1,1,1,0.819267272949219
21,2,1,50,3,3,0,1.4005434513092,1,1,1,-1,0.701289415359497
21,2,1,51,3,3,1,1.11778354644775,1,-1,1,1,1.1505434513092
21,2,1,52,9,9,1,1.01933908462524,1,1,-1,1,0.867783546447754
21,2,1,53,81,81,1,0.601265430450439,1,1,1,1,0.769339084625244
21,2,1,54,9,9,1,1.21718859672546,1,1,1,1,0.351265430450439
21,2,1,55,3,3,1,1.00095987319946,1,1,1,1,0.967188596725464
21,2,1,56,27,27,1,0.81860613822937,1,1,1,1,0.750959873199463
21,2,1,57,81,81,1,0.6195228099823,1,1,1,1,0.56860613822937
21,2,1,58,81,81,1,0.801481008529663,1,1,1,1,0.3695228099823
21,2,1,62,81,81,1,0.536647081375122,1,-1,1,1,0.30206823348999
21,2,1,63,3,3,1,0.617625951766968,1,1,-1,1,0.286647081375122
21,2,1,64,27,27,0,1.36871361732483,1,1,1,1,0.367625951766968
21,2,1,68,-9,9,0,0.584472894668579,-1,-1,-1,-1,0.817663431167603
21,2,1,69,-81,81,0,0.51883339881897,-1,-1,-1,-1,0.334472894668579
21,2,1,70,-27,27,0,0.852071046829224,-1,-1,-1,-1,0.26883339881897
21,2,1,74,27,27,1,0.885892629623413,1,-1,1,1,1.16770434379578
21,2,1,75,3,3,1,1.41866445541382,1,1,-1,1,0.635892629623413
21,2,1,76,-3,3,1,0.700993776321411,1,1,1,1,1.16866445541382
21,2,1,77,-0,0,1,0.601927042007446,-1,1,1,1,0.450993776321411
21,2,1,78,-0,0,1,0.834609270095825,-1,1,1,-1,0.351927042007446
21,2,2,17,9,9,1,0.735774040222168,1,1,-1,-1,0.517153978347778
21,2,2,18,-9,9,0,0.901414394378662,1,1,1,1,0.485774040222168
21,2,2,19,27,27,0,1.11761164665222,-1,-1,1,1,0.651414394378662
21,2,2,20,-3,3,1,0.76953387260437,1,-1,-1,-1,0.867611646652222
21,2,2,21,3,3,1,1.20053577423096,-1,1,-1,1,0.51953387260437
21,2,2,25,9,9,0,0.784305334091187,-1,-1,1,1,0.334313631057739
21,2,2,26,27,27,1,0.850521326065063,1,-1,-1,-1,0.534305334091187
21,2,2,32,-81,81,0,0.552738428115845,1,1,-1,1,0.65175199508667
21,2,2,33,81,81,1,0.802622556686401,-1,-1,1,1,0.302738428115845
21,2,2,34,-0,0,0,0.886003971099854,1,1,-1,-1,0.552622556686401
21,2,2,35,3,3,0,1.25109958648682,-1,-1,1,1,0.636003971099854
21,2,2,36,-27,27,0,0.902431488037109,1,-1,-1,-1,1.00109958648682
21,2,2,37,0,0,0,1.3526930809021,-1,-1,-1,1,0.652431488037109
21,2,2,43,27,27,0,0.969460010528564,-1,-1,1,1,0.401394605636597
21,2,2,44,-81,81,1,0.851364850997925,1,-1,-1,-1,0.719460010528564
21,2,2,45,9,9,0,0.650492429733276,-1,1,-1,1,0.601364850997925
21,2,2,46,-27,27,0,0.901222944259644,1,-1,1,-1,0.400492429733276
21,2,2,47,81,81,1,0.68484902381897,-1,-1,-1,1,0.651222944259644
21,2,2,48,-81,81,0,0.683840036392212,1,1,-1,-1,0.43484902381897
21,2,2,49,81,81,1,0.952991962432861,-1,-1,1,1,0.433840036392212
21,2,2,50,-81,81,0,0.534292697906494,1,1,-1,-1,0.702991962432861
21,2,2,54,0,0,0,0.717716217041016,-1,1,1,1,0.485287666320801
21,2,2,55,-9,9,0,1.16927003860474,1,-1,1,-1,0.467716217041016
21,2,2,56,27,27,0,1.01760101318359,-1,-1,-1,1,0.919270038604736
21,2,2,57,-0,0,0,0.686057090759277,1,-1,-1,-1,0.767601013183594
21,2,2,58,0,0,1,0.600943088531494,-1,-1,-1,1,0.436057090759277
21,2,2,62,81,81,1,1.43554615974426,-1,1,-1,1,0.851994514465332
21,2,2,63,-81,81,0,0.752597808837891,1,1,1,-1,1.18554615974426
21,2,2,64,-81,81,0,0.285830736160278,-1,-1,1,1,0.502597808837891
21,2,2,65,27,27,0,1.15162324905396,-1,-1,-1,-1,0.0358307361602783
21,2,2,66,-0,0,1,0.652276992797852,1,-1,-1,-1,0.901623249053955
21,2,2,72,3,3,0,1.11837959289551,-1,1,-1,1,0.319453477859497
21,2,2,73,-0,0,0,0.934696674346924,1,-1,1,-1,0.868379592895508
21,2,2,74,9,9,1,0.969045877456665,-1,-1,-1,1,0.684696674346924
21,2,2,75,3,3,0,0.467594146728516,1,1,-1,-1,0.719045877456665
21,2,2,76,-81,81,0,0.768174409866333,1,-1,1,1,0.217594146728516
21,2,2,77,3,3,0,0.834362506866455,-1,-1,-1,1,0.518174409866333
21,2,2,78,-3,3,0,1.01874351501465,1,-1,-1,-1,0.584362506866455
21,2,2,79,-81,81,0,0.518089771270752,-1,-1,-1,1,0.768743515014648
21,2,2,80,81,81,0,0.834495306015015,-1,-1,-1,-1,0.268089771270752
21,2,2,81,-9,9,0,1.40051579475403,1,-1,-1,-1,0.584495306015015
21,2,2,82,3,3,0,0.884764194488525,-1,-1,-1,1,1.15051579475403
21,2,2,83,-27,27,0,1.03383755683899,1,-1,-1,-1,0.634764194488525
21,2,2,84,9,9,1,1.35195302963257,-1,-1,-1,1,0.783837556838989
21,2,2,85,9,9,1,1.15159845352173,1,1,-1,-1,1.10195302963257
21,2,2,86,-0,0,0,1.26887249946594,1,1,1,1,0.901598453521729
21,2,2,87,9,9,0,0.901047945022583,-1,-1,1,1,1.01887249946594
21,2,2,88,81,81,1,0.702707767486572,1,-1,-1,-1,0.651047945022583
21,2,2,95,27,27,1,1.10051965713501,-1,-1,-1,1,1.05199790000916
21,2,2,96,3,3,1,0.73454475402832,1,1,-1,-1,0.85051965713501
21,2,3,3,81,81,1,0.319851636886597,1,1,1,1,0.301196098327637
21,2,3,4,9,9,1,0.40052604675293,1,1,1,1,0.0698516368865967
21,2,3,5,0,0,0,0.68488335609436,1,1,1,1,0.15052604675293
21,2,3,6,3,3,1,0.552714824676514,1,-1,1,1,0.43488335609436
21,2,3,7,81,81,0,1.01776576042175,1,1,-1,1,0.302714824676514
21,2,3,8,0,0,0,1.01784348487854,1,-1,1,1,0.767765760421753
21,2,3,9,27,27,1,1.10131192207336,1,-1,-1,1,0.76784348487854
21,2,3,10,9,9,1,1.08428263664246,1,1,-1,1,0.851311922073364
21,2,3,11,9,9,1,1.01766419410706,1,1,1,1,0.834282636642456
21,2,3,12,-9,9,0,0.633836030960083,1,1,1,1,0.767664194107056
21,2,3,13,-81,81,0,0.284656286239624,-1,-1,1,1,0.383836030960083
21,2,3,14,-81,81,0,0.852746963500977,-1,-1,-1,-1,0.034656286239624
21,2,3,15,-9,9,1,0.767148971557617,-1,-1,-1,-1,0.602746963500977
21,2,3,16,-27,27,1,0.434479236602783,-1,1,-1,-1,0.517148971557617
21,2,3,17,-27,27,0,0.535335302352905,-1,1,1,-1,0.184479236602783
21,2,3,18,-27,27,1,1.18597745895386,-1,-1,1,-1,0.285335302352905
21,2,3,19,9,9,1,0.434317588806152,-1,1,-1,-1,0.935977458953857
21,2,3,20,0,0,0,0.502501726150513,1,1,1,-1,0.184317588806152
21,2,3,21,-9,9,0,0.436066150665283,1,-1,1,1,0.252501726150513
21,2,3,22,-81,81,0,0.634647607803345,-1,-1,-1,1,0.186066150665283
21,2,3,23,-3,3,0,0.519432544708252,-1,-1,-1,-1,0.384647607803345
21,2,3,24,-3,3,0,0.434465885162354,-1,-1,-1,-1,0.269432544708252
21,2,3,25,81,81,1,0.56778359413147,-1,-1,-1,-1,0.184465885162354
21,2,3,26,27,27,0,1.05096554756165,1,1,-1,-1,0.31778359413147
21,2,3,27,27,27,1,1.10106897354126,1,-1,1,1,0.800965547561646
21,2,3,28,3,3,1,0.667581796646118,1,1,-1,1,0.85106897354126
21,2,3,29,0,0,0,0.751732110977173,1,1,1,1,0.417581796646118
21,2,3,30,-3,3,1,0.518921136856079,1,-1,1,1,0.501732110977173
21,2,3,31,-3,3,0,0.467814683914185,-1,1,-1,1,0.268921136856079
21,2,3,32,-81,81,1,0.63443398475647,-1,-1,1,-1,0.217814683914185
21,2,3,33,-81,81,1,0.551117897033691,-1,1,-1,-1,0.38443398475647
21,2,3,34,-9,9,1,0.96940016746521,-1,1,1,-1,0.301117897033691
21,2,3,35,-3,3,0,0.969349145889282,-1,1,1,-1,0.71940016746521
21,2,3,36,-27,27,0,0.419245481491089,-1,-1,1,-1,0.719349145889282
21,2,3,37,-81,81,0,0.650531768798828,-1,-1,-1,-1,0.169245481491089
21,2,3,38,-81,81,0,0.467183351516724,-1,-1,-1,-1,0.400531768798828
21,2,3,39,-27,27,0,1.40113925933838,-1,-1,-1,-1,0.217183351516724
21,2,3,40,-9,9,1,1.01717090606689,-1,-1,-1,-1,1.15113925933838
21,2,3,41,-27,27,0,0.751000642776489,-1,1,-1,-1,0.767170906066895
21,2,3,42,-3,3,0,0.602691650390625,-1,-1,1,-1,0.501000642776489
21,2,3,43,27,27,1,0.652776956558228,-1,-1,-1,-1,0.352691650390625
21,2,3,44,-3,3,0,1.43397498130798,1,1,-1,-1,0.402776956558228
21,2,3,45,9,9,1,0.667602062225342,-1,-1,1,1,1.18397498130798
21,2,3,46,9,9,1,0.868896961212158,1,1,-1,-1,0.417602062225342
21,2,3,47,0,0,1,0.552311420440674,1,1,1,1,0.618896961212158
21,2,3,51,9,9,0,1.16939401626587,-1,-1,-1,1,0.867206335067749
21,2,3,52,9,9,1,1.26714038848877,1,-1,-1,-1,0.919394016265869
21,2,3,53,9,9,1,0.852242946624756,1,1,-1,1,1.01714038848877
21,2,3,54,0,0,1,0.452459573745728,1,1,1,1,0.602242946624756
21,2,3,58,0,0,0,0.667896509170532,-1,-1,-1,-1,0.435062885284424
21,2,3,59,81,81,1,0.635969161987305,1,-1,-1,-1,0.417896509170532
21,2,3,60,9,9,0,0.451411724090576,1,1,-1,1,0.385969161987305
21,2,3,61,-27,27,0,0.651772260665894,1,-1,1,1,0.201411724090576
21,2,3,62,3,3,1,1.05252408981323,-1,-1,-1,1,0.401772260665894
21,2,3,63,3,3,0,0.652621030807495,1,1,-1,-1,0.802524089813232
21,2,3,67,-9,9,1,1.00268840789795,-1,-1,1,-1,0.185673952102661
21,2,3,71,81,81,0,0.800989627838135,-1,1,-1,-1,0.434358358383179
21,2,3,72,81,81,0,1.06943249702454,1,-1,1,-1,0.550989627838135
21,2,3,73,27,27,0,0.93597936630249,1,-1,-1,1,0.819432497024536
21,2,3,74,81,81,1,0.452583312988281,1,-1,-1,1,0.68597936630249
21,2,3,82,3,3,1,0.734284162521362,1,1,1,1,0.585653066635132
21,2,3,83,27,27,1,0.601625919342041,1,1,1,1,0.484284162521362
21,2,3,84,81,81,1,0.683829784393311,1,1,1,1,0.351625919342041
21,2,3,85,0,0,0,0.935038089752197,1,1,1,1,0.433829784393311
21,2,3,86,-3,3,1,0.850551843643188,1,-1,1,1,0.685038089752197
21,2,3,87,3,3,0,0.884452819824219,-1,1,-1,1,0.600551843643188
21,2,3,88,-0,0,1,0.65195631980896,1,-1,1,-1,0.634452819824219
21,2,3,89,-3,3,0,0.751152276992798,-1,1,-1,1,0.40195631980896
21,2,3,90,-3,3,0,0.534314155578613,-1,-1,1,-1,0.501152276992798
21,2,3,94,-0,0,1,1.48519945144653,-1,1,1,1,0.95208215713501
21,2,3,95,9,9,0,0.601018190383911,-1,1,1,-1,1.23519945144653
21,2,3,96,9,9,1,0.601201057434082,1,-1,1,-1,0.351018190383911
21,2,3,97,81,81,1,0.451815605163574,1,1,-1,1,0.351201057434082
21,2,3,98,27,27,1,0.551339864730835,1,1,1,1,0.201815605163574
21,2,4,2,81,81,1,0.25098705291748,1,1,-1,-1,0.534962177276611
21,2,4,3,3,3,0,1.13609099388123,1,1,1,1,0.000987052917480469
21,2,4,4,-27,27,0,0.618964672088623,1,-1,1,1,0.886090993881226
21,2,4,5,-27,27,0,0.534286975860596,-1,-1,-1,1,0.368964672088623
21,2,4,6,81,81,1,0.300988912582397,-1,-1,-1,-1,0.284286975860596
21,2,4,7,-81,81,0,0.301570415496826,1,1,-1,-1,0.0509889125823975
21,2,4,8,27,27,1,0.752335548400879,-1,-1,1,1,0.0515704154968262
21,2,4,9,27,27,1,0.717612981796265,1,1,-1,-1,0.502335548400879
21,2,4,10,27,27,0,1.35237765312195,1,1,1,1,0.467612981796265
21,2,4,11,-9,9,0,1.13432836532593,1,-1,1,1,1.10237765312195
21,2,4,12,27,27,1,0.9671471118927,-1,-1,-1,1,0.884328365325928
21,2,4,13,3,3,1,0.917854070663452,1,1,-1,-1,0.7171471118927
21,2,4,14,81,81,1,0.668730497360229,1,1,1,1,0.667854070663452
21,2,4,18,-3,3,0,0.71769118309021,-1,1,1,-1,0.535532236099243
21,2,4,19,-9,9,1,0.250980854034424,-1,-1,1,-1,0.46769118309021
21,2,4,20,-27,27,1,1.23452472686768,-1,1,-1,-1,0.000980854034423828
21,2,4,21,9,9,0,0.652532815933228,-1,1,1,-1,0.984524726867676
21,2,4,22,-0,0,0,0.800476551055908,1,-1,1,-1,0.402532815933228
21,2,4,23,3,3,0,0.685954570770264,-1,-1,-1,1,0.550476551055908
21,2,4,30,-27,27,0,0.668194055557251,-1,-1,-1,-1,0.451101064682007
21,2,4,31,9,9,1,0.985336542129517,-1,-1,-1,-1,0.418194055557251
21,2,4,32,27,27,1,0.836054801940918,1,1,-1,-1,0.735336542129517
21,2,4,33,-9,9,0,0.785884857177734,1,1,1,1,0.586054801940918
21,2,4,34,-3,3,1,0.868130207061768,-1,-1,1,1,0.535884857177734
21,2,4,35,-27,27,1,0.885519981384277,-1,1,-1,-1,0.618130207061768
21,2,4,36,3,3,1,1.03502035140991,-1,1,1,-1,0.635519981384277
21,2,4,37,9,9,0,0.802270889282227,1,1,1,-1,0.785020351409912
21,2,4,47,3,3,0,1.06713604927063,1,1,-1,-1,0.384521245956421
21,2,4,48,81,81,1,1.18431353569031,1,-1,1,1,0.81713604927063
21,2,4,49,9,9,1,0.767697095870972,1,1,-1,1,0.934313535690308
21,2,4,50,-9,9,1,0.352699041366577,1,1,1,1,0.517697095870972
21,2,4,54,81,81,1,0.617672920227051,-1,1,-1,1,0.569126844406128
21,2,4,55,-81,81,0,0.634902715682983,1,1,1,-1,0.367672920227051
21,2,4,56,27,27,1,0.702638864517212,-1,-1,1,1,0.384902715682983
21,2,4,57,-81,81,0,0.367204666137695,1,1,-1,-1,0.452638864517212
21,2,4,58,81,81,1,0.651412725448608,-1,-1,1,1,0.117204666137695
21,2,4,59,-81,81,0,0.585233926773071,1,1,-1,-1,0.401412725448608
21,2,4,60,-3,3,1,0.836004972457886,-1,-1,1,1,0.335233926773071
21,2,4,61,27,27,1,0.602773427963257,-1,1,-1,-1,0.586004972457886
21,2,4,62,9,9,1,0.58381199836731,1,1,1,-1,0.352773427963257
21,2,4,63,-0,0,0,0.635954856872559,1,1,1,1,0.33381199836731
21,2,4,64,-27,27,0,0.81765079498291,-1,-1,1,1,0.385954856872559
21,2,4,65,3,3,0,1.45225834846497,-1,-1,-1,-1,0.56765079498291
21,2,4,66,-3,3,1,0.734347820281982,1,-1,-1,-1,1.20225834846497
21,2,4,67,81,81,1,0.434464931488037,-1,1,-1,1,0.484347820281982
21,2,4,68,0,0,0,0.900501728057861,1,1,1,-1,0.184464931488037
21,2,4,69,9,9,0,0.917139291763306,1,-1,1,1,0.650501728057861
21,2,4,73,81,81,1,0.569007158279419,1,1,1,1,0.119229555130005
21,2,4,74,9,9,1,0.767642259597778,1,1,1,1,0.319007158279419
21,2,4,75,-0,0,1,0.402589082717896,1,1,1,1,0.517642259597778
21,2,4,76,-81,81,0,0.419424772262573,-1,1,1,1,0.152589082717896
21,2,4,77,3,3,0,0.583812236785889,-1,-1,1,-1,0.169424772262573
21,2,4,78,0,0,1,0.502010822296143,1,-1,-1,-1,0.333812236785889
21,2,4,79,-9,9,1,1.15111327171326,1,1,-1,1,0.252010822296143
21,2,4,80,81,81,1,0.836129665374756,-1,1,1,1,0.901113271713257
21,2,4,81,-81,81,0,0.634398698806763,1,1,1,-1,0.586129665374756
21,2,4,82,0,0,0,1.03451371192932,-1,-1,1,1,0.384398698806763
21,2,4,83,81,81,1,0.469293832778931,1,-1,-1,-1,0.784513711929321
21,2,4,84,-81,81,0,0.518808603286743,1,1,-1,1,0.219293832778931
21,2,4,85,-27,27,0,0.885738849639893,-1,-1,1,1,0.268808603286743
21,2,4,86,-0,0,1,1.10093784332275,-1,-1,-1,-1,0.635738849639893
21,2,4,87,27,27,1,0.552575349807739,-1,1,-1,-1,0.850937843322754
21,2,4,88,27,27,0,0.802586317062378,1,1,1,-1,0.302575349807739
21,2,4,89,3,3,1,0.886074066162109,1,-1,1,1,0.552586317062378
21,2,4,90,81,81,1,0.502170085906982,1,1,-1,1,0.636074066162109
21,2,4,91,9,9,1,0.485845327377319,1,1,1,1,0.252170085906982
21,2,4,92,-27,27,0,0.650510787963867,1,1,1,1,0.235845327377319
21,2,4,93,3,3,1,1.33577585220337,-1,-1,1,1,0.400510787963867
21,2,4,94,27,27,1,0.850497245788574,1,1,-1,-1,1.08577585220337
21,2,4,95,-9,9,1,0.552198648452759,1,1,1,1,0.600497245788574
21,2,4,96,81,81,1,0.98380184173584,-1,1,1,1,0.302198648452759
21,2,4,97,-3,3,0,0.835211515426636,1,1,1,-1,0.73380184173584
21,2,4,98,9,9,1,0.284364938735962,-1,-1,1,1,0.585211515426636
21,2,4,99,-9,9,0,1.43540120124817,1,1,-1,-1,0.0343649387359619
21,2,5,2,-0,0,1,0.683826684951782,-1,-1,-1,-1,0.65246319770813
21,2,5,3,-27,27,0,1.08561325073242,-1,1,-1,-1,0.433826684951782
21,2,5,4,-81,81,1,1.21726155281067,-1,-1,1,-1,0.835613250732422
21,2,5,5,3,3,0,1.08386206626892,-1,1,-1,-1,0.967261552810669
21,2,5,6,27,27,0,0.80141282081604,1,-1,1,-1,0.833862066268921
21,2,5,7,-27,27,0,1.00147771835327,1,-1,-1,1,0.55141282081604
21,2,5,8,3,3,0,0.919452905654907,-1,-1,-1,1,0.751477718353271
21,2,5,9,-81,81,0,0.803153276443481,1,-1,-1,-1,0.669452905654907
21,2,5,10,-9,9,0,1.08562326431274,-1,-1,-1,1,0.553153276443481
21,2,5,11,0,0,0,0.685166835784912,-1,-1,-1,-1,0.835623264312744
21,2,5,12,-9,9,1,0.652297258377075,1,-1,-1,-1,0.435166835784912
21,2,5,13,-27,27,0,1.15218091011047,-1,1,-1,1,0.402297258377075
21,2,5,14,81,81,0,0.600565433502197,-1,-1,1,-1,0.902180910110474
21,2,5,15,-3,3,0,0.800517082214355,1,-1,-1,-1,0.350565433502197
21,2,5,16,-81,81,1,1.10282969474792,-1,-1,-1,1,0.550517082214355
21,2,5,17,3,3,1,1.00117492675781,-1,1,-1,-1,0.852829694747925
21,2,5,21,27,27,0,1.30233478546143,1,1,-1,1,0.567155361175537
21,2,5,22,-27,27,1,1.03463673591614,1,-1,1,1,1.05233478546143
21,2,5,23,-9,9,0,1.13546180725098,-1,1,-1,1,0.784636735916138
21,2,5,24,3,3,1,1.3005006313324,-1,-1,1,-1,0.885461807250977
21,2,5,25,-27,27,0,1.15269780158997,1,1,-1,-1,1.0505006313324
21,2,5,33,-0,0,0,1.0513768196106,-1,-1,-1,1,0.568594694137573
21,2,5,34,0,0,0,0.451904058456421,-1,-1,-1,-1,0.801376819610596
21,2,5,38,0,0,1,1.23577213287354,1,1,1,-1,0.652619123458862
21,2,5,39,-3,3,0,0.768599033355713,1,1,1,1,0.985772132873535
21,2,5,40,-9,9,1,0.88474702835083,-1,-1,1,1,0.518599033355713
21,2,5,41,-81,81,0,1.01928687095642,-1,1,-1,-1,0.63474702835083
21,2,5,42,-3,3,1,0.984541893005371,-1,-1,1,-1,0.769286870956421
21,2,5,43,-9,9,0,0.434303522109985,-1,1,-1,-1,0.734541893005371
21,2,5,44,3,3,0,0.418191432952881,-1,-1,1,-1,0.184303522109985
21,2,5,45,3,3,1,0.701140642166138,1,-1,-1,-1,0.168191432952881
21,2,5,46,81,81,1,0.835129022598267,1,1,-1,1,0.451140642166138
21,2,5,47,-27,27,0,1.28471803665161,1,1,1,1,0.585129022598267
21,2,5,48,81,81,0,1.38427948951721,-1,-1,1,1,1.03471803665161
21,2,5,49,27,27,1,0.752825736999512,1,-1,-1,-1,1.13427948951721
21,2,5,50,9,9,1,1.40048480033875,1,1,-1,1,0.502825736999512
21,2,5,51,-81,81,0,0.885400772094727,1,1,1,1,1.15048480033875
21,2,5,52,-9,9,1,0.918058395385742,-1,-1,1,1,0.635400772094727
21,2,5,56,81,81,1,0.986013412475586,1,-1,1,-1,0.452704906463623
21,2,5,60,3,3,0,1.18599224090576,-1,-1,-1,1,0.833857774734497
21,2,5,61,3,3,1,1.40202474594116,1,-1,-1,-1,0.935992240905762
21,2,5,62,-9,9,0,1.4677517414093,1,1,-1,1,1.15202474594116
21,2,5,66,27,27,1,1.18426895141602,-1,-1,1,1,0.717834949493408
21,2,5,67,-3,3,1,0.369420289993286,1,1,-1,-1,0.934268951416016
21,2,5,68,-3,3,1,0.285984992980957,-1,1,1,1,0.119420289993286
21,2,5,69,3,3,0,0.384731292724609,-1,1,1,-1,0.035984992980957
21,2,5,73,-9,9,0,0.619314193725586,-1,-1,1,-1,0.250500917434692
21,2,5,74,-27,27,0,1.43471002578735,-1,-1,-1,-1,0.369314193725586
21,2,5,78,-27,27,1,0.817812442779541,-1,1,1,1,0.968664884567261
21,2,5,79,-27,27,0,0.919372797012329,-1,1,1,-1,0.567812442779541
21,2,5,80,-9,9,1,1.06776404380798,-1,-1,1,-1,0.669372797012329
21,2,5,84,-3,3,1,1.13527703285217,-1,-1,-1,-1,0.519119024276733
21,2,5,85,-27,27,0,1.03530931472778,-1,1,-1,-1,0.885277032852173
21,2,5,86,81,81,1,0.734663724899292,-1,-1,1,-1,0.785309314727783
21,2,5,93,-81,81,0,1.18587636947632,1,-1,1,1,0.6515953540802
21,2,5,94,27,27,1,0.735469818115234,-1,-1,-1,1,0.935876369476318
21,2,5,95,9,9,0,0.650985717773438,1,1,-1,-1,0.485469818115234
21,2,5,96,-81,81,0,0.735694169998169,1,-1,1,1,0.400985717773438
21,2,5,97,81,81,1,0.835346221923828,-1,-1,-1,1,0.485694169998169
21,2,5,98,3,3,0,0.367736339569092,1,1,-1,-1,0.585346221923828
21,2,5,99,-81,81,0,1.13582682609558,1,-1,1,1,0.117736339569092
21,2,6,2,81,81,1,0.868673324584961,-1,1,1,1,0.350782632827759
21,2,6,3,-27,27,0,0.785019397735596,1,1,1,-1,0.618673324584961
21,2,6,4,27,27,1,0.851095914840698,-1,-1,1,1,0.535019397735596
21,2,6,5,-3,3,0,0.918608903884888,1,1,-1,-1,0.601095914840698
21,2,6,6,81,81,1,0.418174028396606,-1,-1,1,1,0.668608903884888
21,2,6,7,-27,27,0,0.884776830673218,1,1,-1,-1,0.168174028396606
21,2,6,8,0,0,1,0.985229969024658,-1,-1,1,1,0.634776830673218
21,2,6,9,-3,3,0,1.08571124076843,1,1,-1,-1,0.735229969024658
21,2,6,10,-3,3,1,1.11946678161621,-1,-1,1,1,0.835711240768433
21,2,6,11,27,27,0,0.652541160583496,-1,1,-1,-1,0.869466781616211
21,2,6,12,-27,27,0,0.533817052841187,1,-1,1,-1,0.402541160583496
21,2,6,13,81,81,1,0.983830690383911,-1,-1,-1,1,0.283817052841187
21,2,6,14,-81,81,0,0.70113730430603,1,1,-1,-1,0.733830690383911
21,2,6,21,-9,9,0,0.833854198455811,1,1,1,1,0.784643650054932
21,2,6,22,-3,3,1,0.802852392196655,-1,-1,1,1,0.583854198455811
21,2,6,26,-3,3,0,1.2187933921814,1,1,1,-1,0.368857860565186
21,2,6,30,-27,27,0,0.717617273330688,1,-1,-1,-1,0.700962066650391
21,2,6,34,-27,27,1,0.968453884124756,1,-1,1,1,0.667609691619873
21,2,6,35,-81,81,0,0.634553194046021,-1,1,-1,1,0.718453884124756
21,2,6,36,3,3,1,1.1186363697052,-1,-1,1,-1,0.384553194046021
21,2,6,37,0,0,0,0.385149478912354,1,1,-1,-1,0.8686363697052
21,2,6,38,-27,27,0,0.535950422286987,1,-1,1,1,0.135149478912354
21,2,6,42,3,3,1,1.43505120277405,1,-1,1,-1,0.533801078796387
21,2,6,43,-81,81,0,1.33428955078125,1,1,-1,1,1.18505120277405
21,2,6,44,27,27,1,1.31764340400696,-1,-1,1,1,1.08428955078125
21,2,6,48,-9,9,1,0.735951662063599,1,1,-1,-1,0.334341049194336
21,2,6,49,0,0,0,1.03382158279419,-1,1,1,1,0.485951662063599
21,2,6,56,-9,9,1,0.451627492904663,1,1,1,-1,1.18564438819885
21,2,6,57,3,3,0,0.902404546737671,-1,1,1,1,0.201627492904663
21,2,6,61,-9,9,1,0.919137954711914,1,-1,-1,-1,0.717188358306885
21,2,6,62,0,0,0,0.451083421707153,-1,1,-1,1,0.669137954711914
21,2,6,71,27,27,1,1.21719646453857,1,-1,-1,-1,0.56761908531189
21,2,6,72,27,27,1,1.48432683944702,1,1,-1,1,0.967196464538574
21,2,6,76,3,3,0,0.650998592376709,-1,1,-1,1,0.702187299728394
21,2,6,77,-27,27,0,0.634584903717041,1,-1,1,-1,0.400998592376709
21,2,6,78,-0,0,1,0.868696212768555,-1,-1,-1,1,0.384584903717041
21,2,6,79,81,81,0,0.850528717041016,-1,1,-1,-1,0.618696212768555
21,2,6,80,-27,27,0,0.919288635253906,1,-1,1,-1,0.600528717041016
21,2,6,81,9,9,1,1.15252375602722,-1,-1,-1,1,0.669288635253906
21,2,6,82,-9,9,1,0.469141721725464,1,1,-1,-1,0.902523756027222
21,2,6,89,-9,9,0,0.867804527282715,1,1,-1,-1,0.417639255523682
21,2,6,90,3,3,0,0.351008176803589,-1,-1,1,1,0.617804527282715
21,2,6,91,-27,27,0,0.367921352386475,1,-1,-1,-1,0.101008176803589
21,2,6,95,-81,81,0,0.802182674407959,-1,-1,1,1,1.10181879997253
21,2,6,96,81,81,1,0.669088840484619,-1,-1,-1,-1,0.552182674407959
21,3,1,7,-27,27,0,0.635321617126465,-1,-1,-1,-1,0.835922479629517
21,3,1,11,-9,9,0,0.818609714508057,1,1,1,1,0.71875524520874
21,3,1,20,9,9,1,0.952515125274658,-1,-1,-1,-1,0.467987298965454
21,3,1,21,81,81,1,0.901742935180664,1,1,-1,-1,0.702515125274658
21,3,1,22,-0,0,0,0.95102858543396,1,1,1,1,0.651742935180664
21,3,1,23,-3,3,1,0.918600082397461,-1,-1,1,1,0.70102858543396
21,3,1,24,-0,0,0,1.18518495559692,-1,1,-1,-1,0.668600082397461
21,3,1,25,-27,27,1,0.935542345046997,-1,-1,1,-1,0.935184955596924
21,3,1,26,-0,0,0,0.852396488189697,-1,1,-1,-1,0.685542345046997
21,3,1,27,-9,9,0,0.835094451904297,-1,-1,1,-1,0.602396488189697
21,3,1,28,-3,3,0,0.933894395828247,-1,-1,-1,-1,0.585094451904297
21,3,1,32,27,27,1,1.36782264709473,-1,-1,-1,-1,0.584259033203125
21,3,1,33,3,3,1,0.917611360549927,1,1,-1,-1,1.11782264709473
21,3,1,34,9,9,1,0.569251537322998,1,1,1,1,0.667611360549927
21,3,1,35,9,9,1,0.718898773193359,1,1,1,1,0.319251537322998
21,3,1,36,3,3,1,0.902567148208618,1,1,1,1,0.468898773193359
21,3,1,37,-27,27,0,0.967139005661011,1,1,1,1,0.652567148208618
21,3,1,38,-9,9,1,1.03510451316833,-1,-1,1,1,0.717139005661011
21,3,1,39,-27,27,0,1.05110168457031,-1,1,-1,-1,0.785104513168335
21,3,1,40,-9,9,0,0.319339036941528,-1,-1,1,-1,0.801101684570312
21,3,1,44,9,9,0,1.26876473426819,1,1,-1,1,0.751113653182983
21,3,1,45,-81,81,0,0.584549427032471,1,-1,1,1,1.01876473426819
21,3,1,46,0,0,1,1.10100293159485,-1,-1,-1,1,0.334549427032471
21,3,1,47,3,3,1,0.768433332443237,1,1,-1,-1,0.851002931594849
21,3,1,51,3,3,0,0.517810106277466,1,1,-1,1,0.635460615158081
21,3,1,52,27,27,1,0.802013397216797,1,-1,1,1,0.267810106277466
21,3,1,56,27,27,1,0.500490188598633,1,-1,1,1,1.23573803901672
21,3,1,57,81,81,0,1.20118474960327,1,1,-1,1,0.250490188598633
21,3,1,58,81,81,1,0.634437084197998,1,-1,1,1,0.951184749603271
21,3,1,62,81,81,1,0.484399318695068,1,1,1,1,0.501297473907471
21,3,1,63,-9,9,1,1.00259876251221,1,1,1,1,0.234399318695068
21,3,1,64,-81,81,0,0.685958862304688,-1,1,1,1,0.752598762512207
21,3,1,70,-9,9,0,1.20164227485657,-1,-1,-1,-1,0.286026954650879
21,3,1,74,-27,27,0,0.36923885345459,-1,-1,-1,-1,0.286259651184082
21,3,1,75,3,3,1,0.519063711166382,-1,-1,-1,-1,0.11923885345459
21,3,1,76,3,3,0,0.835880756378174,1,1,-1,-1,0.269063711166382
21,3,1,77,-81,81,0,0.550958156585693,1,-1,1,1,0.585880756378174
21,3,1,78,-27,27,0,0.318735122680664,-1,-1,-1,1,0.300958156585693
21,3,1,79,9,9,1,1.00249981880188,-1,-1,-1,-1,0.0687351226806641
21,3,1,80,9,9,0,0.485870838165283,1,1,-1,-1,0.75249981880188
21,3,1,81,81,81,1,0.752531290054321,1,-1,1,1,0.235870838165283
21,3,1,82,81,81,0,0.685619354248047,1,1,-1,1,0.502531290054321
21,3,1,86,-81,81,0,0.484282970428467,1,-1,-1,1,0.317195892333984
21,3,1,87,81,81,1,0.519282579421997,-1,-1,-1,1,0.234282970428467
21,3,1,88,0,0,1,1.03381371498108,1,1,-1,-1,0.269282579421997
21,3,1,89,27,27,0,0.484347105026245,1,1,1,1,0.783813714981079
21,3,1,90,27,27,1,0.500956058502197,1,-1,1,1,0.234347105026245
21,3,1,94,27,27,0,1.28571224212646,1,1,-1,1,0.584440946578979
21,3,1,95,-27,27,0,0.517157316207886,1,-1,1,1,1.03571224212646
21,3,1,96,27,27,1,0.618870496749878,-1,-1,-1,1,0.267157316207886
21,3,2,3,27,27,1,0.817825794219971,1,1,-1,1,0.917768716812134
21,3,2,4,-0,0,0,0.552380323410034,1,1,1,1,0.567825794219971
21,3,2,5,-0,0,1,0.634871006011963,-1,-1,1,1,0.302380323410034
21,3,2,9,-3,3,0,0.718793630599976,-1,-1,-1,1,0.383841514587402
21,3,2,10,-9,9,1,0.867169618606567,-1,-1,-1,-1,0.468793630599976
21,3,2,11,3,3,0,1.23582911491394,-1,1,-1,-1,0.617169618606567
21,3,2,12,3,3,1,0.952393054962158,1,-1,1,-1,0.98582911491394
21,3,2,13,-81,81,1,0.568655490875244,1,1,-1,1,0.702393054962158
21,3,2,14,-81,81,0,0.485418558120728,-1,1,1,1,0.318655490875244
21,3,2,15,0,0,1,0.867611169815063,-1,-1,1,-1,0.235418558120728
21,3,2,16,-9,9,0,1.20213532447815,1,1,-1,-1,0.617611169815063
21,3,2,20,-3,3,0,0.568472623825073,-1,-1,1,-1,0.400546789169312
21,3,2,25,3,3,0,0.652456045150757,-1,-1,1,-1,0.469189643859863
21,3,2,26,0,0,1,0.702759504318237,1,-1,-1,-1,0.402456045150757
21,3,2,27,3,3,0,0.434244871139526,1,1,-1,1,0.452759504318237
21,3,2,28,-81,81,0,0.684600114822388,1,-1,1,1,0.184244871139526
21,3,2,29,-27,27,0,0.801010370254517,-1,-1,-1,1,0.434600114822388
21,3,2,30,-81,81,0,0.452178001403809,-1,-1,-1,-1,0.551010370254517
21,3,2,31,-81,81,0,0.367660045623779,-1,-1,-1,-1,0.202178001403809
21,3,2,32,81,81,1,0.434473991394043,-1,-1,-1,-1,0.117660045623779
21,3,2,33,-9,9,1,0.901365518569946,1,1,-1,-1,0.184473991394043
21,3,2,34,-81,81,0,0.651005506515503,-1,1,1,1,0.651365518569946
21,3,2,35,9,9,0,0.635379314422607,-1,-1,1,-1,0.401005506515503
21,3,2,36,-81,81,0,0.535693883895874,1,-1,-1,-1,0.385379314422607
21,3,2,37,-9,9,0,1.21866989135742,-1,-1,-1,1,0.285693883895874
21,3,2,38,9,9,1,0.601993322372437,-1,-1,-1,-1,0.968669891357422
21,3,2,39,9,9,1,0.852090120315552,1,1,-1,-1,0.351993322372437
21,3,2,40,0,0,0,0.552709341049194,1,1,1,1,0.602090120315552
21,3,2,41,0,0,0,0.584322929382324,1,-1,1,1,0.302709341049194
21,3,2,42,27,27,1,0.485827684402466,1,-1,-1,1,0.334322929382324
21,3,2,43,-27,27,0,0.501738786697388,1,1,-1,1,0.235827684402466
21,3,2,44,27,27,1,0.435785055160522,-1,-1,1,1,0.251738786697388
21,3,2,45,-27,27,0,0.617221593856812,1,1,-1,-1,0.185785055160522
21,3,2,46,81,81,1,0.435251474380493,-1,-1,1,1,0.367221593856812
21,3,2,47,-3,3,0,1.23555040359497,1,1,-1,-1,0.185251474380493
21,3,2,48,9,9,1,0.985698938369751,-1,-1,1,1,0.985550403594971
21,3,2,49,-27,27,0,0.819139719009399,1,1,-1,-1,0.735698938369751
21,3,2,50,3,3,1,0.83489990234375,-1,-1,1,1,0.569139719009399
21,3,2,51,-81,81,0,0.584497213363647,1,1,-1,-1,0.58489990234375
21,3,2,52,9,9,1,1.08448314666748,-1,-1,1,1,0.334497213363647
21,3,2,53,-3,3,0,0.417138814926147,1,1,-1,-1,0.83448314666748
21,3,2,54,27,27,1,0.583858966827393,-1,-1,1,1,0.167138814926147
21,3,2,58,-27,27,0,0.400937080383301,-1,-1,-1,-1,0.667752265930176
21,3,2,59,-27,27,0,0.419052600860596,-1,-1,-1,-1,0.150937080383301
21,3,2,60,-81,81,0,0.434844017028809,-1,-1,-1,-1,0.169052600860596
21,3,2,61,9,9,0,1.46900606155396,-1,-1,-1,-1,0.184844017028809
21,3,2,62,3,3,0,0.801447629928589,1,-1,-1,-1,1.21900606155396
21,3,2,63,9,9,0,1.03579568862915,1,-1,-1,1,0.551447629928589
21,3,2,64,27,27,1,1.45111536979675,1,-1,-1,1,0.78579568862915
21,3,2,65,-0,0,1,1.20177721977234,1,1,-1,1,1.20111536979675
21,3,2,66,81,81,1,0.967767238616943,-1,1,1,1,0.951777219772339
21,3,2,67,27,27,1,0.667782068252563,1,1,1,-1,0.717767238616943
21,3,2,68,-0,0,1,0.717180013656616,1,1,1,1,0.417782068252563
21,3,2,72,9,9,1,0.484317779541016,1,-1,-1,-1,0.284396886825562
21,3,2,73,-81,81,1,0.817936182022095,1,1,-1,1,0.234317779541016
21,3,2,74,-9,9,0,0.483876705169678,-1,1,1,1,0.567936182022095
21,3,2,75,9,9,0,0.952285289764404,-1,-1,1,-1,0.233876705169678
21,3,2,76,81,81,1,0.602729082107544,1,-1,-1,-1,0.702285289764404
21,3,2,77,9,9,0,0.902740716934204,1,1,-1,1,0.352729082107544
21,3,2,78,-27,27,0,1.11713719367981,1,-1,1,1,0.652740716934204
21,3,2,79,-27,27,0,0.650561094284058,-1,-1,-1,1,0.86713719367981
21,3,2,86,-81,81,0,0.883818626403809,-1,-1,-1,-1,0.468515872955322
21,3,2,87,81,81,1,0.651144027709961,-1,-1,-1,-1,0.633818626403809
21,3,2,91,3,3,1,1.05246806144714,1,-1,-1,1,0.984441041946411
21,3,2,92,27,27,1,0.784274578094482,1,1,-1,1,0.802468061447144
21,3,2,93,9,9,1,0.485911130905151,1,1,1,1,0.534274578094482
21,3,2,94,-3,3,1,1.41791200637817,1,1,1,1,0.235911130905151
21,3,2,95,27,27,1,1.1521589756012,-1,1,1,1,1.16791200637817
21,3,3,2,-3,3,0,0.85102391242981,1,1,-1,-1,0.367845296859741
21,3,3,3,3,3,1,0.533812284469604,-1,-1,1,1,0.60102391242981
21,3,3,4,3,3,1,0.568534374237061,1,1,-1,-1,0.283812284469604
21,3,3,5,-0,0,0,0.600989580154419,1,1,1,1,0.318534374237061
21,3,3,6,9,9,1,0.851009607315063,-1,-1,1,1,0.350989580154419
21,3,3,7,-9,9,0,0.785458326339722,1,1,-1,-1,0.601009607315063
21,3,3,8,3,3,1,0.635394334793091,-1,-1,1,1,0.535458326339722
21,3,3,9,-3,3,1,0.801286935806274,1,1,-1,-1,0.385394334793091
21,3,3,10,9,9,1,0.851402044296265,-1,1,1,1,0.551286935806274
21,3,3,11,-81,81,0,0.467901706695557,1,1,1,-1,0.601402044296265
21,3,3,12,81,81,1,0.501074314117432,-1,-1,1,1,0.217901706695557
21,3,3,13,-27,27,0,0.435366630554199,1,1,-1,-1,0.251074314117432
21,3,3,14,27,27,1,0.702633380889893,-1,-1,1,1,0.185366630554199
21,3,3,15,-27,27,0,0.319049596786499,1,1,-1,-1,0.452633380889893
21,3,3,16,3,3,0,0.786051750183105,-1,-1,1,1,0.069049596786499
21,3,3,17,-0,0,1,0.85048246383667,1,-1,-1,-1,0.536051750183105
21,3,3,18,27,27,1,0.851340770721436,-1,1,-1,1,0.60048246383667
21,3,3,19,-3,3,0,0.602556467056274,1,1,1,-1,0.601340770721436
21,3,3,20,27,27,1,1.40104174613953,-1,-1,1,1,0.352556467056274
21,3,3,21,-9,9,1,0.41893196105957,1,1,-1,-1,1.15104174613953
21,3,3,22,9,9,0,0.935988903045654,-1,1,1,1,0.16893196105957
21,3,3,23,-9,9,1,0.750553846359253,1,-1,1,-1,0.685988903045654
21,3,3,24,27,27,1,0.652646064758301,-1,1,-1,1,0.500553846359253
21,3,3,25,-3,3,0,0.834566831588745,1,1,1,-1,0.402646064758301
21,3,3,26,9,9,1,0.486326694488525,-1,-1,1,1,0.584566831588745
21,3,3,27,0,0,0,0.684438228607178,1,1,-1,-1,0.236326694488525
21,3,3,28,-9,9,1,0.985454082489014,1,-1,1,1,0.434438228607178
21,3,3,29,0,0,1,0.885311365127563,-1,1,-1,1,0.735454082489014
21,3,3,30,-27,27,0,0.633903741836548,1,1,1,-1,0.635311365127563
21,3,3,31,-9,9,0,0.735190629959106,-1,-1,1,1,0.383903741836548
21,3,3,32,3,3,1,0.551090002059937,-1,-1,-1,-1,0.485190629959106
21,3,3,33,-27,27,0,0.617183923721313,1,1,-1,-1,0.301090002059937
21,3,3,34,-9,9,0,0.618000268936157,-1,-1,1,1,0.367183923721313
21,3,3,35,9,9,0,0.750483989715576,-1,-1,-1,-1,0.368000268936157
21,3,3,36,-9,9,1,0.685827970504761,1,-1,-1,-1,0.500483989715576
21,3,3,37,-81,81,0,1.05240201950073,-1,1,-1,1,0.435827970504761
21,3,3,38,9,9,1,0.967602014541626,-1,-1,1,-1,0.802402019500732
21,3,3,39,-81,81,0,0.669016122817993,1,1,-1,-1,0.717602014541626
21,3,3,40,9,9,1,0.750945091247559,-1,-1,1,1,0.419016122817993
21,3,3,41,-27,27,0,0.569355010986328,1,1,-1,-1,0.500945091247559
21,3,3,42,9,9,1,0.651212453842163,-1,-1,1,1,0.319355010986328
21,3,3,43,-3,3,0,0.535667657852173,1,1,-1,-1,0.401212453842163
21,3,3,44,0,0,0,0.702187538146973,-1,-1,1,1,0.285667657852173
21,3,3,45,-3,3,1,0.850991010665894,1,-1,-1,-1,0.452187538146973
21,3,3,46,-81,81,0,0.434802293777466,-1,1,-1,1,0.600991010665894
21,3,3,47,9,9,1,0.43598461151123,-1,-1,1,-1,0.184802293777466
21,3,3,48,81,81,0,0.767169713973999,1,1,-1,-1,0.18598461151123
21,3,3,49,-3,3,0,0.850985050201416,1,-1,1,1,0.517169713973999
21,3,3,50,-27,27,0,0.334394693374634,-1,-1,-1,1,0.600985050201416
21,3,3,51,-81,81,0,0.434491157531738,-1,-1,-1,-1,0.0843946933746338
21,3,3,52,9,9,1,0.935146331787109,-1,-1,-1,-1,0.184491157531738
21,3,3,53,-81,81,0,0.302507162094116,1,1,-1,-1,0.685146331787109
21,3,3,54,81,81,1,0.502660751342773,-1,-1,1,1,0.0525071620941162
21,3,3,55,-0,0,1,0.785639047622681,1,1,-1,-1,0.252660751342773
21,3,3,56,9,9,0,0.785791397094727,-1,1,1,1,0.535639047622681
21,3,3,57,-3,3,1,1.0011613368988,1,-1,1,-1,0.535791397094727
21,3,3,58,27,27,1,0.584465503692627,-1,1,-1,1,0.751161336898804
21,3,3,59,-27,27,0,0.38579535484314,1,1,1,-1,0.334465503692627
21,3,3,60,3,3,1,0.717614412307739,-1,-1,1,1,0.13579535484314
21,3,3,61,-0,0,0,0.836158514022827,1,1,-1,-1,0.467614412307739
21,3,3,65,-9,9,1,0.667144536972046,1,-1,1,1,0.0844802856445312
21,3,3,66,-81,81,0,0.552356243133545,-1,1,-1,1,0.417144536972046
21,3,3,67,9,9,1,0.652441263198853,-1,-1,1,-1,0.302356243133545
21,3,3,68,-81,81,0,0.369112491607666,1,1,-1,-1,0.402441263198853
21,3,3,69,27,27,1,0.485981941223145,-1,-1,1,1,0.119112491607666
21,3,3,70,3,3,1,0.51889705657959,1,1,-1,-1,0.235981941223145
21,3,3,71,-3,3,0,0.817145347595215,1,1,1,1,0.26889705657959
21,3,3,72,27,27,1,0.73430061340332,-1,-1,1,1,0.567145347595215
21,3,3,73,-0,0,1,0.969114780426025,1,1,-1,-1,0.48430061340332
21,3,3,74,-0,0,1,0.81942081451416,-1,1,1,1,0.719114780426025
21,3,3,75,27,27,1,0.534352779388428,-1,1,1,-1,0.56942081451416
21,3,3,76,-27,27,0,0.501122713088989,1,1,1,-1,0.284352779388428
21,3,3,80,-81,81,0,0.40227484703064,-1,-1,-1,-1,0.500505447387695
21,3,3,81,81,81,1,0.351109504699707,-1,-1,-1,-1,0.15227484703064
21,3,3,82,-27,27,1,0.502677440643311,1,1,-1,-1,0.101109504699707
21,3,3,83,-9,9,0,0.567151308059692,-1,1,1,1,0.252677440643311
21,3,3,84,27,27,1,0.434571266174316,-1,-1,1,-1,0.317151308059692
21,3,3,85,-0,0,1,0.400529146194458,1,1,-1,-1,0.184571266174316
21,3,3,86,-81,81,0,0.284904956817627,-1,1,1,1,0.150529146194458
21,3,3,87,-81,81,0,0.250998973846436,-1,-1,1,-1,0.034904956817627
21,3,3,88,81,81,1,0.35114574432373,-1,-1,-1,-1,0.000998973846435547
21,3,3,89,-81,81,0,0.667785406112671,1,1,-1,-1,0.10114574432373
21,3,3,93,-3,3,1,0.502465009689331,1,1,-1,-1,0.417158842086792
21,3,3,94,27,27,1,1.0689902305603,-1,1,1,1,0.252465009689331
21,3,3,95,-81,81,0,0.602693796157837,1,1,1,-1,0.818990230560303
21,3,3,99,-3,3,0,0.65280294418335,1,1,-1,-1,0.817174673080444
21,3,4,2,-81,81,0,0.700509548187256,1,-1,1,1,0.734522342681885
21,3,4,3,81,81,1,0.533854246139526,-1,-1,-1,1,0.450509548187256
21,3,4,4,-27,27,0,0.934439420700073,1,1,-1,-1,0.283854246139526
21,3,4,5,0,0,1,0.61904501914978,-1,-1,1,1,0.684439420700073
21,3,4,6,-81,81,1,0.467615127563477,1,1,-1,-1,0.36904501914978
21,3,4,7,3,3,0,0.585479259490967,-1,1,1,1,0.217615127563477
21,3,4,8,27,27,1,0.68523097038269,1,-1,1,-1,0.335479259490967
21,3,4,9,-81,81,0,0.351809978485107,1,1,-1,1,0.43523097038269
21,3,4,10,81,81,1,0.584529161453247,-1,-1,1,1,0.101809978485107
21,3,4,11,-3,3,1,0.650934219360352,1,1,-1,-1,0.334529161453247
21,3,4,12,3,3,0,0.417164325714111,-1,1,1,1,0.400934219360352
21,3,4,13,9,9,0,0.852333545684814,1,-1,1,-1,0.167164325714111
21,3,4,14,27,27,1,0.619241714477539,1,-1,-1,1,0.602333545684814
21,3,4,15,-0,0,1,0.401981353759766,1,1,-1,1,0.369241714477539
21,3,4,22,3,3,0,1.03427195549011,-1,1,-1,1,0.702632665634155
21,3,4,23,27,27,1,0.784844875335693,1,-1,1,-1,0.784271955490112
21,3,4,24,-81,81,0,0.384980201721191,1,1,-1,1,0.534844875335693
21,3,4,25,9,9,1,0.552354097366333,-1,-1,1,1,0.134980201721191
21,3,4,26,-27,27,0,0.883827686309814,1,1,-1,-1,0.302354097366333
21,3,4,27,9,9,1,0.267640113830566,-1,-1,1,1,0.633827686309814
21,3,4,28,-27,27,1,0.652479410171509,1,1,-1,-1,0.0176401138305664
21,3,4,29,3,3,0,1.05130290985107,-1,1,1,1,0.402479410171509
21,3,4,30,-27,27,0,0.935771226882935,1,-1,1,-1,0.801302909851074
21,3,4,31,27,27,1,0.818429946899414,-1,-1,-1,1,0.685771226882935
21,3,4,32,3,3,1,0.617173433303833,1,1,-1,-1,0.568429946899414
21,3,4,33,-81,81,0,0.30116081237793,1,1,1,1,0.367173433303833
21,3,4,34,3,3,1,0.551117420196533,-1,-1,1,1,0.0511608123779297
21,3,4,35,-81,81,0,0.817165613174438,1,1,-1,-1,0.301117420196533
21,3,4,36,81,81,1,0.633826494216919,-1,-1,1,1,0.567165613174438
21,3,4,37,-3,3,1,0.351316452026367,1,1,-1,-1,0.383826494216919
21,3,4,38,27,27,1,0.650977611541748,-1,1,1,1,0.101316452026367
21,3,4,39,3,3,1,0.317792415618896,1,1,1,-1,0.400977611541748
21,3,4,40,-0,0,0,0.751214981079102,1,1,1,1,0.0677924156188965
21,3,4,41,3,3,1,0.569216251373291,-1,-1,1,1,0.501214981079102
21,3,4,42,3,3,0,0.384441137313843,1,1,-1,-1,0.319216251373291
21,3,4,43,-27,27,0,0.784980058670044,1,-1,1,1,0.134441137313843
21,3,4,44,27,27,1,0.402480602264404,-1,-1,-1,1,0.534980058670044
21,3,4,45,-0,0,1,0.435420989990234,1,1,-1,-1,0.152480602264404
21,3,4,46,81,81,1,0.884312868118286,-1,1,1,1,0.185420989990234
21,3,4,47,-81,81,0,0.300531387329102,1,1,1,-1,0.634312868118286
21,3,4,48,3,3,1,0.719106435775757,-1,-1,1,1,0.0505313873291016
21,3,4,52,9,9,1,0.45203709602356,-1,-1,1,1,0.367146968841553
21,3,4,53,-9,9,0,0.401188850402832,1,1,-1,-1,0.20203709602356
21,3,4,54,27,27,1,0.386023044586182,-1,-1,1,1,0.151188850402832
21,3,4,55,81,81,1,0.352744340896606,1,1,-1,-1,0.136023044586182
21,3,4,56,-9,9,0,0.501404523849487,1,1,1,1,0.102744340896606
21,3,4,57,9,9,1,0.467854976654053,-1,-1,1,1,0.251404523849487
21,3,4,58,-27,27,1,0.252334833145142,1,1,-1,-1,0.217854976654053
21,3,4,59,81,81,1,0.717148542404175,-1,1,1,1,0.0023348331451416
21,3,4,60,-27,27,0,0.585930347442627,1,1,1,-1,0.467148542404175
21,3,4,61,81,81,1,0.419090747833252,-1,-1,1,1,0.335930347442627
21,3,4,65,-0,0,1,0.435617923736572,1,1,1,-1,0.368267297744751
21,3,4,66,3,3,1,0.534438848495483,-1,1,1,1,0.185617923736572
21,3,4,67,-81,81,0,0.633821725845337,1,1,1,-1,0.284438848495483
21,3,4,68,3,3,0,0.533824682235718,-1,-1,1,1,0.383821725845337
21,3,4,69,-3,3,1,0.369138240814209,1,-1,-1,-1,0.283824682235718
21,3,4,73,9,9,0,0.685972213745117,1,-1,1,-1,0.534947633743286
21,3,4,74,-27,27,0,0.517620801925659,1,-1,-1,1,0.435972213745117
21,3,4,75,9,9,1,0.901995182037354,-1,-1,-1,1,0.267620801925659
21,3,4,76,-3,3,0,0.485993146896362,1,1,-1,-1,0.651995182037354
21,3,4,77,9,9,0,0.83604884147644,-1,-1,1,1,0.235993146896362
21,3,4,78,-9,9,1,0.485850095748901,1,-1,-1,-1,0.58604884147644
21,3,4,79,9,9,0,0.30048680305481,-1,1,-1,1,0.235850095748901
21,3,4,80,-27,27,1,0.451127529144287,1,-1,1,-1,0.0504868030548096
21,3,4,81,-27,27,0,0.717795848846436,-1,1,-1,1,0.201127529144287
21,3,4,82,27,27,1,0.919148921966553,-1,-1,1,-1,0.467795848846436
21,3,4,83,9,9,1,0.818769693374634,1,1,-1,-1,0.669148921966553
21,3,4,84,-3,3,0,0.634319305419922,1,1,1,1,0.568769693374634
21,3,4,85,3,3,0,0.334388732910156,-1,-1,1,1,0.384319305419922
21,3,4,86,-0,0,0,1.13519096374512,1,-1,-1,-1,0.0843887329101562
21,3,4,87,81,81,1,0.618772029876709,-1,-1,-1,1,0.885190963745117
21,3,4,88,-9,9,0,0.802175760269165,1,1,-1,-1,0.368772029876709
21,3,4,89,-81,81,0,0.800505399703979,-1,-1,1,1,0.552175760269165
21,3,4,90,-9,9,1,0.651118040084839,-1,-1,-1,-1,0.550505399703979
21,3,4,91,-81,81,0,0.869296789169312,-1,1,-1,-1,0.401118040084839
21,3,4,92,9,9,1,1.20214009284973,-1,-1,1,-1,0.619296789169312
21,3,4,93,-0,0,1,0.652469158172607,1,1,-1,-1,0.952140092849731
21,3,4,94,27,27,1,0.719306945800781,-1,1,1,1,0.402469158172607
21,3,4,95,-9,9,1,0.602357149124146,1,1,1,-1,0.469306945800781
21,3,4,96,9,9,1,0.451119661331177,-1,1,1,1,0.352357149124146
21,3,4,97,81,81,1,0.434595108032227,1,1,1,-1,0.201119661331177
21,3,4,98,-81,81,0,0.386074542999268,1,1,1,1,0.184595108032227
21,3,4,99,3,3,1,0.967222213745117,-1,-1,1,1,0.136074542999268
21,3,5,2,81,81,1,0.267595052719116,1,1,1,1,0.0688486099243164
21,3,5,3,-0,0,1,1.01919841766357,1,1,1,1,0.0175950527191162
21,3,5,7,9,9,1,0.584602355957031,-1,-1,1,1,0.435567617416382
21,3,5,8,3,3,1,0.502326726913452,1,1,-1,-1,0.334602355957031
21,3,5,9,9,9,0,0.31955099105835,1,1,1,1,0.252326726913452
21,3,5,10,-81,81,0,0.951127290725708,1,-1,1,1,0.0695509910583496
21,3,5,11,-3,3,1,0.501128673553467,-1,-1,-1,1,0.701127290725708
21,3,5,12,0,0,0,0.751148462295532,-1,1,-1,-1,0.251128673553467
21,3,5,13,81,81,1,0.835236072540283,1,-1,1,-1,0.501148462295532
21,3,5,14,81,81,1,0.384332656860352,1,1,-1,1,0.585236072540283
21,3,5,15,-81,81,0,0.367603540420532,1,1,1,1,0.134332656860352
21,3,5,16,9,9,1,0.617656707763672,-1,-1,1,1,0.117603540420532
21,3,5,17,-27,27,0,0.352535009384155,1,1,-1,-1,0.367656707763672
21,3,5,18,-0,0,1,0.617188453674316,-1,-1,1,1,0.102535009384155
21,3,5,19,3,3,0,1.00048112869263,-1,1,-1,-1,0.367188453674316
21,3,5,20,-0,0,1,0.619144678115845,1,-1,1,-1,0.750481128692627
21,3,5,21,-9,9,1,0.467617511749268,-1,1,-1,1,0.369144678115845
21,3,5,25,-9,9,0,0.568349838256836,1,-1,1,-1,0.569299221038818
21,3,5,26,3,3,0,0.533808946609497,-1,-1,-1,1,0.318349838256836
21,3,5,27,-3,3,0,0.719117879867554,1,-1,-1,-1,0.283808946609497
21,3,5,28,-3,3,1,0.469271659851074,-1,-1,-1,1,0.469117879867554
21,3,5,29,27,27,0,0.502606868743896,-1,1,-1,-1,0.219271659851074
21,3,5,30,81,81,1,0.535465955734253,1,-1,1,-1,0.252606868743896
21,3,5,31,3,3,0,0.751935005187988,1,1,-1,1,0.285465955734253
21,3,5,32,3,3,0,0.767822980880737,1,-1,1,1,0.501935005187988
21,3,5,33,-0,0,1,0.335334062576294,1,-1,-1,1,0.517822980880737
21,3,5,34,9,9,1,0.585130453109741,-1,1,-1,1,0.0853340625762939
21,3,5,35,81,81,0,0.635642528533936,1,1,1,-1,0.335130453109741
21,3,5,36,81,81,1,0.367762804031372,1,-1,1,1,0.385642528533936
21,3,5,37,-9,9,0,0.669213056564331,1,1,-1,1,0.117762804031372
21,3,5,38,-9,9,1,1.23385381698608,-1,-1,1,1,0.419213056564331
21,3,5,39,-81,81,0,0.485552310943604,-1,1,-1,-1,0.983853816986084
21,3,5,40,-27,27,0,0.335558652877808,-1,-1,1,-1,0.235552310943604
21,3,5,41,-9,9,1,0.702711820602417,-1,-1,-1,-1,0.0855586528778076
21,3,5,42,81,81,1,1.0845148563385,-1,1,-1,-1,0.452711820602417
21,3,5,43,-81,81,0,0.6838219165802,1,1,1,-1,0.834514856338501
21,3,5,44,-3,3,1,0.734293699264526,-1,-1,1,1,0.4338219165802
21,3,5,45,-9,9,1,0.835204839706421,-1,1,-1,-1,0.484293699264526
21,3,5,46,-3,3,0,0.433843612670898,-1,1,1,-1,0.585204839706421
21,3,5,47,27,27,0,0.65218186378479,-1,-1,1,-1,0.183843612670898
21,3,5,48,0,0,1,0.868592023849487,1,-1,-1,-1,0.40218186378479
21,3,5,49,-9,9,0,0.402665853500366,1,1,-1,1,0.618592023849487
21,3,5,50,9,9,0,0.584704399108887,-1,-1,1,1,0.152665853500366
21,3,5,51,9,9,1,0.884307622909546,1,-1,-1,-1,0.334704399108887
21,3,5,52,-27,27,0,0.451079845428467,1,1,-1,1,0.634307622909546
21,3,5,53,27,27,1,0.385457754135132,-1,-1,1,1,0.201079845428467
21,3,5,54,27,27,1,1.26838064193726,1,1,-1,-1,0.135457754135132
21,3,5,55,-81,81,0,0.402926921844482,1,1,1,1,1.01838064193726
21,3,5,56,-27,27,0,0.818943977355957,-1,-1,1,1,0.152926921844482
21,3,5,57,-27,27,0,0.550529718399048,-1,-1,-1,-1,0.568943977355957
21,3,5,58,9,9,1,0.53384804725647,-1,-1,-1,-1,0.300529718399048
21,3,5,59,-9,9,0,0.768575191497803,1,1,-1,-1,0.28384804725647
21,3,5,60,-27,27,0,0.485840559005737,-1,-1,1,1,0.518575191497803
21,3,5,61,9,9,0,0.433915138244629,-1,-1,-1,-1,0.235840559005737
21,3,5,62,-81,81,0,0.417738914489746,1,-1,-1,-1,0.183915138244629
21,3,5,63,-3,3,1,0.684958219528198,-1,-1,-1,1,0.167738914489746
21,3,5,64,27,27,1,0.435024738311768,-1,1,-1,-1,0.434958219528198
21,3,5,65,81,81,1,0.617747783660889,1,1,1,-1,0.185024738311768
21,3,5,66,3,3,1,0.402381896972656,1,1,1,1,0.367747783660889
21,3,5,67,0,0,0,0.684445142745972,1,1,1,1,0.152381896972656
21,3,5,68,-27,27,0,0.319127321243286,1,-1,1,1,0.434445142745972
21,3,5,69,-81,81,1,0.851151943206787,-1,-1,-1,1,0.0691273212432861
21,3,5,70,27,27,1,0.88573169708252,-1,1,-1,-1,0.601151943206787
21,3,5,71,-81,81,0,0.434447288513184,1,1,1,-1,0.63573169708252
21,3,5,72,-27,27,0,0.417776823043823,-1,-1,1,1,0.184447288513184
21,3,5,73,-27,27,0,0.252002954483032,-1,-1,-1,-1,0.167776823043823
21,3,5,74,-27,27,0,0.38463830947876,-1,-1,-1,-1,0.00200295448303223
21,3,5,75,-0,0,1,0.617892265319824,-1,-1,-1,-1,0.13463830947876
21,3,5,76,3,3,0,0.335235595703125,-1,1,-1,-1,0.367892265319824
21,3,5,77,9,9,1,1.01931810379028,1,-1,1,-1,0.085235595703125
21,3,5,78,-81,81,0,0.468610048294067,1,1,-1,1,0.769318103790283
21,3,5,79,3,3,1,0.835158586502075,-1,-1,1,1,0.218610048294067
21,3,5,80,-9,9,0,0.550984382629395,1,1,-1,-1,0.585158586502075
21,3,5,81,81,81,1,0.835246801376343,-1,-1,1,1,0.300984382629395
21,3,5,82,-9,9,1,0.969131469726562,1,1,-1,-1,0.585246801376343
21,3,5,83,-0,0,0,0.551065921783447,-1,1,1,1,0.719131469726562
21,3,5,84,27,27,1,0.686071157455444,-1,-1,1,-1,0.301065921783447
21,3,5,85,3,3,1,0.719342708587646,1,1,-1,-1,0.436071157455444
21,3,5,86,0,0,0,0.702441930770874,1,1,1,1,0.469342708587646
21,3,5,87,-81,81,0,0.934435606002808,1,-1,1,1,0.452441930770874
21,3,5,88,-3,3,1,0.767171859741211,-1,-1,-1,1,0.684435606002808
21,3,5,89,-27,27,0,0.66771388053894,-1,1,-1,-1,0.517171859741211
21,3,5,90,-3,3,1,0.719191551208496,-1,-1,1,-1,0.41771388053894
21,3,5,91,27,27,1,0.536054849624634,-1,1,-1,-1,0.469191551208496
21,3,5,92,3,3,0,0.569470882415771,1,1,1,-1,0.286054849624634
21,3,5,93,3,3,0,0.417692184448242,1,-1,1,1,0.319470882415771
21,3,5,97,-3,3,1,0.985212802886963,1,-1,1,-1,0.267765283584595
21,3,5,98,9,9,0,0.536045789718628,-1,1,-1,1,0.735212802886963
21,3,5,99,81,81,1,0.583812952041626,1,-1,1,-1,0.286045789718628
21,3,6,2,-81,81,0,0.669137239456177,1,-1,1,-1,0.418040752410889
21,3,6,3,9,9,1,0.785523653030396,-1,-1,-1,1,0.419137239456177
21,3,6,4,27,27,1,0.517776012420654,1,1,-1,-1,0.535523653030396
21,3,6,8,27,27,1,0.751147270202637,1,1,-1,1,0.284450054168701
21,3,6,9,-3,3,0,0.484280109405518,1,1,1,1,0.501147270202637
21,3,6,10,-9,9,0,1.01716685295105,-1,-1,1,1,0.234280109405518
21,3,6,11,81,81,1,0.668272256851196,-1,-1,-1,-1,0.76716685295105
21,3,6,12,-81,81,0,0.517181873321533,1,1,-1,-1,0.418272256851196
21,3,6,13,3,3,1,0.517687320709229,-1,-1,1,1,0.267181873321533
21,3,6,14,27,27,0,0.417171955108643,1,1,-1,-1,0.267687320709229
21,3,6,18,-3,3,1,0.952152252197266,-1,-1,1,1,0.118881702423096
21,3,6,19,-81,81,0,0.618462085723877,-1,1,-1,-1,0.702152252197266
21,3,6,20,-0,0,0,0.802609920501709,-1,-1,1,-1,0.368462085723877
21,3,6,21,81,81,1,0.80142617225647,-1,-1,-1,-1,0.552609920501709
21,3,6,22,9,9,1,0.485105752944946,1,1,-1,-1,0.55142617225647
21,3,6,23,-9,9,0,0.635982513427734,1,1,1,1,0.235105752944946
21,3,6,24,-81,81,1,0.918103933334351,-1,-1,1,1,0.385982513427734
21,3,6,28,-81,81,0,1.16795969009399,-1,-1,-1,-1,0.267652034759521
21,3,6,29,-0,0,0,0.95148491859436,-1,-1,-1,-1,0.917959690093994
21,3,6,30,-27,27,0,0.351119756698608,-1,-1,-1,-1,0.70148491859436
21,3,6,31,-9,9,0,0.585733890533447,-1,-1,-1,-1,0.101119756698608
21,3,6,35,9,9,1,0.817272186279297,-1,-1,-1,-1,0.869620800018311
21,3,6,36,0,0,1,0.552302837371826,1,1,-1,-1,0.567272186279297
21,3,6,37,9,9,0,0.585557699203491,1,1,1,1,0.302302837371826
21,3,6,38,27,27,1,0.368602514266968,1,-1,1,1,0.335557699203491
21,3,6,44,-9,9,1,0.683820009231567,-1,1,-1,-1,0.217164039611816
21,3,6,45,3,3,0,0.535903692245483,-1,1,1,-1,0.433820009231567
21,3,6,46,-9,9,1,0.683884859085083,1,-1,1,-1,0.285903692245483
21,3,6,47,-81,81,0,0.602279186248779,-1,1,-1,1,0.433884859085083
21,3,6,48,81,81,1,0.551231384277344,-1,-1,1,-1,0.352279186248779
21,3,6,49,9,9,0,0.751152038574219,1,1,-1,-1,0.301231384277344
21,3,6,50,3,3,0,0.650996208190918,1,-1,1,1,0.501152038574219
21,3,6,51,3,3,1,0.501101732254028,1,-1,-1,1,0.400996208190918
21,3,6,52,9,9,1,0.684478998184204,1,1,-1,1,0.251101732254028
21,3,6,53,-3,3,1,0.417851686477661,1,1,1,1,0.434478998184204
21,3,6,54,9,9,0,0.517775774002075,-1,1,1,1,0.167851686477661
21,3,6,55,0,0,1,0.417649745941162,1,-1,1,-1,0.267775774002075
21,3,6,56,0,0,1,0.285616874694824,1,1,-1,1,0.167649745941162
21,3,6,60,27,27,1,0.285736322402954,1,1,1,1,0.202799320220947
21,3,6,61,3,3,1,0.469418287277222,1,1,1,1,0.0357363224029541
21,3,6,62,3,3,0,0.483889818191528,1,1,1,1,0.219418287277222
21,3,6,63,81,81,1,0.319169282913208,1,-1,1,1,0.233889818191528
21,3,6,64,81,81,1,0.252042055130005,1,1,-1,1,0.069169282913208
21,3,6,65,3,3,1,0.567600965499878,1,1,1,1,0.00204205513000488
21,3,6,66,9,9,1,0.300965070724487,1,1,1,1,0.317600965499878
21,3,6,67,0,0,1,0.550545930862427,1,1,1,1,0.0509650707244873
21,3,6,68,-0,0,0,0.468084812164307,1,1,1,1,0.300545930862427
21,3,6,69,81,81,1,0.501272678375244,-1,-1,1,1,0.218084812164307
21,3,6,70,27,27,1,0.352533578872681,1,1,-1,-1,0.251272678375244
21,3,6,71,-9,9,0,0.467660665512085,1,1,1,1,0.102533578872681
21,3,6,72,-27,27,0,0.50114917755127,-1,-1,1,1,0.217660665512085
21,3,6,73,27,27,1,0.533901929855347,-1,-1,-1,-1,0.25114917755127
21,3,6,74,9,9,1,0.452265977859497,1,1,-1,-1,0.283901929855347
21,3,6,75,81,81,1,0.368856430053711,1,1,1,1,0.202265977859497
21,3,6,76,27,27,1,0.635840892791748,1,1,1,1,0.118856430053711
21,3,6,80,-3,3,0,0.384392499923706,1,1,1,1,0.835868120193481
21,3,6,81,-27,27,0,0.51731538772583,-1,-1,1,1,0.134392499923706
21,3,6,82,-27,27,0,0.368650197982788,-1,-1,-1,-1,0.26731538772583
21,3,6,83,-81,81,0,0.317190170288086,-1,-1,-1,-1,0.118650197982788
21,3,6,87,-3,3,0,0.702657461166382,-1,1,-1,-1,0.218604803085327
21,3,6,88,-9,9,1,0.402243375778198,-1,-1,1,-1,0.452657461166382
21,3,6,89,-3,3,1,0.484447956085205,-1,1,-1,-1,0.152243375778198
21,3,6,90,-0,0,0,0.417159795761108,-1,1,1,-1,0.234447956085205
21,3,6,94,-3,3,0,0.71779203414917,-1,-1,-1,-1,0.167807340621948
21,3,6,95,-3,3,1,0.351163148880005,-1,-1,-1,-1,0.46779203414917
21,3,6,96,27,27,1,0.80199408531189,-1,1,-1,-1,0.101163148880005
21,3,6,97,81,81,1,0.434334516525269,1,1,1,-1,0.55199408531189
21,3,6,98,-27,27,0,0.484353303909302,1,1,1,1,0.184334516525269
21,3,6,99,-9,9,1,0.96784520149231,-1,-1,1,1,0.234353303909302
22,1,1,4,3,3,1,1.00097751617432,1,1,1,1,0.817588329315186
22,1,1,5,81,81,1,0.850945472717285,1,1,1,1,0.750977516174316
22,1,1,6,81,81,1,0.767775058746338,1,1,1,1,0.600945472717285
22,1,1,7,81,81,1,0.768151521682739,1,1,1,1,0.517775058746338
22,1,1,8,81,81,1,0.786077499389648,1,1,1,1,0.518151521682739
22,1,1,9,9,9,1,0.935251474380493,1,1,1,1,0.536077499389648
22,1,1,10,9,9,1,0.818804502487183,1,1,1,1,0.685251474380493
22,1,1,11,0,0,0,1.06875824928284,1,1,1,1,0.568804502487183
22,1,1,12,27,27,1,0.868229150772095,1,-1,1,1,0.818758249282837
22,1,1,13,27,27,1,0.767580032348633,1,1,-1,1,0.618229150772095
22,1,1,14,81,81,1,0.718705415725708,1,1,1,1,0.517580032348633
22,1,1,15,9,9,0,1.01922345161438,1,1,1,1,0.468705415725708
22,1,1,16,27,27,1,0.835328102111816,1,-1,1,1,0.76922345161438
22,1,1,17,0,0,1,0.984312295913696,1,1,-1,1,0.585328102111816
22,1,1,18,9,9,0,1.06759166717529,1,1,1,1,0.734312295913696
22,1,1,19,3,3,1,1.03522872924805,1,-1,1,1,0.817591667175293
22,1,1,20,3,3,1,0.901090383529663,1,1,-1,1,0.785228729248047
22,1,1,21,9,9,1,0.901003360748291,1,1,1,1,0.651090383529663
22,1,1,22,3,3,1,0.752324104309082,1,1,1,1,0.651003360748291
22,1,1,23,9,9,0,0.717676639556885,1,1,1,1,0.502324104309082
22,1,1,24,27,27,1,0.817926406860352,1,-1,1,1,0.467676639556885
22,1,1,25,3,3,1,0.836250066757202,1,1,-1,1,0.567926406860352
22,1,1,26,81,81,1,0.718597888946533,1,1,1,1,0.586250066757202
22,1,1,27,3,3,1,0.767683506011963,1,1,1,1,0.468597888946533
22,1,1,28,9,9,1,0.684827566146851,1,1,1,1,0.517683506011963
22,1,1,29,27,27,1,0.617194414138794,1,1,1,1,0.434827566146851
22,1,1,30,0,0,1,0.652984619140625,1,1,1,1,0.367194414138794
22,1,1,31,27,27,1,0.784263134002686,1,1,1,1,0.402984619140625
22,1,1,32,9,9,1,0.767208814620972,1,1,1,1,0.534263134002686
22,1,1,33,81,81,1,0.76758337020874,1,1,1,1,0.517208814620972
22,1,1,34,27,27,1,0.73453688621521,1,1,1,1,0.51758337020874
22,1,1,35,81,81,1,0.683845043182373,1,1,1,1,0.48453688621521
22,1,1,36,27,27,1,0.769381284713745,1,1,1,1,0.433845043182373
22,1,1,37,9,9,1,0.95225715637207,1,1,1,1,0.519381284713745
22,1,1,38,3,3,1,0.834325313568115,1,1,1,1,0.70225715637207
22,1,1,39,-27,27,0,0.817674160003662,1,1,1,1,0.584325313568115
22,1,1,40,81,81,1,0.752697944641113,-1,-1,1,1,0.567674160003662
22,1,1,41,81,81,1,0.684307336807251,1,1,-1,-1,0.502697944641113
22,1,1,42,3,3,1,1.03537750244141,1,1,1,1,0.434307336807251
22,1,1,43,3,3,1,1.11717081069946,1,1,1,1,0.785377502441406
22,1,1,44,27,27,1,0.752209663391113,1,1,1,1,0.867170810699463
22,1,1,45,3,3,1,0.969231843948364,1,1,1,1,0.502209663391113
22,1,1,46,-0,0,1,0.852158308029175,1,1,1,1,0.719231843948364
22,1,1,47,-9,9,0,0.785763502120972,-1,1,1,1,0.602158308029175
22,1,1,48,81,81,1,0.869309902191162,-1,-1,1,-1,0.535763502120972
22,1,1,49,0,0,1,0.767597913742065,1,1,-1,-1,0.619309902191162
22,1,1,50,-27,27,0,0.834979772567749,1,1,1,1,0.517597913742065
22,1,1,51,-27,27,0,0.717165231704712,-1,-1,1,1,0.584979772567749
22,1,1,52,9,9,0,0.752578258514404,-1,-1,-1,-1,0.467165231704712
22,1,1,53,3,3,1,0.900989055633545,1,-1,-1,-1,0.502578258514404
22,1,1,54,27,27,1,0.785311937332153,1,1,-1,1,0.650989055633545
22,1,1,55,-9,9,0,0.867834568023682,1,1,1,1,0.535311937332153
22,1,1,56,-3,3,0,1.03530216217041,-1,-1,1,1,0.617834568023682
22,1,1,57,-3,3,1,0.867725849151611,-1,-1,-1,-1,0.78530216217041
22,1,1,58,-3,3,0,0.718933582305908,-1,1,-1,-1,0.617725849151611
22,1,1,59,-27,27,0,0.78542685508728,-1,-1,1,-1,0.468933582305908
22,1,1,60,-0,0,0,0.801892757415771,-1,-1,-1,-1,0.53542685508728
22,1,1,61,-9,9,0,0.850972890853882,-1,-1,-1,-1,0.551892757415771
22,1,1,62,-9,9,0,0.683848142623901,-1,-1,-1,-1,0.600972890853882
22,1,1,63,-0,0,0,0.868872880935669,-1,-1,-1,-1,0.433848142623901
22,1,1,64,-9,9,0,0.684328317642212,-1,-1,-1,-1,0.618872880935669
22,1,1,65,-27,27,0,0.717700242996216,-1,-1,-1,-1,0.434328317642212
22,1,1,66,81,81,1,0.650516033172607,-1,-1,-1,-1,0.467700242996216
22,1,1,67,81,81,1,0.65254545211792,1,1,-1,-1,0.400516033172607
22,1,1,68,-81,81,0,0.686309814453125,1,1,1,1,0.40254545211792
22,1,1,69,-9,9,1,0.784257650375366,-1,-1,1,1,0.436309814453125
22,1,1,70,-0,0,0,0.902236700057983,-1,1,-1,-1,0.534257650375366
22,1,1,71,-9,9,0,0.636074542999268,-1,-1,1,-1,0.652236700057983
22,1,1,72,-27,27,0,0.869652271270752,-1,-1,-1,-1,0.386074542999268
22,1,1,73,-3,3,0,0.835644960403442,-1,-1,-1,-1,0.619652271270752
22,1,1,74,-27,27,0,0.768985509872437,-1,-1,-1,-1,0.585644960403442
22,1,1,75,-0,0,0,1.15094327926636,-1,-1,-1,-1,0.518985509872437
22,1,1,76,-3,3,0,0.884730339050293,-1,-1,-1,-1,0.900943279266357
22,1,1,77,-27,27,0,0.78437328338623,-1,-1,-1,-1,0.634730339050293
22,1,1,78,-3,3,0,0.934778213500977,-1,-1,-1,-1,0.53437328338623
22,1,1,79,-81,81,0,0.918011426925659,-1,-1,-1,-1,0.684778213500977
22,1,1,80,81,81,1,0.834324598312378,-1,-1,-1,-1,0.668011426925659
22,1,1,81,27,27,1,0.95049262046814,1,1,-1,-1,0.584324598312378
22,1,1,82,81,81,1,0.983873128890991,1,1,1,1,0.70049262046814
22,1,1,83,3,3,1,1.01968193054199,1,1,1,1,0.733873128890991
22,1,1,84,81,81,1,0.750927925109863,1,1,1,1,0.769681930541992
22,1,1,85,9,9,1,1.01761841773987,1,1,1,1,0.500927925109863
22,1,1,86,3,3,1,0.80118727684021,1,1,1,1,0.767618417739868
22,1,1,87,-0,0,1,0.801401853561401,1,1,1,1,0.55118727684021
22,1,1,88,-9,9,1,0.769221067428589,-1,1,1,1,0.551401853561401
22,1,1,89,-27,27,0,1.00105714797974,-1,1,1,-1,0.519221067428589
22,1,1,90,9,9,1,0.884303569793701,-1,-1,1,-1,0.751057147979736
22,1,1,91,-81,81,0,0.768934488296509,1,1,-1,-1,0.634303569793701
22,1,1,92,-27,27,0,0.900986194610596,-1,-1,1,1,0.518934488296509
22,1,1,93,-3,3,0,0.783808708190918,-1,-1,-1,-1,0.650986194610596
22,1,1,94,81,81,1,0.818899869918823,-1,-1,-1,-1,0.533808708190918
22,1,1,95,81,81,1,0.735800743103027,1,1,-1,-1,0.568899869918823
22,1,1,96,9,9,1,0.818357229232788,1,1,1,1,0.485800743103027
22,1,1,97,9,9,1,1.03529691696167,1,1,1,1,0.568357229232788
22,1,1,98,-3,3,0,0.817173719406128,1,1,1,1,0.78529691696167
22,1,1,99,-81,81,0,0.783856391906738,-1,-1,1,1,0.567173719406128
22,1,2,2,-0,0,1,1.38549661636353,-1,1,-1,1,0.851593971252441
22,1,2,3,-81,81,0,0.884259939193726,-1,1,1,-1,1.13549661636353
22,1,2,4,-81,81,0,0.784844636917114,-1,-1,1,-1,0.634259939193726
22,1,2,5,3,3,1,0.867221355438232,-1,-1,-1,-1,0.534844636917114
22,1,2,6,9,9,0,0.767222166061401,1,1,-1,-1,0.617221355438232
22,1,2,7,81,81,1,0.884251356124878,1,-1,1,1,0.517222166061401
22,1,2,8,3,3,1,0.901970386505127,1,1,-1,1,0.634251356124878
22,1,2,9,81,81,1,0.852720975875854,1,1,1,1,0.651970386505127
22,1,2,10,9,9,1,0.835901021957397,1,1,1,1,0.602720975875854
22,1,2,11,9,9,1,0.768784999847412,1,1,1,1,0.585901021957397
22,1,2,12,27,27,1,0.669569730758667,1,1,1,1,0.518784999847412
22,1,2,13,81,81,1,0.701103210449219,1,1,1,1,0.419569730758667
22,1,2,14,0,0,1,0.917628765106201,1,1,1,1,0.451103210449219
22,1,2,15,3,3,0,0.784720659255981,1,1,1,1,0.667628765106201
22,1,2,16,3,3,1,0.819487333297729,1,-1,1,1,0.534720659255981
22,1,2,17,3,3,1,0.95277738571167,1,1,-1,1,0.569487333297729
22,1,2,18,-9,9,0,0.885311603546143,1,1,1,1,0.70277738571167
22,1,2,19,-0,0,0,0.833846092224121,-1,-1,1,1,0.635311603546143
22,1,2,20,-81,81,0,0.8862144947052,-1,-1,-1,-1,0.583846092224121
22,1,2,21,-81,81,0,0.835359334945679,-1,-1,-1,-1,0.6362144947052
22,1,2,22,-3,3,1,0.867204189300537,-1,-1,-1,-1,0.585359334945679
22,1,2,23,27,27,1,0.736482381820679,-1,1,-1,-1,0.617204189300537
22,1,2,24,27,27,1,0.752840518951416,1,1,1,-1,0.486482381820679
22,1,2,25,9,9,1,0.801003456115723,1,1,1,1,0.502840518951416
22,1,2,26,-9,9,0,0.685615301132202,1,1,1,1,0.551003456115723
22,1,2,27,-9,9,1,0.883827209472656,-1,-1,1,1,0.435615301132202
22,1,2,28,3,3,1,1.03383088111877,-1,1,-1,-1,0.633827209472656
22,1,2,29,81,81,1,0.95222544670105,1,1,1,-1,0.783830881118774
22,1,2,30,81,81,1,0.836042881011963,1,1,1,1,0.70222544670105
22,1,2,31,81,81,1,0.751382350921631,1,1,1,1,0.586042881011963
22,1,2,32,0,0,1,0.917635202407837,1,1,1,1,0.501382350921631
22,1,2,33,3,3,1,1.10050749778748,1,1,1,1,0.667635202407837
22,1,2,34,27,27,1,0.934523105621338,1,1,1,1,0.850507497787476
22,1,2,35,3,3,1,0.967648506164551,1,1,1,1,0.684523105621338
22,1,2,36,9,9,1,0.884297847747803,1,1,1,1,0.717648506164551
22,1,2,37,9,9,1,0.818666458129883,1,1,1,1,0.634297847747803
22,1,2,38,81,81,1,0.800925970077515,1,1,1,1,0.568666458129883
22,1,2,39,3,3,0,1.0521354675293,1,1,1,1,0.550925970077515
22,1,2,40,27,27,1,0.785459756851196,1,-1,1,1,0.802135467529297
22,1,2,41,-27,27,0,0.701590061187744,1,1,-1,1,0.535459756851196
22,1,2,42,-3,3,0,0.900942325592041,-1,-1,1,1,0.451590061187744
22,1,2,43,9,9,1,0.667185068130493,-1,-1,-1,-1,0.650942325592041
22,1,2,44,81,81,1,0.70222544670105,1,1,-1,-1,0.417185068130493
22,1,2,45,3,3,1,1.15224361419678,1,1,1,1,0.45222544670105
22,1,2,46,9,9,1,0.867820978164673,1,1,1,1,0.902243614196777
22,1,2,47,27,27,1,0.685677528381348,1,1,1,1,0.617820978164673
22,1,2,48,-3,3,0,0.884333372116089,1,1,1,1,0.435677528381348
22,1,2,49,-3,3,1,0.767660856246948,-1,-1,1,1,0.634333372116089
22,1,2,50,0,0,0,1.21797800064087,-1,1,-1,-1,0.517660856246948
22,1,2,51,3,3,1,0.834312200546265,1,-1,1,-1,0.967978000640869
22,1,2,52,27,27,1,0.750996351242065,1,1,-1,1,0.584312200546265
22,1,2,53,-9,9,0,0.801102638244629,1,1,1,1,0.500996351242065
22,1,2,54,-27,27,0,0.986382007598877,-1,-1,1,1,0.551102638244629
22,1,2,55,81,81,1,0.785595178604126,-1,-1,-1,-1,0.736382007598877
22,1,2,56,9,9,1,0.951239824295044,1,1,-1,-1,0.535595178604126
22,1,2,57,9,9,1,0.783820390701294,1,1,1,1,0.701239824295044
22,1,2,58,27,27,1,0.768902540206909,1,1,1,1,0.533820390701294
22,1,2,59,81,81,1,0.717811822891235,1,1,1,1,0.518902540206909
22,1,2,60,-3,3,1,0.784316778182983,1,1,1,1,0.467811822891235
22,1,2,61,-9,9,1,0.735766410827637,-1,1,1,1,0.534316778182983
22,1,2,62,-27,27,0,0.817237854003906,-1,1,1,-1,0.485766410827637
22,1,2,63,-81,81,0,0.702678918838501,-1,-1,1,-1,0.567237854003906
22,1,2,64,-9,9,0,0.80099081993103,-1,-1,-1,-1,0.452678918838501
22,1,2,65,-9,9,0,0.817154884338379,-1,-1,-1,-1,0.55099081993103
22,1,2,66,-3,3,0,0.984630107879639,-1,-1,-1,-1,0.567154884338379
22,1,2,67,9,9,0,1.01761603355408,-1,-1,-1,-1,0.734630107879639
22,1,2,68,-3,3,0,0.750485181808472,1,-1,-1,-1,0.767616033554077
22,1,2,69,-81,81,0,0.752593517303467,-1,-1,-1,1,0.500485181808472
22,1,2,70,-3,3,1,0.885392904281616,-1,-1,-1,-1,0.502593517303467
22,1,2,71,-0,0,0,1.06897306442261,-1,1,-1,-1,0.635392904281616
22,1,2,72,-3,3,0,0.819463014602661,-1,-1,1,-1,0.818973064422607
22,1,2,73,-81,81,0,0.685484886169434,-1,-1,-1,-1,0.569463014602661
22,1,2,74,9,9,1,0.918663501739502,-1,-1,-1,-1,0.435484886169434
22,1,2,75,-81,81,0,0.76764440536499,1,1,-1,-1,0.668663501739502
22,1,2,76,-9,9,0,0.817677974700928,-1,-1,1,1,0.51764440536499
22,1,2,77,-3,3,1,0.919074296951294,-1,-1,-1,-1,0.567677974700928
22,1,2,78,-27,27,0,0.919219732284546,-1,1,-1,-1,0.669074296951294
22,1,2,79,-27,27,0,0.783836841583252,-1,-1,1,-1,0.669219732284546
22,1,2,80,-27,27,0,0.650537729263306,-1,-1,-1,-1,0.533836841583252
22,1,2,81,-0,0,0,0.985993146896362,-1,-1,-1,-1,0.400537729263306
22,1,2,82,-81,81,0,0.752938508987427,-1,-1,-1,-1,0.735993146896362
22,1,2,83,-27,27,0,0.868609189987183,-1,-1,-1,-1,0.502938508987427
22,1,2,84,-27,27,0,0.735720872879028,-1,-1,-1,-1,0.618609189987183
22,1,2,85,-27,27,0,0.835519790649414,-1,-1,-1,-1,0.485720872879028
22,1,2,86,-9,9,0,0.851068258285522,-1,-1,-1,-1,0.585519790649414
22,1,2,87,-27,27,0,0.802612781524658,-1,-1,-1,-1,0.601068258285522
22,1,2,88,-3,3,0,0.850976943969727,-1,-1,-1,-1,0.552612781524658
22,1,2,89,-27,27,0,0.750979900360107,-1,-1,-1,-1,0.600976943969727
22,1,2,90,0,0,0,0.800923585891724,-1,-1,-1,-1,0.500979900360107
22,1,2,91,27,27,1,0.768762111663818,1,-1,-1,-1,0.550923585891724
22,1,2,92,81,81,1,0.852128505706787,1,1,-1,1,0.518762111663818
22,1,2,93,-27,27,0,0.75104808807373,1,1,1,1,0.602128505706787
22,1,2,94,-81,81,0,0.784299612045288,-1,-1,1,1,0.50104808807373
22,1,2,95,27,27,1,0.901035070419312,-1,-1,-1,-1,0.534299612045288
22,1,2,96,81,81,1,0.835356473922729,1,1,-1,-1,0.651035070419312
22,1,2,97,0,0,1,1.01765966415405,1,1,1,1,0.585356473922729
22,1,2,98,0,0,1,0.967899799346924,1,1,1,1,0.767659664154053
22,1,2,99,0,0,0,1.01717138290405,1,1,1,1,0.717899799346924
22,1,3,2,-81,81,0,0.902405738830566,1,1,-1,-1,0.734097719192505
22,1,3,3,9,9,1,1.05109333992004,-1,-1,1,1,0.652405738830566
22,1,3,4,-81,81,0,0.769461154937744,1,1,-1,-1,0.801093339920044
22,1,3,5,-3,3,1,0.817155361175537,-1,-1,1,1,0.519461154937744
22,1,3,6,3,3,1,0.967775106430054,-1,1,-1,-1,0.567155361175537
22,1,3,7,-81,81,0,0.883820295333862,1,1,1,-1,0.717775106430054
22,1,3,8,9,9,1,0.85269570350647,-1,-1,1,1,0.633820295333862
22,1,3,9,-0,0,1,0.935340642929077,1,1,-1,-1,0.60269570350647
22,1,3,10,9,9,1,0.734534502029419,-1,1,1,1,0.685340642929077
22,1,3,11,3,3,1,1.18580150604248,1,1,1,-1,0.484534502029419
22,1,3,12,27,27,1,0.801560878753662,1,1,1,1,0.93580150604248
22,1,3,13,27,27,1,0.635615587234497,1,1,1,1,0.551560878753662
22,1,3,14,-81,81,0,0.634380340576172,1,1,1,1,0.385615587234497
22,1,3,15,3,3,1,0.651024341583252,-1,-1,1,1,0.384380340576172
22,1,3,16,-3,3,1,1.25096297264099,1,1,-1,-1,0.401024341583252
22,1,3,17,27,27,1,0.785606384277344,-1,1,1,1,1.00096297264099
22,1,3,18,-9,9,0,0.833810091018677,1,1,1,-1,0.535606384277344
22,1,3,19,9,9,1,0.850528955459595,-1,-1,1,1,0.583810091018677
22,1,3,20,-27,27,0,0.75110387802124,1,1,-1,-1,0.600528955459595
22,1,3,21,81,81,1,0.883830308914185,-1,-1,1,1,0.50110387802124
22,1,3,22,-27,27,0,0.802120923995972,1,1,-1,-1,0.633830308914185
22,1,3,23,27,27,1,0.834604501724243,-1,-1,1,1,0.552120923995972
22,1,3,24,-9,9,0,0.734254598617554,1,1,-1,-1,0.584604501724243
22,1,3,25,81,81,1,0.767663478851318,-1,-1,1,1,0.484254598617554
22,1,3,26,-9,9,0,0.819505453109741,1,1,-1,-1,0.517663478851318
22,1,3,27,3,3,1,0.952690839767456,-1,-1,1,1,0.569505453109741
22,1,3,28,-81,81,0,0.717610359191895,1,1,-1,-1,0.702690839767456
22,1,3,29,-9,9,0,0.834291458129883,-1,-1,1,1,0.467610359191895
22,1,3,30,81,81,1,0.752233266830444,-1,-1,-1,-1,0.584291458129883
22,1,3,31,3,3,1,0.983819246292114,1,1,-1,-1,0.502233266830444
22,1,3,32,-81,81,0,0.684619426727295,1,1,1,1,0.733819246292114
22,1,3,33,3,3,1,0.801269769668579,-1,-1,1,1,0.434619426727295
22,1,3,34,-3,3,0,0.801005840301514,1,1,-1,-1,0.551269769668579
22,1,3,35,-27,27,0,0.651618480682373,-1,-1,1,1,0.551005840301514
22,1,3,36,9,9,1,0.767637252807617,-1,-1,-1,-1,0.401618480682373
22,1,3,37,-9,9,0,0.734508275985718,1,1,-1,-1,0.517637252807617
22,1,3,38,81,81,1,0.85096549987793,-1,-1,1,1,0.484508275985718
22,1,3,39,27,27,1,0.71715784072876,1,1,-1,-1,0.60096549987793
22,1,3,40,-0,0,1,0.867652416229248,1,1,1,1,0.46715784072876
22,1,3,41,-81,81,0,0.752164602279663,-1,1,1,1,0.617652416229248
22,1,3,42,81,81,1,0.883919954299927,-1,-1,1,-1,0.502164602279663
22,1,3,43,9,9,1,1.06936740875244,1,1,-1,-1,0.633919954299927
22,1,3,44,27,27,1,0.768053531646729,1,1,1,1,0.819367408752441
22,1,3,45,-3,3,0,1.31716275215149,1,1,1,1,0.518053531646729
22,1,3,46,81,81,1,0.86763858795166,-1,-1,1,1,1.06716275215149
22,1,3,47,3,3,1,0.884337425231934,1,1,-1,-1,0.61763858795166
22,1,3,48,27,27,1,0.901854276657104,1,1,1,1,0.634337425231934
22,1,3,49,-3,3,1,0.851542472839355,1,1,1,1,0.651854276657104
22,1,3,50,3,3,0,1.00128054618835,-1,1,1,1,0.601542472839355
22,1,3,51,-3,3,1,0.985364675521851,1,-1,1,-1,0.751280546188354
22,1,3,52,81,81,1,0.869068384170532,-1,1,-1,1,0.735364675521851
22,1,3,53,-27,27,0,0.683860540390015,1,1,1,-1,0.619068384170532
22,1,3,54,-3,3,1,1.16763806343079,-1,-1,1,1,0.433860540390015
22,1,3,55,27,27,1,0.73569130897522,-1,1,-1,-1,0.917638063430786
22,1,3,56,-3,3,0,0.768896579742432,1,1,1,-1,0.48569130897522
22,1,3,57,-27,27,0,0.901012659072876,-1,-1,1,1,0.518896579742432
22,1,3,58,9,9,1,0.917607307434082,-1,-1,-1,-1,0.651012659072876
22,1,3,59,-0,0,1,1.20092582702637,1,1,-1,-1,0.667607307434082
22,1,3,60,9,9,1,0.734488964080811,-1,1,1,1,0.950925827026367
22,1,3,61,3,3,1,0.684736251831055,1,1,1,-1,0.484488964080811
22,1,3,62,-9,9,0,0.73633861541748,1,1,1,1,0.434736251831055
22,1,3,63,81,81,1,0.885407447814941,-1,-1,1,1,0.48633861541748
22,1,3,64,-3,3,0,1.00053310394287,1,1,-1,-1,0.635407447814941
22,1,3,65,-9,9,0,0.734763622283936,-1,-1,1,1,0.750533103942871
22,1,3,66,0,0,1,0.752705574035645,-1,-1,-1,-1,0.484763622283936
22,1,3,67,-0,0,1,0.88575553894043,1,1,-1,-1,0.502705574035645
22,1,3,68,81,81,1,0.750994443893433,-1,1,1,1,0.63575553894043
22,1,3,69,-3,3,1,0.801479339599609,1,1,1,-1,0.500994443893433
22,1,3,70,9,9,1,0.817665815353394,-1,1,1,1,0.551479339599609
22,1,3,71,-0,0,1,1.01714825630188,1,1,1,-1,0.567665815353394
22,1,3,72,9,9,0,1.23380851745605,-1,1,1,1,0.76714825630188
22,1,3,73,0,0,1,1.01720952987671,1,-1,1,-1,0.983808517456055
22,1,3,74,9,9,1,0.935545444488525,1,1,-1,1,0.767209529876709
22,1,3,75,81,81,1,0.900983810424805,1,1,1,1,0.685545444488525
22,1,3,76,-0,0,1,1.05146718025208,1,1,1,1,0.650983810424805
22,1,3,77,-81,81,0,0.869296312332153,-1,1,1,1,0.801467180252075
22,1,3,81,9,9,1,1.10152912139893,1,1,-1,-1,0.70199728012085
22,1,3,82,-81,81,0,0.66776704788208,1,1,1,1,0.851529121398926
22,1,3,83,27,27,1,1.13537931442261,-1,-1,1,1,0.41776704788208
22,1,3,84,-27,27,0,0.784377098083496,1,1,-1,-1,0.885379314422607
22,1,3,85,27,27,1,1.06935214996338,-1,-1,1,1,0.534377098083496
22,1,3,86,-27,27,0,0.817148447036743,1,1,-1,-1,0.819352149963379
22,1,3,87,81,81,1,0.835508823394775,-1,-1,1,1,0.567148447036743
22,1,3,88,-3,3,1,1.05201935768127,1,1,-1,-1,0.585508823394775
22,1,3,89,0,0,1,0.919086933135986,-1,1,1,1,0.802019357681274
22,1,3,90,-27,27,0,0.818557024002075,1,1,1,-1,0.669086933135986
22,1,3,91,9,9,1,1.01947069168091,-1,-1,1,1,0.568557024002075
22,1,3,92,-0,0,1,0.967832565307617,1,1,-1,-1,0.769470691680908
22,1,3,93,9,9,1,0.852804899215698,-1,1,1,1,0.717832565307617
22,1,3,94,-27,27,0,0.818941831588745,1,1,1,-1,0.602804899215698
22,1,3,95,9,9,1,0.784449100494385,-1,-1,1,1,0.568941831588745
22,1,3,96,27,27,1,0.817945957183838,1,1,-1,-1,0.534449100494385
22,1,3,97,-3,3,0,0.851589918136597,1,1,1,1,0.567945957183838
22,1,3,98,81,81,1,0.784708261489868,-1,-1,1,1,0.601589918136597
22,1,3,99,-27,27,0,0.65115761756897,1,1,-1,-1,0.534708261489868
22,1,4,2,-0,0,1,0.801142454147339,1,1,1,1,0.935654878616333
22,1,4,3,81,81,1,0.785617351531982,-1,1,1,1,0.551142454147339
22,1,4,4,-27,27,0,0.669134378433228,1,1,1,-1,0.535617351531982
22,1,4,5,27,27,1,0.734321355819702,-1,-1,1,1,0.419134378433228
22,1,4,6,-9,9,0,0.685410022735596,1,1,-1,-1,0.484321355819702
22,1,4,7,0,0,1,0.668811321258545,-1,-1,1,1,0.435410022735596
22,1,4,8,-9,9,0,0.752722024917603,1,1,-1,-1,0.418811321258545
22,1,4,9,3,3,1,0.735711574554443,-1,-1,1,1,0.502722024917603
22,1,4,10,81,81,1,0.717226505279541,1,1,-1,-1,0.485711574554443
22,1,4,11,-0,0,1,0.75091814994812,1,1,1,1,0.467226505279541
22,1,4,12,81,81,1,0.652259349822998,-1,1,1,1,0.50091814994812
22,1,4,13,0,0,1,0.768485546112061,1,1,1,-1,0.402259349822998
22,1,4,14,-27,27,0,0.768852472305298,1,1,1,1,0.518485546112061
22,1,4,15,3,3,0,0.81879734992981,-1,-1,1,1,0.518852472305298
22,1,4,16,-9,9,0,0.700524568557739,1,-1,-1,-1,0.56879734992981
22,1,4,17,0,0,1,0.684505939483643,-1,-1,-1,1,0.450524568557739
22,1,4,18,-3,3,0,1.13610625267029,1,1,-1,-1,0.434505939483643
22,1,4,19,9,9,1,0.635834455490112,-1,-1,1,1,0.886106252670288
22,1,4,20,-0,0,0,0.800934791564941,1,1,-1,-1,0.385834455490112
22,1,4,21,9,9,1,0.936006546020508,-1,-1,1,1,0.550934791564941
22,1,4,22,-9,9,0,0.834574222564697,1,1,-1,-1,0.686006546020508
22,1,4,23,0,0,0,1.15047001838684,-1,-1,1,1,0.584574222564697
22,1,4,24,-27,27,0,0.702050447463989,1,-1,-1,-1,0.900470018386841
22,1,4,25,27,27,1,0.56779932975769,-1,-1,-1,1,0.452050447463989
22,1,4,26,-9,9,0,0.685372591018677,1,1,-1,-1,0.31779932975769
22,1,4,27,-81,81,0,0.618437767028809,-1,-1,1,1,0.435372591018677
22,1,4,28,9,9,1,0.852247953414917,-1,-1,-1,-1,0.368437767028809
22,1,4,29,-27,27,0,0.750915765762329,1,1,-1,-1,0.602247953414917
22,1,4,30,-9,9,0,1.48642325401306,-1,-1,1,1,0.500915765762329
22,1,4,31,81,81,1,0.702275514602661,-1,-1,-1,-1,1.23642325401306
22,1,4,32,-3,3,1,0.650938510894775,1,1,-1,-1,0.452275514602661
22,1,4,33,9,9,1,0.784310817718506,-1,1,1,1,0.400938510894775
22,1,4,34,-81,81,0,0.817152976989746,1,1,1,-1,0.534310817718506
22,1,4,35,27,27,1,0.76777720451355,-1,-1,1,1,0.567152976989746
22,1,4,36,-81,81,0,0.734456300735474,1,1,-1,-1,0.51777720451355
22,1,4,37,3,3,0,0.867667675018311,-1,-1,1,1,0.484456300735474
22,1,4,38,-27,27,0,0.684315204620361,1,-1,-1,-1,0.617667675018311
22,1,4,39,-27,27,0,0.75213623046875,-1,-1,-1,1,0.434315204620361
22,1,4,40,-27,27,0,0.719359636306763,-1,-1,-1,-1,0.50213623046875
22,1,4,41,-9,9,0,0.734329223632812,-1,-1,-1,-1,0.469359636306763
22,1,4,42,0,0,1,0.702331781387329,-1,-1,-1,-1,0.484329223632812
22,1,4,43,27,27,1,0.617673635482788,1,1,-1,-1,0.452331781387329
22,1,4,44,27,27,1,0.667166471481323,1,1,1,1,0.367673635482788
22,1,4,45,-81,81,0,0.784246444702148,1,1,1,1,0.417166471481323
22,1,4,46,81,81,1,0.617660045623779,-1,-1,1,1,0.534246444702148
22,1,4,47,-9,9,0,0.683801412582397,1,1,-1,-1,0.367660045623779
22,1,4,48,3,3,1,0.634831428527832,-1,-1,1,1,0.433801412582397
22,1,4,49,-81,81,0,0.751011371612549,1,1,-1,-1,0.384831428527832
22,1,4,50,-81,81,0,0.734425783157349,-1,-1,1,1,0.501011371612549
22,1,4,51,81,81,1,0.651120901107788,-1,-1,-1,-1,0.484425783157349
22,1,4,52,-81,81,0,0.667986154556274,1,1,-1,-1,0.401120901107788
22,1,4,53,27,27,1,0.668739080429077,-1,-1,1,1,0.417986154556274
22,1,4,54,-81,81,0,0.70104718208313,1,1,-1,-1,0.418739080429077
22,1,4,55,81,81,1,0.619251251220703,-1,-1,1,1,0.45104718208313
22,1,4,56,-3,3,1,0.834538698196411,1,1,-1,-1,0.369251251220703
22,1,4,57,3,3,1,0.718764305114746,-1,1,1,1,0.584538698196411
22,1,4,58,27,27,1,0.619541168212891,1,1,1,-1,0.468764305114746
22,1,4,59,3,3,1,1.01941609382629,1,1,1,1,0.369541168212891
22,1,4,60,81,81,1,0.73594069480896,1,1,1,1,0.769416093826294
22,1,4,64,-27,27,0,0.668251752853394,-1,-1,1,1,0.468150854110718
22,1,4,65,3,3,1,0.667614221572876,-1,-1,-1,-1,0.418251752853394
22,1,4,66,-3,3,0,1.28443312644958,1,1,-1,-1,0.417614221572876
22,1,4,67,81,81,1,0.750927209854126,-1,-1,1,1,1.03443312644958
22,1,4,68,-3,3,1,0.767652034759521,1,1,-1,-1,0.500927209854126
22,1,4,69,9,9,1,0.650490760803223,-1,1,1,1,0.517652034759521
22,1,4,70,-27,27,0,0.784306526184082,1,1,1,-1,0.400490760803223
22,1,4,71,27,27,1,0.618629217147827,-1,-1,1,1,0.534306526184082
22,1,4,72,81,81,1,0.667633056640625,1,1,-1,-1,0.368629217147827
22,1,4,77,3,3,1,0.751006364822388,1,1,1,-1,0.533820867538452
22,1,4,78,-9,9,0,0.652108907699585,1,1,1,1,0.501006364822388
22,1,4,79,3,3,1,0.633828401565552,-1,-1,1,1,0.402108907699585
22,1,4,80,-9,9,1,0.767600536346436,1,1,-1,-1,0.383828401565552
22,1,4,81,81,81,1,0.702678918838501,-1,1,1,1,0.517600536346436
22,1,4,82,0,0,0,0.700480222702026,1,1,1,-1,0.452678918838501
22,1,4,83,9,9,1,0.63454008102417,1,-1,1,1,0.450480222702026
22,1,4,84,-81,81,0,0.700961351394653,1,1,-1,1,0.38454008102417
22,1,4,85,81,81,1,0.650501489639282,-1,-1,1,1,0.450961351394653
22,1,4,86,-27,27,0,0.702216625213623,1,1,-1,-1,0.400501489639282
22,1,4,87,3,3,0,1.13424801826477,-1,-1,1,1,0.452216625213623
22,1,4,88,-27,27,0,0.701004505157471,1,-1,-1,-1,0.884248018264771
22,1,4,89,3,3,1,0.735429763793945,-1,-1,-1,1,0.451004505157471
22,1,4,90,-9,9,0,0.567713975906372,1,1,-1,-1,0.485429763793945
22,1,4,91,3,3,0,1.03598213195801,-1,-1,1,1,0.317713975906372
22,1,4,92,-27,27,0,0.633803129196167,1,-1,-1,-1,0.785982131958008
22,1,4,93,9,9,0,0.669073820114136,-1,-1,-1,1,0.383803129196167
22,1,4,94,-9,9,1,1.03486704826355,1,-1,-1,-1,0.419073820114136
22,1,4,95,9,9,0,0.76764178276062,-1,1,-1,1,0.78486704826355
22,1,4,96,-3,3,1,0.65104603767395,1,-1,1,-1,0.51764178276062
22,1,4,97,3,3,1,0.96795392036438,-1,1,-1,1,0.40104603767395
22,1,4,98,-27,27,0,0.633895397186279,1,1,1,-1,0.71795392036438
22,1,4,99,0,0,1,0.818666696548462,-1,-1,1,1,0.383895397186279
22,1,5,2,9,9,1,0.618024349212646,1,1,1,1,0.653110980987549
22,1,5,3,3,3,1,0.968034982681274,1,1,1,1,0.368024349212646
22,1,5,4,-81,81,0,0.519500732421875,1,1,1,1,0.718034982681274
22,1,5,5,-3,3,0,0.551066637039185,-1,-1,1,1,0.269500732421875
22,1,5,6,27,27,1,0.6172034740448,-1,-1,-1,-1,0.301066637039185
22,1,5,7,-9,9,0,0.867182731628418,1,1,-1,-1,0.3672034740448
22,1,5,8,81,81,1,0.634303092956543,-1,-1,1,1,0.617182731628418
22,1,5,9,9,9,1,0.719027519226074,1,1,-1,-1,0.384303092956543
22,1,5,10,81,81,1,0.652086019515991,1,1,1,1,0.469027519226074
22,1,5,11,-81,81,0,0.601474761962891,1,1,1,1,0.402086019515991
22,1,5,12,3,3,1,0.567586898803711,-1,-1,1,1,0.351474761962891
22,1,5,13,27,27,1,0.553019523620605,1,1,-1,-1,0.317586898803711
22,1,5,14,-3,3,1,0.801245212554932,1,1,1,1,0.303019523620605
22,1,5,15,-3,3,1,0.601867437362671,-1,1,1,1,0.551245212554932
22,1,5,16,-9,9,0,0.850473642349243,-1,1,1,-1,0.351867437362671
22,1,5,17,27,27,1,0.550959587097168,-1,-1,1,-1,0.600473642349243
22,1,5,18,81,81,1,0.585181713104248,1,1,-1,-1,0.300959587097168
22,1,5,19,-9,9,0,0.835320472717285,1,1,1,1,0.335181713104248
22,1,5,20,3,3,1,0.718601942062378,-1,-1,1,1,0.585320472717285
22,1,5,21,-0,0,1,1.0024950504303,1,1,-1,-1,0.468601942062378
22,1,5,22,81,81,1,0.61901330947876,-1,1,1,1,0.752495050430298
22,1,5,23,-9,9,0,0.56718373298645,1,1,1,-1,0.36901330947876
22,1,5,24,27,27,1,0.634557485580444,-1,-1,1,1,0.31718373298645
22,1,5,25,81,81,1,0.618590354919434,1,1,-1,-1,0.384557485580444
22,1,5,26,-9,9,0,1.11834931373596,1,1,1,1,0.368590354919434
22,1,5,27,9,9,1,0.601083040237427,-1,-1,1,1,0.868349313735962
22,1,5,28,27,27,1,0.585931777954102,1,1,-1,-1,0.351083040237427
22,1,5,29,9,9,1,0.617188692092896,1,1,1,1,0.335931777954102
22,1,5,30,-81,81,0,0.56799840927124,1,1,1,1,0.367188692092896
22,1,5,31,-0,0,1,0.685324430465698,-1,-1,1,1,0.31799840927124
22,1,5,32,-27,27,0,0.502388715744019,-1,1,-1,-1,0.435324430465698
22,1,5,33,-81,81,0,0.652882814407349,-1,-1,1,-1,0.252388715744019
22,1,5,34,9,9,1,0.60182785987854,-1,-1,-1,-1,0.402882814407349
22,1,5,35,3,3,1,0.669650793075562,1,1,-1,-1,0.35182785987854
22,1,5,36,-3,3,1,0.751822948455811,1,1,1,1,0.419650793075562
22,1,5,37,-0,0,1,0.651997804641724,-1,1,1,1,0.501822948455811
22,1,5,38,-27,27,0,0.585904836654663,-1,1,1,-1,0.401997804641724
22,1,5,39,3,3,1,0.619381189346313,-1,-1,1,-1,0.335904836654663
22,1,5,40,-3,3,0,0.584341049194336,1,1,-1,-1,0.369381189346313
22,1,5,41,-27,27,0,0.635337829589844,-1,-1,1,1,0.334341049194336
22,1,5,42,81,81,1,0.585997581481934,-1,-1,-1,-1,0.385337829589844
22,1,5,43,-27,27,0,0.667673587799072,1,1,-1,-1,0.335997581481934
22,1,5,44,-3,3,0,0.583852767944336,-1,-1,1,1,0.417673587799072
22,1,5,45,-3,3,1,0.618974924087524,-1,-1,-1,-1,0.333852767944336
22,1,5,46,-81,81,0,0.683856248855591,-1,1,-1,-1,0.368974924087524
22,1,5,47,9,9,1,0.517662525177002,-1,-1,1,-1,0.433856248855591
22,1,5,48,-9,9,0,0.701912879943848,1,1,-1,-1,0.267662525177002
22,1,5,49,9,9,1,0.586264848709106,-1,-1,1,1,0.451912879943848
22,1,5,50,-3,3,0,0.985205888748169,1,1,-1,-1,0.336264848709106
22,1,5,51,-9,9,0,0.534848690032959,-1,-1,1,1,0.735205888748169
22,1,5,52,81,81,1,0.583822965621948,-1,-1,-1,-1,0.284848690032959
22,1,5,53,-0,0,1,0.634466886520386,1,1,-1,-1,0.333822965621948
22,1,5,54,81,81,1,0.618758201599121,-1,1,1,1,0.384466886520386
22,1,5,55,27,27,1,0.617660999298096,1,1,1,-1,0.368758201599121
22,1,5,56,9,9,1,0.567683458328247,1,1,1,1,0.367660999298096
22,1,5,57,9,9,1,0.600980043411255,1,1,1,1,0.317683458328247
22,1,5,58,-3,3,1,0.602545499801636,1,1,1,1,0.350980043411255
22,1,5,59,27,27,1,0.501044750213623,-1,1,1,1,0.352545499801636
22,1,5,60,-27,27,0,0.550991773605347,1,1,1,-1,0.251044750213623
22,1,5,61,-0,0,0,0.785866260528564,-1,-1,1,1,0.300991773605347
22,1,5,62,27,27,1,0.569087028503418,-1,-1,-1,-1,0.535866260528564
22,1,5,63,-81,81,0,0.734334707260132,1,1,-1,-1,0.319087028503418
22,1,5,64,27,27,1,0.61771559715271,-1,-1,1,1,0.484334707260132
22,1,5,65,3,3,1,0.668461561203003,1,1,-1,-1,0.36771559715271
22,1,5,66,81,81,1,0.453054189682007,1,1,1,1,0.418461561203003
22,1,5,67,-27,27,0,0.635053873062134,1,1,1,1,0.203054189682007
22,1,5,68,3,3,1,0.534290790557861,-1,-1,1,1,0.385053873062134
22,1,5,69,27,27,1,0.618879318237305,1,1,-1,-1,0.284290790557861
22,1,5,70,-27,27,0,0.552395105361938,1,1,1,1,0.368879318237305
22,1,5,71,-9,9,0,0.768522977828979,-1,-1,1,1,0.302395105361938
22,1,5,72,-81,81,0,0.552484035491943,-1,-1,-1,-1,0.518522977828979
22,1,5,73,-0,0,1,0.636120796203613,-1,-1,-1,-1,0.302484035491943
22,1,5,74,-0,0,1,0.585821151733398,-1,1,-1,-1,0.386120796203613
22,1,5,75,-9,9,1,0.601042747497559,-1,1,1,-1,0.335821151733398
22,1,5,76,-81,81,0,0.551513195037842,-1,1,1,-1,0.351042747497559
22,1,5,77,-3,3,1,0.701003074645996,-1,-1,1,-1,0.301513195037842
22,1,5,78,-81,81,0,0.685284852981567,-1,1,-1,-1,0.451003074645996
22,1,5,79,-27,27,0,0.584346771240234,-1,-1,1,-1,0.435284852981567
22,1,5,80,-0,0,0,0.867618083953857,-1,-1,-1,-1,0.334346771240234
22,1,5,81,-81,81,0,0.535238265991211,-1,-1,-1,-1,0.617618083953857
22,1,5,82,-81,81,0,0.534999370574951,-1,-1,-1,-1,0.285238265991211
22,1,5,83,-0,0,0,0.969324350357056,-1,-1,-1,-1,0.284999370574951
22,1,5,84,-3,3,0,1.1514778137207,-1,-1,-1,-1,0.719324350357056
22,1,5,85,-9,9,0,0.768554449081421,-1,-1,-1,-1,0.901477813720703
22,1,5,86,-81,81,0,0.567159652709961,-1,-1,-1,-1,0.518554449081421
22,1,5,87,27,27,1,0.617687702178955,-1,-1,-1,-1,0.317159652709961
22,1,5,88,-0,0,0,0.802887439727783,1,1,-1,-1,0.367687702178955
22,1,5,89,-27,27,0,0.517171382904053,-1,-1,1,1,0.552887439727783
22,1,5,90,3,3,1,0.685462474822998,-1,-1,-1,-1,0.267171382904053
22,1,5,91,-3,3,1,0.668806552886963,1,1,-1,-1,0.435462474822998
22,1,5,92,-0,0,1,0.868758916854858,-1,1,1,1,0.418806552886963
22,1,5,93,-27,27,0,0.586057186126709,-1,1,1,-1,0.618758916854858
22,1,5,94,-3,3,0,1.00301480293274,-1,-1,1,-1,0.336057186126709
22,1,5,95,81,81,1,0.733835697174072,-1,-1,-1,-1,0.753014802932739
22,1,5,96,-9,9,0,1.00098013877869,1,1,-1,-1,0.483835697174072
22,1,5,97,9,9,1,0.702781438827515,-1,-1,1,1,0.750980138778687
22,1,5,98,9,9,1,1.28611040115356,1,1,-1,-1,0.452781438827515
22,1,5,99,27,27,1,0.835258007049561,1,1,1,1,1.03611040115356
22,1,6,2,3,3,1,1.00046944618225,1,1,-1,-1,0.636283397674561
22,1,6,3,-3,3,1,1.00108575820923,1,1,1,1,0.750469446182251
22,1,6,4,81,81,1,0.65274977684021,-1,1,1,1,0.751085758209229
22,1,6,5,-9,9,0,0.702203989028931,1,1,1,-1,0.40274977684021
22,1,6,6,81,81,1,1.06793856620789,-1,-1,1,1,0.452203989028931
22,1,6,7,-27,27,0,1.11944127082825,1,1,-1,-1,0.817938566207886
22,1,6,8,-9,9,0,0.885126113891602,-1,-1,1,1,0.869441270828247
22,1,6,9,81,81,1,0.783815383911133,-1,-1,-1,-1,0.635126113891602
22,1,6,10,-27,27,0,0.752630233764648,1,1,-1,-1,0.533815383911133
22,1,6,11,-3,3,0,0.985353469848633,-1,-1,1,1,0.502630233764648
22,1,6,12,-9,9,0,0.633843421936035,-1,-1,-1,-1,0.735353469848633
22,1,6,13,-0,0,0,0.802561283111572,-1,-1,-1,-1,0.383843421936035
22,1,6,14,-9,9,0,0.834455966949463,-1,-1,-1,-1,0.552561283111572
22,1,6,15,-3,3,0,0.800974607467651,-1,-1,-1,-1,0.584455966949463
22,1,6,16,-0,0,0,0.68576192855835,-1,-1,-1,-1,0.550974607467651
22,1,6,17,81,81,1,0.601518630981445,-1,-1,-1,-1,0.43576192855835
22,1,6,18,-3,3,1,0.88533616065979,1,1,-1,-1,0.351518630981445
22,1,6,19,0,0,0,0.601086378097534,-1,1,1,1,0.63533616065979
22,1,6,20,27,27,1,0.685282707214355,1,-1,1,-1,0.351086378097534
22,1,6,21,-3,3,0,0.769175052642822,1,1,-1,1,0.435282707214355
22,1,6,22,81,81,1,0.602249622344971,-1,-1,1,1,0.519175052642822
22,1,6,23,3,3,1,0.617191553115845,1,1,-1,-1,0.352249622344971
22,1,6,24,27,27,1,0.600546836853027,1,1,1,1,0.367191553115845
22,1,6,25,27,27,1,0.618555545806885,1,1,1,1,0.350546836853027
22,1,6,26,-3,3,1,0.618494272232056,1,1,1,1,0.368555545806885
22,1,6,27,81,81,1,0.58430814743042,-1,1,1,1,0.368494272232056
22,1,6,28,-81,81,0,0.601102828979492,1,1,1,-1,0.33430814743042
22,1,6,29,-81,81,0,0.617677450180054,-1,-1,1,1,0.351102828979492
22,1,6,30,-81,81,0,0.617660522460938,-1,-1,-1,-1,0.367677450180054
22,1,6,31,81,81,1,0.600912570953369,-1,-1,-1,-1,0.367660522460938
22,1,6,32,81,81,1,0.634404897689819,1,1,-1,-1,0.350912570953369
22,1,6,33,81,81,1,0.585687160491943,1,1,1,1,0.384404897689819
22,1,6,34,3,3,0,0.736124038696289,1,1,1,1,0.335687160491943
22,1,6,35,-0,0,0,1.0009753704071,1,-1,1,1,0.486124038696289
22,1,6,36,81,81,1,0.685882329940796,-1,-1,-1,1,0.750975370407104
22,1,6,37,-3,3,0,0.686171531677246,1,1,-1,-1,0.435882329940796
22,1,6,38,-3,3,1,0.633820533752441,-1,-1,1,1,0.436171531677246
22,1,6,39,-3,3,0,0.602700710296631,-1,1,-1,-1,0.383820533752441
22,1,6,40,81,81,1,0.752377271652222,-1,-1,1,-1,0.352700710296631
22,1,6,41,-3,3,1,0.635440587997437,1,1,-1,-1,0.502377271652222
22,1,6,42,-3,3,1,0.617624044418335,-1,1,1,1,0.385440587997437
22,1,6,43,-0,0,1,0.618488550186157,-1,1,1,-1,0.367624044418335
22,1,6,44,27,27,1,0.668816328048706,-1,1,1,-1,0.368488550186157
22,1,6,45,27,27,1,0.868106365203857,1,1,1,-1,0.418816328048706
22,1,6,46,0,0,1,0.652220249176025,1,1,1,1,0.618106365203857
22,1,6,47,-81,81,0,0.634901762008667,1,1,1,1,0.402220249176025
22,1,6,48,-0,0,1,0.667613983154297,-1,-1,1,1,0.384901762008667
22,1,6,49,81,81,1,0.617906093597412,-1,1,-1,-1,0.417613983154297
22,1,6,50,27,27,1,0.651983261108398,1,1,1,-1,0.367906093597412
22,1,6,51,-9,9,0,0.667804718017578,1,1,1,1,0.401983261108398
22,1,6,52,27,27,1,0.668655872344971,-1,-1,1,1,0.417804718017578
22,1,6,53,81,81,1,0.567739248275757,1,1,-1,-1,0.418655872344971
22,1,6,54,3,3,1,0.651546955108643,1,1,1,1,0.317739248275757
22,1,6,55,9,9,1,0.586116313934326,1,1,1,1,0.401546955108643
22,1,6,56,9,9,1,0.618489265441895,1,1,1,1,0.336116313934326
22,1,6,57,27,27,1,0.601005554199219,1,1,1,1,0.368489265441895
22,1,6,58,-9,9,0,0.518946170806885,1,1,1,1,0.351005554199219
22,1,6,59,-27,27,0,0.535086631774902,-1,-1,1,1,0.268946170806885
22,1,6,60,-3,3,0,0.684351444244385,-1,-1,-1,-1,0.285086631774902
22,1,6,61,-9,9,0,0.684908390045166,-1,-1,-1,-1,0.434351444244385
22,1,6,62,-9,9,0,0.667784929275513,-1,-1,-1,-1,0.434908390045166
22,1,6,63,27,27,1,0.55218243598938,-1,-1,-1,-1,0.417784929275513
22,1,6,64,-27,27,1,0.719346046447754,1,1,-1,-1,0.30218243598938
22,1,6,65,27,27,1,0.601118564605713,-1,1,1,1,0.469346046447754
22,1,6,66,9,9,0,0.650976181030273,1,1,1,-1,0.351118564605713
22,1,6,67,-81,81,0,0.667165517807007,1,-1,1,1,0.400976181030273
22,1,6,68,27,27,1,0.583820104598999,-1,-1,-1,1,0.417165517807007
22,1,6,69,-27,27,0,0.801784992218018,1,1,-1,-1,0.333820104598999
22,1,6,70,-3,3,1,0.717602729797363,-1,-1,1,1,0.551784992218018
22,1,6,71,27,27,1,0.550519466400146,-1,1,-1,-1,0.467602729797363
22,1,6,72,0,0,1,0.834265470504761,1,1,1,-1,0.300519466400146
22,1,6,73,-9,9,1,1.20093846321106,1,1,1,1,0.584265470504761
22,1,6,74,-3,3,1,0.700937271118164,-1,1,1,1,0.95093846321106
22,1,6,75,27,27,1,0.66887378692627,-1,1,1,-1,0.450937271118164
22,1,6,76,9,9,1,0.617655754089355,1,1,1,-1,0.41887378692627
22,1,6,77,9,9,0,0.568648338317871,1,1,1,1,0.367655754089355
22,1,6,78,-3,3,1,0.601682901382446,1,-1,1,1,0.318648338317871
22,1,6,79,-81,81,0,0.717652320861816,-1,1,-1,1,0.351682901382446
22,1,6,80,9,9,0,0.818901777267456,-1,-1,1,-1,0.467652320861816
22,1,6,81,3,3,1,0.767836093902588,1,-1,-1,-1,0.568901777267456
22,1,6,82,0,0,1,0.717134475708008,1,1,-1,1,0.517836093902588
22,1,6,83,9,9,1,0.718907833099365,1,1,1,1,0.467134475708008
22,1,6,84,-81,81,0,0.635730504989624,1,1,1,1,0.468907833099365
22,1,6,85,0,0,1,0.800973176956177,-1,-1,1,1,0.385730504989624
22,1,6,86,-27,27,0,0.735668897628784,1,1,-1,-1,0.550973176956177
22,1,6,87,-9,9,0,0.685805320739746,-1,-1,1,1,0.485668897628784
22,1,6,88,9,9,0,0.885641574859619,-1,-1,-1,-1,0.435805320739746
22,1,6,89,-3,3,1,0.667779922485352,1,-1,-1,-1,0.635641574859619
22,1,6,90,81,81,1,0.667719841003418,-1,1,-1,1,0.417779922485352
22,1,6,91,-27,27,0,0.634325504302979,1,1,1,-1,0.417719841003418
22,1,6,92,-3,3,0,1.15222764015198,-1,-1,1,1,0.384325504302979
22,1,6,93,9,9,1,0.669737577438354,-1,-1,-1,-1,0.902227640151978
22,1,6,94,-27,27,0,0.567606925964355,1,1,-1,-1,0.419737577438354
22,1,6,95,-9,9,0,0.584286689758301,-1,-1,1,1,0.317606925964355
22,1,6,96,-27,27,0,0.517206430435181,-1,-1,-1,-1,0.334286689758301
22,1,6,97,9,9,1,0.517696619033813,-1,-1,-1,-1,0.267206430435181
22,1,6,98,9,9,1,0.568794250488281,1,1,-1,-1,0.267696619033813
22,1,6,99,-81,81,0,0.617677688598633,1,1,1,1,0.318794250488281
22,2,1,2,-81,81,0,0.852535963058472,1,1,-1,-1,0.867426633834839
22,2,1,3,-81,81,0,0.884299039840698,-1,-1,1,1,0.602535963058472
22,2,1,4,-3,3,0,0.683835744857788,-1,-1,-1,-1,0.634299039840698
22,2,1,5,0,0,1,0.601005792617798,-1,-1,-1,-1,0.433835744857788
22,2,1,6,3,3,0,0.969285011291504,1,1,-1,-1,0.351005792617798
22,2,1,7,0,0,1,0.702568769454956,1,-1,1,1,0.719285011291504
22,2,1,8,-27,27,0,0.600942850112915,1,1,-1,1,0.452568769454956
22,2,1,9,27,27,1,0.650972366333008,-1,-1,1,1,0.350942850112915
22,2,1,10,-3,3,1,0.817646265029907,1,1,-1,-1,0.400972366333008
22,2,1,11,81,81,1,0.702754735946655,-1,1,1,1,0.567646265029907
22,2,1,12,-3,3,1,0.685888051986694,1,1,1,-1,0.452754735946655
22,2,1,13,3,3,1,0.669183731079102,-1,1,1,1,0.435888051986694
22,2,1,14,-27,27,0,0.685322284698486,1,1,1,-1,0.419183731079102
22,2,1,15,27,27,1,0.602048873901367,-1,-1,1,1,0.435322284698486
22,2,1,16,-81,81,0,0.651967763900757,1,1,-1,-1,0.352048873901367
22,2,1,17,-9,9,0,0.602074861526489,-1,-1,1,1,0.401967763900757
22,2,1,18,-3,3,1,0.934335470199585,-1,-1,-1,-1,0.352074861526489
22,2,1,19,81,81,1,0.835622787475586,-1,1,-1,-1,0.684335470199585
22,2,1,20,0,0,1,0.601909399032593,1,1,1,-1,0.585622787475586
22,2,1,21,-81,81,0,0.734308004379272,1,1,1,1,0.351909399032593
22,2,1,22,9,9,1,0.902247667312622,-1,-1,1,1,0.484308004379272
22,2,1,23,9,9,1,0.586129188537598,1,1,-1,-1,0.652247667312622
22,2,1,24,3,3,1,0.584284067153931,1,1,1,1,0.336129188537598
22,2,1,25,3,3,0,0.667625665664673,1,1,1,1,0.334284067153931
22,2,1,26,27,27,1,0.669041156768799,1,-1,1,1,0.417625665664673
22,2,1,27,-81,81,0,0.717152118682861,1,1,-1,1,0.419041156768799
22,2,1,28,9,9,1,0.652397155761719,-1,-1,1,1,0.467152118682861
22,2,1,29,-9,9,0,0.318523645401001,1,1,-1,-1,0.402397155761719
22,2,1,30,-9,9,1,0.602175712585449,-1,-1,1,1,0.068523645401001
22,2,1,31,27,27,0,0.634284973144531,-1,1,-1,-1,0.352175712585449
22,2,1,32,-9,9,1,0.635843992233276,1,-1,1,-1,0.384284973144531
22,2,1,33,-27,27,0,0.618772268295288,-1,1,-1,1,0.385843992233276
22,2,1,34,0,0,1,0.734338760375977,-1,-1,1,-1,0.368772268295288
22,2,1,35,-3,3,0,0.784348726272583,1,1,-1,-1,0.484338760375977
22,2,1,36,3,3,1,0.769020318984985,-1,-1,1,1,0.534348726272583
22,2,1,37,9,9,1,1.11720037460327,1,1,-1,-1,0.519020318984985
22,2,1,38,27,27,1,0.701297044754028,1,1,1,1,0.867200374603271
22,2,1,39,-9,9,1,0.918926954269409,1,1,1,1,0.451297044754028
22,2,1,40,9,9,1,0.75260853767395,-1,1,1,1,0.668926954269409
22,2,1,41,-3,3,1,0.669116973876953,1,1,1,-1,0.50260853767395
22,2,1,42,-27,27,0,0.601212739944458,-1,1,1,1,0.419116973876953
22,2,1,43,-27,27,0,0.635926485061646,-1,-1,1,-1,0.351212739944458
22,2,1,44,-27,27,0,0.702446460723877,-1,-1,-1,-1,0.385926485061646
22,2,1,45,3,3,1,0.667664051055908,-1,-1,-1,-1,0.452446460723877
22,2,1,46,-0,0,1,0.800480842590332,1,1,-1,-1,0.417664051055908
22,2,1,47,3,3,1,0.75261664390564,-1,1,1,1,0.550480842590332
22,2,1,48,-81,81,0,0.600951671600342,1,1,1,-1,0.50261664390564
22,2,1,49,81,81,1,0.667134284973145,-1,-1,1,1,0.350951671600342
22,2,1,50,9,9,0,0.736138820648193,1,1,-1,-1,0.417134284973145
22,2,1,51,9,9,1,0.60115647315979,1,-1,1,1,0.486138820648193
22,2,1,52,81,81,1,0.651028633117676,1,1,-1,1,0.35115647315979
22,2,1,53,27,27,1,0.900999307632446,1,1,1,1,0.401028633117676
22,2,1,54,27,27,1,0.983943939208984,1,1,1,1,0.650999307632446
22,2,1,55,-27,27,0,0.651001691818237,1,1,1,1,0.733943939208984
22,2,1,56,81,81,1,0.634280204772949,-1,-1,1,1,0.401001691818237
22,2,1,57,-81,81,0,0.736170530319214,1,1,-1,-1,0.384280204772949
22,2,1,58,9,9,1,0.701848983764648,-1,-1,1,1,0.486170530319214
22,2,1,59,81,81,1,0.585595369338989,1,1,-1,-1,0.451848983764648
22,2,1,60,3,3,0,0.886005163192749,1,1,1,1,0.335595369338989
22,2,1,61,-9,9,0,0.735783815383911,1,-1,1,1,0.636005163192749
22,2,1,62,-81,81,0,0.567142486572266,-1,-1,-1,1,0.485783815383911
22,2,1,63,9,9,1,0.635477066040039,-1,-1,-1,-1,0.317142486572266
22,2,1,64,-3,3,1,0.702069759368896,1,1,-1,-1,0.385477066040039
22,2,1,65,27,27,1,0.70098090171814,-1,1,1,1,0.452069759368896
22,2,1,66,-9,9,0,0.534365177154541,1,1,1,-1,0.45098090171814
22,2,1,67,9,9,1,0.884285926818848,-1,-1,1,1,0.284365177154541
22,2,1,68,-3,3,1,0.601716041564941,1,1,-1,-1,0.634285926818848
22,2,1,69,-3,3,0,1.25257802009583,-1,1,1,1,0.351716041564941
22,2,1,70,-81,81,0,0.750489711761475,-1,-1,1,-1,1.00257802009583
22,2,1,71,-27,27,0,0.684307813644409,-1,-1,-1,-1,0.500489711761475
22,2,1,72,9,9,1,0.48383903503418,-1,-1,-1,-1,0.434307813644409
22,2,1,73,0,0,1,0.617216348648071,1,1,-1,-1,0.23383903503418
22,2,1,74,-81,81,0,0.651070356369019,1,1,1,1,0.367216348648071
22,2,1,75,-81,81,0,0.652005910873413,-1,-1,1,1,0.401070356369019
22,2,1,76,-81,81,0,0.717155456542969,-1,-1,-1,-1,0.402005910873413
22,2,1,77,27,27,1,0.634944200515747,-1,-1,-1,-1,0.467155456542969
22,2,1,78,-9,9,0,0.935786962509155,1,1,-1,-1,0.384944200515747
22,2,1,79,-0,0,1,0.585387706756592,-1,-1,1,1,0.685786962509155
22,2,1,80,-3,3,1,0.702457904815674,-1,1,-1,-1,0.335387706756592
22,2,1,81,-27,27,0,0.48387885093689,-1,1,1,-1,0.452457904815674
22,2,1,82,9,9,1,0.619263887405396,-1,-1,1,-1,0.23387885093689
22,2,1,83,-9,9,0,0.63437294960022,1,1,-1,-1,0.369263887405396
22,2,1,84,-3,3,1,0.701115846633911,-1,-1,1,1,0.38437294960022
22,2,1,85,-81,81,0,0.56932544708252,-1,1,-1,-1,0.451115846633911
22,2,1,86,-3,3,0,0.717650175094604,-1,-1,1,-1,0.31932544708252
22,2,1,87,81,81,1,0.667208671569824,-1,-1,-1,-1,0.467650175094604
22,2,1,88,0,0,0,0.734927654266357,1,1,-1,-1,0.417208671569824
22,2,1,89,27,27,1,0.700960397720337,1,-1,1,1,0.484927654266357
22,2,1,90,-27,27,0,0.669110774993896,1,1,-1,1,0.450960397720337
22,2,1,91,-0,0,1,0.667147874832153,-1,-1,1,1,0.419110774993896
22,2,1,92,-3,3,1,0.701663255691528,-1,1,-1,-1,0.417147874832153
22,2,1,93,9,9,0,0.9676353931427,-1,1,1,-1,0.451663255691528
22,2,1,94,0,0,1,0.585826635360718,1,-1,1,-1,0.7176353931427
22,2,1,95,81,81,1,0.601062774658203,1,1,-1,1,0.335826635360718
22,2,1,96,3,3,1,0.701978206634521,1,1,1,1,0.351062774658203
22,2,1,97,0,0,0,0.801060199737549,1,1,1,1,0.451978206634521
22,2,1,98,-27,27,0,0.602383136749268,1,-1,1,1,0.551060199737549
22,2,1,99,-81,81,0,0.65050220489502,-1,-1,-1,1,0.352383136749268
22,2,2,2,9,9,1,0.817871809005737,1,1,1,1,0.768048763275146
22,2,2,3,9,9,1,0.600508451461792,1,1,1,1,0.567871809005737
22,2,2,4,-0,0,1,0.652208805084229,1,1,1,1,0.350508451461792
22,2,2,5,-27,27,0,0.585537910461426,-1,1,1,1,0.402208805084229
22,2,2,6,-3,3,0,0.53577733039856,-1,-1,1,-1,0.335537910461426
22,2,2,7,-9,9,0,0.58545184135437,-1,-1,-1,-1,0.28577733039856
22,2,2,8,-9,9,0,0.800538301467896,-1,-1,-1,-1,0.33545184135437
22,2,2,9,27,27,1,0.652419567108154,-1,-1,-1,-1,0.550538301467896
22,2,2,10,27,27,1,0.317269086837769,1,1,-1,-1,0.402419567108154
22,2,2,11,-3,3,1,0.584304809570312,1,1,1,1,0.0672690868377686
22,2,2,12,-81,81,0,0.551288843154907,-1,1,1,1,0.334304809570312
22,2,2,13,-3,3,0,0.835120916366577,-1,-1,1,-1,0.301288843154907
22,2,2,14,-27,27,0,0.600947141647339,-1,-1,-1,-1,0.585120916366577
22,2,2,15,-27,27,0,0.601448059082031,-1,-1,-1,-1,0.350947141647339
22,2,2,16,9,9,1,0.534313201904297,-1,-1,-1,-1,0.351448059082031
22,2,2,17,9,9,1,0.500976085662842,1,1,-1,-1,0.284313201904297
22,2,2,18,27,27,1,0.669053316116333,1,1,1,1,0.250976085662842
22,2,2,19,27,27,1,0.634794235229492,1,1,1,1,0.419053316116333
22,2,2,20,9,9,0,0.684341192245483,1,1,1,1,0.384794235229492
22,2,2,21,3,3,1,0.602612733840942,1,-1,1,1,0.434341192245483
22,2,2,22,9,9,1,0.650936126708984,1,1,-1,1,0.352612733840942
22,2,2,23,3,3,1,0.702361106872559,1,1,1,1,0.400936126708984
22,2,2,24,0,0,1,0.602014780044556,1,1,1,1,0.452361106872559
22,2,2,25,81,81,1,0.584357261657715,1,1,1,1,0.352014780044556
22,2,2,26,81,81,1,0.68428635597229,1,1,1,1,0.334357261657715
22,2,2,27,3,3,1,0.667163133621216,1,1,1,1,0.43428635597229
22,2,2,28,0,0,1,0.902650117874146,1,1,1,1,0.417163133621216
22,2,2,29,-81,81,0,0.552038669586182,1,1,1,1,0.652650117874146
22,2,2,30,-3,3,1,0.719595909118652,-1,-1,1,1,0.302038669586182
22,2,2,31,-27,27,0,0.60242748260498,-1,1,-1,-1,0.469595909118652
22,2,2,32,81,81,1,0.701059818267822,-1,-1,1,-1,0.35242748260498
22,2,2,33,9,9,1,0.633833169937134,1,1,-1,-1,0.451059818267822
22,2,2,34,9,9,1,0.633837461471558,1,1,1,1,0.383833169937134
22,2,2,35,-3,3,1,0.7343590259552,1,1,1,1,0.383837461471558
22,2,2,36,-81,81,0,0.567710161209106,-1,1,1,1,0.4843590259552
22,2,2,37,-3,3,1,0.568758010864258,-1,-1,1,-1,0.317710161209106
22,2,2,38,-81,81,0,0.601166963577271,-1,1,-1,-1,0.318758010864258
22,2,2,39,81,81,1,0.652807474136353,-1,-1,1,-1,0.351166963577271
22,2,2,40,9,9,1,0.750954866409302,1,1,-1,-1,0.402807474136353
22,2,2,41,9,9,1,0.717611789703369,1,1,1,1,0.500954866409302
22,2,2,42,81,81,1,0.618979215621948,1,1,1,1,0.467611789703369
22,2,2,43,3,3,0,0.701221704483032,1,1,1,1,0.368979215621948
22,2,2,44,27,27,1,0.369269847869873,1,-1,1,1,0.451221704483032
22,2,2,45,3,3,1,0.90090799331665,1,1,-1,1,0.119269847869873
22,2,2,46,0,0,1,0.867818593978882,1,1,1,1,0.65090799331665
22,2,2,47,81,81,1,0.55173397064209,1,1,1,1,0.617818593978882
22,2,2,48,27,27,1,0.652075290679932,1,1,1,1,0.30173397064209
22,2,2,49,27,27,1,0.65266489982605,1,1,1,1,0.402075290679932
22,2,2,50,81,81,1,0.585666179656982,1,1,1,1,0.40266489982605
22,2,2,51,3,3,1,0.817689418792725,1,1,1,1,0.335666179656982
22,2,2,52,81,81,1,0.602314472198486,1,1,1,1,0.567689418792725
22,2,2,53,-3,3,1,0.833914518356323,1,1,1,1,0.352314472198486
22,2,2,54,-27,27,0,0.61763596534729,-1,1,1,1,0.583914518356323
22,2,2,55,-0,0,0,1.05095911026001,-1,-1,1,-1,0.36763596534729
22,2,2,56,-3,3,0,0.734349012374878,-1,-1,-1,-1,0.80095911026001
22,2,2,57,-0,0,1,0.735963821411133,-1,-1,-1,-1,0.484349012374878
22,2,2,58,-81,81,0,0.634843349456787,-1,1,-1,-1,0.485963821411133
22,2,2,59,-9,9,0,0.551864385604858,-1,-1,1,-1,0.384843349456787
22,2,2,60,3,3,1,0.652880191802979,-1,-1,-1,-1,0.301864385604858
22,2,2,61,3,3,1,0.817701578140259,1,1,-1,-1,0.402880191802979
22,2,2,62,0,0,0,0.700555801391602,1,1,1,1,0.567701578140259
22,2,2,63,3,3,1,0.633828401565552,1,-1,1,1,0.450555801391602
22,2,2,64,3,3,0,0.600958347320557,1,1,-1,1,0.383828401565552
22,2,2,65,27,27,1,0.536192893981934,1,-1,1,1,0.350958347320557
22,2,2,66,81,81,1,0.650474309921265,1,1,-1,1,0.286192893981934
22,2,2,67,27,27,1,0.667198896408081,1,1,1,1,0.400474309921265
22,2,2,68,9,9,1,0.551342248916626,1,1,1,1,0.417198896408081
22,2,2,69,81,81,1,0.551192283630371,1,1,1,1,0.301342248916626
22,2,2,70,81,81,1,0.452794790267944,1,1,1,1,0.301192283630371
22,2,2,71,81,81,1,0.484455347061157,1,1,1,1,0.202794790267944
22,2,2,72,-81,81,0,0.602314472198486,1,1,1,1,0.234455347061157
22,2,2,73,-9,9,0,0.585027456283569,-1,-1,1,1,0.352314472198486
22,2,2,74,-3,3,0,0.952136278152466,-1,-1,-1,-1,0.335027456283569
22,2,2,75,81,81,1,0.736096382141113,-1,-1,-1,-1,0.702136278152466
22,2,2,76,-0,0,0,0.90109658241272,1,1,-1,-1,0.486096382141113
22,2,2,77,-9,9,0,0.718941688537598,-1,-1,1,1,0.65109658241272
22,2,2,78,-27,27,0,0.750959396362305,-1,-1,-1,-1,0.468941688537598
22,2,2,79,-27,27,0,0.569271802902222,-1,-1,-1,-1,0.500959396362305
22,2,2,80,-27,27,0,0.502453088760376,-1,-1,-1,-1,0.319271802902222
22,2,2,81,-27,27,0,0.60158634185791,-1,-1,-1,-1,0.252453088760376
22,2,2,82,-27,27,0,0.617694854736328,-1,-1,-1,-1,0.35158634185791
22,2,2,83,-9,9,0,0.668712377548218,-1,-1,-1,-1,0.367694854736328
22,2,2,84,-81,81,0,0.667140007019043,-1,-1,-1,-1,0.418712377548218
22,2,2,85,-27,27,0,0.734429359436035,-1,-1,-1,-1,0.417140007019043
22,2,2,86,-81,81,0,0.601780414581299,-1,-1,-1,-1,0.484429359436035
22,2,2,87,-9,9,0,0.634274482727051,-1,-1,-1,-1,0.351780414581299
22,2,2,88,-9,9,0,0.618687868118286,-1,-1,-1,-1,0.384274482727051
22,2,2,89,-0,0,1,0.651140928268433,-1,-1,-1,-1,0.368687868118286
22,2,2,90,-27,27,0,0.617721796035767,-1,1,-1,-1,0.401140928268433
22,2,2,91,3,3,1,0.685717821121216,-1,-1,1,-1,0.367721796035767
22,2,2,92,9,9,1,0.651268005371094,1,1,-1,-1,0.435717821121216
22,2,2,93,-27,27,0,0.550509214401245,1,1,1,1,0.401268005371094
22,2,2,94,9,9,1,0.717642784118652,-1,-1,1,1,0.300509214401245
22,2,2,95,0,0,0,0.935314893722534,1,1,-1,-1,0.467642784118652
22,2,2,96,-81,81,0,0.802064657211304,1,-1,1,1,0.685314893722534
22,2,2,97,-3,3,0,0.684346199035645,-1,-1,-1,1,0.552064657211304
22,2,2,98,0,0,0,0.700472831726074,-1,-1,-1,-1,0.434346199035645
22,2,2,99,3,3,1,0.652537822723389,1,-1,-1,-1,0.450472831726074
22,2,3,2,9,9,1,0.701044082641602,1,1,1,1,0.51906156539917
22,2,3,3,9,9,0,0.918493270874023,1,1,1,1,0.451044082641602
22,2,3,4,-9,9,0,0.669460296630859,1,-1,1,1,0.668493270874023
22,2,3,5,-81,81,0,0.617191076278687,-1,-1,-1,1,0.419460296630859
22,2,3,6,-81,81,0,0.667790412902832,-1,-1,-1,-1,0.367191076278687
22,2,3,7,81,81,1,0.600963354110718,-1,-1,-1,-1,0.417790412902832
22,2,3,8,-9,9,1,1.35111403465271,1,1,-1,-1,0.350963354110718
22,2,3,9,-9,9,0,0.719130754470825,-1,1,1,1,1.10111403465271
22,2,3,10,0,0,1,0.619170427322388,-1,-1,1,-1,0.469130754470825
22,2,3,11,81,81,1,0.702822923660278,1,1,-1,-1,0.369170427322388
22,2,3,12,27,27,1,0.618991613388062,1,1,1,1,0.452822923660278
22,2,3,13,3,3,1,0.685302257537842,1,1,1,1,0.368991613388062
22,2,3,14,9,9,1,0.65099835395813,1,1,1,1,0.435302257537842
22,2,3,15,27,27,1,0.752264261245728,1,1,1,1,0.40099835395813
22,2,3,16,3,3,1,0.818716287612915,1,1,1,1,0.502264261245728
22,2,3,17,3,3,1,0.802307844161987,1,1,1,1,0.568716287612915
22,2,3,18,-27,27,0,0.734427452087402,1,1,1,1,0.552307844161987
22,2,3,19,-3,3,0,0.636150121688843,-1,-1,1,1,0.484427452087402
22,2,3,20,-9,9,1,0.736002922058105,-1,-1,-1,-1,0.386150121688843
22,2,3,21,-81,81,0,0.752323865890503,-1,1,-1,-1,0.486002922058105
22,2,3,22,-27,27,0,0.617135047912598,-1,-1,1,-1,0.502323865890503
22,2,3,23,-9,9,1,0.734833717346191,-1,-1,-1,-1,0.367135047912598
22,2,3,24,-81,81,0,0.550510406494141,-1,1,-1,-1,0.484833717346191
22,2,3,25,-0,0,1,0.71864914894104,-1,-1,1,-1,0.300510406494141
22,2,3,26,-27,27,0,0.550993204116821,-1,1,-1,-1,0.46864914894104
22,2,3,27,-81,81,0,0.585005044937134,-1,-1,1,-1,0.300993204116821
22,2,3,28,27,27,1,0.633843898773193,-1,-1,-1,-1,0.335005044937134
22,2,3,29,3,3,1,0.667634963989258,1,1,-1,-1,0.383843898773193
22,2,3,30,9,9,0,0.884277105331421,1,1,1,1,0.417634963989258
22,2,3,31,-27,27,0,0.451966524124146,1,-1,1,1,0.634277105331421
22,2,3,32,-27,27,0,0.450522661209106,-1,-1,-1,1,0.201966524124146
22,2,3,33,-0,0,1,0.533820390701294,-1,-1,-1,-1,0.200522661209106
22,2,3,34,-9,9,0,0.417655944824219,-1,1,-1,-1,0.283820390701294
22,2,3,35,81,81,1,0.585551977157593,-1,-1,1,-1,0.167655944824219
22,2,3,36,0,0,1,0.734546661376953,1,1,-1,-1,0.335551977157593
22,2,3,37,27,27,1,0.485921144485474,1,1,1,1,0.484546661376953
22,2,3,38,-9,9,0,0.5857834815979,1,1,1,1,0.235921144485474
22,2,3,39,-0,0,1,0.633874416351318,-1,-1,1,1,0.3357834815979
22,2,3,40,-9,9,1,0.634267568588257,-1,1,-1,-1,0.383874416351318
22,2,3,41,-9,9,0,0.951550245285034,-1,1,1,-1,0.384267568588257
22,2,3,42,-81,81,0,0.467732429504395,-1,-1,1,-1,0.701550245285034
22,2,3,43,-0,0,1,0.717196464538574,-1,-1,-1,-1,0.217732429504395
22,2,3,44,3,3,1,0.867689609527588,-1,1,-1,-1,0.467196464538574
22,2,3,45,81,81,1,0.668892860412598,1,1,1,-1,0.617689609527588
22,2,3,46,3,3,1,0.633821249008179,1,1,1,1,0.418892860412598
22,2,3,47,3,3,1,1.15235447883606,1,1,1,1,0.383821249008179
22,2,3,48,3,3,1,0.635852575302124,1,1,1,1,0.90235447883606
22,2,3,49,81,81,1,0.619096755981445,1,1,1,1,0.385852575302124
22,2,3,50,-81,81,0,0.567701816558838,1,1,1,1,0.369096755981445
22,2,3,51,-81,81,0,0.567701578140259,-1,-1,1,1,0.317701816558838
22,2,3,52,-9,9,0,0.852153539657593,-1,-1,-1,-1,0.317701578140259
22,2,3,53,-81,81,0,0.619173765182495,-1,-1,-1,-1,0.602153539657593
22,2,3,54,-9,9,0,0.952429056167603,-1,-1,-1,-1,0.369173765182495
22,2,3,55,-3,3,1,0.702268362045288,-1,-1,-1,-1,0.702429056167603
22,2,3,56,-9,9,0,0.735939979553223,-1,1,-1,-1,0.452268362045288
22,2,3,57,-3,3,0,0.70161509513855,-1,-1,1,-1,0.485939979553223
22,2,3,58,-3,3,1,0.984289407730103,-1,-1,-1,-1,0.45161509513855
22,2,3,59,-3,3,1,0.852170467376709,-1,1,-1,-1,0.734289407730103
22,2,3,60,-27,27,0,0.752638816833496,-1,1,1,-1,0.602170467376709
22,2,3,61,-3,3,0,0.733852386474609,-1,-1,1,-1,0.502638816833496
22,2,3,62,-81,81,0,0.600483417510986,-1,-1,-1,-1,0.483852386474609
22,2,3,63,-9,9,0,0.685529947280884,-1,-1,-1,-1,0.350483417510986
22,2,3,64,-27,27,0,0.636162042617798,-1,-1,-1,-1,0.435529947280884
22,2,3,65,3,3,1,0.802549362182617,-1,-1,-1,-1,0.386162042617798
22,2,3,66,-27,27,0,0.535800218582153,1,1,-1,-1,0.552549362182617
22,2,3,67,-27,27,0,0.584492921829224,-1,-1,1,1,0.285800218582153
22,2,3,68,-81,81,0,0.617178201675415,-1,-1,-1,-1,0.334492921829224
22,2,3,69,-9,9,1,0.733852624893188,-1,-1,-1,-1,0.367178201675415
22,2,3,70,-27,27,0,0.984400749206543,-1,1,-1,-1,0.483852624893188
22,2,3,71,-81,81,0,0.586156129837036,-1,-1,1,-1,0.734400749206543
22,2,3,72,-27,27,0,0.601006269454956,-1,-1,-1,-1,0.336156129837036
22,2,3,73,-81,81,0,0.702468395233154,-1,-1,-1,-1,0.351006269454956
22,2,3,74,-81,81,0,0.735503673553467,-1,-1,-1,-1,0.452468395233154
22,2,3,75,-9,9,1,0.702045679092407,-1,-1,-1,-1,0.485503673553467
22,2,3,76,-27,27,0,0.600970268249512,-1,1,-1,-1,0.452045679092407
22,2,3,77,-0,0,1,0.70053505897522,-1,-1,1,-1,0.350970268249512
22,2,3,78,3,3,1,0.686018466949463,-1,1,-1,-1,0.45053505897522
22,2,3,79,81,81,1,0.650502920150757,1,1,1,-1,0.436018466949463
22,2,3,80,-0,0,1,0.584501266479492,1,1,1,1,0.400502920150757
22,2,3,81,-27,27,1,0.700946092605591,-1,1,1,1,0.334501266479492
22,2,3,82,-9,9,1,0.56816291809082,-1,1,1,-1,0.450946092605591
22,2,3,83,3,3,1,0.58519172668457,-1,1,1,-1,0.31816291809082
22,2,3,84,0,0,1,0.634433746337891,1,1,1,-1,0.33519172668457
22,2,3,85,-3,3,1,0.568995952606201,1,1,1,1,0.384433746337891
22,2,3,86,27,27,1,0.586252212524414,-1,1,1,1,0.318995952606201
22,2,3,87,-27,27,0,0.65047025680542,1,1,1,-1,0.336252212524414
22,2,3,88,-3,3,1,0.700467348098755,-1,-1,1,1,0.40047025680542
22,2,3,89,-81,81,0,0.718716859817505,-1,1,-1,-1,0.450467348098755
22,2,3,90,-27,27,0,0.55053186416626,-1,-1,1,-1,0.468716859817505
22,2,3,91,-3,3,1,0.685446500778198,-1,-1,-1,-1,0.30053186416626
22,2,3,92,-9,9,0,0.700549364089966,-1,1,-1,-1,0.435446500778198
22,2,3,93,-3,3,1,0.801010131835938,-1,-1,1,-1,0.450549364089966
22,2,3,94,-0,0,1,0.600951433181763,-1,1,-1,-1,0.551010131835938
22,2,3,95,9,9,1,0.650947093963623,-1,1,1,-1,0.350951433181763
22,2,3,96,81,81,1,0.534565210342407,1,1,1,-1,0.400947093963623
22,2,3,97,3,3,0,0.686331748962402,1,1,1,1,0.284565210342407
22,2,3,98,0,0,1,0.685438394546509,1,-1,1,1,0.436331748962402
22,2,3,99,27,27,1,0.467781066894531,1,1,-1,1,0.435438394546509
22,2,4,2,-27,27,0,0.634462356567383,-1,-1,1,-1,0.76874041557312
22,2,4,3,27,27,1,0.634331464767456,-1,-1,-1,-1,0.384462356567383
22,2,4,4,-27,27,0,0.584291696548462,1,1,-1,-1,0.384331464767456
22,2,4,5,3,3,1,0.702063083648682,-1,-1,1,1,0.334291696548462
22,2,4,6,-0,0,1,0.685978889465332,1,1,-1,-1,0.452063083648682
22,2,4,7,81,81,1,0.633874654769897,-1,1,1,1,0.435978889465332
22,2,4,8,-27,27,0,0.518614768981934,1,1,1,-1,0.383874654769897
22,2,4,9,9,9,1,0.618688344955444,-1,-1,1,1,0.268614768981934
22,2,4,10,-3,3,1,0.551734685897827,1,1,-1,-1,0.368688344955444
22,2,4,11,3,3,1,0.651033163070679,-1,1,1,1,0.301734685897827
22,2,4,12,-81,81,0,0.801720142364502,1,1,1,-1,0.401033163070679
22,2,4,13,81,81,1,0.600993633270264,-1,-1,1,1,0.551720142364502
22,2,4,14,3,3,1,0.669354915618896,1,1,-1,-1,0.350993633270264
22,2,4,15,3,3,1,0.586206912994385,1,1,1,1,0.419354915618896
22,2,4,16,-9,9,1,0.584290981292725,1,1,1,1,0.336206912994385
22,2,4,17,81,81,1,0.585437297821045,-1,1,1,1,0.334290981292725
22,2,4,18,-9,9,0,0.652299642562866,1,1,1,-1,0.335437297821045
22,2,4,19,81,81,1,0.633913278579712,-1,-1,1,1,0.402299642562866
22,2,4,20,-27,27,0,0.569317579269409,1,1,-1,-1,0.383913278579712
22,2,4,21,81,81,1,0.717614889144897,-1,-1,1,1,0.319317579269409
22,2,4,22,-3,3,1,0.601902723312378,1,1,-1,-1,0.467614889144897
22,2,4,23,27,27,1,0.718767166137695,-1,1,1,1,0.351902723312378
22,2,4,24,-81,81,0,0.567701816558838,1,1,1,-1,0.468767166137695
22,2,4,25,-3,3,1,0.719260454177856,-1,-1,1,1,0.317701816558838
22,2,4,26,27,27,1,0.634891748428345,-1,1,-1,-1,0.469260454177856
22,2,4,27,-3,3,1,0.883854389190674,1,1,1,-1,0.384891748428345
22,2,4,28,3,3,1,0.919540405273438,-1,1,1,1,0.633854389190674
22,2,4,29,-0,0,1,0.635550737380981,1,1,1,-1,0.669540405273438
22,2,4,30,9,9,1,0.685925960540771,-1,1,1,1,0.385550737380981
22,2,4,31,-27,27,0,0.517191171646118,1,1,1,-1,0.435925960540771
22,2,4,32,9,9,1,0.469226360321045,-1,-1,1,1,0.267191171646118
22,2,4,33,-9,9,0,0.60263466835022,1,1,-1,-1,0.219226360321045
22,2,4,34,27,27,1,0.533798456192017,-1,-1,1,1,0.35263466835022
22,2,4,35,3,3,0,0.485848903656006,1,1,-1,-1,0.283798456192017
22,2,4,36,-81,81,0,0.601891279220581,1,-1,1,1,0.235848903656006
22,2,4,37,81,81,1,0.43430233001709,-1,-1,-1,1,0.351891279220581
22,2,4,38,-27,27,0,0.567731142044067,1,1,-1,-1,0.18430233001709
22,2,4,39,9,9,1,0.602189779281616,-1,-1,1,1,0.317731142044067
22,2,4,40,-9,9,0,0.667632102966309,1,1,-1,-1,0.352189779281616
22,2,4,41,-81,81,0,0.602559328079224,-1,-1,1,1,0.417632102966309
22,2,4,42,0,0,1,0.736059904098511,-1,-1,-1,-1,0.352559328079224
22,2,4,43,81,81,1,0.683809280395508,1,1,-1,-1,0.486059904098511
22,2,4,44,-3,3,1,1.1861743927002,1,1,1,1,0.433809280395508
22,2,4,45,27,27,1,0.585045337677002,-1,1,1,1,0.936174392700195
22,2,4,46,-81,81,0,0.567771673202515,1,1,1,-1,0.335045337677002
22,2,4,47,0,0,1,0.702013254165649,-1,-1,1,1,0.317771673202515
22,2,4,48,-81,81,0,0.585964202880859,1,1,-1,-1,0.452013254165649
22,2,4,49,-3,3,1,1.13383841514587,-1,-1,1,1,0.335964202880859
22,2,4,50,3,3,1,0.585740089416504,-1,1,-1,-1,0.883838415145874
22,2,4,51,-27,27,0,0.585382699966431,1,1,1,-1,0.335740089416504
22,2,4,52,27,27,1,0.66901707649231,-1,-1,1,1,0.335382699966431
22,2,4,53,9,9,1,0.619442939758301,1,1,-1,-1,0.41901707649231
22,2,4,54,-81,81,0,0.567187070846558,1,1,1,1,0.369442939758301
22,2,4,55,3,3,0,0.885118961334229,-1,-1,1,1,0.317187070846558
22,2,4,56,-27,27,0,0.802242040634155,1,-1,-1,-1,0.635118961334229
22,2,4,57,-9,9,0,1.10209465026855,-1,-1,-1,1,0.552242040634155
22,2,4,58,3,3,1,0.585713148117065,-1,-1,-1,-1,0.852094650268555
22,2,4,59,-3,3,0,0.88602614402771,1,1,-1,-1,0.335713148117065
22,2,4,60,81,81,1,0.550937414169312,-1,-1,1,1,0.63602614402771
22,2,4,61,-81,81,0,0.702578783035278,1,1,-1,-1,0.300937414169312
22,2,4,62,-9,9,1,1.43530082702637,-1,-1,1,1,0.452578783035278
22,2,4,63,-3,3,0,0.652714490890503,-1,1,-1,-1,1.18530082702637
22,2,4,64,-81,81,0,0.650969505310059,-1,-1,1,-1,0.402714490890503
22,2,4,65,9,9,1,0.902228116989136,-1,-1,-1,-1,0.400969505310059
22,2,4,66,-3,3,1,0.984304904937744,1,1,-1,-1,0.652228116989136
22,2,4,67,9,9,1,0.717648267745972,-1,1,1,1,0.734304904937744
22,2,4,68,-9,9,0,0.633920907974243,1,1,1,-1,0.467648267745972
22,2,4,69,3,3,1,0.519229888916016,-1,-1,1,1,0.383920907974243
22,2,4,70,-9,9,0,0.584299564361572,1,1,-1,-1,0.269229888916016
22,2,4,71,0,0,0,1.18383264541626,-1,-1,1,1,0.334299564361572
22,2,4,72,-3,3,1,0.534334421157837,1,-1,-1,-1,0.93383264541626
22,2,4,73,9,9,0,1.08565378189087,-1,1,-1,1,0.284334421157837
22,2,4,74,-81,81,0,0.567806243896484,1,-1,1,-1,0.835653781890869
22,2,4,75,27,27,1,0.651747703552246,-1,-1,-1,1,0.317806243896484
22,2,4,76,-81,81,0,0.668812990188599,1,1,-1,-1,0.401747703552246
22,2,4,77,27,27,1,0.518619537353516,-1,-1,1,1,0.418812990188599
22,2,4,78,-81,81,0,0.535932779312134,1,1,-1,-1,0.268619537353516
22,2,4,79,27,27,1,0.517619609832764,-1,-1,1,1,0.285932779312134
22,2,4,80,-9,9,1,0.80255913734436,1,1,-1,-1,0.267619609832764
22,2,4,81,-27,27,0,0.301641225814819,-1,1,1,1,0.55255913734436
22,2,4,82,3,3,1,0.751137495040894,-1,-1,1,-1,0.0516412258148193
22,2,4,83,9,9,1,0.86901593208313,1,1,-1,-1,0.501137495040894
22,2,4,84,-27,27,0,0.602822542190552,1,1,1,1,0.61901593208313
22,2,4,85,81,81,1,0.533808469772339,-1,-1,1,1,0.352822542190552
22,2,4,86,-9,9,1,0.635737657546997,1,1,-1,-1,0.283808469772339
22,2,4,87,0,0,1,0.651013135910034,-1,1,1,1,0.385737657546997
22,2,4,88,-0,0,0,0.768492221832275,1,1,1,-1,0.401013135910034
22,2,4,89,-27,27,0,0.618100881576538,-1,-1,1,1,0.518492221832275
22,2,4,90,81,81,1,0.485496282577515,-1,-1,-1,-1,0.368100881576538
22,2,4,91,0,0,1,0.618252754211426,1,1,-1,-1,0.235496282577515
22,2,4,92,-3,3,1,0.819208145141602,1,1,1,1,0.368252754211426
22,2,4,93,9,9,1,0.585166692733765,-1,1,1,1,0.569208145141602
22,2,4,94,-27,27,0,0.567163467407227,1,1,1,-1,0.335166692733765
22,2,4,95,-27,27,0,0.552016973495483,-1,-1,1,1,0.317163467407227
22,2,4,96,9,9,1,0.401137828826904,-1,-1,-1,-1,0.302016973495483
22,2,4,97,-9,9,1,0.619170904159546,1,1,-1,-1,0.151137828826904
22,2,4,98,0,0,1,0.950965404510498,-1,1,1,1,0.369170904159546
22,2,4,99,-0,0,1,0.702082633972168,1,1,1,-1,0.700965404510498
22,2,5,2,-9,9,0,0.967648506164551,-1,1,1,-1,0.401234865188599
22,2,5,3,3,3,1,0.584322452545166,-1,-1,1,-1,0.717648506164551
22,2,5,4,-81,81,0,0.602527379989624,1,1,-1,-1,0.334322452545166
22,2,5,5,9,9,1,0.567619800567627,-1,-1,1,1,0.352527379989624
22,2,5,6,0,0,1,0.668612718582153,1,1,-1,-1,0.317619800567627
22,2,5,7,27,27,1,0.5675950050354,1,1,1,1,0.418612718582153
22,2,5,8,-9,9,1,0.600484848022461,1,1,1,1,0.3175950050354
22,2,5,9,3,3,1,0.684386491775513,-1,1,1,1,0.350484848022461
22,2,5,10,-9,9,1,0.485746145248413,1,1,1,-1,0.434386491775513
22,2,5,11,0,0,1,0.80115532875061,-1,1,1,1,0.235746145248413
22,2,5,12,3,3,1,0.650990009307861,1,1,1,-1,0.55115532875061
22,2,5,13,-3,3,1,0.78542947769165,1,1,1,1,0.400990009307861
22,2,5,14,27,27,1,0.667619466781616,-1,1,1,1,0.53542947769165
22,2,5,15,-9,9,0,0.684553623199463,1,1,1,-1,0.417619466781616
22,2,5,16,9,9,1,0.534289121627808,-1,-1,1,1,0.434553623199463
22,2,5,17,-27,27,0,0.485457181930542,1,1,-1,-1,0.284289121627808
22,2,5,18,3,3,1,0.58436107635498,-1,-1,1,1,0.235457181930542
22,2,5,19,-0,0,1,0.369466543197632,1,1,-1,-1,0.33436107635498
22,2,5,20,9,9,1,0.334279775619507,-1,1,1,1,0.119466543197632
22,2,5,21,-0,0,1,0.367670297622681,1,1,1,-1,0.0842797756195068
22,2,5,22,27,27,1,0.451848268508911,-1,1,1,1,0.117670297622681
22,2,5,23,-9,9,1,0.802581787109375,1,1,1,-1,0.201848268508911
22,2,5,24,81,81,1,0.600940942764282,-1,1,1,1,0.552581787109375
22,2,5,25,-3,3,1,0.502265930175781,1,1,1,-1,0.350940942764282
22,2,5,26,27,27,1,0.384361505508423,-1,1,1,1,0.252265930175781
22,2,5,27,-9,9,0,0.885806322097778,1,1,1,-1,0.134361505508423
22,2,5,28,3,3,1,0.518560647964478,-1,-1,1,1,0.635806322097778
22,2,5,29,-0,0,0,0.583853721618652,1,1,-1,-1,0.268560647964478
22,2,5,30,-81,81,0,0.552546501159668,-1,-1,1,1,0.333853721618652
22,2,5,31,81,81,1,0.369142770767212,-1,-1,-1,-1,0.302546501159668
22,2,5,32,-3,3,0,0.584298372268677,1,1,-1,-1,0.119142770767212
22,2,5,33,81,81,1,0.583805322647095,-1,-1,1,1,0.334298372268677
22,2,5,34,-81,81,0,0.735893964767456,1,1,-1,-1,0.333805322647095
22,2,5,35,-81,81,0,0.551773548126221,-1,-1,1,1,0.485893964767456
22,2,5,36,-81,81,0,0.617197751998901,-1,-1,-1,-1,0.301773548126221
22,2,5,37,81,81,1,0.652408361434937,-1,-1,-1,-1,0.367197751998901
22,2,5,38,-81,81,0,0.636878252029419,1,1,-1,-1,0.402408361434937
22,2,5,39,3,3,1,0.650949716567993,-1,-1,1,1,0.386878252029419
22,2,5,40,-3,3,1,0.818463087081909,1,1,-1,-1,0.400949716567993
22,2,5,41,27,27,1,0.534578561782837,-1,1,1,1,0.568463087081909
22,2,5,42,-27,27,0,0.451310634613037,1,1,1,-1,0.284578561782837
22,2,5,43,-81,81,0,0.568494558334351,-1,-1,1,1,0.201310634613037
22,2,5,44,27,27,1,0.58467960357666,-1,-1,-1,-1,0.318494558334351
22,2,5,45,-3,3,1,0.736091375350952,1,1,-1,-1,0.33467960357666
22,2,5,46,3,3,1,0.617177963256836,-1,1,1,1,0.486091375350952
22,2,5,47,0,0,0,0.801117181777954,1,1,1,-1,0.367177963256836
22,2,5,48,27,27,1,0.55096173286438,1,-1,1,1,0.551117181777954
22,2,5,49,-3,3,0,0.48602294921875,1,1,-1,1,0.30096173286438
22,2,5,50,27,27,1,0.651165246963501,-1,-1,1,1,0.23602294921875
22,2,5,51,-27,27,0,0.869307994842529,1,1,-1,-1,0.401165246963501
22,2,5,52,3,3,1,0.586051225662231,-1,-1,1,1,0.619307994842529
22,2,5,53,-9,9,1,0.53587532043457,1,1,-1,-1,0.336051225662231
22,2,5,54,81,81,1,0.569387912750244,-1,1,1,1,0.28587532043457
22,2,5,55,-27,27,0,0.500941753387451,1,1,1,-1,0.319387912750244
22,2,5,56,0,0,1,0.651098012924194,-1,-1,1,1,0.250941753387451
22,2,5,57,-81,81,0,0.585500955581665,1,1,-1,-1,0.401098012924194
22,2,5,58,81,81,1,0.552281141281128,-1,-1,1,1,0.335500955581665
22,2,5,59,-9,9,0,0.717141628265381,1,1,-1,-1,0.302281141281128
22,2,5,60,3,3,1,0.568211078643799,-1,-1,1,1,0.467141628265381
22,2,5,61,-3,3,0,0.834327697753906,1,1,-1,-1,0.318211078643799
22,2,5,62,3,3,1,0.569175004959106,-1,-1,1,1,0.584327697753906
22,2,5,63,27,27,1,0.551061630249023,1,1,-1,-1,0.319175004959106
22,2,5,64,-27,27,0,0.58519458770752,1,1,1,1,0.301061630249023
22,2,5,65,9,9,1,0.635518789291382,-1,-1,1,1,0.33519458770752
22,2,5,66,0,0,0,0.785852909088135,1,1,-1,-1,0.385518789291382
22,2,5,67,-81,81,0,0.63385272026062,1,-1,1,1,0.535852909088135
22,2,5,68,-9,9,1,0.669364929199219,-1,-1,-1,1,0.38385272026062
22,2,5,69,27,27,1,0.402548789978027,-1,1,-1,-1,0.419364929199219
22,2,5,70,-81,81,0,0.535485982894897,1,1,1,-1,0.152548789978027
22,2,5,71,-9,9,0,0.601007699966431,-1,-1,1,1,0.285485982894897
22,2,5,72,0,0,0,0.600952386856079,-1,-1,-1,-1,0.351007699966431
22,2,5,73,-81,81,0,0.435773134231567,1,-1,-1,-1,0.350952386856079
22,2,5,74,9,9,1,0.519287347793579,-1,-1,-1,1,0.185773134231567
22,2,5,75,-3,3,0,0.76849889755249,1,1,-1,-1,0.269287347793579
22,2,5,76,3,3,1,0.60047173500061,-1,-1,1,1,0.51849889755249
22,2,5,77,-27,27,0,0.550977468490601,1,1,-1,-1,0.35047173500061
22,2,5,78,81,81,1,0.535477876663208,-1,-1,1,1,0.300977468490601
22,2,5,79,9,9,1,0.717161417007446,1,1,-1,-1,0.285477876663208
22,2,5,80,-81,81,0,0.750475406646729,1,1,1,1,0.467161417007446
22,2,5,81,27,27,1,0.535962343215942,-1,-1,1,1,0.500475406646729
22,2,5,82,-3,3,1,0.551031112670898,1,1,-1,-1,0.285962343215942
22,2,5,83,3,3,1,0.402532815933228,-1,1,1,1,0.301031112670898
22,2,5,84,-27,27,0,0.651284694671631,1,1,1,-1,0.152532815933228
22,2,5,85,81,81,1,0.567152261734009,-1,-1,1,1,0.401284694671631
22,2,5,86,9,9,1,0.683827877044678,1,1,-1,-1,0.317152261734009
22,2,5,87,-27,27,0,0.450550317764282,1,1,1,1,0.433827877044678
22,2,5,88,9,9,1,0.502807140350342,-1,-1,1,1,0.200550317764282
22,2,5,89,3,3,1,0.583882808685303,1,1,-1,-1,0.252807140350342
22,2,5,90,-9,9,1,0.650992155075073,1,1,1,1,0.333882808685303
22,2,5,91,-81,81,0,0.501762866973877,-1,1,1,1,0.400992155075073
22,2,5,92,-9,9,1,0.818784713745117,-1,-1,1,-1,0.251762866973877
22,2,5,93,-27,27,0,0.400984525680542,-1,1,-1,-1,0.568784713745117
22,2,5,94,9,9,1,0.517686367034912,-1,-1,1,-1,0.150984525680542
22,2,5,95,-27,27,0,0.334285974502563,1,1,-1,-1,0.267686367034912
22,2,5,96,0,0,1,0.551027774810791,-1,-1,1,1,0.0842859745025635
22,2,5,97,-9,9,0,0.617794752120972,1,1,-1,-1,0.301027774810791
22,2,5,98,81,81,1,0.534273386001587,-1,-1,1,1,0.367794752120972
22,2,5,99,-27,27,1,0.567173480987549,1,1,-1,-1,0.284273386001587
22,2,6,2,-9,9,0,0.567687034606934,-1,-1,1,1,0.300719022750854
22,2,6,3,81,81,1,0.552605628967285,-1,-1,-1,-1,0.317687034606934
22,2,6,4,81,81,1,0.567635059356689,1,1,-1,-1,0.302605628967285
22,2,6,5,0,0,1,0.533853530883789,1,1,1,1,0.317635059356689
22,2,6,6,-27,27,0,0.552098512649536,1,1,1,1,0.283853530883789
22,2,6,7,-3,3,1,0.56953239440918,-1,-1,1,1,0.302098512649536
22,2,6,8,-3,3,1,0.817923069000244,-1,1,-1,-1,0.31953239440918
22,2,6,9,-81,81,0,0.4026038646698,-1,1,1,-1,0.567923069000244
22,2,6,10,-3,3,0,0.669228792190552,-1,-1,1,-1,0.1526038646698
22,2,6,11,-3,3,1,0.718718767166138,-1,-1,-1,-1,0.419228792190552
22,2,6,12,3,3,1,0.66773796081543,-1,1,-1,-1,0.468718767166138
22,2,6,13,3,3,1,0.550514936447144,1,1,1,-1,0.41773796081543
22,2,6,14,27,27,1,0.469288349151611,1,1,1,1,0.300514936447144
22,2,6,15,9,9,1,0.635940790176392,1,1,1,1,0.219288349151611
22,2,6,16,81,81,1,0.367141962051392,1,1,1,1,0.385940790176392
22,2,6,17,-81,81,0,0.518339872360229,1,1,1,1,0.117141962051392
22,2,6,18,-3,3,1,0.602167844772339,-1,-1,1,1,0.268339872360229
22,2,6,19,3,3,1,0.652132749557495,-1,1,-1,-1,0.352167844772339
22,2,6,20,27,27,1,0.685624837875366,1,1,1,-1,0.402132749557495
22,2,6,21,-27,27,0,0.535887479782104,1,1,1,1,0.435624837875366
22,2,6,22,9,9,1,0.5184166431427,-1,-1,1,1,0.285887479782104
22,2,6,23,81,81,1,0.569401025772095,1,1,-1,-1,0.2684166431427
22,2,6,24,3,3,1,0.584346771240234,1,1,1,1,0.319401025772095
22,2,6,25,-0,0,1,0.551159381866455,1,1,1,1,0.334346771240234
22,2,6,26,0,0,0,0.968994140625,-1,1,1,1,0.301159381866455
22,2,6,27,9,9,1,0.535771131515503,1,-1,1,-1,0.718994140625
22,2,6,28,9,9,1,0.684277296066284,1,1,-1,1,0.285771131515503
22,2,6,29,9,9,1,0.569588899612427,1,1,1,1,0.434277296066284
22,2,6,30,81,81,1,0.568877935409546,1,1,1,1,0.319588899612427
22,2,6,31,-3,3,1,0.684538841247559,1,1,1,1,0.318877935409546
22,2,6,32,-9,9,0,0.852312564849854,-1,1,1,1,0.434538841247559
22,2,6,33,-3,3,1,1.31762313842773,-1,-1,1,-1,0.602312564849854
22,2,6,34,-27,27,0,0.419343948364258,-1,1,-1,-1,1.06762313842773
22,2,6,35,-27,27,0,0.802652359008789,-1,-1,1,-1,0.169343948364258
22,2,6,36,0,0,0,0.65234637260437,-1,-1,-1,-1,0.552652359008789
22,2,6,37,-81,81,0,0.585387945175171,1,-1,-1,-1,0.40234637260437
22,2,6,38,-81,81,0,0.552405595779419,-1,-1,-1,1,0.335387945175171
22,2,6,39,9,9,0,0.717594623565674,-1,-1,-1,-1,0.302405595779419
22,2,6,40,81,81,1,0.817166328430176,1,-1,-1,-1,0.467594623565674
22,2,6,41,9,9,1,0.70094895362854,1,1,-1,1,0.567166328430176
22,2,6,42,81,81,1,0.568978309631348,1,1,1,1,0.45094895362854
22,2,6,43,-27,27,0,0.568991661071777,1,1,1,1,0.318978309631348
22,2,6,44,-9,9,0,0.834283113479614,-1,-1,1,1,0.318991661071777
22,2,6,45,-81,81,0,0.602004289627075,-1,-1,-1,-1,0.584283113479614
22,2,6,46,-27,27,0,0.452831268310547,-1,-1,-1,-1,0.352004289627075
22,2,6,47,-81,81,0,0.651825904846191,-1,-1,-1,-1,0.202831268310547
22,2,6,48,9,9,1,0.6011803150177,-1,-1,-1,-1,0.401825904846191
22,2,6,49,-3,3,0,0.919329881668091,1,1,-1,-1,0.3511803150177
22,2,6,50,-0,0,0,0.667677402496338,-1,-1,1,1,0.669329881668091
22,2,6,51,-0,0,1,0.56874680519104,-1,-1,-1,-1,0.417677402496338
22,2,6,52,-3,3,1,0.683863639831543,-1,1,-1,-1,0.31874680519104
22,2,6,53,-9,9,1,0.585774660110474,-1,1,1,-1,0.433863639831543
22,2,6,54,-27,27,0,0.335874080657959,-1,1,1,-1,0.335774660110474
22,2,6,55,3,3,0,0.618799686431885,-1,-1,1,-1,0.085874080657959
22,2,6,56,-0,0,0,1.36892032623291,1,-1,-1,-1,0.368799686431885
22,2,6,57,-27,27,0,0.401380062103271,-1,-1,-1,1,1.11892032623291
22,2,6,58,-3,3,1,0.585605621337891,-1,-1,-1,-1,0.151380062103271
22,2,6,59,-27,27,0,0.5689537525177,-1,1,-1,-1,0.335605621337891
22,2,6,60,-27,27,0,0.552654981613159,-1,-1,1,-1,0.3189537525177
22,2,6,61,-27,27,0,0.468682050704956,-1,-1,-1,-1,0.302654981613159
22,2,6,62,-81,81,0,0.635491371154785,-1,-1,-1,-1,0.218682050704956
22,2,6,63,-9,9,0,0.901009321212769,-1,-1,-1,-1,0.385491371154785
22,2,6,64,3,3,1,0.68559741973877,-1,-1,-1,-1,0.651009321212769
22,2,6,65,9,9,1,0.883858919143677,1,1,-1,-1,0.43559741973877
22,2,6,66,-27,27,0,0.583802223205566,1,1,1,1,0.633858919143677
22,2,6,67,-27,27,0,0.535919189453125,-1,-1,1,1,0.333802223205566
22,2,6,68,-9,9,0,0.83615517616272,-1,-1,-1,-1,0.285919189453125
22,2,6,69,-0,0,1,0.600980043411255,-1,-1,-1,-1,0.58615517616272
22,2,6,70,27,27,1,0.667637348175049,-1,1,-1,-1,0.350980043411255
22,2,6,71,-81,81,0,0.619187355041504,1,1,1,-1,0.417637348175049
22,2,6,72,-9,9,0,1.18427205085754,-1,-1,1,1,0.369187355041504
22,2,6,73,-0,0,1,0.750982284545898,-1,-1,-1,-1,0.934272050857544
22,2,6,74,27,27,1,0.585370779037476,-1,1,-1,-1,0.500982284545898
22,2,6,75,27,27,1,0.701016187667847,1,1,1,-1,0.335370779037476
22,2,6,76,-27,27,0,0.56766939163208,1,1,1,1,0.451016187667847
22,2,6,77,-81,81,0,0.567880868911743,-1,-1,1,1,0.31766939163208
22,2,6,78,3,3,1,1.16854691505432,-1,-1,-1,-1,0.317880868911743
22,2,6,79,-9,9,0,0.634357213973999,1,1,-1,-1,0.918546915054321
22,2,6,80,-81,81,0,0.651736497879028,-1,-1,1,1,0.384357213973999
22,2,6,81,81,81,1,0.634503364562988,-1,-1,-1,-1,0.401736497879028
22,2,6,82,81,81,1,0.551008462905884,1,1,-1,-1,0.384503364562988
22,2,6,83,-81,81,0,0.617841482162476,1,1,1,1,0.301008462905884
22,2,6,84,-3,3,1,0.700948715209961,-1,-1,1,1,0.367841482162476
22,2,6,85,0,0,0,0.668056488037109,-1,1,-1,-1,0.450948715209961
22,2,6,86,-3,3,1,0.583821773529053,1,-1,1,-1,0.418056488037109
22,2,6,87,-9,9,0,0.652617931365967,-1,1,-1,1,0.333821773529053
22,2,6,88,9,9,1,0.56921124458313,-1,-1,1,-1,0.402617931365967
22,2,6,89,-3,3,1,0.617163419723511,1,1,-1,-1,0.31921124458313
22,2,6,90,-0,0,1,0.568800449371338,-1,1,1,1,0.367163419723511
22,2,6,91,9,9,1,0.585329055786133,-1,1,1,-1,0.318800449371338
22,2,6,92,27,27,1,0.483852386474609,1,1,1,-1,0.335329055786133
22,2,6,93,-81,81,0,0.9521803855896,1,1,1,1,0.233852386474609
22,2,6,94,-27,27,0,0.601722955703735,-1,-1,1,1,0.7021803855896
22,2,6,95,81,81,1,0.633810758590698,-1,-1,-1,-1,0.351722955703735
22,2,6,96,3,3,1,0.634434700012207,1,1,-1,-1,0.383810758590698
22,2,6,97,9,9,1,0.534379243850708,1,1,1,1,0.384434700012207
22,2,6,98,9,9,1,0.619058132171631,1,1,1,1,0.284379243850708
22,2,6,99,3,3,1,0.95253849029541,1,1,1,1,0.369058132171631
22,3,1,2,-81,81,0,0.633861541748047,1,1,1,1,0.534747838973999
22,3,1,3,-81,81,0,0.71759557723999,-1,-1,1,1,0.383861541748047
22,3,1,4,-0,0,1,0.750495195388794,-1,-1,-1,-1,0.46759557723999
22,3,1,5,9,9,1,0.650504350662231,-1,1,-1,-1,0.500495195388794
22,3,1,6,3,3,1,0.717175245285034,1,1,1,-1,0.400504350662231
22,3,1,7,27,27,1,0.600576639175415,1,1,1,1,0.467175245285034
22,3,1,8,27,27,1,0.583852052688599,1,1,1,1,0.350576639175415
22,3,1,9,9,9,0,0.817164182662964,1,1,1,1,0.333852052688599
22,3,1,10,81,81,1,0.634360074996948,1,-1,1,1,0.567164182662964
22,3,1,11,9,9,1,0.583845376968384,1,1,-1,1,0.384360074996948
22,3,1,12,3,3,1,0.800556421279907,1,1,1,1,0.333845376968384
22,3,1,13,3,3,1,0.617207527160645,1,1,1,1,0.550556421279907
22,3,1,14,27,27,1,0.600986242294312,1,1,1,1,0.367207527160645
22,3,1,15,-81,81,0,0.583839178085327,1,1,1,1,0.350986242294312
22,3,1,16,-81,81,0,0.684269189834595,-1,-1,1,1,0.333839178085327
22,3,1,17,0,0,1,0.634324789047241,-1,-1,-1,-1,0.434269189834595
22,3,1,18,27,27,1,0.733864307403564,1,1,-1,-1,0.384324789047241
22,3,1,19,-9,9,1,0.634005546569824,1,1,1,1,0.483864307403564
22,3,1,20,-81,81,0,0.650920152664185,-1,1,1,1,0.384005546569824
22,3,1,21,-9,9,0,0.734316110610962,-1,-1,1,-1,0.400920152664185
22,3,1,22,-81,81,0,0.734289407730103,-1,-1,-1,-1,0.484316110610962
22,3,1,23,-9,9,1,0.750512599945068,-1,-1,-1,-1,0.484289407730103
22,3,1,24,-3,3,0,0.502208948135376,-1,1,-1,-1,0.500512599945068
22,3,1,25,-81,81,0,0.634316205978394,-1,-1,1,-1,0.252208948135376
22,3,1,26,-81,81,0,0.733818054199219,-1,-1,-1,-1,0.384316205978394
22,3,1,27,-9,9,0,0.802133321762085,-1,-1,-1,-1,0.483818054199219
22,3,1,28,-3,3,0,0.767168283462524,-1,-1,-1,-1,0.552133321762085
22,3,1,29,-27,27,0,0.533804416656494,-1,-1,-1,-1,0.517168283462524
22,3,1,30,-9,9,0,0.700517416000366,-1,-1,-1,-1,0.283804416656494
22,3,1,31,-9,9,0,0.718264102935791,-1,-1,-1,-1,0.450517416000366
22,3,1,32,-27,27,0,0.601995229721069,-1,-1,-1,-1,0.468264102935791
22,3,1,33,-3,3,1,0.650996208190918,-1,-1,-1,-1,0.351995229721069
22,3,1,34,27,27,1,0.750922203063965,-1,1,-1,-1,0.400996208190918
22,3,1,35,27,27,1,0.617157697677612,1,1,1,-1,0.500922203063965
22,3,1,36,81,81,1,0.667168378829956,1,1,1,1,0.367157697677612
22,3,1,37,3,3,1,0.600554466247559,1,1,1,1,0.417168378829956
22,3,1,38,3,3,1,0.733855247497559,1,1,1,1,0.350554466247559
22,3,1,39,27,27,1,0.550630331039429,1,1,1,1,0.483855247497559
22,3,1,40,-3,3,1,0.63520336151123,1,1,1,1,0.300630331039429
22,3,1,41,-27,27,0,0.617152214050293,-1,1,1,1,0.38520336151123
22,3,1,42,27,27,1,0.550567626953125,-1,-1,1,-1,0.367152214050293
22,3,1,43,9,9,1,0.617143154144287,1,1,-1,-1,0.300567626953125
22,3,1,44,0,0,1,0.800466537475586,1,1,1,1,0.367143154144287
22,3,1,45,27,27,1,0.550533533096313,1,1,1,1,0.550466537475586
22,3,1,46,9,9,1,0.567611455917358,1,1,1,1,0.300533533096313
22,3,1,47,81,81,1,0.617597341537476,1,1,1,1,0.317611455917358
22,3,1,48,27,27,1,0.617234945297241,1,1,1,1,0.367597341537476
22,3,1,49,0,0,1,0.617213487625122,1,1,1,1,0.367234945297241
22,3,1,50,81,81,1,0.534259080886841,1,1,1,1,0.367213487625122
22,3,1,51,0,0,1,0.633859395980835,1,1,1,1,0.284259080886841
22,3,1,52,3,3,1,0.502171277999878,1,1,1,1,0.383859395980835
22,3,1,53,-3,3,1,0.667665004730225,1,1,1,1,0.252171277999878
22,3,1,54,-81,81,0,0.600520372390747,-1,1,1,1,0.417665004730225
22,3,1,55,-9,9,1,0.634279489517212,-1,-1,1,-1,0.350520372390747
22,3,1,56,-3,3,0,0.601005792617798,-1,1,-1,-1,0.384279489517212
22,3,1,57,-27,27,0,0.633858203887939,-1,-1,1,-1,0.351005792617798
22,3,1,58,-9,9,0,0.584295272827148,-1,-1,-1,-1,0.383858203887939
22,3,1,59,-9,9,0,0.834648609161377,-1,-1,-1,-1,0.334295272827148
22,3,1,60,-9,9,0,0.567146301269531,-1,-1,-1,-1,0.584648609161377
22,3,1,61,-9,9,0,0.550493478775024,-1,-1,-1,-1,0.317146301269531
22,3,1,62,-3,3,0,0.750938177108765,-1,-1,-1,-1,0.300493478775024
22,3,1,63,0,0,0,0.750996112823486,-1,-1,-1,-1,0.500938177108765
22,3,1,64,3,3,1,0.617932796478271,1,-1,-1,-1,0.500996112823486
22,3,1,65,3,3,1,0.600576400756836,1,1,-1,1,0.367932796478271
22,3,1,66,9,9,1,0.584271907806396,1,1,1,1,0.350576400756836
22,3,1,67,-27,27,0,0.750503301620483,1,1,1,1,0.334271907806396
22,3,1,68,81,81,1,0.65048360824585,-1,-1,1,1,0.500503301620483
22,3,1,69,81,81,1,0.583864450454712,1,1,-1,-1,0.40048360824585
22,3,1,70,81,81,1,0.950498819351196,1,1,1,1,0.333864450454712
22,3,1,71,81,81,1,0.700526475906372,1,1,1,1,0.700498819351196
22,3,1,72,9,9,1,0.601391315460205,1,1,1,1,0.450526475906372
22,3,1,73,27,27,1,0.567675352096558,1,1,1,1,0.351391315460205
22,3,1,74,81,81,1,0.733814239501953,1,1,1,1,0.317675352096558
22,3,1,75,81,81,1,0.600990295410156,1,1,1,1,0.483814239501953
22,3,1,76,27,27,1,0.567199230194092,1,1,1,1,0.350990295410156
22,3,1,77,3,3,1,0.65170431137085,1,1,1,1,0.317199230194092
22,3,1,78,9,9,1,0.534235239028931,1,1,1,1,0.40170431137085
22,3,1,79,-0,0,0,0.684292316436768,1,1,1,1,0.284235239028931
22,3,1,80,27,27,1,0.684318542480469,-1,-1,1,1,0.434292316436768
22,3,1,81,-81,81,0,0.634331941604614,1,1,-1,-1,0.434318542480469
22,3,1,82,-3,3,1,0.583885669708252,-1,-1,1,1,0.384331941604614
22,3,1,83,-3,3,0,0.567175626754761,-1,1,-1,-1,0.333885669708252
22,3,1,84,-81,81,0,0.600534200668335,-1,-1,1,-1,0.317175626754761
22,3,1,85,3,3,1,0.56721830368042,-1,-1,-1,-1,0.350534200668335
22,3,1,86,27,27,1,0.667647123336792,1,1,-1,-1,0.31721830368042
22,3,1,87,0,0,1,0.700495958328247,1,1,1,1,0.417647123336792
22,3,1,88,-0,0,1,0.767135858535767,1,1,1,1,0.450495958328247
22,3,1,89,-3,3,0,0.800492525100708,-1,1,1,1,0.517135858535767
22,3,1,90,-0,0,1,0.450926065444946,-1,-1,1,-1,0.550492525100708
22,3,1,91,0,0,1,0.500973224639893,-1,1,-1,-1,0.200926065444946
22,3,1,92,27,27,1,0.617131233215332,1,1,1,-1,0.250973224639893
22,3,1,93,27,27,1,0.60106348991394,1,1,1,1,0.367131233215332
22,3,1,94,3,3,1,0.667178392410278,1,1,1,1,0.35106348991394
22,3,1,95,9,9,1,0.600550174713135,1,1,1,1,0.417178392410278
22,3,1,96,3,3,1,0.534403324127197,1,1,1,1,0.350550174713135
22,3,1,97,27,27,1,0.583820343017578,1,1,1,1,0.284403324127197
22,3,1,98,9,9,1,0.31834864616394,1,1,1,1,0.333820343017578
22,3,1,99,81,81,1,0.634351253509521,1,1,1,1,0.0683486461639404
22,3,2,2,81,81,1,0.583889245986938,1,1,1,-1,0.451437711715698
22,3,2,3,9,9,1,0.617585420608521,1,1,1,1,0.333889245986938
22,3,2,4,3,3,1,0.501266241073608,1,1,1,1,0.367585420608521
22,3,2,5,3,3,1,0.600532293319702,1,1,1,1,0.251266241073608
22,3,2,6,9,9,1,0.567598342895508,1,1,1,1,0.350532293319702
22,3,2,7,3,3,0,0.650989294052124,1,1,1,1,0.317598342895508
22,3,2,8,3,3,1,0.267171621322632,1,-1,1,1,0.400989294052124
22,3,2,12,27,27,1,0.650500059127808,1,1,1,1,0.350977182388306
22,3,2,13,3,3,0,0.76718544960022,1,1,1,1,0.400500059127808
22,3,2,14,0,0,1,0.56773853302002,1,-1,1,1,0.51718544960022
22,3,2,15,0,0,1,0.685482501983643,1,1,-1,1,0.31773853302002
22,3,2,16,27,27,1,0.584299564361572,1,1,1,1,0.435482501983643
22,3,2,17,3,3,1,0.517210245132446,1,1,1,1,0.334299564361572
22,3,2,18,3,3,1,0.517163276672363,1,1,1,1,0.267210245132446
22,3,2,19,3,3,1,0.518579721450806,1,1,1,1,0.267163276672363
22,3,2,20,3,3,1,0.634625434875488,1,1,1,1,0.268579721450806
22,3,2,21,81,81,1,0.583873510360718,1,1,1,1,0.384625434875488
22,3,2,22,27,27,1,0.600950956344604,1,1,1,1,0.333873510360718
22,3,2,23,81,81,1,0.650468111038208,1,1,1,1,0.350950956344604
22,3,2,24,-27,27,0,0.583850145339966,1,1,1,1,0.400468111038208
22,3,2,25,-3,3,1,0.567185401916504,-1,-1,1,1,0.333850145339966
22,3,2,26,81,81,1,0.617896318435669,-1,1,-1,-1,0.317185401916504
22,3,2,27,0,0,1,0.650996446609497,1,1,1,-1,0.367896318435669
22,3,2,28,-3,3,1,0.617196798324585,1,1,1,1,0.400996446609497
22,3,2,29,-81,81,0,0.534307718276978,-1,1,1,1,0.367196798324585
22,3,2,30,-3,3,1,0.667190074920654,-1,-1,1,-1,0.284307718276978
22,3,2,31,-9,9,0,0.53425145149231,-1,1,-1,-1,0.417190074920654
22,3,2,32,-9,9,1,0.617138624191284,-1,-1,1,-1,0.28425145149231
22,3,2,33,-3,3,0,0.617173194885254,-1,1,-1,-1,0.367138624191284
22,3,2,34,9,9,0,0.550465106964111,-1,-1,1,-1,0.367173194885254
22,3,2,35,-81,81,0,0.567662000656128,1,-1,-1,-1,0.300465106964111
22,3,2,36,-81,81,0,0.567230224609375,-1,-1,-1,1,0.317662000656128
22,3,2,37,-27,27,0,0.667140245437622,-1,-1,-1,-1,0.317230224609375
22,3,2,38,81,81,1,0.683821678161621,-1,-1,-1,-1,0.417140245437622
22,3,2,39,9,9,1,0.584298372268677,1,1,-1,-1,0.433821678161621
22,3,2,40,3,3,0,0.867680311203003,1,1,1,1,0.334298372268677
22,3,2,41,27,27,1,0.600471019744873,1,-1,1,1,0.617680311203003
22,3,2,42,27,27,1,0.517186403274536,1,1,-1,1,0.350471019744873
22,3,2,43,-27,27,0,0.567196369171143,1,1,1,1,0.267186403274536
22,3,2,44,27,27,1,0.533809423446655,-1,-1,1,1,0.317196369171143
22,3,2,45,9,9,0,0.550570964813232,1,1,-1,-1,0.283809423446655
22,3,2,46,-81,81,0,0.500523567199707,1,-1,1,1,0.300570964813232
22,3,2,47,-0,0,1,0.635852336883545,-1,-1,-1,1,0.250523567199707
22,3,2,48,-81,81,0,0.933833599090576,-1,1,-1,-1,0.385852336883545
22,3,2,49,27,27,1,0.633859395980835,-1,-1,1,-1,0.683833599090576
22,3,2,50,3,3,0,0.483879804611206,1,1,-1,-1,0.383859395980835
22,3,2,51,0,0,1,0.66810131072998,1,-1,1,1,0.233879804611206
22,3,2,52,9,9,1,0.717667818069458,1,1,-1,1,0.41810131072998
22,3,2,53,9,9,1,0.667177438735962,1,1,1,1,0.467667818069458
22,3,2,54,3,3,1,0.600512266159058,1,1,1,1,0.417177438735962
22,3,2,55,9,9,1,0.717610359191895,1,1,1,1,0.350512266159058
22,3,2,56,27,27,1,0.567246437072754,1,1,1,1,0.467610359191895
22,3,2,57,-9,9,0,0.71721887588501,1,1,1,1,0.317246437072754
22,3,2,58,-81,81,0,0.61720085144043,-1,-1,1,1,0.46721887588501
22,3,2,59,-3,3,0,0.53509521484375,-1,-1,-1,-1,0.36720085144043
22,3,2,60,-81,81,0,0.684333801269531,-1,-1,-1,-1,0.28509521484375
22,3,2,61,-27,27,0,0.283841848373413,-1,-1,-1,-1,0.434333801269531
22,3,2,62,-9,9,1,0.583861589431763,-1,-1,-1,-1,0.0338418483734131
22,3,2,63,-81,81,0,0.534368276596069,-1,1,-1,-1,0.333861589431763
22,3,2,64,9,9,0,0.71721625328064,-1,-1,1,-1,0.284368276596069
22,3,2,65,81,81,1,0.550982236862183,1,-1,-1,-1,0.46721625328064
22,3,2,66,0,0,1,0.633817195892334,1,1,-1,1,0.300982236862183
22,3,2,67,-27,27,0,0.433832406997681,1,1,1,1,0.383817195892334
22,3,2,68,-9,9,0,0.617682218551636,-1,-1,1,1,0.183832406997681
22,3,2,69,-9,9,0,0.600937128067017,-1,-1,-1,-1,0.367682218551636
22,3,2,70,-81,81,0,0.633872985839844,-1,-1,-1,-1,0.350937128067017
22,3,2,71,-3,3,0,0.583856344223022,-1,-1,-1,-1,0.383872985839844
22,3,2,72,-81,81,0,0.517658472061157,-1,-1,-1,-1,0.333856344223022
22,3,2,73,3,3,1,0.550520181655884,-1,-1,-1,-1,0.267658472061157
22,3,2,74,27,27,1,0.56719708442688,1,1,-1,-1,0.300520181655884
22,3,2,75,3,3,1,0.717146158218384,1,1,1,1,0.31719708442688
22,3,2,76,3,3,1,0.65092921257019,1,1,1,1,0.467146158218384
22,3,2,77,27,27,1,0.600948333740234,1,1,1,1,0.40092921257019
22,3,2,78,0,0,1,0.667245864868164,1,1,1,1,0.350948333740234
22,3,2,79,-0,0,1,0.550990104675293,1,1,1,1,0.417245864868164
22,3,2,80,9,9,1,0.567168235778809,-1,1,1,1,0.300990104675293
22,3,2,81,0,0,0,0.600483417510986,1,1,1,-1,0.317168235778809
22,3,2,82,9,9,1,0.501818418502808,1,-1,1,1,0.350483417510986
22,3,2,83,-27,27,1,0.801013708114624,1,1,-1,1,0.251818418502808
22,3,2,84,-27,27,0,0.583855628967285,-1,1,1,1,0.551013708114624
22,3,2,85,-27,27,0,0.500531196594238,-1,-1,1,-1,0.333855628967285
22,3,2,86,-81,81,0,0.550508499145508,-1,-1,-1,-1,0.250531196594238
22,3,2,87,3,3,1,0.60049295425415,-1,-1,-1,-1,0.300508499145508
22,3,2,88,-0,0,1,0.617654323577881,1,1,-1,-1,0.35049295425415
22,3,2,89,-9,9,0,0.467174053192139,-1,1,1,1,0.367654323577881
22,3,2,90,-27,27,0,0.53382134437561,-1,-1,1,-1,0.217174053192139
22,3,2,91,-81,81,0,0.533880233764648,-1,-1,-1,-1,0.28382134437561
22,3,2,92,81,81,1,0.617573022842407,-1,-1,-1,-1,0.283880233764648
22,3,2,93,-81,81,0,0.518588542938232,1,1,-1,-1,0.367573022842407
22,3,2,94,-9,9,0,0.500532388687134,-1,-1,1,1,0.268588542938232
22,3,2,95,-9,9,0,0.601000547409058,-1,-1,-1,-1,0.250532388687134
22,3,2,96,-9,9,0,0.517224788665771,-1,-1,-1,-1,0.351000547409058
22,3,2,97,-27,27,0,0.41718053817749,-1,-1,-1,-1,0.267224788665771
22,3,2,98,-27,27,0,0.484346389770508,-1,-1,-1,-1,0.16718053817749
22,3,2,99,-0,0,1,0.451035976409912,-1,-1,-1,-1,0.234346389770508
22,3,3,2,9,9,1,0.65093469619751,1,1,1,1,0.384078502655029
22,3,3,3,-81,81,0,0.583880662918091,1,1,1,1,0.40093469619751
22,3,3,4,-0,0,1,0.534346580505371,-1,-1,1,1,0.333880662918091
22,3,3,5,-0,0,1,0.517231464385986,-1,1,-1,-1,0.284346580505371
22,3,3,6,3,3,1,0.452096462249756,-1,1,1,-1,0.267231464385986
22,3,3,7,9,9,1,0.600575685501099,1,1,1,-1,0.202096462249756
22,3,3,8,-3,3,1,0.483852386474609,1,1,1,1,0.350575685501099
22,3,3,9,9,9,1,0.533848285675049,-1,1,1,1,0.233852386474609
22,3,3,10,-27,27,0,0.534301280975342,1,1,1,-1,0.283848285675049
22,3,3,11,9,9,1,0.450514554977417,-1,-1,1,1,0.284301280975342
22,3,3,12,-9,9,1,0.868376493453979,1,1,-1,-1,0.200514554977417
22,3,3,13,-3,3,1,0.967120409011841,-1,1,1,1,0.618376493453979
22,3,3,14,-3,3,1,0.633859395980835,-1,1,1,-1,0.717120409011841
22,3,3,15,-81,81,0,0.450931549072266,-1,1,1,-1,0.383859395980835
22,3,3,16,0,0,1,0.567187547683716,-1,-1,1,-1,0.200931549072266
22,3,3,17,9,9,0,0.767586231231689,1,1,-1,-1,0.317187547683716
22,3,3,18,-9,9,0,0.583826065063477,1,-1,1,1,0.517586231231689
22,3,3,19,-3,3,1,0.367825508117676,-1,-1,-1,1,0.333826065063477
22,3,3,20,-27,27,0,0.534292459487915,-1,1,-1,-1,0.117825508117676
22,3,3,21,-0,0,0,0.634307861328125,-1,-1,1,-1,0.284292459487915
22,3,3,22,81,81,1,0.567673921585083,-1,-1,-1,-1,0.384307861328125
22,3,3,23,9,9,1,0.567636489868164,1,1,-1,-1,0.317673921585083
22,3,3,24,27,27,1,0.568116664886475,1,1,1,1,0.317636489868164
22,3,3,25,81,81,1,0.601545333862305,1,1,1,1,0.318116664886475
22,3,3,26,-9,9,1,0.667181491851807,1,1,1,1,0.351545333862305
22,3,3,27,-3,3,1,0.717607736587524,-1,1,1,1,0.417181491851807
22,3,3,28,3,3,1,0.46717357635498,-1,1,1,-1,0.467607736587524
22,3,3,29,-3,3,1,0.733890533447266,1,1,1,-1,0.21717357635498
22,3,3,30,81,81,1,0.550501346588135,-1,1,1,1,0.483890533447266
22,3,3,31,9,9,1,0.534295558929443,1,1,1,-1,0.300501346588135
22,3,3,32,81,81,1,0.550931453704834,1,1,1,1,0.284295558929443
22,3,3,33,-27,27,0,0.56763744354248,1,1,1,1,0.300931453704834
22,3,3,34,3,3,1,0.533835887908936,-1,-1,1,1,0.31763744354248
22,3,3,35,3,3,1,0.583835601806641,1,1,-1,-1,0.283835887908936
22,3,3,36,-27,27,0,0.533863306045532,1,1,1,1,0.333835601806641
22,3,3,37,9,9,1,0.650949716567993,-1,-1,1,1,0.283863306045532
22,3,3,38,0,0,1,0.633804082870483,1,1,-1,-1,0.400949716567993
22,3,3,39,-3,3,0,0.583825588226318,1,1,1,1,0.383804082870483
22,3,3,40,-9,9,0,0.651195287704468,-1,-1,1,1,0.333825588226318
22,3,3,41,-3,3,0,0.584307670593262,-1,-1,-1,-1,0.401195287704468
22,3,3,42,0,0,1,0.517627477645874,-1,-1,-1,-1,0.334307670593262
22,3,3,43,-0,0,0,0.784429788589478,1,1,-1,-1,0.267627477645874
22,3,3,44,81,81,1,0.583796501159668,-1,-1,1,1,0.534429788589478
22,3,3,45,27,27,1,0.583827018737793,1,1,-1,-1,0.333796501159668
22,3,3,46,-3,3,0,0.517611265182495,1,1,1,1,0.333827018737793
22,3,3,47,81,81,1,0.767653703689575,-1,-1,1,1,0.267611265182495
22,3,3,48,27,27,1,0.500515460968018,1,1,-1,-1,0.517653703689575
22,3,3,49,9,9,1,0.517651557922363,1,1,1,1,0.250515460968018
22,3,3,50,27,27,1,0.550953149795532,1,1,1,1,0.267651557922363
22,3,3,51,27,27,1,0.55131721496582,1,1,1,1,0.300953149795532
22,3,3,52,81,81,1,0.617663383483887,1,1,1,1,0.30131721496582
22,3,3,53,-81,81,0,0.550487518310547,1,1,1,1,0.367663383483887
22,3,3,54,9,9,1,0.667210578918457,-1,-1,1,1,0.300487518310547
22,3,3,55,-27,27,0,0.617204666137695,1,1,-1,-1,0.417210578918457
22,3,3,56,81,81,1,0.550535440444946,-1,-1,1,1,0.367204666137695
22,3,3,57,-81,81,0,0.617650270462036,1,1,-1,-1,0.300535440444946
22,3,3,58,-0,0,1,0.567160129547119,-1,-1,1,1,0.367650270462036
22,3,3,59,81,81,1,0.484363794326782,-1,1,-1,-1,0.317160129547119
22,3,3,60,9,9,1,0.433826208114624,1,1,1,-1,0.234363794326782
22,3,3,61,-0,0,1,0.600934505462646,1,1,1,1,0.183826208114624
22,3,3,62,-81,81,0,0.400554656982422,-1,1,1,1,0.350934505462646
22,3,3,63,-27,27,0,0.533831357955933,-1,-1,1,-1,0.150554656982422
22,3,3,64,-0,0,0,0.683837413787842,-1,-1,-1,-1,0.283831357955933
22,3,3,65,-9,9,0,0.467158555984497,-1,-1,-1,-1,0.433837413787842
22,3,3,66,-81,81,0,0.634298801422119,-1,-1,-1,-1,0.217158555984497
22,3,3,67,-27,27,0,0.384257316589355,-1,-1,-1,-1,0.384298801422119
22,3,3,68,-81,81,0,0.567177534103394,-1,-1,-1,-1,0.134257316589355
22,3,3,69,-3,3,1,0.567147254943848,-1,-1,-1,-1,0.317177534103394
22,3,3,70,27,27,1,0.534344434738159,-1,1,-1,-1,0.317147254943848
22,3,3,71,-81,81,0,0.401036739349365,1,1,1,-1,0.284344434738159
22,3,3,72,-27,27,0,0.7176513671875,-1,-1,1,1,0.151036739349365
22,3,3,73,81,81,1,0.533879518508911,-1,-1,-1,-1,0.4676513671875
22,3,3,74,81,81,1,0.533862829208374,1,1,-1,-1,0.283879518508911
22,3,3,75,-27,27,0,0.567679643630981,1,1,1,1,0.283862829208374
22,3,3,76,9,9,1,0.467217922210693,-1,-1,1,1,0.317679643630981
22,3,3,77,-3,3,1,0.56762170791626,1,1,-1,-1,0.217217922210693
22,3,3,78,3,3,1,0.5843346118927,-1,1,1,1,0.31762170791626
22,3,3,79,27,27,1,0.600539922714233,1,1,1,-1,0.3343346118927
22,3,3,80,27,27,1,0.567172527313232,1,1,1,1,0.350539922714233
22,3,3,81,3,3,1,0.534355401992798,1,1,1,1,0.317172527313232
22,3,3,82,-3,3,1,0.584618806838989,1,1,1,1,0.284355401992798
22,3,3,83,9,9,1,0.567634344100952,-1,1,1,1,0.334618806838989
22,3,3,84,27,27,1,0.568668603897095,1,1,1,-1,0.317634344100952
22,3,3,85,-3,3,0,0.83386754989624,1,1,1,1,0.318668603897095
22,3,3,86,-9,9,1,0.450977563858032,-1,-1,1,1,0.58386754989624
22,3,3,87,-81,81,0,0.600540637969971,-1,1,-1,-1,0.200977563858032
22,3,3,88,-9,9,0,0.650510787963867,-1,-1,1,-1,0.350540637969971
22,3,3,89,-9,9,1,0.534256219863892,-1,-1,-1,-1,0.400510787963867
22,3,3,90,27,27,1,0.500513553619385,-1,1,-1,-1,0.284256219863892
22,3,3,91,-81,81,0,0.56767749786377,1,1,1,-1,0.250513553619385
22,3,3,92,3,3,1,0.567148208618164,-1,-1,1,1,0.31767749786377
22,3,3,93,27,27,1,0.5838623046875,1,1,-1,-1,0.317148208618164
22,3,3,94,3,3,1,0.56760835647583,1,1,1,1,0.3338623046875
22,3,3,95,-3,3,1,0.634275913238525,1,1,1,1,0.31760835647583
22,3,3,96,27,27,1,0.583862543106079,-1,1,1,1,0.384275913238525
22,3,3,97,-0,0,1,0.517983436584473,1,1,1,-1,0.333862543106079
22,3,3,98,81,81,1,0.550988674163818,-1,1,1,1,0.267983436584473
22,3,3,99,9,9,1,0.583874702453613,1,1,1,-1,0.300988674163818
22,3,4,2,-3,3,1,0.617593050003052,-1,1,1,1,0.467442750930786
22,3,4,3,81,81,1,0.583825588226318,-1,1,1,-1,0.367593050003052
22,3,4,4,-81,81,0,0.533820629119873,1,1,1,-1,0.333825588226318
22,3,4,5,-9,9,0,0.650501728057861,-1,-1,1,1,0.283820629119873
22,3,4,6,-27,27,0,0.567647218704224,-1,-1,-1,-1,0.400501728057861
22,3,4,7,0,0,0,0.868364334106445,-1,-1,-1,-1,0.317647218704224
22,3,4,8,-9,9,0,0.700509548187256,1,-1,-1,-1,0.618364334106445
22,3,4,9,-27,27,0,1.0838634967804,-1,-1,-1,1,0.450509548187256
22,3,4,10,9,9,1,0.683868408203125,-1,-1,-1,-1,0.833863496780396
22,3,4,11,-9,9,0,1.00056529045105,1,1,-1,-1,0.433868408203125
22,3,4,12,9,9,1,0.550517559051514,-1,-1,1,1,0.75056529045105
22,3,4,13,-9,9,1,0.667659759521484,1,1,-1,-1,0.300517559051514
22,3,4,14,-3,3,0,1.11764287948608,-1,1,1,1,0.417659759521484
22,3,4,15,0,0,0,0.817598819732666,-1,-1,1,-1,0.867642879486084
22,3,4,16,27,27,1,0.650525093078613,1,-1,-1,-1,0.567598819732666
22,3,4,17,-81,81,0,0.634263277053833,1,1,-1,1,0.400525093078613
22,3,4,18,3,3,1,0.70209527015686,-1,-1,1,1,0.384263277053833
22,3,4,19,9,9,1,0.60109543800354,1,1,-1,-1,0.45209527015686
22,3,4,20,-9,9,0,0.60054612159729,1,1,1,1,0.35109543800354
22,3,4,21,-3,3,1,0.634305715560913,-1,-1,1,1,0.35054612159729
22,3,4,22,-27,27,0,0.600548505783081,-1,1,-1,-1,0.384305715560913
22,3,4,23,-3,3,1,0.717689752578735,-1,-1,1,-1,0.350548505783081
22,3,4,24,27,27,1,0.483842372894287,-1,1,-1,-1,0.467689752578735
22,3,4,25,-81,81,0,0.5838303565979,1,1,1,-1,0.233842372894287
22,3,4,26,3,3,1,0.433912515640259,-1,-1,1,1,0.3338303565979
22,3,4,27,9,9,1,0.46766471862793,1,1,-1,-1,0.183912515640259
22,3,4,28,-27,27,0,0.250944137573242,1,1,1,1,0.21766471862793
22,3,4,29,-0,0,1,0.350502490997314,-1,-1,1,1,0.000944137573242188
22,3,4,30,-27,27,0,0.35091233253479,-1,1,-1,-1,0.100502490997314
22,3,4,31,-3,3,1,0.55051326751709,-1,-1,1,-1,0.10091233253479
22,3,4,32,9,9,1,0.517164468765259,-1,1,-1,-1,0.30051326751709
22,3,4,33,-27,27,0,0.551462411880493,1,1,1,-1,0.267164468765259
22,3,4,34,3,3,1,0.468275308609009,-1,-1,1,1,0.301462411880493
22,3,4,35,81,81,1,0.500558376312256,1,1,-1,-1,0.218275308609009
22,3,4,36,0,0,1,0.617163896560669,1,1,1,1,0.250558376312256
22,3,4,37,-27,27,0,0.383853912353516,1,1,1,1,0.367163896560669
22,3,4,38,-81,81,0,0.617280721664429,-1,-1,1,1,0.133853912353516
22,3,4,39,0,0,1,0.667219161987305,-1,-1,-1,-1,0.367280721664429
22,3,4,40,-81,81,0,0.551427125930786,1,1,-1,-1,0.417219161987305
22,3,4,41,-9,9,1,0.551024198532104,-1,-1,1,1,0.301427125930786
22,3,4,42,27,27,1,0.434312343597412,-1,1,-1,-1,0.301024198532104
22,3,4,43,27,27,1,0.500549077987671,1,1,1,-1,0.184312343597412
22,3,4,44,81,81,1,0.43381142616272,1,1,1,1,0.250549077987671
22,3,4,45,81,81,1,0.434256076812744,1,1,1,1,0.18381142616272
22,3,4,46,9,9,1,0.600983619689941,1,1,1,1,0.184256076812744
22,3,4,50,3,3,1,0.567671298980713,1,1,1,1,0.417203426361084
22,3,4,51,3,3,1,0.667279243469238,1,1,1,1,0.317671298980713
22,3,4,52,0,0,1,0.567712545394897,1,1,1,1,0.417279243469238
22,3,4,53,-3,3,1,0.81764554977417,1,1,1,1,0.317712545394897
22,3,4,54,-27,27,0,0.550547361373901,-1,1,1,1,0.56764554977417
22,3,4,58,-81,81,0,0.600526332855225,1,1,-1,1,0.567198514938354
22,3,4,59,81,81,1,0.601139783859253,-1,-1,1,1,0.350526332855225
22,3,4,60,-3,3,0,0.550490140914917,1,1,-1,-1,0.351139783859253
22,3,4,61,9,9,1,0.533820390701294,-1,-1,1,1,0.300490140914917
22,3,4,62,9,9,1,0.4171462059021,1,1,-1,-1,0.283820390701294
22,3,4,63,81,81,1,0.584352254867554,1,1,1,1,0.1671462059021
22,3,4,64,27,27,1,0.733851432800293,1,1,1,1,0.334352254867554
22,3,4,65,-27,27,0,0.534458637237549,1,1,1,1,0.483851432800293
22,3,4,66,9,9,1,0.534688472747803,-1,-1,1,1,0.284458637237549
22,3,4,67,3,3,1,0.633842706680298,1,1,-1,-1,0.284688472747803
22,3,4,68,-27,27,0,0.533834457397461,1,1,1,1,0.383842706680298
22,3,4,69,-3,3,1,0.73392915725708,-1,-1,1,1,0.283834457397461
22,3,4,70,81,81,1,0.533894300460815,-1,1,-1,-1,0.48392915725708
22,3,4,71,-81,81,0,0.433882474899292,1,1,1,-1,0.283894300460815
22,3,4,72,81,81,1,0.517207145690918,-1,-1,1,1,0.183882474899292
22,3,4,73,-9,9,1,0.584737062454224,1,1,-1,-1,0.267207145690918
22,3,4,74,-81,81,0,0.567590951919556,-1,1,1,1,0.334737062454224
22,3,4,75,-9,9,0,0.583881378173828,-1,-1,1,-1,0.317590951919556
22,3,4,76,-27,27,0,0.567187309265137,-1,-1,-1,-1,0.333881378173828
22,3,4,77,27,27,1,0.684334516525269,-1,-1,-1,-1,0.317187309265137
22,3,4,78,3,3,0,0.417615413665771,1,1,-1,-1,0.434334516525269
22,3,4,79,-81,81,0,0.550528526306152,1,-1,1,1,0.167615413665771
22,3,4,80,-81,81,0,0.517663478851318,-1,-1,-1,1,0.300528526306152
22,3,4,81,-81,81,0,0.533840417861938,-1,-1,-1,-1,0.267663478851318
22,3,4,82,0,0,1,0.717173337936401,-1,-1,-1,-1,0.283840417861938
22,3,4,83,-9,9,1,0.733850955963135,1,1,-1,-1,0.467173337936401
22,3,4,84,0,0,0,0.600570678710938,-1,1,1,1,0.483850955963135
22,3,4,85,-9,9,0,0.600531101226807,1,-1,1,-1,0.350570678710938
22,3,4,86,-27,27,0,0.467705488204956,-1,-1,-1,1,0.350531101226807
22,3,4,87,27,27,1,0.468181610107422,-1,-1,-1,-1,0.217705488204956
22,3,4,88,9,9,1,0.58390212059021,1,1,-1,-1,0.218181610107422
22,3,4,89,3,3,1,0.433827638626099,1,1,1,1,0.33390212059021
22,3,4,90,3,3,1,0.467597007751465,1,1,1,1,0.183827638626099
22,3,4,91,3,3,1,0.583840847015381,1,1,1,1,0.217597007751465
22,3,4,92,3,3,1,0.568855285644531,1,1,1,1,0.333840847015381
22,3,4,93,-9,9,1,0.467182159423828,1,1,1,1,0.318855285644531
22,3,4,94,27,27,1,0.451010227203369,-1,1,1,1,0.217182159423828
22,3,4,95,81,81,1,0.50054407119751,1,1,1,-1,0.201010227203369
22,3,4,96,-9,9,1,0.533829689025879,1,1,1,1,0.25054407119751
22,3,4,97,-27,27,0,0.533869504928589,-1,1,1,1,0.283829689025879
22,3,4,98,81,81,1,0.584612369537354,-1,-1,1,-1,0.283869504928589
22,3,4,99,81,81,1,0.5171799659729,1,1,-1,-1,0.334612369537354
22,3,5,2,81,81,1,0.517218828201294,-1,1,1,1,0.450761556625366
22,3,5,3,-0,0,1,0.467183351516724,1,1,1,-1,0.267218828201294
22,3,5,4,0,0,0,0.65052604675293,-1,1,1,1,0.217183351516724
22,3,5,5,0,0,1,0.550509214401245,1,-1,1,-1,0.40052604675293
22,3,5,6,9,9,1,0.500980854034424,1,1,-1,1,0.300509214401245
22,3,5,7,9,9,1,0.50051736831665,1,1,1,1,0.250980854034424
22,3,5,8,-3,3,1,0.45053243637085,1,1,1,1,0.25051736831665
22,3,5,9,3,3,1,0.767149925231934,-1,1,1,1,0.20053243637085
22,3,5,10,-9,9,1,0.617146492004395,1,1,1,-1,0.517149925231934
22,3,5,11,27,27,1,0.568060874938965,-1,1,1,1,0.367146492004395
22,3,5,12,-27,27,0,0.633873462677002,1,1,1,-1,0.318060874938965
22,3,5,13,3,3,1,0.583881139755249,-1,-1,1,1,0.383873462677002
22,3,5,14,-9,9,0,0.567225456237793,1,1,-1,-1,0.333881139755249
22,3,5,15,27,27,1,0.583838701248169,-1,-1,1,1,0.317225456237793
22,3,5,16,-81,81,0,0.534362554550171,1,1,-1,-1,0.333838701248169
22,3,5,17,81,81,1,0.600568532943726,-1,-1,1,1,0.284362554550171
22,3,5,18,-3,3,1,0.467206954956055,1,1,-1,-1,0.350568532943726
22,3,5,19,-3,3,1,0.717165470123291,-1,1,1,1,0.217206954956055
22,3,5,20,-3,3,0,0.533814191818237,-1,1,1,-1,0.467165470123291
22,3,5,21,9,9,1,0.467160701751709,-1,-1,1,-1,0.283814191818237
22,3,5,22,-9,9,1,0.584309101104736,1,1,-1,-1,0.217160701751709
22,3,5,23,-9,9,0,0.533859491348267,-1,1,1,1,0.334309101104736
22,3,5,24,3,3,1,0.550509452819824,-1,-1,1,-1,0.283859491348267
22,3,5,25,-3,3,1,0.450524568557739,1,1,-1,-1,0.300509452819824
22,3,5,26,27,27,1,0.318044424057007,-1,1,1,1,0.200524568557739
22,3,5,27,-9,9,1,0.450463771820068,1,1,1,-1,0.0680444240570068
22,3,5,28,3,3,1,0.552067756652832,-1,1,1,1,0.200463771820068
22,3,5,29,-27,27,0,0.567775249481201,1,1,1,-1,0.302067756652832
22,3,5,30,27,27,1,0.917140245437622,-1,-1,1,1,0.317775249481201
22,3,5,31,-3,3,1,0.534567356109619,1,1,-1,-1,0.667140245437622
22,3,5,32,9,9,1,0.467660427093506,-1,1,1,1,0.284567356109619
22,3,5,33,3,3,1,0.783815383911133,1,1,1,-1,0.217660427093506
22,3,5,34,-81,81,0,0.63382625579834,1,1,1,1,0.533815383911133
22,3,5,35,-81,81,0,0.568032264709473,-1,-1,1,1,0.38382625579834
22,3,5,36,3,3,1,0.434751272201538,-1,-1,-1,-1,0.318032264709473
22,3,5,37,-3,3,1,0.567201137542725,1,1,-1,-1,0.184751272201538
22,3,5,38,81,81,1,0.550516843795776,-1,1,1,1,0.317201137542725
22,3,5,39,-9,9,0,0.967580318450928,1,1,1,-1,0.300516843795776
22,3,5,40,3,3,1,0.502102375030518,-1,-1,1,1,0.717580318450928
22,3,5,41,-81,81,0,0.451517343521118,1,1,-1,-1,0.252102375030518
22,3,5,42,0,0,1,0.567167043685913,-1,-1,1,1,0.201517343521118
22,3,5,43,-27,27,0,0.250940084457397,1,1,-1,-1,0.317167043685913
22,3,5,44,81,81,1,0.534336805343628,-1,-1,1,1,0.000940084457397461
22,3,5,45,-9,9,0,0.434341192245483,1,1,-1,-1,0.284336805343628
22,3,5,46,3,3,1,0.500481367111206,-1,-1,1,1,0.184341192245483
22,3,5,47,-3,3,1,0.467149496078491,1,1,-1,-1,0.250481367111206
22,3,5,48,-3,3,1,0.667202234268188,-1,1,1,1,0.217149496078491
22,3,5,49,27,27,1,0.534363985061646,-1,1,1,-1,0.417202234268188
22,3,5,50,-81,81,0,0.583876609802246,1,1,1,-1,0.284363985061646
22,3,5,51,3,3,0,0.583886384963989,-1,-1,1,1,0.333876609802246
22,3,5,52,-81,81,0,0.517645359039307,1,-1,-1,-1,0.333886384963989
22,3,5,53,81,81,1,0.517176389694214,-1,-1,-1,1,0.267645359039307
22,3,5,54,27,27,1,0.467134237289429,1,1,-1,-1,0.267176389694214
22,3,5,55,9,9,1,0.650991201400757,1,1,1,1,0.217134237289429
22,3,5,56,-27,27,0,0.56717324256897,1,1,1,1,0.400991201400757
22,3,5,57,3,3,1,0.567216157913208,-1,-1,1,1,0.31717324256897
22,3,5,58,-9,9,1,0.483860492706299,1,1,-1,-1,0.317216157913208
22,3,5,59,0,0,1,0.451835155487061,-1,1,1,1,0.233860492706299
22,3,5,60,-0,0,1,0.500987529754639,1,1,1,-1,0.201835155487061
22,3,5,61,27,27,1,0.517168283462524,-1,1,1,1,0.250987529754639
22,3,5,62,9,9,1,0.633889436721802,1,1,1,-1,0.267168283462524
22,3,5,63,-81,81,0,0.550496339797974,1,1,1,1,0.383889436721802
22,3,5,64,81,81,1,0.601004362106323,-1,-1,1,1,0.300496339797974
22,3,5,65,-9,9,0,0.667154550552368,1,1,-1,-1,0.351004362106323
22,3,5,66,-3,3,0,0.767148017883301,-1,-1,1,1,0.417154550552368
22,3,5,67,27,27,1,0.550905466079712,-1,-1,-1,-1,0.517148017883301
22,3,5,68,-9,9,1,0.734320163726807,1,1,-1,-1,0.300905466079712
22,3,5,69,27,27,0,0.434316396713257,-1,1,1,1,0.484320163726807
22,3,5,70,-0,0,1,0.533817529678345,1,-1,1,-1,0.184316396713257
22,3,5,71,-27,27,0,0.484291315078735,-1,1,-1,1,0.283817529678345
22,3,5,72,3,3,1,0.633870601654053,-1,-1,1,-1,0.234291315078735
22,3,5,73,-81,81,0,0.551499128341675,1,1,-1,-1,0.383870601654053
22,3,5,74,27,27,1,0.551000118255615,-1,-1,1,1,0.301499128341675
22,3,5,75,-9,9,0,0.55048656463623,1,1,-1,-1,0.301000118255615
22,3,5,76,9,9,1,0.967189073562622,-1,-1,1,1,0.30048656463623
22,3,5,77,81,81,1,0.584314346313477,1,1,-1,-1,0.717189073562622
22,3,5,78,27,27,1,0.800601720809937,1,1,1,1,0.334314346313477
22,3,5,79,-9,9,0,0.617206335067749,1,1,1,1,0.550601720809937
22,3,5,80,0,0,0,0.667233467102051,-1,-1,1,1,0.367206335067749
22,3,5,81,-27,27,0,0.534343481063843,1,-1,-1,-1,0.417233467102051
22,3,5,82,27,27,1,0.800530433654785,-1,-1,-1,1,0.284343481063843
22,3,5,83,-27,27,0,0.417217254638672,1,1,-1,-1,0.550530433654785
22,3,5,84,27,27,1,0.618017911911011,-1,-1,1,1,0.167217254638672
22,3,5,85,-81,81,0,0.633888244628906,1,1,-1,-1,0.368017911911011
22,3,5,86,-3,3,0,0.617175340652466,-1,-1,1,1,0.383888244628906
22,3,5,87,-27,27,0,0.517169237136841,-1,-1,-1,-1,0.367175340652466
22,3,5,88,27,27,1,0.600545167922974,-1,-1,-1,-1,0.267169237136841
22,3,5,89,-0,0,1,0.583844900131226,1,1,-1,-1,0.350545167922974
22,3,5,90,0,0,1,0.634956359863281,-1,1,1,1,0.333844900131226
22,3,5,91,-81,81,0,0.60053825378418,1,1,1,-1,0.384956359863281
22,3,5,92,0,0,0,0.534314632415771,-1,-1,1,1,0.35053825378418
22,3,5,93,-81,81,0,0.600555419921875,1,-1,-1,-1,0.284314632415771
22,3,5,94,-9,9,0,0.484586238861084,-1,-1,-1,1,0.350555419921875
22,3,5,95,81,81,1,0.583928108215332,-1,-1,-1,-1,0.234586238861084
22,3,5,96,81,81,1,0.767215728759766,1,1,-1,-1,0.333928108215332
22,3,5,97,9,9,1,0.550538778305054,1,1,1,1,0.517215728759766
22,3,5,98,-81,81,0,0.600983142852783,1,1,1,1,0.300538778305054
22,3,5,99,81,81,1,0.617206573486328,-1,-1,1,1,0.350983142852783
22,3,6,2,81,81,1,0.567249536514282,-1,-1,1,1,0.384662866592407
22,3,6,3,-3,3,1,0.501433134078979,1,1,-1,-1,0.317249536514282
22,3,6,4,9,9,1,0.450982332229614,-1,1,1,1,0.251433134078979
22,3,6,5,-3,3,0,0.417742013931274,1,1,1,-1,0.200982332229614
22,3,6,6,27,27,1,0.451519727706909,-1,-1,1,1,0.167742013931274
22,3,6,7,-3,3,1,0.650957345962524,1,1,-1,-1,0.201519727706909
22,3,6,8,9,9,1,0.450478315353394,-1,1,1,1,0.400957345962524
22,3,6,9,-3,3,0,0.867285966873169,1,1,1,-1,0.200478315353394
22,3,6,10,-81,81,0,0.550456047058105,-1,-1,1,1,0.617285966873169
22,3,6,11,3,3,1,0.550545215606689,-1,-1,-1,-1,0.300456047058105
22,3,6,12,-9,9,0,0.667175054550171,1,1,-1,-1,0.300545215606689
22,3,6,13,81,81,1,0.583880424499512,-1,-1,1,1,0.417175054550171
22,3,6,14,-0,0,1,0.533859491348267,1,1,-1,-1,0.333880424499512
22,3,6,15,-27,27,0,0.518258571624756,-1,1,1,1,0.283859491348267
22,3,6,16,81,81,1,0.617639541625977,-1,-1,1,-1,0.268258571624756
22,3,6,17,-3,3,1,0.717666149139404,1,1,-1,-1,0.367639541625977
22,3,6,18,9,9,1,0.550538301467896,-1,1,1,1,0.467666149139404
22,3,6,19,-3,3,1,0.5005202293396,1,1,1,-1,0.300538301467896
22,3,6,20,-81,81,0,0.533869504928589,-1,1,1,1,0.2505202293396
22,3,6,21,81,81,1,0.567142009735107,-1,-1,1,-1,0.283869504928589
22,3,6,22,-81,81,0,0.567183494567871,1,1,-1,-1,0.317142009735107
22,3,6,23,-9,9,1,0.567183017730713,-1,-1,1,1,0.317183494567871
22,3,6,24,27,27,1,0.483867168426514,-1,1,-1,-1,0.317183017730713
22,3,6,25,-81,81,0,0.484271049499512,1,1,1,-1,0.233867168426514
22,3,6,26,0,0,1,0.800477266311646,-1,-1,1,1,0.234271049499512
22,3,6,27,-3,3,1,0.950520277023315,1,1,-1,-1,0.550477266311646
22,3,6,28,-81,81,0,0.467209339141846,-1,1,1,1,0.700520277023315
22,3,6,29,81,81,1,0.55096173286438,-1,-1,1,-1,0.217209339141846
22,3,6,30,-81,81,0,0.583857297897339,1,1,-1,-1,0.30096173286438
22,3,6,31,27,27,1,0.351001262664795,-1,-1,1,1,0.333857297897339
22,3,6,32,-9,9,1,0.550487995147705,1,1,-1,-1,0.101001262664795
22,3,6,33,-0,0,1,0.400513172149658,-1,1,1,1,0.300487995147705
22,3,6,34,0,0,1,0.367172241210938,-1,1,1,-1,0.150513172149658
22,3,6,35,-27,27,0,0.450946092605591,1,1,1,-1,0.117172241210938
22,3,6,36,-81,81,0,0.450535535812378,-1,-1,1,1,0.200946092605591
22,3,6,37,9,9,1,0.400539875030518,-1,-1,-1,-1,0.200535535812378
22,3,6,38,0,0,0,0.867640018463135,1,1,-1,-1,0.150539875030518
22,3,6,39,-27,27,0,0.483814716339111,1,-1,1,1,0.617640018463135
22,3,6,40,81,81,1,0.550507545471191,-1,-1,-1,1,0.233814716339111
22,3,6,41,27,27,1,0.533791065216064,1,1,-1,-1,0.300507545471191
22,3,6,42,-81,81,0,0.500530004501343,1,1,1,1,0.283791065216064
22,3,6,43,0,0,1,0.567151069641113,-1,-1,1,1,0.250530004501343
22,3,6,44,0,0,0,0.533818244934082,1,1,-1,-1,0.317151069641113
22,3,6,45,-9,9,0,0.517997980117798,1,-1,1,1,0.283818244934082
22,3,6,46,27,27,1,0.450491189956665,-1,-1,-1,1,0.267997980117798
22,3,6,47,-0,0,0,0.55049729347229,1,1,-1,-1,0.200491189956665
22,3,6,48,27,27,1,0.383886337280273,-1,-1,1,1,0.30049729347229
22,3,6,49,-9,9,1,0.767220497131348,1,1,-1,-1,0.133886337280273
22,3,6,50,9,9,1,0.53382396697998,-1,1,1,1,0.517220497131348
22,3,6,51,-27,27,0,0.517232179641724,1,1,1,-1,0.28382396697998
22,3,6,52,-81,81,0,0.550507307052612,-1,-1,1,1,0.267232179641724
22,3,6,53,27,27,1,0.584357261657715,-1,-1,-1,-1,0.300507307052612
22,3,6,54,-27,27,0,0.550544023513794,1,1,-1,-1,0.334357261657715
22,3,6,55,9,9,1,0.867597103118896,-1,-1,1,1,0.300544023513794
22,3,6,56,-3,3,0,0.651346445083618,1,1,-1,-1,0.617597103118896
22,3,6,57,9,9,1,0.517593145370483,-1,-1,1,1,0.401346445083618
22,3,6,58,-27,27,0,0.484362840652466,1,1,-1,-1,0.267593145370483
22,3,6,59,9,9,1,0.817214727401733,-1,-1,1,1,0.234362840652466
22,3,6,60,-9,9,0,0.867670774459839,1,1,-1,-1,0.567214727401733
22,3,6,61,27,27,1,0.534274816513062,-1,-1,1,1,0.617670774459839
22,3,6,62,-3,3,1,0.750527381896973,1,1,-1,-1,0.284274816513062
22,3,6,63,81,81,1,0.600537776947021,-1,1,1,1,0.500527381896973
22,3,6,64,-81,81,0,0.583874225616455,1,1,1,-1,0.350537776947021
22,3,6,65,81,81,1,1.06715059280396,-1,-1,1,1,0.333874225616455
22,3,6,66,-81,81,0,0.500521183013916,1,1,-1,-1,0.817150592803955
22,3,6,67,3,3,1,0.633844614028931,-1,-1,1,1,0.250521183013916
22,3,6,68,-81,81,0,0.767207384109497,1,1,-1,-1,0.383844614028931
22,3,6,69,3,3,0,0.517210483551025,-1,-1,1,1,0.517207384109497
22,3,6,70,-9,9,0,0.617604494094849,1,-1,-1,-1,0.267210483551025
22,3,6,71,3,3,1,0.65050482749939,-1,-1,-1,1,0.367604494094849
22,3,6,72,-9,9,0,0.61777663230896,1,1,-1,-1,0.40050482749939
22,3,6,73,81,81,1,0.600989103317261,-1,-1,1,1,0.36777663230896
22,3,6,74,-9,9,1,0.884315252304077,1,1,-1,-1,0.350989103317261
22,3,6,75,3,3,1,0.634486436843872,-1,1,1,1,0.634315252304077
22,3,6,76,-9,9,0,0.833863735198975,1,1,1,-1,0.384486436843872
22,3,6,77,27,27,1,0.667129516601562,-1,-1,1,1,0.583863735198975
22,3,6,78,-0,0,1,0.434308290481567,1,1,-1,-1,0.417129516601562
22,3,6,79,27,27,1,0.550528049468994,-1,1,1,1,0.184308290481567
22,3,6,80,27,27,1,0.583862781524658,1,1,1,-1,0.300528049468994
22,3,6,81,-3,3,1,0.55166220664978,1,1,1,1,0.333862781524658
22,3,6,82,27,27,1,0.601037263870239,-1,1,1,1,0.30166220664978
22,3,6,83,-3,3,1,0.517654895782471,1,1,1,-1,0.351037263870239
22,3,6,84,27,27,1,0.450972080230713,-1,1,1,1,0.267654895782471
22,3,6,85,-0,0,1,0.534991264343262,1,1,1,-1,0.200972080230713
22,3,6,86,9,9,1,0.284249067306519,-1,1,1,1,0.284991264343262
22,3,6,87,-3,3,1,0.533840417861938,1,1,1,-1,0.0342490673065186
22,3,6,88,27,27,1,0.534323453903198,-1,1,1,1,0.283840417861938
22,3,6,89,-9,9,1,0.500531435012817,1,1,1,-1,0.284323453903198
22,3,6,90,3,3,1,0.417218208312988,-1,1,1,1,0.250531435012817
22,3,6,91,-9,9,1,0.600561380386353,1,1,1,-1,0.167218208312988
22,3,6,92,-3,3,1,0.567203283309937,-1,1,1,1,0.350561380386353
22,3,6,93,-0,0,1,0.634349822998047,-1,1,1,-1,0.317203283309937
22,3,6,94,27,27,1,0.667199850082397,-1,1,1,-1,0.384349822998047
22,3,6,95,3,3,0,0.717577219009399,1,1,1,-1,0.417199850082397
22,3,6,96,-3,3,1,0.500983715057373,1,-1,1,1,0.467577219009399
22,3,6,97,3,3,1,0.667182683944702,-1,1,-1,1,0.250983715057373
22,3,6,98,-9,9,0,0.717147350311279,1,1,1,-1,0.417182683944702
22,3,6,99,81,81,1,0.617186069488525,-1,-1,1,1,0.467147350311279
23,1,1,2,81,81,1,1.1344952583313,-1,-1,-1,1,0.951192855834961
23,1,1,3,-9,9,0,1.2175989151001,1,1,-1,-1,0.884495258331299
23,1,1,4,27,27,1,1.00092506408691,-1,-1,1,1,0.967598915100098
23,1,1,10,27,27,1,0.650909423828125,-1,-1,-1,1,0.752550840377808
23,1,1,11,-9,9,0,0.95101523399353,1,1,-1,-1,0.400909423828125
23,1,1,12,9,9,1,1.13433957099915,-1,-1,1,1,0.70101523399353
23,1,1,13,81,81,1,0.969521999359131,1,1,-1,-1,0.884339570999146
23,1,1,14,-27,27,0,0.618668556213379,1,1,1,1,0.719521999359131
23,1,1,15,27,27,1,1.435959815979,-1,-1,1,1,0.368668556213379
23,1,1,16,-27,27,0,0.701143741607666,1,1,-1,-1,1.185959815979
23,1,1,17,3,3,0,1.05047607421875,-1,-1,1,1,0.451143741607666
23,1,1,18,-9,9,0,0.88434886932373,1,-1,-1,-1,0.80047607421875
23,1,1,19,9,9,1,0.918368577957153,-1,-1,-1,1,0.63434886932373
23,1,1,20,-9,9,0,1.43383502960205,1,1,-1,-1,0.668368577957153
23,1,1,21,81,81,1,1.00264286994934,-1,-1,1,1,1.18383502960205
23,1,1,22,81,81,1,0.802552461624146,1,1,-1,-1,0.752642869949341
23,1,1,23,-27,27,0,0.767643213272095,1,1,1,1,0.552552461624146
23,1,1,24,27,27,1,0.683845520019531,-1,-1,1,1,0.517643213272095
23,1,1,25,-9,9,0,0.885269641876221,1,1,-1,-1,0.433845520019531
23,1,1,26,27,27,1,0.784304141998291,-1,-1,1,1,0.635269641876221
23,1,1,27,-27,27,0,0.517862319946289,1,1,-1,-1,0.534304141998291
23,1,1,28,81,81,1,0.586106300354004,-1,-1,1,1,0.267862319946289
23,1,1,29,-3,3,0,0.817800521850586,1,1,-1,-1,0.336106300354004
23,1,1,30,27,27,1,0.668785572052002,-1,-1,1,1,0.567800521850586
23,1,1,31,-3,3,0,0.784340381622314,1,1,-1,-1,0.418785572052002
23,1,1,32,27,27,1,0.600978136062622,-1,-1,1,1,0.534340381622314
23,1,1,33,-3,3,0,0.917654752731323,1,1,-1,-1,0.350978136062622
23,1,1,34,9,9,1,0.601037740707397,-1,-1,1,1,0.667654752731323
23,1,1,35,-27,27,0,0.617814302444458,1,1,-1,-1,0.351037740707397
23,1,1,36,81,81,1,0.65116024017334,-1,-1,1,1,0.367814302444458
23,1,1,37,-9,9,0,0.683847188949585,1,1,-1,-1,0.40116024017334
23,1,1,38,81,81,1,0.550523042678833,-1,-1,1,1,0.433847188949585
23,1,1,39,-0,0,0,0.751961946487427,1,1,-1,-1,0.300523042678833
23,1,1,40,-9,9,0,0.918432474136353,-1,-1,1,1,0.501961946487427
23,1,1,41,3,3,1,0.733812808990479,-1,-1,-1,-1,0.668432474136353
23,1,1,42,-3,3,0,0.550929307937622,1,1,-1,-1,0.483812808990479
23,1,1,43,3,3,0,0.870020866394043,-1,-1,1,1,0.300929307937622
23,1,1,44,-9,9,0,0.785799741744995,1,-1,-1,-1,0.620020866394043
23,1,1,45,0,0,0,0.867185831069946,-1,-1,-1,1,0.535799741744995
23,1,1,46,-81,81,0,0.668283939361572,1,-1,-1,-1,0.617185831069946
23,1,1,47,-81,81,0,0.451950311660767,-1,-1,-1,1,0.418283939361572
23,1,1,48,3,3,1,0.802714109420776,-1,-1,-1,-1,0.201950311660767
23,1,1,49,-81,81,0,0.934246778488159,1,1,-1,-1,0.552714109420776
23,1,1,50,-9,9,0,1.11766481399536,-1,-1,1,1,0.684246778488159
23,1,1,51,0,0,0,0.851541757583618,-1,-1,-1,-1,0.867664813995361
23,1,1,52,-3,3,0,0.851186990737915,1,-1,-1,-1,0.601541757583618
23,1,1,53,-27,27,0,0.600512266159058,-1,-1,-1,1,0.601186990737915
23,1,1,54,9,9,1,0.901932716369629,-1,-1,-1,-1,0.350512266159058
23,1,1,55,-0,0,0,0.669744968414307,1,1,-1,-1,0.651932716369629
23,1,1,56,-27,27,0,0.80095362663269,-1,-1,1,1,0.419744968414307
23,1,1,57,3,3,1,0.951025485992432,-1,-1,-1,-1,0.55095362663269
23,1,1,58,3,3,1,0.76779317855835,1,1,-1,-1,0.701025485992432
23,1,1,59,-0,0,1,0.469061374664307,1,1,1,1,0.51779317855835
23,1,1,60,9,9,0,0.584299325942993,-1,1,1,1,0.219061374664307
23,1,1,61,-9,9,0,0.61780834197998,1,-1,1,-1,0.334299325942993
23,1,1,62,-0,0,0,0.75098443031311,-1,-1,-1,1,0.36780834197998
23,1,1,63,0,0,0,0.383813142776489,-1,-1,-1,-1,0.50098443031311
23,1,1,64,-3,3,0,1.00109815597534,1,-1,-1,-1,0.133813142776489
23,1,1,65,-9,9,0,0.58432412147522,-1,-1,-1,1,0.751098155975342
23,1,1,69,-81,81,0,0.451005220413208,1,1,1,-1,0.383872985839844
23,1,1,70,3,3,0,0.583856344223022,-1,-1,1,1,0.201005220413208
23,1,1,71,81,81,1,0.6177659034729,1,-1,-1,-1,0.333856344223022
23,1,1,72,-3,3,0,0.45049786567688,1,1,-1,1,0.3677659034729
23,1,1,73,27,27,1,0.335880279541016,-1,-1,1,1,0.20049786567688
23,1,1,74,-81,81,0,0.534381151199341,1,1,-1,-1,0.0858802795410156
23,1,1,75,-27,27,0,0.718560695648193,-1,-1,1,1,0.284381151199341
23,1,1,76,81,81,1,0.335725784301758,-1,-1,-1,-1,0.468560695648193
23,1,1,77,-9,9,0,0.402736186981201,1,1,-1,-1,0.0857257843017578
23,1,1,78,3,3,0,0.300997734069824,-1,-1,1,1,0.152736186981201
23,1,1,79,-0,0,0,0.41765832901001,1,-1,-1,-1,0.0509977340698242
23,1,1,80,3,3,1,0.567980766296387,-1,-1,-1,1,0.16765832901001
23,1,1,81,-81,81,0,0.536129713058472,1,1,-1,-1,0.317980766296387
23,1,1,82,81,81,1,0.567136764526367,-1,-1,1,1,0.286129713058472
23,1,1,83,-3,3,1,0.584448337554932,1,1,-1,-1,0.317136764526367
23,1,1,84,-81,81,0,0.285408020019531,-1,1,1,1,0.334448337554932
23,1,1,89,-81,81,0,0.35105037689209,1,-1,1,1,0.417701721191406
23,1,1,90,27,27,1,0.73434853553772,-1,-1,-1,1,0.10105037689209
23,1,1,91,81,81,1,0.335436582565308,1,1,-1,-1,0.48434853553772
23,1,1,95,27,27,1,0.519867181777954,-1,1,-1,1,0.417775392532349
23,1,1,96,-9,9,1,0.567258834838867,1,1,1,-1,0.269867181777954
23,1,1,97,27,27,1,0.40093469619751,-1,1,1,1,0.317258834838867
23,1,1,98,-27,27,0,0.434473276138306,1,1,1,-1,0.15093469619751
23,1,1,99,3,3,0,0.753049850463867,-1,-1,1,1,0.184473276138306
23,1,2,2,-81,81,0,0.501537084579468,-1,-1,1,1,0.434065580368042
23,1,2,3,-27,27,0,0.701014995574951,-1,-1,-1,-1,0.251537084579468
23,1,2,4,81,81,1,0.9022216796875,-1,-1,-1,-1,0.451014995574951
23,1,2,5,27,27,1,0.551142930984497,1,1,-1,-1,0.6522216796875
23,1,2,6,-3,3,1,1.11886620521545,1,1,1,1,0.301142930984497
23,1,2,7,-9,9,0,0.750913143157959,-1,1,1,1,0.868866205215454
23,1,2,8,0,0,0,0.500513315200806,-1,-1,1,-1,0.500913143157959
23,1,2,9,-81,81,0,0.583823919296265,1,-1,-1,-1,0.250513315200806
23,1,2,10,3,3,1,1.21766591072083,-1,-1,-1,1,0.333823919296265
23,1,2,11,81,81,1,0.868823051452637,1,1,-1,-1,0.967665910720825
23,1,2,12,-9,9,0,0.652580976486206,1,1,1,1,0.618823051452637
23,1,2,13,0,0,0,0.40160608291626,-1,-1,1,1,0.402580976486206
23,1,2,14,3,3,1,0.451904058456421,1,-1,-1,-1,0.15160608291626
23,1,2,15,27,27,1,0.450568914413452,1,1,-1,1,0.201904058456421
23,1,2,16,81,81,1,0.417999982833862,1,1,1,1,0.200568914413452
23,1,2,17,9,9,1,0.752094268798828,1,1,1,1,0.167999982833862
23,1,2,18,3,3,1,0.400998830795288,1,1,1,1,0.502094268798828
23,1,2,19,-9,9,0,0.585887908935547,1,1,1,1,0.150998830795288
23,1,2,20,9,9,0,0.60206413269043,-1,-1,1,1,0.335887908935547
23,1,2,21,81,81,1,0.434566020965576,1,-1,-1,-1,0.35206413269043
23,1,2,22,9,9,1,0.768803596496582,1,1,-1,1,0.184566020965576
23,1,2,23,-81,81,0,0.552450895309448,1,1,1,1,0.518803596496582
23,1,2,24,-0,0,1,0.684481143951416,-1,-1,1,1,0.302450895309448
23,1,2,25,27,27,1,0.567919969558716,-1,1,-1,-1,0.434481143951416
23,1,2,26,-27,27,0,0.351071834564209,1,1,1,-1,0.317919969558716
23,1,2,27,-27,27,0,0.335551023483276,-1,-1,1,1,0.101071834564209
23,1,2,28,-81,81,0,0.467216014862061,-1,-1,-1,-1,0.0855510234832764
23,1,2,29,-81,81,0,0.36822509765625,-1,-1,-1,-1,0.217216014862061
23,1,2,30,-9,9,0,0.635978698730469,-1,-1,-1,-1,0.11822509765625
23,1,2,31,-3,3,1,0.468705177307129,-1,-1,-1,-1,0.385978698730469
23,1,2,32,-3,3,1,0.534822940826416,-1,1,-1,-1,0.218705177307129
23,1,2,33,27,27,1,0.833865165710449,-1,1,1,-1,0.284822940826416
23,1,2,34,3,3,1,0.718423843383789,1,1,1,-1,0.583865165710449
23,1,2,35,-9,9,0,0.534703016281128,1,1,1,1,0.468423843383789
23,1,2,36,-81,81,0,0.501608371734619,-1,-1,1,1,0.284703016281128
23,1,2,37,3,3,0,0.435997247695923,-1,-1,-1,-1,0.251608371734619
23,1,2,38,27,27,1,0.417591333389282,1,-1,-1,-1,0.185997247695923
23,1,2,39,-0,0,0,0.752171516418457,1,1,-1,1,0.167591333389282
23,1,2,40,-27,27,0,0.41714882850647,-1,-1,1,1,0.502171516418457
23,1,2,41,3,3,1,1.03489065170288,-1,-1,-1,-1,0.16714882850647
23,1,2,42,81,81,1,0.835146427154541,1,1,-1,-1,0.784890651702881
23,1,2,43,27,27,1,0.367584943771362,1,1,1,1,0.585146427154541
23,1,2,44,9,9,1,0.602199554443359,1,1,1,1,0.117584943771362
23,1,2,45,-81,81,0,0.267637729644775,1,1,1,1,0.352199554443359
23,1,2,46,-9,9,1,0.834276676177979,-1,-1,1,1,0.0176377296447754
23,1,2,47,3,3,1,0.483815908432007,-1,1,-1,-1,0.584276676177979
23,1,2,48,-3,3,0,0.517887830734253,1,1,1,-1,0.233815908432007
23,1,2,49,0,0,0,0.402745962142944,-1,-1,1,1,0.267887830734253
23,1,2,50,81,81,1,0.517154216766357,1,-1,-1,-1,0.152745962142944
23,1,2,51,-3,3,0,0.635382652282715,1,1,-1,1,0.267154216766357
23,1,2,52,9,9,1,0.417671680450439,-1,-1,1,1,0.385382652282715
23,1,2,53,-81,81,0,0.450498819351196,1,1,-1,-1,0.167671680450439
23,1,2,54,27,27,1,0.900474548339844,-1,-1,1,1,0.200498819351196
23,1,2,55,81,81,1,0.618560552597046,1,1,-1,-1,0.650474548339844
23,1,2,56,9,9,1,0.552799701690674,1,1,1,1,0.368560552597046
23,1,2,57,-3,3,1,0.2676682472229,1,1,1,1,0.302799701690674
23,1,2,58,27,27,1,0.367634773254395,-1,1,1,1,0.0176682472229004
23,1,2,59,-27,27,0,0.335345029830933,1,1,1,-1,0.117634773254395
23,1,2,63,9,9,1,0.752015829086304,1,1,1,1,0.167153596878052
23,1,2,64,3,3,0,0.435804128646851,1,1,1,1,0.502015829086304
23,1,2,65,0,0,0,0.567151308059692,1,-1,1,1,0.185804128646851
23,1,2,66,-27,27,0,0.551986217498779,1,-1,-1,1,0.317151308059692
23,1,2,67,-0,0,0,0.301092863082886,-1,-1,-1,1,0.301986217498779
23,1,2,68,-81,81,0,0.567153930664062,-1,-1,-1,-1,0.0510928630828857
23,1,2,69,81,81,1,0.336130857467651,-1,-1,-1,-1,0.317153930664062
23,1,2,70,-27,27,0,0.319287538528442,1,1,-1,-1,0.0861308574676514
23,1,2,71,81,81,1,0.551998138427734,-1,-1,1,1,0.0692875385284424
23,1,2,72,27,27,1,0.61842942237854,1,1,-1,-1,0.301998138427734
23,1,2,73,81,81,1,0.252084255218506,1,1,1,1,0.36842942237854
23,1,2,74,-27,27,0,0.419034957885742,1,1,1,1,0.00208425521850586
23,1,2,75,-3,3,0,0.651015758514404,-1,-1,1,1,0.169034957885742
23,1,2,76,3,3,1,0.318714618682861,-1,-1,-1,-1,0.401015758514404
23,1,2,77,-3,3,0,0.451925992965698,1,1,-1,-1,0.0687146186828613
23,1,2,78,-81,81,0,0.252158403396606,-1,-1,1,1,0.201925992965698
23,1,2,79,-9,9,0,0.768286466598511,-1,-1,-1,-1,0.00215840339660645
23,1,2,83,0,0,0,0.684355735778809,-1,1,-1,1,0.235750198364258
23,1,2,84,-3,3,0,0.269018173217773,1,-1,1,-1,0.434355735778809
23,1,2,85,3,3,0,0.452193260192871,-1,-1,-1,1,0.0190181732177734
23,1,2,86,-81,81,0,0.517731189727783,1,-1,-1,-1,0.202193260192871
23,1,2,87,-9,9,0,0.35105562210083,-1,-1,-1,1,0.267731189727783
23,1,2,88,27,27,1,0.317604303359985,-1,-1,-1,-1,0.10105562210083
23,1,2,89,-9,9,1,1.01770949363708,1,1,-1,-1,0.0676043033599854
23,1,2,90,-27,27,0,0.351136922836304,-1,1,1,1,0.767709493637085
23,1,2,91,-27,27,0,0.418668985366821,-1,-1,1,-1,0.101136922836304
23,1,2,92,0,0,0,0.452264308929443,-1,-1,-1,-1,0.168668985366821
23,1,2,96,9,9,1,0.468241453170776,-1,-1,-1,-1,0.017646312713623
23,1,2,97,-9,9,1,0.434273958206177,1,1,-1,-1,0.218241453170776
23,1,2,98,-9,9,0,0.602086544036865,-1,1,1,1,0.184273958206177
23,1,2,99,9,9,1,0.269318342208862,-1,-1,1,-1,0.352086544036865
23,1,3,2,-81,81,0,0.267640352249146,-1,-1,1,1,0.235545635223389
23,1,3,3,27,27,1,0.384294271469116,-1,-1,-1,-1,0.0176403522491455
23,1,3,4,-27,27,0,0.368579626083374,1,1,-1,-1,0.134294271469116
23,1,3,5,81,81,1,0.469254016876221,-1,-1,1,1,0.118579626083374
23,1,3,6,-9,9,0,0.450705528259277,1,1,-1,-1,0.219254016876221
23,1,3,7,-9,9,0,0.368058443069458,-1,-1,1,1,0.200705528259277
23,1,3,8,27,27,1,0.400952816009521,-1,-1,-1,-1,0.118058443069458
23,1,3,9,-3,3,0,0.834231615066528,1,1,-1,-1,0.150952816009521
23,1,3,10,-3,3,0,0.452629089355469,-1,-1,1,1,0.584231615066528
23,1,3,11,81,81,1,0.350976467132568,-1,-1,-1,-1,0.202629089355469
23,1,3,12,3,3,1,0.467134475708008,1,1,-1,-1,0.100976467132568
23,1,3,13,0,0,0,0.550530910491943,1,1,1,1,0.217134475708008
23,1,3,14,81,81,1,0.569124221801758,1,-1,1,1,0.300530910491943
23,1,3,15,-27,27,0,0.335933446884155,1,1,-1,1,0.319124221801758
23,1,3,16,3,3,0,0.551360130310059,-1,-1,1,1,0.0859334468841553
23,1,3,17,-9,9,0,0.368703842163086,1,-1,-1,-1,0.301360130310059
23,1,3,18,81,81,1,0.583806276321411,-1,-1,-1,1,0.118703842163086
23,1,3,19,-27,27,0,0.386029720306396,1,1,-1,-1,0.333806276321411
23,1,3,20,-0,0,1,0.385528326034546,-1,-1,1,1,0.136029720306396
23,1,3,21,-3,3,0,0.369173526763916,-1,1,-1,-1,0.135528326034546
23,1,3,22,27,27,1,0.435621023178101,-1,-1,1,-1,0.119173526763916
23,1,3,23,-27,27,0,0.65108060836792,1,1,-1,-1,0.185621023178101
23,1,3,24,9,9,1,0.634527206420898,-1,-1,1,1,0.40108060836792
23,1,3,25,-81,81,0,0.267667531967163,1,1,-1,-1,0.384527206420898
23,1,3,29,-9,9,0,0.352083444595337,1,1,-1,-1,0.0843133926391602
23,1,3,30,3,3,1,0.36877179145813,-1,-1,1,1,0.102083444595337
23,1,3,31,-27,27,0,0.267650127410889,1,1,-1,-1,0.11877179145813
23,1,3,37,0,0,1,0.667156934738159,-1,-1,-1,1,0.0343942642211914
23,1,3,38,-81,81,0,0.517215967178345,1,1,-1,-1,0.417156934738159
23,1,3,39,81,81,1,0.383862733840942,-1,-1,1,1,0.267215967178345
23,1,3,40,-9,9,0,0.46853494644165,1,1,-1,-1,0.133862733840942
23,1,3,41,-27,27,0,0.48615550994873,-1,-1,1,1,0.21853494644165
23,1,3,45,27,27,1,0.417640209197998,-1,1,-1,-1,0.134303092956543
23,1,3,57,-0,0,1,0.417249441146851,1,1,-1,-1,0.0509769916534424
23,1,3,66,3,3,1,0.867783308029175,-1,-1,1,1,0.234318971633911
23,1,3,70,9,9,0,0.667177677154541,-1,1,1,1,0.169582843780518
23,1,3,71,-3,3,1,0.267614126205444,1,-1,1,-1,0.417177677154541
23,1,3,72,81,81,1,0.552033662796021,-1,1,-1,1,0.0176141262054443
23,1,3,73,-3,3,1,0.917783498764038,1,1,1,-1,0.302033662796021
23,1,3,74,3,3,0,0.634466171264648,-1,1,1,1,0.667783498764038
23,1,3,75,3,3,0,0.651111364364624,1,-1,1,-1,0.384466171264648
23,1,3,76,-81,81,0,0.38441801071167,1,-1,-1,1,0.401111364364624
23,1,3,77,27,27,1,0.533808708190918,-1,-1,-1,1,0.13441801071167
23,1,3,78,-9,9,1,0.285583734512329,1,1,-1,-1,0.283808708190918
23,1,3,79,-9,9,0,0.485973119735718,-1,1,1,1,0.0355837345123291
23,1,3,80,81,81,1,0.617693185806274,-1,-1,1,-1,0.235973119735718
23,1,3,81,-3,3,1,0.452673435211182,1,1,-1,-1,0.367693185806274
23,1,3,82,27,27,1,0.452552556991577,-1,1,1,1,0.202673435211182
23,1,3,83,-3,3,1,0.436187028884888,1,1,1,-1,0.202552556991577
23,1,3,84,-9,9,0,0.334535598754883,-1,1,1,1,0.186187028884888
23,1,3,88,0,0,0,0.484657287597656,-1,-1,-1,1,0.334340572357178
23,1,3,89,-9,9,0,0.550944328308105,1,-1,-1,-1,0.234657287597656
23,1,3,90,9,9,1,0.50141716003418,-1,-1,-1,1,0.300944328308105
23,1,3,91,27,27,1,0.35050892829895,1,1,-1,-1,0.25141716003418
23,1,3,92,-81,81,0,0.568918228149414,1,1,1,1,0.10050892829895
23,1,4,3,-3,3,0,0.586107969284058,1,1,1,1,0.500986576080322
23,1,4,4,27,27,1,0.50048041343689,-1,-1,1,1,0.336107969284058
23,1,4,5,3,3,0,0.267606973648071,1,1,-1,-1,0.25048041343689
23,1,4,6,27,27,1,0.55048394203186,1,-1,1,1,0.0176069736480713
23,1,4,7,27,27,1,0.335489511489868,1,1,-1,1,0.30048394203186
23,1,4,8,9,9,1,0.751667022705078,1,1,1,1,0.0854895114898682
23,1,4,9,9,9,1,0.819298505783081,1,1,1,1,0.501667022705078
23,1,4,10,3,3,0,0.53533935546875,1,1,1,1,0.569298505783081
23,1,4,11,27,27,1,0.467792987823486,1,-1,1,1,0.28533935546875
23,1,4,12,-81,81,0,0.56762957572937,1,1,-1,1,0.217792987823486
23,1,4,13,-0,0,0,0.51835823059082,-1,-1,1,1,0.31762957572937
23,1,4,14,81,81,1,0.700535297393799,-1,-1,-1,-1,0.26835823059082
23,1,4,15,27,27,1,0.467196941375732,1,1,-1,-1,0.450535297393799
23,1,4,16,9,9,1,0.550526142120361,1,1,1,1,0.217196941375732
23,1,4,17,9,9,0,0.884300708770752,1,1,1,1,0.300526142120361
23,1,4,18,9,9,1,0.617188692092896,1,-1,1,1,0.634300708770752
23,1,4,19,3,3,1,0.667187213897705,1,1,-1,1,0.367188692092896
23,1,4,20,27,27,1,0.31938648223877,1,1,1,1,0.417187213897705
23,1,4,21,-3,3,1,0.317654848098755,1,1,1,1,0.0693864822387695
23,1,4,22,-3,3,0,0.785346984863281,-1,1,1,1,0.0676548480987549
23,1,4,23,-81,81,0,1.03559684753418,-1,-1,1,-1,0.535346984863281
23,1,4,24,3,3,0,0.901115894317627,-1,-1,-1,-1,0.78559684753418
23,1,4,25,-0,0,1,0.802139520645142,1,-1,-1,-1,0.651115894317627
23,1,4,26,0,0,0,0.902774095535278,-1,1,-1,1,0.552139520645142
23,1,4,27,9,9,1,0.401005744934082,1,-1,1,-1,0.652774095535278
23,1,4,28,81,81,1,0.834358215332031,1,1,-1,1,0.151005744934082
23,1,4,29,9,9,1,0.619183540344238,1,1,1,1,0.584358215332031
23,1,4,30,-9,9,0,0.550988435745239,1,1,1,1,0.369183540344238
23,1,4,31,9,9,1,0.334437847137451,-1,-1,1,1,0.300988435745239
23,1,4,32,-3,3,1,0.267667770385742,1,1,-1,-1,0.0844378471374512
23,1,4,33,81,81,1,0.467676162719727,-1,1,1,1,0.0176677703857422
23,1,4,34,3,3,1,0.635424852371216,1,1,1,-1,0.217676162719727
23,1,4,35,27,27,1,0.300487995147705,1,1,1,1,0.385424852371216
23,1,4,36,3,3,1,0.60151195526123,1,1,1,1,0.0504879951477051
23,1,4,37,9,9,1,0.602954626083374,1,1,1,1,0.35151195526123
23,1,4,38,9,9,1,0.434351682662964,1,1,1,1,0.352954626083374
23,1,4,39,3,3,0,1.05101084709167,1,1,1,1,0.184351682662964
23,1,4,40,-81,81,0,0.651117324829102,1,-1,1,1,0.801010847091675
23,1,4,41,-27,27,0,0.450972557067871,-1,-1,-1,1,0.401117324829102
23,1,4,42,-81,81,0,0.583891153335571,-1,-1,-1,-1,0.200972557067871
23,1,4,43,-3,3,1,0.919015645980835,-1,-1,-1,-1,0.333891153335571
23,1,4,44,-81,81,0,0.517682790756226,-1,1,-1,-1,0.669015645980835
23,1,4,48,81,81,1,0.969077110290527,1,1,1,-1,0.402266979217529
23,1,4,49,-9,9,0,0.401389360427856,1,1,1,1,0.719077110290527
23,1,4,50,-3,3,0,0.751079559326172,-1,-1,1,1,0.151389360427856
23,1,4,51,-81,81,0,1.38425254821777,-1,-1,-1,-1,0.501079559326172
23,1,4,52,-3,3,1,0.602561712265015,-1,-1,-1,-1,1.13425254821777
23,1,4,53,27,27,1,0.384805202484131,-1,1,-1,-1,0.352561712265015
23,1,4,54,-0,0,0,0.686176061630249,1,1,1,-1,0.134805202484131
23,1,4,55,-81,81,0,0.701077461242676,-1,-1,1,1,0.436176061630249
23,1,4,56,9,9,1,0.600971460342407,-1,-1,-1,-1,0.451077461242676
23,1,4,57,-27,27,0,0.75196099281311,1,1,-1,-1,0.350971460342407
23,1,4,58,3,3,1,0.618061780929565,-1,-1,1,1,0.50196099281311
23,1,4,59,81,81,1,0.902777433395386,1,1,-1,-1,0.368061780929565
23,1,4,60,9,9,1,0.919238805770874,1,1,1,1,0.652777433395386
23,1,4,61,-81,81,0,0.585622072219849,1,1,1,1,0.669238805770874
23,1,4,62,27,27,1,0.668795824050903,-1,-1,1,1,0.335622072219849
23,1,4,63,-9,9,1,0.285696029663086,1,1,-1,-1,0.418795824050903
23,1,4,64,27,27,1,0.517215967178345,-1,1,1,1,0.0356960296630859
23,1,4,65,-27,27,0,0.519196510314941,1,1,1,-1,0.267215967178345
23,1,4,69,-0,0,1,0.400924205780029,1,1,1,1,0.735355377197266
23,1,4,70,-81,81,0,0.602273941040039,-1,1,1,1,0.150924205780029
23,1,4,71,-27,27,0,0.433810472488403,-1,-1,1,-1,0.352273941040039
23,1,4,72,-3,3,0,0.401113748550415,-1,-1,-1,-1,0.183810472488403
23,1,4,73,0,0,1,0.317605257034302,-1,-1,-1,-1,0.151113748550415
23,1,4,74,81,81,1,0.618997573852539,1,1,-1,-1,0.0676052570343018
23,1,4,75,-0,0,1,1.13570523262024,1,1,1,1,0.368997573852539
23,1,4,76,9,9,1,0.484505176544189,-1,1,1,1,0.885705232620239
23,1,4,77,-3,3,0,0.567166328430176,1,1,1,-1,0.234505176544189
23,1,4,78,81,81,1,0.685165405273438,-1,-1,1,1,0.317166328430176
23,1,4,82,3,3,0,0.267584562301636,1,1,-1,-1,0.384313583374023
23,1,4,83,-9,9,0,0.401000261306763,1,-1,1,1,0.0175845623016357
23,1,4,84,9,9,1,0.650530815124512,-1,-1,-1,1,0.151000261306763
23,1,4,85,3,3,0,0.617685079574585,1,1,-1,-1,0.400530815124512
23,1,4,86,81,81,1,0.668061971664429,1,-1,1,1,0.367685079574585
23,1,4,87,27,27,1,0.484283685684204,1,1,-1,1,0.418061971664429
23,1,4,88,-81,81,0,0.367711782455444,1,1,1,1,0.234283685684204
23,1,4,89,9,9,0,0.501121520996094,-1,-1,1,1,0.117711782455444
23,1,4,90,-0,0,0,0.517173051834106,1,-1,-1,-1,0.251121520996094
23,1,4,91,0,0,1,0.717228651046753,-1,-1,-1,1,0.267173051834106
23,1,4,92,-27,27,0,0.719704627990723,1,1,-1,-1,0.467228651046753
23,1,4,93,-3,3,0,0.836103916168213,-1,-1,1,1,0.469704627990723
23,1,4,94,-27,27,0,0.535768032073975,-1,-1,-1,-1,0.586103916168213
23,1,4,95,81,81,1,0.784296035766602,-1,-1,-1,-1,0.285768032073975
23,1,4,96,-81,81,0,0.552692413330078,1,1,-1,-1,0.534296035766602
23,1,4,97,-9,9,0,0.651118040084839,-1,-1,1,1,0.302692413330078
23,1,4,98,-27,27,0,0.400513648986816,-1,-1,-1,-1,0.401118040084839
23,1,5,2,-27,27,0,0.835490226745605,-1,-1,1,-1,0.40076208114624
23,1,5,3,-9,9,0,1.08441758155823,-1,-1,-1,-1,0.585490226745605
23,1,5,4,-0,0,1,0.517635583877563,-1,-1,-1,-1,0.834417581558228
23,1,5,5,-3,3,0,0.802419900894165,-1,1,-1,-1,0.267635583877563
23,1,5,9,81,81,1,0.700965881347656,1,1,1,1,0.651025295257568
23,1,5,10,-9,9,1,0.734344244003296,1,1,1,1,0.450965881347656
23,1,5,11,-27,27,0,0.534255504608154,-1,1,1,1,0.484344244003296
23,1,5,12,-3,3,0,0.869497299194336,-1,-1,1,-1,0.284255504608154
23,1,5,13,9,9,1,0.502801656723022,-1,-1,-1,-1,0.619497299194336
23,1,5,14,3,3,1,0.500604629516602,1,1,-1,-1,0.252801656723022
23,1,5,18,27,27,1,0.569041013717651,1,1,1,1,0.436046600341797
23,1,5,19,27,27,1,0.752171993255615,1,1,1,1,0.319041013717651
23,1,5,20,-27,27,0,0.452623844146729,1,1,1,1,0.502171993255615
23,1,5,21,-81,81,0,0.634643316268921,-1,-1,1,1,0.202623844146729
23,1,5,22,-0,0,1,0.517154932022095,-1,-1,-1,-1,0.384643316268921
23,1,5,23,27,27,1,0.635616302490234,-1,1,-1,-1,0.267154932022095
23,1,5,24,3,3,0,0.718973636627197,1,1,1,-1,0.385616302490234
23,1,5,25,9,9,0,1.16771602630615,1,-1,1,1,0.468973636627197
23,1,5,26,81,81,1,0.619273662567139,1,-1,-1,1,0.917716026306152
23,1,5,27,3,3,0,0.951046705245972,1,1,-1,1,0.369273662567139
23,1,5,28,9,9,1,0.883840560913086,1,-1,1,1,0.701046705245972
23,1,5,29,-27,27,0,0.733896493911743,1,1,-1,1,0.633840560913086
23,1,5,30,-27,27,0,0.585288524627686,-1,-1,1,1,0.483896493911743
23,1,5,31,-81,81,0,0.634322643280029,-1,-1,-1,-1,0.335288524627686
23,1,5,32,-81,81,0,0.619264125823975,-1,-1,-1,-1,0.384322643280029
23,1,5,33,-3,3,0,0.71867036819458,-1,-1,-1,-1,0.369264125823975
23,1,5,34,-81,81,0,0.601141691207886,-1,-1,-1,-1,0.46867036819458
23,1,5,35,0,0,0,0.73563289642334,-1,-1,-1,-1,0.351141691207886
23,1,5,36,27,27,1,0.600507736206055,1,-1,-1,-1,0.48563289642334
23,1,5,37,-3,3,1,0.817651033401489,1,1,-1,1,0.350507736206055
23,1,5,38,3,3,0,0.817945718765259,-1,1,1,1,0.567651033401489
23,1,5,39,9,9,0,0.817699670791626,1,-1,1,-1,0.567945718765259
23,1,5,40,0,0,1,0.902010917663574,1,-1,-1,1,0.567699670791626
23,1,5,41,3,3,1,1.08388471603394,1,1,-1,1,0.652010917663574
23,1,5,42,-0,0,0,0.367638111114502,1,1,1,1,0.833884716033936
23,1,5,43,-27,27,0,0.651952505111694,-1,-1,1,1,0.117638111114502
23,1,5,44,-81,81,0,0.61796498298645,-1,-1,-1,-1,0.401952505111694
23,1,5,45,-27,27,0,0.583828687667847,-1,-1,-1,-1,0.36796498298645
23,1,5,46,-27,27,0,0.550518989562988,-1,-1,-1,-1,0.333828687667847
23,1,5,47,-9,9,0,0.834875106811523,-1,-1,-1,-1,0.300518989562988
23,1,5,48,-81,81,0,0.768720149993896,-1,-1,-1,-1,0.584875106811523
23,1,5,49,-3,3,1,1.21812343597412,-1,-1,-1,-1,0.518720149993896
23,1,5,50,-9,9,0,0.617813348770142,-1,1,-1,-1,0.968123435974121
23,1,5,51,-9,9,1,0.718569040298462,-1,-1,1,-1,0.367813348770142
23,1,5,52,-81,81,0,0.868401527404785,-1,1,-1,-1,0.468569040298462
23,1,5,53,-3,3,0,0.668979644775391,-1,-1,1,-1,0.618401527404785
23,1,5,54,-27,27,0,0.369355916976929,-1,-1,-1,-1,0.418979644775391
23,1,5,55,-9,9,0,0.867636442184448,-1,-1,-1,-1,0.119355916976929
23,1,5,56,-27,27,0,0.567891120910645,-1,-1,-1,-1,0.617636442184448
23,1,5,57,-9,9,0,0.434589862823486,-1,-1,-1,-1,0.317891120910645
23,1,5,58,-9,9,0,0.434259653091431,-1,-1,-1,-1,0.184589862823486
23,1,5,59,-3,3,1,0.834523916244507,-1,-1,-1,-1,0.184259653091431
23,1,5,60,-81,81,0,0.768955945968628,-1,1,-1,-1,0.584523916244507
23,1,5,61,-9,9,0,0.618710041046143,-1,-1,1,-1,0.518955945968628
23,1,5,62,-0,0,0,0.651810884475708,-1,-1,-1,-1,0.368710041046143
23,1,5,63,-0,0,1,0.668705224990845,-1,-1,-1,-1,0.401810884475708
23,1,5,64,-3,3,0,0.834523677825928,-1,1,-1,-1,0.418705224990845
23,1,5,65,-27,27,0,0.552574396133423,-1,-1,1,-1,0.584523677825928
23,1,5,66,-9,9,0,0.534945964813232,-1,-1,-1,-1,0.302574396133423
23,1,5,67,-0,0,1,0.252240657806396,-1,-1,-1,-1,0.284945964813232
23,1,5,68,81,81,1,0.619266033172607,-1,1,-1,-1,0.00224065780639648
23,1,5,69,-27,27,0,0.718196392059326,1,1,1,-1,0.369266033172607
23,1,5,70,-27,27,0,0.483855962753296,-1,-1,1,1,0.468196392059326
23,1,5,71,-9,9,0,0.719499349594116,-1,-1,-1,-1,0.233855962753296
23,1,5,72,-3,3,1,0.535980701446533,-1,-1,-1,-1,0.469499349594116
23,1,5,73,-27,27,0,0.852651119232178,-1,1,-1,-1,0.285980701446533
23,1,5,74,-9,9,0,0.851018905639648,-1,-1,1,-1,0.602651119232178
23,1,5,75,-9,9,0,0.501064300537109,-1,-1,-1,-1,0.601018905639648
23,1,5,76,-27,27,0,0.535727977752686,-1,-1,-1,-1,0.251064300537109
23,1,5,77,-27,27,0,0.401320695877075,-1,-1,-1,-1,0.285727977752686
23,1,5,78,-9,9,0,0.551454067230225,-1,-1,-1,-1,0.151320695877075
23,1,5,79,-81,81,0,0.900976657867432,-1,-1,-1,-1,0.301454067230225
23,1,5,80,-3,3,0,0.400564908981323,-1,-1,-1,-1,0.650976657867432
23,1,5,81,-3,3,0,0.26931619644165,-1,-1,-1,-1,0.150564908981323
23,1,5,82,-3,3,0,0.283842802047729,-1,-1,-1,-1,0.0193161964416504
23,1,5,83,-81,81,0,0.685510873794556,-1,-1,-1,-1,0.0338428020477295
23,1,5,84,-3,3,0,0.917714834213257,-1,-1,-1,-1,0.435510873794556
23,1,5,85,-27,27,0,0.317146062850952,-1,-1,-1,-1,0.667714834213257
23,1,5,89,-3,3,1,0.933881282806396,-1,-1,-1,-1,0.601001739501953
23,1,5,90,81,81,1,0.902637720108032,-1,1,-1,-1,0.683881282806396
23,1,5,91,-81,81,0,0.700944662094116,1,1,1,-1,0.652637720108032
23,1,5,92,-9,9,0,1.41759705543518,-1,-1,1,1,0.450944662094116
23,1,5,93,-9,9,0,1.1689248085022,-1,-1,-1,-1,1.16759705543518
23,1,5,94,-81,81,0,1.01858067512512,-1,-1,-1,-1,0.918924808502197
23,1,5,95,81,81,1,0.702790260314941,-1,-1,-1,-1,0.768580675125122
23,1,5,96,9,9,1,0.518871068954468,1,1,-1,-1,0.452790260314941
23,1,5,97,0,0,1,0.617188692092896,1,1,1,1,0.268871068954468
23,1,5,98,9,9,0,0.385201692581177,1,1,1,1,0.367188692092896
23,1,5,99,-0,0,1,0.50102424621582,1,-1,1,1,0.135201692581177
23,1,6,2,-0,0,0,0.683835744857788,-1,-1,-1,-1,0.9364173412323
23,1,6,3,-0,0,0,0.485372304916382,-1,-1,-1,-1,0.433835744857788
23,1,6,4,-9,9,1,0.784310340881348,-1,-1,-1,-1,0.235372304916382
23,1,6,5,81,81,1,0.734308481216431,-1,1,-1,-1,0.534310340881348
23,1,6,6,9,9,1,0.486056804656982,1,1,1,-1,0.484308481216431
23,1,6,7,0,0,1,0.367633581161499,1,1,1,1,0.236056804656982
23,1,6,8,-3,3,1,0.517189502716064,1,1,1,1,0.117633581161499
23,1,6,9,-3,3,0,0.786128997802734,-1,1,1,1,0.267189502716064
23,1,6,10,-3,3,0,0.45200252532959,-1,-1,1,-1,0.536128997802734
23,1,6,15,27,27,1,0.46944260597229,-1,1,-1,-1,0.550471305847168
23,1,6,16,3,3,1,0.784252882003784,1,1,1,-1,0.21944260597229
23,1,6,17,27,27,1,0.734466552734375,1,1,1,1,0.534252882003784
23,1,6,18,3,3,0,0.585545301437378,1,1,1,1,0.484466552734375
23,1,6,22,3,3,1,0.436129093170166,1,-1,1,1,0.501826047897339
23,1,6,23,3,3,1,1.01771402359009,1,1,-1,1,0.186129093170166
23,1,6,24,81,81,1,0.885850667953491,1,1,1,1,0.767714023590088
23,1,6,25,27,27,1,0.583869934082031,1,1,1,1,0.635850667953491
23,1,6,26,81,81,1,0.584694385528564,1,1,1,1,0.333869934082031
23,1,6,27,-27,27,0,0.569121599197388,1,1,1,1,0.334694385528564
23,1,6,28,-81,81,0,0.683861970901489,-1,-1,1,1,0.319121599197388
23,1,6,29,-27,27,0,0.401872158050537,-1,-1,-1,-1,0.433861970901489
23,1,6,30,-9,9,0,0.267604351043701,-1,-1,-1,-1,0.151872158050537
23,1,6,31,-3,3,1,0.718777894973755,-1,-1,-1,-1,0.0176043510437012
23,1,6,35,-0,0,1,0.585464954376221,-1,-1,-1,-1,0.319381237030029
23,1,6,36,9,9,0,0.650992155075073,-1,1,-1,-1,0.335464954376221
23,1,6,37,81,81,1,0.467706680297852,1,-1,1,-1,0.400992155075073
23,1,6,38,81,81,1,0.602556943893433,1,1,-1,1,0.217706680297852
23,1,6,39,3,3,1,0.767163991928101,1,1,1,1,0.352556943893433
23,1,6,40,81,81,1,0.267685413360596,1,1,1,1,0.517163991928101
23,1,6,41,-81,81,0,0.634397506713867,1,1,1,1,0.0176854133605957
23,1,6,42,81,81,1,0.652563810348511,-1,-1,1,1,0.384397506713867
23,1,6,43,81,81,1,0.534944772720337,1,1,-1,-1,0.402563810348511
23,1,6,44,27,27,1,0.367658615112305,1,1,1,1,0.284944772720337
23,1,6,45,27,27,1,0.734262466430664,1,1,1,1,0.117658615112305
23,1,6,46,-0,0,0,0.652225255966187,1,1,1,1,0.484262466430664
23,1,6,51,-27,27,0,0.369095325469971,-1,-1,-1,-1,0.452314853668213
23,1,6,52,-81,81,0,0.73392128944397,-1,-1,-1,-1,0.119095325469971
23,1,6,53,-27,27,0,0.586000442504883,-1,-1,-1,-1,0.48392128944397
23,1,6,54,-3,3,0,0.936038255691528,-1,-1,-1,-1,0.336000442504883
23,1,6,55,-27,27,0,0.685365915298462,-1,-1,-1,-1,0.686038255691528
23,1,6,56,-9,9,0,0.417183637619019,-1,-1,-1,-1,0.435365915298462
23,1,6,57,-3,3,0,0.301106929779053,-1,-1,-1,-1,0.167183637619019
23,1,6,58,-27,27,0,0.419425010681152,-1,-1,-1,-1,0.0511069297790527
23,1,6,59,-3,3,0,0.502334833145142,-1,-1,-1,-1,0.169425010681152
23,1,6,60,27,27,1,0.517602205276489,-1,-1,-1,-1,0.252334833145142
23,1,6,61,81,81,1,0.634268760681152,1,1,-1,-1,0.267602205276489
23,1,6,62,3,3,1,0.701095581054688,1,1,1,1,0.384268760681152
23,1,6,63,81,81,1,0.585516691207886,1,1,1,1,0.451095581054688
23,1,6,64,81,81,1,0.600926399230957,1,1,1,1,0.335516691207886
23,1,6,65,9,9,1,1.00123524665833,1,1,1,1,0.350926399230957
23,1,6,66,0,0,0,0.801011085510254,1,1,1,1,0.751235246658325
23,1,6,67,3,3,0,0.700988531112671,1,-1,1,1,0.551011085510254
23,1,6,68,3,3,1,0.567773342132568,1,-1,-1,1,0.450988531112671
23,1,6,69,9,9,1,0.600991487503052,1,1,-1,1,0.317773342132568
23,1,6,70,-81,81,0,0.767734289169312,1,1,1,1,0.350991487503052
23,1,6,71,-27,27,0,0.969420194625854,-1,-1,1,1,0.517734289169312
23,1,6,72,-3,3,0,0.702334880828857,-1,-1,-1,-1,0.719420194625854
23,1,6,73,27,27,1,1.06764030456543,-1,-1,-1,-1,0.452334880828857
23,1,6,74,9,9,0,0.400506258010864,1,1,-1,-1,0.81764030456543
23,1,6,75,3,3,0,0.485291957855225,1,-1,1,1,0.150506258010864
23,1,6,76,81,81,1,0.55051851272583,1,-1,-1,1,0.235291957855225
23,1,6,77,-9,9,0,0.817667722702026,1,1,-1,1,0.30051851272583
23,1,6,78,-81,81,0,1.11764287948608,-1,-1,1,1,0.567667722702026
23,1,6,79,81,81,1,0.517168045043945,-1,-1,-1,-1,0.867642879486084
23,1,6,80,27,27,1,0.668201923370361,1,1,-1,-1,0.267168045043945
23,1,6,81,-81,81,0,0.584345102310181,1,1,1,1,0.418201923370361
23,1,6,82,27,27,1,0.618952989578247,-1,-1,1,1,0.334345102310181
23,1,6,83,9,9,0,0.868213653564453,1,1,-1,-1,0.368952989578247
23,1,6,84,9,9,0,0.95283842086792,1,-1,1,1,0.618213653564453
23,1,6,85,27,27,1,0.769214630126953,1,-1,-1,1,0.70283842086792
23,1,6,86,-0,0,0,0.819005966186523,1,1,-1,1,0.519214630126953
23,1,6,87,-3,3,0,0.452480316162109,-1,-1,1,1,0.569005966186523
23,1,6,91,9,9,1,0.618288516998291,1,-1,1,1,0.451350688934326
23,1,6,92,-9,9,1,0.800936937332153,1,1,-1,1,0.368288516998291
23,1,6,93,-9,9,0,0.567645788192749,-1,1,1,1,0.550936937332153
23,1,6,94,9,9,0,0.951970815658569,-1,-1,1,-1,0.317645788192749
23,1,6,95,9,9,1,0.535279750823975,1,-1,-1,-1,0.701970815658569
23,1,6,96,9,9,1,0.485763311386108,1,1,-1,1,0.285279750823975
23,1,6,97,0,0,1,0.335522651672363,1,1,1,1,0.235763311386108
23,1,6,98,-27,27,0,0.850934028625488,1,1,1,1,0.0855226516723633
23,1,6,99,-9,9,0,0.417832612991333,-1,-1,1,1,0.600934028625488
23,2,1,2,-81,81,0,0.819342136383057,-1,-1,1,-1,0.834989070892334
23,2,1,3,-27,27,0,0.985136032104492,-1,-1,-1,-1,0.569342136383057
23,2,1,4,-3,3,1,0.867693424224854,-1,-1,-1,-1,0.735136032104492
23,2,1,5,3,3,0,0.752164602279663,-1,1,-1,-1,0.617693424224854
23,2,1,6,-9,9,0,1.08381009101868,1,-1,1,-1,0.502164602279663
23,2,1,7,9,9,0,0.752326011657715,-1,-1,-1,1,0.833810091018677
23,2,1,8,27,27,1,0.900500059127808,1,-1,-1,-1,0.502326011657715
23,2,1,9,9,9,0,0.569350004196167,1,1,-1,1,0.650500059127808
23,2,1,10,9,9,0,0.602675914764404,1,-1,1,1,0.319350004196167
23,2,1,11,3,3,0,0.968883991241455,1,-1,-1,1,0.352675914764404
23,2,1,12,0,0,1,0.883844137191772,1,-1,-1,1,0.718883991241455
23,2,1,13,27,27,1,0.68580150604248,1,1,-1,1,0.633844137191772
23,2,1,14,9,9,1,0.835299968719482,1,1,1,1,0.43580150604248
23,2,1,15,3,3,1,0.551340818405151,1,1,1,1,0.585299968719482
23,2,1,19,9,9,1,0.685468196868896,-1,-1,1,1,0.385790824890137
23,2,1,20,0,0,0,0.702194452285767,1,1,-1,-1,0.435468196868896
23,2,1,21,3,3,1,0.533830881118774,1,-1,1,1,0.452194452285767
23,2,1,22,-27,27,0,0.685874223709106,1,1,-1,1,0.283830881118774
23,2,1,23,-3,3,0,0.517206907272339,-1,-1,1,1,0.435874223709106
23,2,1,24,-81,81,0,0.819163799285889,-1,-1,-1,-1,0.267206907272339
23,2,1,25,3,3,1,0.701539754867554,-1,-1,-1,-1,0.569163799285889
23,2,1,26,81,81,1,0.735564470291138,1,1,-1,-1,0.451539754867554
23,2,1,27,27,27,1,0.617687225341797,1,1,1,1,0.485564470291138
23,2,1,28,9,9,1,0.600942373275757,1,1,1,1,0.367687225341797
23,2,1,29,0,0,1,1.03536891937256,1,1,1,1,0.350942373275757
23,2,1,30,27,27,1,0.68432092666626,1,1,1,1,0.785368919372559
23,2,1,31,-3,3,0,0.785347461700439,1,1,1,1,0.43432092666626
23,2,1,32,-9,9,0,0.418934345245361,-1,-1,1,1,0.535347461700439
23,2,1,33,0,0,0,0.619086265563965,-1,-1,-1,-1,0.168934345245361
23,2,1,34,-3,3,0,0.702605962753296,1,-1,-1,-1,0.369086265563965
23,2,1,35,-3,3,1,0.46800708770752,-1,-1,-1,1,0.452605962753296
23,2,1,36,-3,3,0,0.752228498458862,-1,1,-1,-1,0.21800708770752
23,2,1,37,27,27,1,0.735181570053101,-1,-1,1,-1,0.502228498458862
23,2,1,38,-0,0,1,0.719009876251221,1,1,-1,-1,0.485181570053101
23,2,1,39,-9,9,0,0.485823392868042,-1,1,1,1,0.469009876251221
23,2,1,40,9,9,0,0.901467323303223,-1,-1,1,-1,0.235823392868042
23,2,1,41,81,81,1,0.63544774055481,1,-1,-1,-1,0.651467323303223
23,2,1,42,9,9,1,1.38440442085266,1,1,-1,1,0.38544774055481
23,2,1,43,-27,27,0,0.502078771591187,1,1,1,1,1.13440442085266
23,2,1,44,0,0,0,0.602540016174316,-1,-1,1,1,0.252078771591187
23,2,1,45,-9,9,0,0.518557548522949,1,-1,-1,-1,0.352540016174316
23,2,1,46,81,81,1,0.684347867965698,-1,-1,-1,1,0.268557548522949
23,2,1,47,-9,9,0,0.585673809051514,1,1,-1,-1,0.434347867965698
23,2,1,48,3,3,1,0.535240888595581,-1,-1,1,1,0.335673809051514
23,2,1,49,-81,81,0,0.402657032012939,1,1,-1,-1,0.285240888595581
23,2,1,50,-3,3,0,0.767639875411987,-1,-1,1,1,0.152657032012939
23,2,1,51,3,3,1,0.618737459182739,-1,-1,-1,-1,0.517639875411987
23,2,1,52,-27,27,0,0.450500011444092,1,1,-1,-1,0.368737459182739
23,2,1,53,-3,3,0,0.383826494216919,-1,-1,1,1,0.200500011444092
23,2,1,54,-27,27,0,0.417913675308228,-1,-1,-1,-1,0.133826494216919
23,2,1,55,27,27,1,0.519291639328003,-1,-1,-1,-1,0.167913675308228
23,2,1,56,-27,27,0,0.767139434814453,1,1,-1,-1,0.269291639328003
23,2,1,57,-81,81,0,0.50094747543335,-1,-1,1,1,0.517139434814453
23,2,1,58,-9,9,1,0.635835886001587,-1,-1,-1,-1,0.25094747543335
23,2,1,59,-27,27,0,0.301154613494873,-1,1,-1,-1,0.385835886001587
23,2,1,60,81,81,1,0.585908174514771,-1,-1,1,-1,0.051154613494873
23,2,1,61,81,81,1,0.533847570419312,1,1,-1,-1,0.335908174514771
23,2,1,62,-27,27,0,0.568934917449951,1,1,1,1,0.283847570419312
23,2,1,63,-27,27,0,0.467156648635864,-1,-1,1,1,0.318934917449951
23,2,1,64,-9,9,1,0.519232273101807,-1,-1,-1,-1,0.217156648635864
23,2,1,65,-3,3,0,0.502100706100464,-1,1,-1,-1,0.269232273101807
23,2,1,69,81,81,1,0.619069576263428,1,1,-1,-1,0.502611398696899
23,2,1,70,3,3,1,0.885839939117432,1,1,1,1,0.369069576263428
23,2,1,71,-81,81,0,0.58614706993103,1,1,1,1,0.635839939117432
23,2,1,72,-81,81,0,0.5179762840271,-1,-1,1,1,0.33614706993103
23,2,1,73,81,81,1,0.518484115600586,-1,-1,-1,-1,0.2679762840271
23,2,1,74,27,27,1,0.552269458770752,1,1,-1,-1,0.268484115600586
23,2,1,75,-0,0,0,0.883846521377563,1,1,1,1,0.302269458770752
23,2,1,76,-9,9,0,0.484300851821899,-1,-1,1,1,0.633846521377563
23,2,1,77,0,0,1,0.368821144104004,-1,-1,-1,-1,0.234300851821899
23,2,1,78,81,81,1,0.53587818145752,1,1,-1,-1,0.118821144104004
23,2,1,79,-81,81,0,0.30048656463623,1,1,1,1,0.28587818145752
23,2,1,80,27,27,1,0.352109670639038,-1,-1,1,1,0.0504865646362305
23,2,1,81,27,27,1,0.56887674331665,1,1,-1,-1,0.102109670639038
23,2,1,85,27,27,1,0.517915964126587,1,1,-1,1,0.501017093658447
23,2,1,86,27,27,1,0.584296703338623,1,1,1,1,0.267915964126587
23,2,1,87,-0,0,1,1.26865291595459,1,1,1,1,0.334296703338623
23,2,1,88,-9,9,0,0.852104187011719,-1,1,1,1,1.01865291595459
23,2,1,89,3,3,1,0.551985740661621,-1,-1,1,-1,0.602104187011719
23,2,1,90,-9,9,0,0.817139625549316,1,1,-1,-1,0.301985740661621
23,2,1,91,27,27,1,0.551196098327637,-1,-1,1,1,0.567139625549316
23,2,1,92,-81,81,0,0.586094379425049,1,1,-1,-1,0.301196098327637
23,2,1,93,9,9,1,0.603041648864746,-1,-1,1,1,0.336094379425049
23,2,1,94,81,81,1,0.584320545196533,1,1,-1,-1,0.353041648864746
23,2,1,95,27,27,1,0.552513122558594,1,1,1,1,0.334320545196533
23,2,1,96,81,81,1,0.535517454147339,1,1,1,1,0.302513122558594
23,2,1,97,0,0,0,1.16917395591736,1,1,1,1,0.285517454147339
23,2,1,98,3,3,1,0.618724584579468,1,-1,1,1,0.919173955917358
23,2,1,99,-9,9,1,0.502202749252319,1,1,-1,1,0.368724584579468
23,2,2,2,-3,3,0,0.684343576431274,-1,-1,-1,-1,0.352485179901123
23,2,2,3,-81,81,0,0.567839860916138,-1,-1,-1,-1,0.434343576431274
23,2,2,4,-27,27,0,0.351040124893188,-1,-1,-1,-1,0.317839860916138
23,2,2,5,-27,27,0,0.469252347946167,-1,-1,-1,-1,0.101040124893188
23,2,2,6,-0,0,0,0.584871292114258,-1,-1,-1,-1,0.219252347946167
23,2,2,7,9,9,0,0.367178678512573,-1,-1,-1,-1,0.334871292114258
23,2,2,8,3,3,1,0.618485927581787,1,-1,-1,-1,0.117178678512573
23,2,2,9,0,0,1,0.450501203536987,1,1,-1,1,0.368485927581787
23,2,2,10,27,27,1,0.735442161560059,1,1,1,1,0.200501203536987
23,2,2,11,9,9,1,0.26764702796936,1,1,1,1,0.485442161560059
23,2,2,12,27,27,1,0.401386260986328,1,1,1,1,0.0176470279693604
23,2,2,13,3,3,1,0.285942077636719,1,1,1,1,0.151386260986328
23,2,2,14,3,3,1,0.686059951782227,1,1,1,1,0.0359420776367188
23,2,2,15,27,27,1,0.56892991065979,1,1,1,1,0.436059951782227
23,2,2,16,-81,81,0,0.467238903045654,1,1,1,1,0.31892991065979
23,2,2,17,-9,9,0,0.485508918762207,-1,-1,1,1,0.217238903045654
23,2,2,18,-9,9,0,0.435802459716797,-1,-1,-1,-1,0.235508918762207
23,2,2,19,3,3,0,0.467609643936157,-1,-1,-1,-1,0.185802459716797
23,2,2,20,-0,0,1,0.685441493988037,1,-1,-1,-1,0.217609643936157
23,2,2,21,-9,9,1,0.483814239501953,-1,1,-1,1,0.435441493988037
23,2,2,22,-3,3,0,0.902446508407593,-1,1,1,-1,0.233814239501953
23,2,2,23,-81,81,0,0.519220113754272,-1,-1,1,-1,0.652446508407593
23,2,2,24,9,9,0,0.500498294830322,-1,-1,-1,-1,0.269220113754272
23,2,2,25,27,27,1,0.484615087509155,1,-1,-1,-1,0.250498294830322
23,2,2,26,-81,81,0,0.469277620315552,1,1,-1,1,0.234615087509155
23,2,2,27,-3,3,0,0.517625093460083,-1,-1,1,1,0.219277620315552
23,2,2,28,-81,81,0,0.350940942764282,-1,-1,-1,-1,0.267625093460083
23,2,2,29,-27,27,0,0.36766791343689,-1,-1,-1,-1,0.100940942764282
23,2,2,30,-9,9,0,0.484278202056885,-1,-1,-1,-1,0.11766791343689
23,2,2,31,-81,81,0,0.367941617965698,-1,-1,-1,-1,0.234278202056885
23,2,2,32,-9,9,0,0.519401550292969,-1,-1,-1,-1,0.117941617965698
23,2,2,33,-81,81,0,0.30137038230896,-1,-1,-1,-1,0.269401550292969
23,2,2,34,27,27,1,0.402471542358398,-1,-1,-1,-1,0.05137038230896
23,2,2,35,9,9,1,0.685374021530151,1,1,-1,-1,0.152471542358398
23,2,2,36,9,9,1,0.718552112579346,1,1,1,1,0.435374021530151
23,2,2,37,27,27,1,0.368093729019165,1,1,1,1,0.468552112579346
23,2,2,38,27,27,1,0.50052809715271,1,1,1,1,0.118093729019165
23,2,2,39,9,9,1,0.467737436294556,1,1,1,1,0.25052809715271
23,2,2,40,27,27,1,0.300466299057007,1,1,1,1,0.217737436294556
23,2,2,41,81,81,1,0.353452205657959,1,1,1,1,0.0504662990570068
23,2,2,42,3,3,1,0.784328460693359,1,1,1,1,0.103452205657959
23,2,2,46,0,0,1,0.51714563369751,1,1,1,1,0.0859076976776123
23,2,2,47,3,3,1,0.417659521102905,1,1,1,1,0.26714563369751
23,2,2,48,3,3,1,0.318171501159668,1,1,1,1,0.167659521102905
23,2,2,49,9,9,0,0.252690315246582,1,1,1,1,0.068171501159668
23,2,2,50,3,3,0,0.417607307434082,1,-1,1,1,0.00269031524658203
23,2,2,51,27,27,1,0.617220401763916,1,-1,-1,1,0.167607307434082
23,2,2,52,0,0,1,0.300987482070923,1,1,-1,1,0.367220401763916
23,2,2,53,3,3,0,0.351090908050537,1,1,1,1,0.0509874820709229
23,2,2,57,-81,81,0,1.16950702667236,1,1,1,1,0.202548503875732
23,2,2,58,27,27,1,0.435075044631958,-1,-1,1,1,0.919507026672363
23,2,2,59,3,3,1,0.469167947769165,1,1,-1,-1,0.185075044631958
23,2,2,60,27,27,1,0.285454511642456,1,1,1,1,0.219167947769165
23,2,2,61,-9,9,1,0.719043493270874,1,1,1,1,0.0354545116424561
23,2,2,62,-0,0,1,0.434316635131836,-1,1,1,1,0.469043493270874
23,2,2,63,-27,27,0,0.535236120223999,-1,1,1,-1,0.184316635131836
23,2,2,64,-3,3,0,0.4005126953125,-1,-1,1,-1,0.285236120223999
23,2,2,65,27,27,1,0.502845048904419,-1,-1,-1,-1,0.1505126953125
23,2,2,66,-81,81,0,0.334270477294922,1,1,-1,-1,0.252845048904419
23,2,2,67,-3,3,0,0.769311428070068,-1,-1,1,1,0.0842704772949219
23,2,2,68,9,9,1,0.484814405441284,-1,-1,-1,-1,0.519311428070068
23,2,2,69,3,3,1,0.668498754501343,1,1,-1,-1,0.234814405441284
23,2,2,70,-81,81,0,0.451287508010864,1,1,1,1,0.418498754501343
23,2,2,71,0,0,0,0.551010370254517,-1,-1,1,1,0.201287508010864
23,2,2,72,9,9,1,0.350997447967529,1,-1,-1,-1,0.301010370254517
23,2,2,73,0,0,0,0.468440771102905,1,1,-1,1,0.100997447967529
23,2,2,74,81,81,1,0.452158212661743,1,-1,1,1,0.218440771102905
23,2,2,75,81,81,1,0.517635583877563,1,1,-1,1,0.202158212661743
23,2,2,76,27,27,1,0.333835601806641,1,1,1,1,0.267635583877563
23,2,2,77,-3,3,1,0.600940704345703,1,1,1,1,0.0838356018066406
23,2,2,78,-9,9,0,0.567742347717285,-1,1,1,1,0.350940704345703
23,2,2,79,-81,81,0,0.418868064880371,-1,-1,1,-1,0.317742347717285
23,2,2,80,-27,27,0,0.583854198455811,-1,-1,-1,-1,0.168868064880371
23,2,2,81,-81,81,0,0.535547018051147,-1,-1,-1,-1,0.333854198455811
23,2,2,82,-81,81,0,0.735418558120728,-1,-1,-1,-1,0.285547018051147
23,2,2,86,81,81,1,0.468431711196899,1,1,-1,-1,0.202173233032227
23,2,2,87,27,27,1,0.434278249740601,1,1,1,1,0.218431711196899
23,2,2,88,-3,3,1,0.283848762512207,1,1,1,1,0.184278249740601
23,2,2,89,-0,0,1,0.702396631240845,-1,1,1,1,0.033848762512207
23,2,2,90,-9,9,1,0.350556135177612,-1,1,1,-1,0.452396631240845
23,2,2,91,-3,3,0,0.28429388999939,-1,1,1,-1,0.100556135177612
23,2,2,92,-27,27,0,0.35051965713501,-1,-1,1,-1,0.0342938899993896
23,2,2,93,-9,9,0,0.352434873580933,-1,-1,-1,-1,0.10051965713501
23,2,2,98,-3,3,1,0.33429217338562,1,1,1,1,0.701969861984253
23,2,2,99,-0,0,0,0.267605066299438,-1,1,1,1,0.0842921733856201
23,2,3,2,81,81,1,0.519157648086548,-1,-1,1,1,0.217381238937378
23,2,3,3,3,3,0,0.65227198600769,1,1,-1,-1,0.269157648086548
23,2,3,4,-3,3,0,0.619539260864258,1,-1,1,1,0.40227198600769
23,2,3,5,-9,9,1,0.434271335601807,-1,-1,-1,1,0.369539260864258
23,2,3,6,0,0,0,0.468270063400269,-1,1,-1,-1,0.184271335601807
23,2,3,7,-27,27,0,0.485946655273438,1,-1,1,-1,0.218270063400269
23,2,3,8,3,3,0,0.253024578094482,-1,-1,-1,1,0.235946655273438
23,2,3,9,-3,3,0,0.76761269569397,1,-1,-1,-1,0.00302457809448242
23,2,3,10,27,27,1,0.352148771286011,-1,-1,-1,1,0.51761269569397
23,2,3,14,9,9,0,0.252154350280762,-1,-1,1,1,0.202383756637573
23,2,3,15,81,81,1,0.318874835968018,1,-1,-1,-1,0.00215435028076172
23,2,3,16,-9,9,1,0.335810899734497,1,1,-1,1,0.0688748359680176
23,2,3,20,3,3,1,0.334514856338501,-1,-1,1,1,0.335514545440674
23,2,3,21,-27,27,0,0.534340858459473,1,1,-1,-1,0.084514856338501
23,2,3,25,9,9,0,0.401025533676147,-1,-1,1,1,0.351073026657104
23,2,3,26,-81,81,0,0.483837366104126,1,-1,-1,-1,0.151025533676147
23,2,3,27,-81,81,0,0.550961494445801,-1,-1,-1,1,0.233837366104126
23,2,3,28,81,81,1,0.450968265533447,-1,-1,-1,-1,0.300961494445801
23,2,3,29,-9,9,0,0.467177152633667,1,1,-1,-1,0.200968265533447
23,2,3,30,3,3,0,0.251024961471558,-1,-1,1,1,0.217177152633667
23,2,3,31,-0,0,1,0.333805084228516,1,-1,-1,-1,0.00102496147155762
23,2,3,32,3,3,0,0.419208765029907,-1,1,-1,1,0.0838050842285156
23,2,3,33,-81,81,0,0.618987798690796,1,-1,1,-1,0.169208765029907
23,2,3,34,-9,9,0,0.884490728378296,-1,-1,-1,1,0.368987798690796
23,2,3,35,81,81,1,0.267648696899414,-1,-1,-1,-1,0.634490728378296
23,2,3,36,-81,81,0,0.669343233108521,1,1,-1,-1,0.0176486968994141
23,2,3,37,81,81,1,0.484266996383667,-1,-1,1,1,0.419343233108521
23,2,3,38,-3,3,0,0.367152452468872,1,1,-1,-1,0.234266996383667
23,2,3,39,81,81,1,0.384287118911743,-1,-1,1,1,0.117152452468872
23,2,3,40,-3,3,1,0.367154836654663,1,1,-1,-1,0.134287118911743
23,2,3,41,-9,9,0,0.717775583267212,-1,1,1,1,0.117154836654663
23,2,3,42,27,27,1,0.367637634277344,-1,-1,1,-1,0.467775583267212
23,2,3,43,27,27,1,0.501576662063599,1,1,-1,-1,0.117637634277344
23,2,3,44,-27,27,0,0.517621040344238,1,1,1,1,0.251576662063599
23,2,3,45,9,9,0,0.267632722854614,-1,-1,1,1,0.267621040344238
23,2,3,46,-3,3,1,0.334287166595459,1,-1,-1,-1,0.0176327228546143
23,2,3,47,-0,0,0,0.519384860992432,-1,1,-1,1,0.084287166595459
23,2,3,48,0,0,1,0.333813190460205,-1,-1,1,-1,0.269384860992432
23,2,3,49,-3,3,0,0.500519514083862,1,1,-1,-1,0.0838131904602051
23,2,3,50,3,3,0,0.918514490127563,-1,-1,1,1,0.250519514083862
23,2,3,51,-3,3,0,0.452676296234131,1,-1,-1,-1,0.668514490127563
23,2,3,52,27,27,1,0.352498054504395,-1,-1,-1,1,0.202676296234131
23,2,3,53,-27,27,0,0.834988594055176,1,1,-1,-1,0.102498054504395
23,2,3,54,81,81,1,0.702182292938232,-1,-1,1,1,0.584988594055176
23,2,3,55,81,81,1,0.569232940673828,1,1,-1,-1,0.452182292938232
23,2,3,56,-81,81,0,0.46714448928833,1,1,1,1,0.319232940673828
23,2,3,57,81,81,1,0.550968170166016,-1,-1,1,1,0.21714448928833
23,2,3,61,9,9,0,0.452110290527344,-1,-1,-1,1,0.00202369689941406
23,2,3,62,-9,9,1,0.733856916427612,1,-1,-1,-1,0.202110290527344
23,2,3,63,9,9,1,0.468436002731323,-1,1,-1,1,0.483856916427612
23,2,3,64,3,3,0,0.834725141525269,1,1,1,-1,0.218436002731323
23,2,3,65,81,81,1,0.635558128356934,1,-1,1,1,0.584725141525269
23,2,3,66,-9,9,0,0.484521389007568,1,1,-1,1,0.385558128356934
23,2,3,67,-0,0,1,0.601065158843994,-1,-1,1,1,0.234521389007568
23,2,3,68,-81,81,0,0.58543586730957,-1,1,-1,-1,0.351065158843994
23,2,3,69,9,9,1,0.618707656860352,-1,-1,1,-1,0.33543586730957
23,2,3,70,-27,27,0,0.585440158843994,1,1,-1,-1,0.368707656860352
23,2,3,71,27,27,1,0.334416627883911,-1,-1,1,1,0.335440158843994
23,2,3,72,-81,81,0,0.352776288986206,1,1,-1,-1,0.0844166278839111
23,2,3,73,81,81,1,0.351107597351074,-1,-1,1,1,0.102776288986206
23,2,3,74,27,27,1,0.802533149719238,1,1,-1,-1,0.101107597351074
23,2,3,75,-81,81,0,0.400998115539551,1,1,1,1,0.552533149719238
23,2,3,76,3,3,1,1.25205421447754,-1,-1,1,1,0.150998115539551
23,2,3,77,-81,81,0,0.583855628967285,1,1,-1,-1,1.00205421447754
23,2,3,78,9,9,0,0.46913480758667,-1,-1,1,1,0.333855628967285
23,2,3,79,-9,9,1,0.917766332626343,1,-1,-1,-1,0.21913480758667
23,2,3,80,3,3,0,0.385931253433228,-1,1,-1,1,0.667766332626343
23,2,3,87,27,27,1,0.550498247146606,-1,-1,1,1,0.535445213317871
23,2,3,91,3,3,0,0.634343862533569,-1,-1,1,1,0.234755516052246
23,2,3,92,0,0,0,0.718016862869263,1,-1,-1,-1,0.384343862533569
23,2,3,93,-0,0,0,0.767615556716919,1,-1,-1,1,0.468016862869263
23,2,3,94,-9,9,0,0.51772141456604,-1,-1,-1,1,0.517615556716919
23,2,3,95,27,27,1,0.367799997329712,-1,-1,-1,-1,0.26772141456604
23,2,3,96,9,9,1,0.58583402633667,1,1,-1,-1,0.117799997329712
23,2,3,97,27,27,1,0.535157442092896,1,1,1,1,0.33583402633667
23,2,3,98,-81,81,0,0.68574595451355,1,1,1,1,0.285157442092896
23,2,3,99,81,81,1,0.501803398132324,-1,-1,1,1,0.43574595451355
23,2,4,2,3,3,1,1.26921582221985,1,1,1,1,0.78407883644104
23,2,4,3,27,27,1,0.769163131713867,1,1,1,1,1.01921582221985
23,2,4,4,3,3,1,0.500509023666382,1,1,1,1,0.519163131713867
23,2,4,5,-27,27,0,0.784273624420166,1,1,1,1,0.250509023666382
23,2,4,6,-27,27,0,0.66869592666626,-1,-1,1,1,0.534273624420166
23,2,4,7,-0,0,1,0.584269046783447,-1,-1,-1,-1,0.41869592666626
23,2,4,8,-81,81,0,0.550996065139771,-1,1,-1,-1,0.334269046783447
23,2,4,9,-0,0,0,0.61879301071167,-1,-1,1,-1,0.300996065139771
23,2,4,10,-3,3,0,0.735676050186157,-1,-1,-1,-1,0.36879301071167
23,2,4,11,-9,9,0,0.701968193054199,-1,-1,-1,-1,0.485676050186157
23,2,4,12,-3,3,0,0.33684229850769,-1,-1,-1,-1,0.451968193054199
23,2,4,13,-27,27,0,0.652137279510498,-1,-1,-1,-1,0.0868422985076904
23,2,4,14,-3,3,0,0.851095199584961,-1,-1,-1,-1,0.402137279510498
23,2,4,15,-0,0,1,0.784330606460571,-1,-1,-1,-1,0.601095199584961
23,2,4,16,-0,0,0,0.518406867980957,-1,1,-1,-1,0.534330606460571
23,2,4,17,-3,3,0,0.819321870803833,-1,-1,1,-1,0.268406867980957
23,2,4,18,-3,3,0,0.968808650970459,-1,-1,-1,-1,0.569321870803833
23,2,4,19,-0,0,0,0.802808046340942,-1,-1,-1,-1,0.718808650970459
23,2,4,20,-81,81,0,0.569267511367798,-1,-1,-1,-1,0.552808046340942
23,2,4,21,-81,81,0,0.56770133972168,-1,-1,-1,-1,0.319267511367798
23,2,4,22,3,3,1,0.683844089508057,-1,-1,-1,-1,0.31770133972168
23,2,4,23,81,81,1,0.769314289093018,1,1,-1,-1,0.433844089508057
23,2,4,24,27,27,1,0.619236946105957,1,1,1,1,0.519314289093018
23,2,4,25,27,27,1,0.535147428512573,1,1,1,1,0.369236946105957
23,2,4,26,81,81,1,0.584343194961548,1,1,1,1,0.285147428512573
23,2,4,27,0,0,0,0.485598564147949,1,1,1,1,0.334343194961548
23,2,4,28,3,3,0,1.01926875114441,1,-1,1,1,0.235598564147949
23,2,4,29,3,3,1,0.452418088912964,1,-1,-1,1,0.769268751144409
23,2,4,30,9,9,0,0.502517461776733,1,1,-1,1,0.202418088912964
23,2,4,31,27,27,1,0.551042318344116,1,-1,1,1,0.252517461776733
23,2,4,32,27,27,1,0.652485609054565,1,1,-1,1,0.301042318344116
23,2,4,33,9,9,1,0.634323835372925,1,1,1,1,0.402485609054565
23,2,4,34,-3,3,0,0.536109447479248,1,1,1,1,0.384323835372925
23,2,4,35,-81,81,0,0.685617446899414,-1,-1,1,1,0.286109447479248
23,2,4,36,-3,3,1,0.634439945220947,-1,-1,-1,-1,0.435617446899414
23,2,4,37,-9,9,0,0.835755348205566,-1,1,-1,-1,0.384439945220947
23,2,4,38,27,27,1,0.650485992431641,-1,-1,1,-1,0.585755348205566
23,2,4,39,-81,81,0,0.702580690383911,1,1,-1,-1,0.400485992431641
23,2,4,40,-3,3,1,0.652556419372559,-1,-1,1,1,0.452580690383911
23,2,4,41,-9,9,0,0.418638229370117,-1,1,-1,-1,0.402556419372559
23,2,4,42,-9,9,0,0.552049160003662,-1,-1,1,-1,0.168638229370117
23,2,4,43,-27,27,0,0.535311460494995,-1,-1,-1,-1,0.302049160003662
23,2,4,44,-3,3,0,0.702811717987061,-1,-1,-1,-1,0.285311460494995
23,2,4,45,-81,81,0,0.417692422866821,-1,-1,-1,-1,0.452811717987061
23,2,4,46,-27,27,0,0.418778896331787,-1,-1,-1,-1,0.167692422866821
23,2,4,47,-3,3,0,0.318675756454468,-1,-1,-1,-1,0.168778896331787
23,2,4,51,-81,81,0,0.417628288269043,-1,-1,-1,-1,0.15048623085022
23,2,4,52,-81,81,0,0.585081100463867,-1,-1,-1,-1,0.167628288269043
23,2,4,53,-9,9,0,0.383827209472656,-1,-1,-1,-1,0.335081100463867
23,2,4,54,-9,9,0,0.451060771942139,-1,-1,-1,-1,0.133827209472656
23,2,4,55,-0,0,0,0.536029815673828,-1,-1,-1,-1,0.201060771942139
23,2,4,56,-3,3,0,0.534554958343506,-1,-1,-1,-1,0.286029815673828
23,2,4,57,-9,9,0,0.685328245162964,-1,-1,-1,-1,0.284554958343506
23,2,4,58,0,0,1,0.802608013153076,-1,-1,-1,-1,0.435328245162964
23,2,4,59,81,81,1,0.567838668823242,1,1,-1,-1,0.552608013153076
23,2,4,60,-27,27,0,0.451959133148193,1,1,1,1,0.317838668823242
23,2,4,61,-81,81,0,0.635498285293579,-1,-1,1,1,0.201959133148193
23,2,4,62,0,0,0,1.10255980491638,-1,-1,-1,-1,0.385498285293579
23,2,4,63,27,27,1,0.534913778305054,1,-1,-1,-1,0.852559804916382
23,2,4,64,3,3,0,0.835142135620117,1,1,-1,1,0.284913778305054
23,2,4,65,9,9,1,0.435760021209717,1,-1,1,1,0.585142135620117
23,2,4,66,3,3,0,0.835131168365479,1,1,-1,1,0.185760021209717
23,2,4,67,-81,81,0,0.433813810348511,1,-1,1,1,0.585131168365479
23,2,4,68,-81,81,0,0.602455377578735,-1,-1,-1,1,0.183813810348511
23,2,4,69,-9,9,0,0.850473642349243,-1,-1,-1,-1,0.352455377578735
23,2,4,70,-27,27,0,0.584742784500122,-1,-1,-1,-1,0.600473642349243
23,2,4,71,-27,27,0,0.435330152511597,-1,-1,-1,-1,0.334742784500122
23,2,4,72,-9,9,0,0.668401956558228,-1,-1,-1,-1,0.185330152511597
23,2,4,73,-27,27,0,0.701138734817505,-1,-1,-1,-1,0.418401956558228
23,2,4,74,0,0,1,0.667734622955322,-1,-1,-1,-1,0.451138734817505
23,2,4,75,9,9,0,0.568612575531006,1,1,-1,-1,0.417734622955322
23,2,4,76,3,3,0,0.900498151779175,1,-1,1,1,0.318612575531006
23,2,4,77,27,27,1,0.651915311813354,1,-1,-1,1,0.650498151779175
23,2,4,78,3,3,0,0.685549974441528,1,1,-1,1,0.401915311813354
23,2,4,79,9,9,1,0.750470876693726,1,-1,1,1,0.435549974441528
23,2,4,80,-81,81,0,0.717989206314087,1,1,-1,1,0.500470876693726
23,2,4,81,27,27,1,0.433850049972534,-1,-1,1,1,0.467989206314087
23,2,4,82,81,81,1,0.384573936462402,1,1,-1,-1,0.183850049972534
23,2,4,83,-9,9,0,0.617784976959229,1,1,1,1,0.134573936462402
23,2,4,84,-81,81,0,0.55143404006958,-1,-1,1,1,0.367784976959229
23,2,4,85,-3,3,1,0.867156505584717,-1,-1,-1,-1,0.30143404006958
23,2,4,86,-27,27,0,0.602751493453979,-1,1,-1,-1,0.617156505584717
23,2,4,87,-9,9,0,0.585834980010986,-1,-1,1,-1,0.352751493453979
23,2,4,88,-27,27,0,0.31889533996582,-1,-1,-1,-1,0.335834980010986
23,2,4,89,-9,9,0,0.534283638000488,-1,-1,-1,-1,0.0688953399658203
23,2,4,90,-81,81,0,0.384696483612061,-1,-1,-1,-1,0.284283638000488
23,2,4,91,-0,0,0,0.352680206298828,-1,-1,-1,-1,0.134696483612061
23,2,4,92,9,9,0,0.58428430557251,-1,-1,-1,-1,0.102680206298828
23,2,4,93,-81,81,0,0.717606782913208,1,-1,-1,-1,0.33428430557251
23,2,4,94,-9,9,0,0.58431077003479,-1,-1,-1,1,0.467606782913208
23,2,4,95,-81,81,0,0.35048246383667,-1,-1,-1,-1,0.33431077003479
23,2,4,96,9,9,1,0.417620658874512,-1,-1,-1,-1,0.10048246383667
23,2,4,97,9,9,0,0.602412223815918,1,1,-1,-1,0.167620658874512
23,2,4,98,3,3,1,0.584948539733887,1,-1,1,1,0.352412223815918
23,2,4,99,81,81,1,0.485578775405884,1,1,-1,1,0.334948539733887
23,2,5,2,-0,0,1,0.817146778106689,-1,-1,-1,1,0.318898916244507
23,2,5,3,-3,3,0,0.467612743377686,-1,1,-1,-1,0.567146778106689
23,2,5,4,81,81,1,0.519309043884277,-1,-1,1,-1,0.217612743377686
23,2,5,5,81,81,1,0.467638254165649,1,1,-1,-1,0.269309043884277
23,2,5,6,-27,27,0,0.319239139556885,1,1,1,1,0.217638254165649
23,2,5,7,-27,27,0,0.634988069534302,-1,-1,1,1,0.0692391395568848
23,2,5,8,-9,9,1,0.452380895614624,-1,-1,-1,-1,0.384988069534302
23,2,5,9,9,9,1,0.385120153427124,-1,1,-1,-1,0.202380895614624
23,2,5,10,3,3,1,0.302290678024292,1,1,1,-1,0.135120153427124
23,2,5,11,0,0,1,0.317235231399536,1,1,1,1,0.052290678024292
23,2,5,12,-9,9,1,0.501827955245972,1,1,1,1,0.0672352313995361
23,2,5,13,-27,27,0,0.252466917037964,-1,1,1,1,0.251827955245972
23,2,5,14,0,0,0,0.752315521240234,-1,-1,1,-1,0.00246691703796387
23,2,5,15,9,9,0,0.317691326141357,1,-1,-1,-1,0.502315521240234
23,2,5,16,-9,9,0,0.386161327362061,1,-1,-1,1,0.0676913261413574
23,2,5,24,-81,81,0,0.467754364013672,-1,-1,-1,1,0.318326950073242
23,2,5,25,81,81,1,0.285546779632568,-1,-1,-1,-1,0.217754364013672
23,2,5,26,0,0,1,0.485527515411377,1,1,-1,-1,0.0355467796325684
23,2,5,27,-27,27,0,0.284333467483521,1,1,1,1,0.235527515411377
23,2,5,28,0,0,0,0.651691913604736,-1,-1,1,1,0.0343334674835205
23,2,5,29,3,3,0,0.585618019104004,1,-1,-1,-1,0.401691913604736
23,2,5,30,81,81,1,0.402726650238037,1,-1,-1,1,0.335618019104004
23,2,5,31,81,81,1,0.352168083190918,1,1,-1,1,0.152726650238037
23,2,5,32,-81,81,0,0.335867881774902,1,1,1,1,0.102168083190918
23,2,5,33,-81,81,0,0.368142366409302,-1,-1,1,1,0.0858678817749023
23,2,5,34,-9,9,0,0.534290790557861,-1,-1,-1,-1,0.118142366409302
23,2,5,35,-81,81,0,0.550973653793335,-1,-1,-1,-1,0.284290790557861
23,2,5,39,3,3,1,0.95184588432312,-1,-1,1,1,0.251674652099609
23,2,5,40,-3,3,0,0.452401638031006,1,1,-1,-1,0.70184588432312
23,2,5,44,-0,0,1,0.45280933380127,-1,-1,1,1,0.552333116531372
23,2,5,45,-9,9,0,0.50117826461792,-1,1,-1,-1,0.20280933380127
23,2,5,46,-3,3,1,0.485877752304077,-1,-1,1,-1,0.25117826461792
23,2,5,47,3,3,1,1.4005298614502,-1,1,-1,-1,0.235877752304077
23,2,5,48,27,27,1,0.919391632080078,1,1,1,-1,1.1505298614502
23,2,5,49,9,9,1,0.701014518737793,1,1,1,1,0.669391632080078
23,2,5,50,-0,0,1,0.252239465713501,1,1,1,1,0.451014518737793
23,2,5,51,-3,3,1,0.75229549407959,-1,1,1,1,0.00223946571350098
23,2,5,52,-81,81,0,0.885919094085693,-1,1,1,-1,0.50229549407959
23,2,5,53,-3,3,1,0.817612409591675,-1,-1,1,-1,0.635919094085693
23,2,5,54,27,27,1,0.652560234069824,-1,1,-1,-1,0.567612409591675
23,2,5,55,9,9,0,0.734665870666504,1,1,1,-1,0.402560234069824
23,2,5,56,-9,9,0,0.517641067504883,1,-1,1,1,0.484665870666504
23,2,5,57,27,27,1,0.651904821395874,-1,-1,-1,1,0.267641067504883
23,2,5,58,-81,81,0,0.535565614700317,1,1,-1,-1,0.401904821395874
23,2,5,59,-81,81,0,0.568798780441284,-1,-1,1,1,0.285565614700317
23,2,5,60,27,27,1,0.567207813262939,-1,-1,-1,-1,0.318798780441284
23,2,5,61,-9,9,1,0.685490131378174,1,1,-1,-1,0.317207813262939
23,2,5,62,-81,81,0,0.552719593048096,-1,1,1,1,0.435490131378174
23,2,5,63,9,9,1,0.619221925735474,-1,-1,1,-1,0.302719593048096
23,2,5,64,-9,9,0,1.06930494308472,1,1,-1,-1,0.369221925735474
23,2,5,65,-9,9,1,0.485296010971069,-1,-1,1,1,0.819304943084717
23,2,5,66,-9,9,1,0.650518178939819,-1,1,-1,-1,0.235296010971069
23,2,5,67,-27,27,0,0.634268522262573,-1,1,1,-1,0.400518178939819
23,2,5,68,3,3,0,0.6839280128479,-1,-1,1,-1,0.384268522262573
23,2,5,69,-3,3,0,0.800945281982422,1,-1,-1,-1,0.4339280128479
23,2,5,70,81,81,1,0.934309482574463,-1,-1,-1,1,0.550945281982422
23,2,5,71,-27,27,0,0.684295415878296,1,1,-1,-1,0.684309482574463
23,2,5,72,27,27,1,0.552451372146606,-1,-1,1,1,0.434295415878296
23,2,5,73,-9,9,1,0.484317064285278,1,1,-1,-1,0.302451372146606
23,2,5,74,0,0,1,0.768882513046265,-1,1,1,1,0.234317064285278
23,2,5,75,9,9,0,0.435877084732056,1,1,1,-1,0.518882513046265
23,2,5,76,-27,27,0,0.519330978393555,1,-1,1,1,0.185877084732056
23,2,5,77,-3,3,0,0.51925802230835,-1,-1,-1,1,0.269330978393555
23,2,5,78,27,27,1,0.567659854888916,-1,-1,-1,-1,0.26925802230835
23,2,5,79,-27,27,0,0.568192958831787,1,1,-1,-1,0.317659854888916
23,2,5,80,81,81,1,0.36839747428894,-1,-1,1,1,0.318192958831787
23,2,5,81,-3,3,1,1.08439517021179,1,1,-1,-1,0.11839747428894
23,2,5,85,-3,3,0,0.285845994949341,1,1,1,1,0.336174488067627
23,2,5,86,27,27,1,0.669150352478027,-1,-1,1,1,0.0358459949493408
23,2,5,87,-81,81,0,0.534286975860596,1,1,-1,-1,0.419150352478027
23,2,5,88,27,27,1,0.701858043670654,-1,-1,1,1,0.284286975860596
23,2,5,89,-3,3,1,0.735626459121704,1,1,-1,-1,0.451858043670654
23,2,5,90,27,27,1,0.55224871635437,-1,1,1,1,0.485626459121704
23,2,5,91,3,3,1,0.252118825912476,1,1,1,-1,0.30224871635437
23,2,5,92,-81,81,0,0.467129945755005,1,1,1,1,0.00211882591247559
23,2,5,93,-27,27,0,0.635832786560059,-1,-1,1,1,0.217129945755005
23,2,5,94,-27,27,0,0.317641973495483,-1,-1,-1,-1,0.385832786560059
23,2,5,95,-0,0,0,0.785971403121948,-1,-1,-1,-1,0.0676419734954834
23,2,5,96,-81,81,0,0.55156946182251,-1,-1,-1,-1,0.535971403121948
23,2,5,97,-27,27,0,0.517137765884399,-1,-1,-1,-1,0.30156946182251
23,2,5,98,-3,3,0,0.317787647247314,-1,-1,-1,-1,0.267137765884399
23,2,5,99,3,3,0,0.551123857498169,-1,-1,-1,-1,0.0677876472473145
23,2,6,2,9,9,0,0.700553894042969,-1,-1,-1,-1,0.335208177566528
23,2,6,3,-81,81,0,0.784297227859497,1,-1,-1,-1,0.450553894042969
23,2,6,4,3,3,1,0.668424367904663,-1,-1,-1,1,0.534297227859497
23,2,6,5,-81,81,0,0.534547805786133,1,1,-1,-1,0.418424367904663
23,2,6,6,81,81,1,0.768799304962158,-1,-1,1,1,0.284547805786133
23,2,6,7,-0,0,0,0.717638492584229,1,1,-1,-1,0.518799304962158
23,2,6,8,0,0,0,0.552477359771729,-1,-1,1,1,0.467638492584229
23,2,6,9,9,9,0,0.784753084182739,1,-1,-1,-1,0.302477359771729
23,2,6,10,3,3,0,0.785506248474121,1,-1,-1,1,0.534753084182739
23,2,6,11,-3,3,0,0.734800577163696,1,-1,-1,1,0.535506248474121
23,2,6,12,9,9,1,0.485941410064697,-1,-1,-1,1,0.484800577163696
23,2,6,13,-81,81,0,0.435896158218384,1,1,-1,-1,0.235941410064697
23,2,6,14,3,3,1,0.61716628074646,-1,-1,1,1,0.185896158218384
23,2,6,15,-9,9,1,0.283836841583252,1,1,-1,-1,0.36716628074646
23,2,6,16,3,3,1,0.717641830444336,-1,1,1,1,0.033836841583252
23,2,6,17,-81,81,0,0.585216999053955,1,1,1,-1,0.467641830444336
23,2,6,18,27,27,1,0.319455862045288,-1,-1,1,1,0.335216999053955
23,2,6,19,-3,3,0,0.602338314056396,1,1,-1,-1,0.0694558620452881
23,2,6,20,3,3,0,0.484838247299194,-1,-1,1,1,0.352338314056396
23,2,6,21,-3,3,0,0.41947603225708,1,-1,-1,-1,0.234838247299194
23,2,6,22,81,81,1,0.519006729125977,-1,-1,-1,1,0.16947603225708
23,2,6,23,-27,27,0,0.75306248664856,1,1,-1,-1,0.269006729125977
23,2,6,24,-27,27,0,0.501847267150879,-1,-1,1,1,0.50306248664856
23,2,6,25,3,3,0,0.519342184066772,-1,-1,-1,-1,0.251847267150879
23,2,6,26,3,3,1,0.868664264678955,1,-1,-1,-1,0.269342184066772
23,2,6,27,27,27,1,0.502115488052368,1,1,-1,1,0.618664264678955
23,2,6,28,9,9,1,0.533862590789795,1,1,1,1,0.252115488052368
23,2,6,29,-9,9,0,0.719123601913452,1,1,1,1,0.283862590789795
23,2,6,30,-27,27,0,0.519304275512695,-1,-1,1,1,0.469123601913452
23,2,6,31,27,27,1,0.550564289093018,-1,-1,-1,-1,0.269304275512695
23,2,6,32,-9,9,1,0.58436918258667,1,1,-1,-1,0.300564289093018
23,2,6,33,81,81,1,0.55192494392395,-1,1,1,1,0.33436918258667
23,2,6,34,-27,27,0,0.485352754592896,1,1,1,-1,0.30192494392395
23,2,6,35,9,9,1,0.919208526611328,-1,-1,1,1,0.235352754592896
23,2,6,36,-3,3,1,1.10234236717224,1,1,-1,-1,0.669208526611328
23,2,6,37,9,9,1,1.01760864257812,-1,1,1,1,0.852342367172241
23,2,6,38,-81,81,0,0.568498849868774,1,1,1,-1,0.767608642578125
23,2,6,39,81,81,1,0.386115789413452,-1,-1,1,1,0.318498849868774
23,2,6,40,-3,3,0,0.501316070556641,1,1,-1,-1,0.136115789413452
23,2,6,44,-3,3,1,0.55049204826355,1,1,-1,-1,1.00235247612
23,2,6,45,27,27,1,0.685084819793701,-1,1,1,1,0.30049204826355
23,2,6,46,-3,3,0,0.56763219833374,1,1,1,-1,0.435084819793701
23,2,6,47,81,81,1,0.617716073989868,-1,-1,1,1,0.31763219833374
23,2,6,48,-9,9,0,0.685314655303955,1,1,-1,-1,0.367716073989868
23,2,6,49,81,81,1,0.668671131134033,-1,-1,1,1,0.435314655303955
23,2,6,50,9,9,1,0.984273672103882,1,1,-1,-1,0.418671131134033
23,2,6,51,0,0,1,0.734876155853271,1,1,1,1,0.734273672103882
23,2,6,52,-81,81,0,0.567166328430176,1,1,1,1,0.484876155853271
23,2,6,53,0,0,0,0.56714653968811,-1,-1,1,1,0.317166328430176
23,2,6,54,-9,9,0,0.668767213821411,1,-1,-1,-1,0.31714653968811
23,2,6,55,-3,3,0,0.917674779891968,-1,-1,-1,1,0.418767213821411
23,2,6,56,0,0,1,0.41721248626709,-1,-1,-1,-1,0.667674779891968
23,2,6,57,-0,0,1,0.669232606887817,1,1,-1,-1,0.16721248626709
23,2,6,58,3,3,1,0.602560758590698,-1,1,1,1,0.419232606887817
23,2,6,59,-27,27,0,0.385889291763306,1,1,1,-1,0.352560758590698
23,2,6,60,-27,27,0,0.568490743637085,-1,-1,1,1,0.135889291763306
23,2,6,61,3,3,1,0.702566623687744,-1,-1,-1,-1,0.318490743637085
23,2,6,62,-0,0,1,0.552687883377075,1,1,-1,-1,0.452566623687744
23,2,6,66,27,27,1,0.519352912902832,1,1,-1,-1,0.35265326499939
23,2,6,67,-0,0,1,0.367661476135254,1,1,1,1,0.269352912902832
23,2,6,68,9,9,1,0.650490045547485,-1,1,1,1,0.117661476135254
23,2,6,69,-27,27,0,0.368685483932495,1,1,1,-1,0.400490045547485
23,2,6,70,-9,9,0,0.283877372741699,-1,-1,1,1,0.118685483932495
23,2,6,71,-27,27,0,0.383928537368774,-1,-1,-1,-1,0.0338773727416992
23,2,6,72,3,3,1,0.483835697174072,-1,-1,-1,-1,0.133928537368774
23,2,6,73,-9,9,0,0.586212873458862,1,1,-1,-1,0.233835697174072
23,2,6,74,3,3,1,0.485503673553467,-1,-1,1,1,0.336212873458862
23,2,6,75,-9,9,0,0.452163457870483,1,1,-1,-1,0.235503673553467
23,2,6,76,27,27,1,0.452581405639648,-1,-1,1,1,0.202163457870483
23,2,6,77,-9,9,0,0.768020391464233,1,1,-1,-1,0.202581405639648
23,2,6,78,81,81,1,0.550965070724487,-1,-1,1,1,0.518020391464233
23,2,6,79,-81,81,0,0.501086950302124,1,1,-1,-1,0.300965070724487
23,2,6,80,-81,81,0,0.367862224578857,-1,-1,1,1,0.251086950302124
23,2,6,81,9,9,1,1.2504997253418,-1,-1,-1,-1,0.117862224578857
23,2,6,82,0,0,0,0.701840877532959,1,1,-1,-1,1.0004997253418
23,2,6,83,-27,27,0,0.619166851043701,1,-1,1,1,0.451840877532959
23,2,6,84,27,27,1,0.583878517150879,-1,-1,-1,1,0.369166851043701
23,2,6,85,-81,81,0,0.601690053939819,1,1,-1,-1,0.333878517150879
23,2,6,86,81,81,1,0.417805194854736,-1,-1,1,1,0.351690053939819
23,2,6,87,-81,81,0,0.63530445098877,1,1,-1,-1,0.167805194854736
23,2,6,88,0,0,0,0.967820882797241,-1,-1,1,1,0.38530445098877
23,2,6,89,3,3,0,0.585888147354126,1,-1,-1,-1,0.717820882797241
23,2,6,90,3,3,1,0.56714129447937,1,-1,-1,1,0.335888147354126
23,2,6,91,-81,81,0,0.383815288543701,1,1,-1,1,0.31714129447937
23,2,6,92,3,3,0,0.70095157623291,-1,-1,1,1,0.133815288543701
23,2,6,93,-27,27,0,0.583803653717041,1,-1,-1,-1,0.45095157623291
23,2,6,94,81,81,1,0.734323024749756,-1,-1,-1,1,0.333803653717041
23,2,6,95,-27,27,0,0.668566465377808,1,1,-1,-1,0.484323024749756
23,2,6,96,0,0,1,0.502445697784424,-1,-1,1,1,0.418566465377808
23,2,6,97,-27,27,0,0.501020669937134,1,1,-1,-1,0.252445697784424
23,2,6,98,9,9,1,0.651064157485962,-1,-1,1,1,0.251020669937134
23,2,6,99,-81,81,0,0.367776393890381,1,1,-1,-1,0.401064157485962
23,3,1,2,-27,27,1,1.00151371955872,1,-1,1,1,0.651249408721924
23,3,1,3,27,27,0,0.634329319000244,-1,1,-1,1,0.751513719558716
23,3,1,4,-81,81,0,0.634260654449463,1,-1,1,-1,0.384329319000244
23,3,1,5,3,3,1,1.05290555953979,-1,-1,-1,1,0.384260654449463
23,3,1,6,3,3,1,0.38603949546814,1,1,-1,-1,0.802905559539795
23,3,1,7,-27,27,0,0.568989753723145,1,1,1,1,0.13603949546814
23,3,1,8,9,9,1,0.500992298126221,-1,-1,1,1,0.318989753723145
23,3,1,9,-3,3,0,0.635784149169922,1,1,-1,-1,0.250992298126221
23,3,1,10,81,81,1,0.701973438262939,-1,-1,1,1,0.385784149169922
23,3,1,11,-9,9,0,0.717697858810425,1,1,-1,-1,0.451973438262939
23,3,1,12,-0,0,1,0.535944700241089,-1,-1,1,1,0.467697858810425
23,3,1,13,-81,81,0,0.636081218719482,-1,1,-1,-1,0.285944700241089
23,3,1,14,3,3,1,0.635477066040039,-1,-1,1,-1,0.386081218719482
23,3,1,15,9,9,1,0.702102184295654,1,1,-1,-1,0.385477066040039
23,3,1,16,-3,3,0,0.534343481063843,1,1,1,1,0.452102184295654
23,3,1,17,27,27,1,0.484328031539917,-1,-1,1,1,0.284343481063843
23,3,1,18,-81,81,0,0.618669033050537,1,1,-1,-1,0.234328031539917
23,3,1,19,81,81,1,0.617676734924316,-1,-1,1,1,0.368669033050537
23,3,1,20,-81,81,0,0.369036436080933,1,1,-1,-1,0.367676734924316
23,3,1,21,-81,81,0,0.667688369750977,-1,-1,1,1,0.119036436080933
23,3,1,22,-3,3,0,0.785304307937622,-1,-1,-1,-1,0.417688369750977
23,3,1,23,81,81,1,0.551025629043579,-1,-1,-1,-1,0.535304307937622
23,3,1,24,-9,9,0,0.635753631591797,1,1,-1,-1,0.301025629043579
23,3,1,25,0,0,0,0.350955963134766,-1,-1,1,1,0.385753631591797
23,3,1,26,-0,0,1,0.735323190689087,1,-1,-1,-1,0.100955963134766
23,3,1,27,-9,9,0,0.385669231414795,-1,1,-1,1,0.485323190689087
23,3,1,28,-9,9,0,0.43587589263916,-1,-1,1,-1,0.135669231414795
23,3,1,29,27,27,1,1.33588981628418,-1,-1,-1,-1,0.18587589263916
23,3,1,30,-3,3,1,0.500975370407104,1,1,-1,-1,1.08588981628418
23,3,1,31,9,9,1,0.451787710189819,-1,1,1,1,0.250975370407104
23,3,1,32,-9,9,0,0.602515697479248,1,1,1,-1,0.201787710189819
23,3,1,33,9,9,1,0.501017332077026,-1,-1,1,1,0.352515697479248
23,3,1,34,-3,3,0,0.36761212348938,1,1,-1,-1,0.251017332077026
23,3,1,35,81,81,1,0.519482135772705,-1,-1,1,1,0.11761212348938
23,3,1,36,81,81,1,0.617609977722168,1,1,-1,-1,0.269482135772705
23,3,1,37,27,27,1,0.617622137069702,1,1,1,1,0.367609977722168
23,3,1,38,-9,9,0,0.569527149200439,1,1,1,1,0.367622137069702
23,3,1,39,27,27,1,0.601371288299561,-1,-1,1,1,0.319527149200439
23,3,1,40,81,81,1,0.534302949905396,1,1,-1,-1,0.351371288299561
23,3,1,41,-9,9,0,0.484452247619629,1,1,1,1,0.284302949905396
23,3,1,42,3,3,1,0.700975894927979,-1,-1,1,1,0.234452247619629
23,3,1,43,-9,9,0,0.317207336425781,1,1,-1,-1,0.450975894927979
23,3,1,44,3,3,1,0.35189414024353,-1,-1,1,1,0.0672073364257812
23,3,1,48,3,3,1,0.602402210235596,-1,-1,1,1,0.251456499099731
23,3,1,49,-9,9,0,0.733800172805786,1,1,-1,-1,0.352402210235596
23,3,1,50,27,27,0,0.385993003845215,-1,-1,1,1,0.483800172805786
23,3,1,51,-27,27,0,0.467638492584229,1,-1,-1,-1,0.135993003845215
23,3,1,52,9,9,1,0.50107216835022,-1,-1,-1,1,0.217638492584229
23,3,1,53,27,27,1,0.617666244506836,1,1,-1,-1,0.25107216835022
23,3,1,54,9,9,1,0.652304172515869,1,1,1,1,0.367666244506836
23,3,1,55,-27,27,0,0.4188232421875,1,1,1,1,0.402304172515869
23,3,1,56,27,27,1,0.567638397216797,-1,-1,1,1,0.1688232421875
23,3,1,57,27,27,1,0.519214153289795,1,1,-1,-1,0.317638397216797
23,3,1,58,27,27,1,0.718934535980225,1,1,1,1,0.269214153289795
23,3,1,59,-3,3,0,0.469120025634766,1,1,1,1,0.468934535980225
23,3,1,60,-81,81,0,0.533812046051025,-1,-1,1,1,0.219120025634766
23,3,1,61,9,9,1,0.367760896682739,-1,-1,-1,-1,0.283812046051025
23,3,1,62,27,27,1,0.636327743530273,1,1,-1,-1,0.117760896682739
23,3,1,63,-9,9,0,0.43597412109375,1,1,1,1,0.386327743530273
23,3,1,64,27,27,1,0.417641162872314,-1,-1,1,1,0.18597412109375
23,3,1,65,-81,81,0,0.717747449874878,1,1,-1,-1,0.167641162872314
23,3,1,66,81,81,1,0.317910671234131,-1,-1,1,1,0.467747449874878
23,3,1,67,-0,0,1,1.30215311050415,1,1,-1,-1,0.0679106712341309
23,3,1,68,-0,0,0,0.350470304489136,-1,1,1,1,1.05215311050415
23,3,1,69,81,81,1,0.284315824508667,-1,-1,1,-1,0.100470304489136
23,3,1,70,9,9,1,0.485278129577637,1,1,-1,-1,0.034315824508667
23,3,1,71,-3,3,0,0.268924951553345,1,1,1,1,0.235278129577637
23,3,1,72,81,81,1,0.401049852371216,-1,-1,1,1,0.0189249515533447
23,3,1,73,-0,0,0,0.483876466751099,1,1,-1,-1,0.151049852371216
23,3,1,74,-3,3,1,0.851897716522217,-1,-1,1,1,0.233876466751099
23,3,1,75,81,81,1,0.469021558761597,-1,1,-1,-1,0.601897716522217
23,3,1,76,-9,9,0,1.30252003669739,1,1,1,-1,0.219021558761597
23,3,1,77,0,0,0,0.350548267364502,-1,-1,1,1,1.05252003669739
23,3,1,78,-81,81,0,0.350520372390747,1,-1,-1,-1,0.100548267364502
23,3,1,79,81,81,1,0.268970012664795,-1,-1,-1,1,0.100520372390747
23,3,1,80,-0,0,1,0.418607950210571,1,1,-1,-1,0.0189700126647949
23,3,1,81,81,81,1,0.334449529647827,-1,1,1,1,0.168607950210571
23,3,1,82,27,27,1,0.400997400283813,1,1,1,-1,0.0844495296478271
23,3,1,83,-0,0,1,0.384346723556519,1,1,1,1,0.150997400283813
23,3,1,84,0,0,1,0.417750358581543,-1,1,1,1,0.134346723556519
23,3,1,85,3,3,1,0.268619775772095,1,1,1,-1,0.167750358581543
23,3,1,86,3,3,1,0.468634128570557,1,1,1,1,0.0186197757720947
23,3,1,87,-81,81,0,0.334690809249878,1,1,1,1,0.218634128570557
23,3,1,88,3,3,1,0.385194063186646,-1,-1,1,1,0.0846908092498779
23,3,1,92,27,27,1,0.634661197662354,-1,1,-1,-1,0.517142295837402
23,3,1,93,-27,27,0,0.352173089981079,1,1,1,-1,0.384661197662354
23,3,1,94,-3,3,1,0.417881011962891,-1,-1,1,1,0.102173089981079
23,3,1,95,0,0,1,0.517176389694214,-1,1,-1,-1,0.167881011962891
23,3,1,96,-9,9,1,0.617618799209595,1,1,1,-1,0.267176389694214
23,3,1,97,3,3,0,0.452468395233154,-1,1,1,1,0.367618799209595
23,3,1,98,-81,81,0,0.567664623260498,1,-1,1,-1,0.202468395233154
23,3,1,99,3,3,1,0.686092376708984,-1,-1,-1,1,0.317664623260498
23,3,2,2,0,0,1,0.535645484924316,-1,-1,-1,-1,0.235001802444458
23,3,2,3,-81,81,1,0.617610931396484,1,1,-1,-1,0.285645484924316
23,3,2,4,9,9,1,0.802593231201172,-1,1,1,1,0.367610931396484
23,3,2,5,9,9,1,0.750943183898926,1,1,1,-1,0.552593231201172
23,3,2,6,-9,9,0,0.584475994110107,1,1,1,1,0.500943183898926
23,3,2,7,0,0,0,0.284342050552368,-1,-1,1,1,0.334475994110107
23,3,2,8,-81,81,0,0.518601655960083,1,-1,-1,-1,0.0343420505523682
23,3,2,9,-81,81,0,0.701744556427002,-1,-1,-1,1,0.268601655960083
23,3,2,10,3,3,1,0.51909351348877,-1,-1,-1,-1,0.451744556427002
23,3,2,11,9,9,1,0.952504396438599,1,1,-1,-1,0.26909351348877
23,3,2,12,27,27,1,0.63426685333252,1,1,1,1,0.702504396438599
23,3,2,13,-0,0,1,0.801894187927246,1,1,1,1,0.38426685333252
23,3,2,14,-0,0,0,0.552276372909546,-1,1,1,1,0.551894187927246
23,3,2,15,-9,9,0,0.317717552185059,-1,-1,1,-1,0.302276372909546
23,3,2,16,-81,81,0,0.719264268875122,-1,-1,-1,-1,0.0677175521850586
23,3,2,17,-81,81,0,0.585928440093994,-1,-1,-1,-1,0.469264268875122
23,3,2,18,-27,27,0,0.367146968841553,-1,-1,-1,-1,0.335928440093994
23,3,2,19,-81,81,0,0.752748727798462,-1,-1,-1,-1,0.117146968841553
23,3,2,20,-81,81,0,0.5520339012146,-1,-1,-1,-1,0.502748727798462
23,3,2,21,3,3,1,0.852555751800537,-1,-1,-1,-1,0.3020339012146
23,3,2,22,3,3,1,1.08429670333862,1,1,-1,-1,0.602555751800537
23,3,2,23,81,81,1,0.652615070343018,1,1,1,1,0.834296703338623
23,3,2,24,27,27,1,0.584272861480713,1,1,1,1,0.402615070343018
23,3,2,25,9,9,1,0.568609952926636,1,1,1,1,0.334272861480713
23,3,2,26,3,3,0,0.435928583145142,1,1,1,1,0.318609952926636
23,3,2,27,27,27,1,0.868108034133911,1,-1,1,1,0.185928583145142
23,3,2,28,-9,9,0,0.601016998291016,1,1,-1,1,0.618108034133911
23,3,2,29,-3,3,1,0.783867359161377,-1,-1,1,1,0.351016998291016
23,3,2,30,9,9,0,0.61901068687439,-1,1,-1,-1,0.533867359161377
23,3,2,31,-9,9,0,0.601001739501953,1,-1,1,-1,0.36901068687439
23,3,2,32,-81,81,0,0.517668008804321,-1,-1,-1,1,0.351001739501953
23,3,2,33,0,0,1,0.800503015518188,-1,-1,-1,-1,0.267668008804321
23,3,2,34,27,27,1,0.467983961105347,1,1,-1,-1,0.550503015518188
23,3,2,35,3,3,0,0.63501501083374,1,1,1,1,0.217983961105347
23,3,2,36,-9,9,0,0.60162615776062,1,-1,1,1,0.38501501083374
23,3,2,37,-9,9,0,0.434898138046265,-1,-1,-1,1,0.35162615776062
23,3,2,38,3,3,1,0.483866453170776,-1,-1,-1,-1,0.184898138046265
23,3,2,39,27,27,1,0.536189079284668,1,1,-1,-1,0.233866453170776
23,3,2,40,81,81,1,0.635288000106812,1,1,1,1,0.286189079284668
23,3,2,41,9,9,1,0.701984167098999,1,1,1,1,0.385288000106812
23,3,2,42,-3,3,1,0.617720365524292,1,1,1,1,0.451984167098999
23,3,2,43,27,27,1,0.467791080474854,-1,1,1,1,0.367720365524292
23,3,2,44,-27,27,0,0.467790126800537,1,1,1,-1,0.217791080474854
23,3,2,45,0,0,1,0.351022005081177,-1,-1,1,1,0.217790126800537
23,3,2,46,-81,81,0,0.53570032119751,1,1,-1,-1,0.101022005081177
23,3,2,47,-9,9,0,0.317958116531372,-1,-1,1,1,0.28570032119751
23,3,2,51,3,3,0,0.685540914535522,1,-1,1,1,0.602058172225952
23,3,2,52,27,27,1,0.517737150192261,1,-1,-1,1,0.435540914535522
23,3,2,53,9,9,1,0.601094007492065,1,1,-1,1,0.267737150192261
23,3,2,54,81,81,1,0.551254034042358,1,1,1,1,0.351094007492065
23,3,2,55,3,3,1,0.684289216995239,1,1,1,1,0.301254034042358
23,3,2,56,-0,0,1,0.317157030105591,1,1,1,1,0.434289216995239
23,3,2,57,-81,81,0,0.385369777679443,-1,1,1,1,0.0671570301055908
23,3,2,58,-27,27,0,0.502541065216064,-1,-1,1,-1,0.135369777679443
23,3,2,59,-27,27,0,0.384371519088745,-1,-1,-1,-1,0.252541065216064
23,3,2,60,-81,81,0,0.319262504577637,-1,-1,-1,-1,0.134371519088745
23,3,2,61,27,27,1,0.702778577804565,-1,-1,-1,-1,0.0692625045776367
23,3,2,62,3,3,1,0.435708999633789,1,1,-1,-1,0.452778577804565
23,3,2,63,-3,3,0,0.284263372421265,1,1,1,1,0.185708999633789
23,3,2,64,-0,0,0,0.286052703857422,-1,-1,1,1,0.0342633724212646
23,3,2,68,9,9,1,0.269157886505127,-1,-1,-1,-1,0.117192268371582
23,3,2,69,81,81,1,0.800946235656738,1,1,-1,-1,0.019157886505127
23,3,2,70,-27,27,0,0.635679244995117,1,1,1,1,0.550946235656738
23,3,2,74,-81,81,0,0.434642314910889,1,-1,1,-1,0.101933240890503
23,3,2,75,81,81,1,0.351134061813354,-1,-1,-1,1,0.184642314910889
23,3,2,76,81,81,0,0.567632675170898,1,1,-1,-1,0.101134061813354
23,3,2,77,-9,9,0,0.602272033691406,1,-1,1,1,0.317632675170898
23,3,2,78,81,81,1,0.501297950744629,-1,-1,-1,1,0.352272033691406
23,3,2,82,9,9,1,0.568666458129883,1,1,1,1,0.385999917984009
23,3,2,83,-27,27,0,0.436121463775635,1,1,1,1,0.318666458129883
23,3,2,84,3,3,0,0.61821436882019,-1,-1,1,1,0.186121463775635
23,3,2,85,27,27,1,0.58446216583252,1,-1,-1,-1,0.36821436882019
23,3,2,86,0,0,1,0.901110172271729,1,1,-1,1,0.33446216583252
23,3,2,87,9,9,1,0.317628145217896,1,1,1,1,0.651110172271729
23,3,2,88,27,27,1,0.46760892868042,1,1,1,1,0.0676281452178955
23,3,2,89,3,3,1,0.550526142120361,1,1,1,1,0.21760892868042
23,3,2,93,81,81,1,0.469321966171265,1,1,-1,-1,0.134560108184814
23,3,2,94,3,3,1,0.318961381912231,1,1,1,1,0.219321966171265
23,3,2,95,27,27,1,0.485225200653076,1,1,1,1,0.0689613819122314
23,3,2,96,-0,0,1,0.667893171310425,1,1,1,1,0.235225200653076
23,3,2,97,-27,27,0,0.951360940933228,-1,1,1,1,0.417893171310425
23,3,2,98,27,27,1,0.58486533164978,-1,-1,1,-1,0.701360940933228
23,3,2,99,-3,3,0,0.284321308135986,1,1,-1,-1,0.33486533164978
23,3,3,2,-27,27,0,0.736252069473267,1,-1,-1,-1,0.651238441467285
23,3,3,6,-3,3,0,0.819382667541504,1,1,1,1,0.286088228225708
23,3,3,7,9,9,1,0.668523788452148,-1,-1,1,1,0.569382667541504
23,3,3,11,9,9,0,0.602582454681396,-1,-1,-1,1,0.352660179138184
23,3,3,12,-9,9,0,0.401491403579712,1,-1,-1,-1,0.352582454681396
23,3,3,13,27,27,1,0.634287595748901,-1,-1,-1,1,0.151491403579712
23,3,3,14,-81,81,0,0.635446548461914,1,1,-1,-1,0.384287595748901
23,3,3,15,0,0,0,0.417633295059204,-1,-1,1,1,0.385446548461914
23,3,3,16,-9,9,0,0.286119937896729,1,-1,-1,-1,0.167633295059204
23,3,3,17,81,81,1,0.618762016296387,-1,-1,-1,1,0.0361199378967285
23,3,3,18,27,27,1,0.718762874603271,1,1,-1,-1,0.368762016296387
23,3,3,19,-27,27,0,0.451953887939453,1,1,1,1,0.468762874603271
23,3,3,20,3,3,1,0.652458906173706,-1,-1,1,1,0.201953887939453
23,3,3,21,-9,9,0,0.402265787124634,1,1,-1,-1,0.402458906173706
23,3,3,22,-9,9,0,0.701108455657959,-1,-1,1,1,0.152265787124634
23,3,3,23,-3,3,0,0.301110506057739,-1,-1,-1,-1,0.451108455657959
23,3,3,24,9,9,1,0.269298791885376,-1,-1,-1,-1,0.0511105060577393
23,3,3,25,0,0,0,0.435791969299316,1,1,-1,-1,0.019298791885376
23,3,3,26,9,9,1,0.517703056335449,1,-1,1,1,0.185791969299316
23,3,3,27,0,0,1,0.751729488372803,1,1,-1,1,0.267703056335449
23,3,3,28,-27,27,0,0.350587368011475,1,1,1,1,0.501729488372803
23,3,3,29,3,3,1,0.452161073684692,-1,-1,1,1,0.100587368011475
23,3,3,30,-27,27,0,0.368534564971924,1,1,-1,-1,0.202161073684692
23,3,3,31,81,81,1,0.60221791267395,-1,-1,1,1,0.118534564971924
23,3,3,32,9,9,1,0.819009304046631,1,1,-1,-1,0.35221791267395
23,3,3,33,-27,27,0,0.435934782028198,1,1,1,1,0.569009304046631
23,3,3,34,81,81,1,0.267620325088501,-1,-1,1,1,0.185934782028198
23,3,3,35,-81,81,0,0.350494384765625,1,1,-1,-1,0.017620325088501
23,3,3,36,27,27,1,0.250985860824585,-1,-1,1,1,0.100494384765625
23,3,3,37,-81,81,0,0.250970363616943,1,1,-1,-1,0.000985860824584961
23,3,3,38,-3,3,1,0.567226409912109,-1,-1,1,1,0.000970363616943359
23,3,3,39,0,0,0,0.269144773483276,-1,1,-1,-1,0.317226409912109
23,3,3,40,-0,0,0,0.300537586212158,1,-1,1,-1,0.0191447734832764
23,3,3,41,27,27,1,0.650958061218262,-1,-1,-1,1,0.0505375862121582
23,3,3,42,-3,3,1,0.802064418792725,1,1,-1,-1,0.400958061218262
23,3,3,43,3,3,0,0.467135429382324,-1,1,1,1,0.552064418792725
23,3,3,44,-81,81,0,0.367190837860107,1,-1,1,-1,0.217135429382324
23,3,3,45,81,81,1,0.351552248001099,-1,-1,-1,1,0.117190837860107
23,3,3,49,9,9,1,0.269060134887695,-1,-1,1,1,0.152716159820557
23,3,3,50,81,81,1,0.536155939102173,1,1,-1,-1,0.0190601348876953
23,3,3,51,-81,81,0,0.451376676559448,1,1,1,1,0.286155939102173
23,3,3,52,27,27,1,0.317207336425781,-1,-1,1,1,0.201376676559448
23,3,3,53,0,0,0,0.268563270568848,1,1,-1,-1,0.0672073364257812
23,3,3,54,-9,9,0,0.819446802139282,1,-1,1,1,0.0185632705688477
23,3,3,55,3,3,0,0.635905265808105,-1,-1,-1,1,0.569446802139282
23,3,3,56,-9,9,0,0.285630702972412,1,-1,-1,-1,0.385905265808105
23,3,3,57,3,3,0,0.285404682159424,-1,-1,-1,1,0.0356307029724121
23,3,3,58,-81,81,0,0.702467679977417,1,-1,-1,-1,0.0354046821594238
23,3,3,59,-27,27,0,0.552606105804443,-1,-1,-1,1,0.452467679977417
23,3,3,60,81,81,1,0.700494050979614,-1,-1,-1,-1,0.302606105804443
23,3,3,61,-3,3,0,0.634321451187134,1,1,-1,-1,0.450494050979614
23,3,3,65,-3,3,1,0.584274053573608,1,1,-1,-1,0.317770004272461
23,3,3,66,81,81,1,0.869194984436035,-1,1,1,1,0.334274053573608
23,3,3,67,0,0,1,0.583840131759644,1,1,1,-1,0.619194984436035
23,3,3,68,-9,9,0,0.417226314544678,1,1,1,1,0.333840131759644
23,3,3,72,81,81,1,1.00231122970581,1,1,-1,-1,0.368629217147827
23,3,3,73,9,9,1,0.517706871032715,1,1,1,1,0.752311229705811
23,3,3,74,-27,27,0,0.617708683013916,1,1,1,1,0.267706871032715
23,3,3,75,81,81,1,0.351517677307129,-1,-1,1,1,0.367708683013916
23,3,3,76,27,27,1,0.451676368713379,1,1,-1,-1,0.101517677307129
23,3,3,77,27,27,1,0.252085208892822,1,1,1,1,0.201676368713379
23,3,3,78,-27,27,0,0.600996017456055,1,1,1,1,0.00208520889282227
23,3,3,79,81,81,1,0.369078636169434,-1,-1,1,1,0.350996017456055
23,3,3,83,9,9,1,0.267613887786865,-1,-1,1,1,0.102424144744873
23,3,3,84,3,3,1,0.351008892059326,1,1,-1,-1,0.0176138877868652
23,3,3,85,9,9,1,0.385679244995117,1,1,1,1,0.101008892059326
23,3,3,86,-9,9,0,0.669051170349121,1,1,1,1,0.135679244995117
23,3,3,87,3,3,1,0.285796165466309,-1,-1,1,1,0.419051170349121
23,3,3,88,-0,0,1,0.484281063079834,1,1,-1,-1,0.0357961654663086
23,3,3,89,9,9,1,0.418661117553711,-1,1,1,1,0.234281063079834
23,3,3,90,-3,3,0,0.702083110809326,1,1,1,-1,0.168661117553711
23,3,3,91,81,81,1,0.585726261138916,-1,-1,1,1,0.452083110809326
23,3,3,92,-81,81,0,0.651614904403687,1,1,-1,-1,0.335726261138916
23,3,3,93,0,0,1,0.652489185333252,-1,-1,1,1,0.401614904403687
23,3,3,94,-9,9,0,0.600486040115356,1,1,-1,-1,0.402489185333252
23,3,3,95,3,3,0,0.252906799316406,-1,-1,1,1,0.350486040115356
23,3,3,96,-3,3,0,0.384928464889526,1,-1,-1,-1,0.00290679931640625
23,3,3,97,9,9,0,0.617146253585815,-1,-1,-1,1,0.134928464889526
23,3,3,98,-3,3,0,0.36890721321106,1,-1,-1,-1,0.367146253585815
23,3,3,99,-27,27,0,0.369327068328857,-1,-1,-1,1,0.11890721321106
23,3,4,2,81,81,1,0.601550340652466,1,1,-1,-1,0.386259078979492
23,3,4,3,81,81,1,0.667186737060547,1,1,1,1,0.351550340652466
23,3,4,4,-27,27,0,0.502097368240356,1,1,1,1,0.417186737060547
23,3,4,5,27,27,1,0.701205253601074,-1,-1,1,1,0.252097368240356
23,3,4,6,-81,81,0,0.434773683547974,1,1,-1,-1,0.451205253601074
23,3,4,7,-81,81,0,0.301060676574707,-1,-1,1,1,0.184773683547974
23,3,4,8,27,27,1,0.469245195388794,-1,-1,-1,-1,0.051060676574707
23,3,4,9,27,27,1,0.501054763793945,1,1,-1,-1,0.219245195388794
23,3,4,10,-81,81,0,0.351099491119385,1,1,1,1,0.251054763793945
23,3,4,11,-27,27,0,0.269384145736694,-1,-1,1,1,0.101099491119385
23,3,4,12,-27,27,0,0.752620220184326,-1,-1,-1,-1,0.0193841457366943
23,3,4,13,-3,3,1,0.434871912002563,-1,-1,-1,-1,0.502620220184326
23,3,4,14,-3,3,1,0.317881107330322,-1,1,-1,-1,0.184871912002563
23,3,4,15,-9,9,0,0.45055627822876,-1,1,1,-1,0.0678811073303223
23,3,4,16,27,27,1,0.433825016021729,-1,-1,1,-1,0.20055627822876
23,3,4,17,-81,81,0,0.552233934402466,1,1,-1,-1,0.183825016021729
23,3,4,18,9,9,1,0.318218946456909,-1,-1,1,1,0.302233934402466
23,3,4,19,3,3,1,0.302696704864502,1,1,-1,-1,0.0682189464569092
23,3,4,20,-81,81,0,0.33431601524353,1,1,1,1,0.052696704864502
23,3,4,21,-81,81,0,0.451887130737305,-1,-1,1,1,0.0843160152435303
23,3,4,22,0,0,1,0.518514633178711,-1,-1,-1,-1,0.201887130737305
23,3,4,23,9,9,1,0.684970855712891,1,1,-1,-1,0.268514633178711
23,3,4,24,-27,27,0,0.383828401565552,1,1,1,1,0.434970855712891
23,3,4,25,27,27,1,0.733828783035278,-1,-1,1,1,0.133828401565552
23,3,4,26,-9,9,1,0.31717324256897,1,1,-1,-1,0.483828783035278
23,3,4,27,-27,27,0,0.617633819580078,-1,1,1,1,0.0671732425689697
23,3,4,31,-27,27,0,0.335443258285522,-1,1,1,1,0.23436975479126
23,3,4,32,81,81,1,0.568583011627197,-1,-1,1,-1,0.0854432582855225
23,3,4,33,-9,9,0,0.651155710220337,1,1,-1,-1,0.318583011627197
23,3,4,34,0,0,1,0.402369737625122,-1,-1,1,1,0.401155710220337
23,3,4,35,9,9,0,0.85255241394043,1,1,-1,-1,0.152369737625122
23,3,4,36,-0,0,0,0.285265922546387,1,-1,1,1,0.60255241394043
23,3,4,37,-81,81,0,0.568829298019409,-1,-1,-1,1,0.0352659225463867
23,3,4,38,-9,9,0,0.934736251831055,-1,-1,-1,-1,0.318829298019409
23,3,4,39,-0,0,1,0.935100317001343,-1,-1,-1,-1,0.684736251831055
23,3,4,40,-27,27,0,0.650968313217163,-1,1,-1,-1,0.685100317001343
23,3,4,41,9,9,0,0.634318113327026,-1,-1,1,-1,0.400968313217163
23,3,4,42,-3,3,0,0.384708166122437,1,-1,-1,-1,0.384318113327026
23,3,4,43,-0,0,1,0.600979089736938,-1,-1,-1,1,0.134708166122437
23,3,4,44,-3,3,0,0.51767110824585,-1,1,-1,-1,0.350979089736938
23,3,4,45,9,9,1,0.452450275421143,-1,-1,1,-1,0.26767110824585
23,3,4,46,-81,81,0,0.434422969818115,1,1,-1,-1,0.202450275421143
23,3,4,47,27,27,1,0.517690658569336,-1,-1,1,1,0.184422969818115
23,3,4,48,-3,3,0,0.601008415222168,1,1,-1,-1,0.267690658569336
23,3,4,49,3,3,1,0.651255130767822,-1,-1,1,1,0.351008415222168
23,3,4,50,3,3,1,0.33576512336731,1,1,-1,-1,0.401255130767822
23,3,4,51,27,27,1,0.367160081863403,1,1,1,1,0.0857651233673096
23,3,4,52,-27,27,0,0.535355806350708,1,1,1,1,0.117160081863403
23,3,4,53,0,0,0,0.652703762054443,-1,-1,1,1,0.285355806350708
23,3,4,54,-3,3,1,0.519016981124878,1,-1,-1,-1,0.402703762054443
23,3,4,55,0,0,1,0.285916090011597,-1,1,-1,1,0.269016981124878
23,3,4,59,-9,9,0,0.601485252380371,-1,-1,1,1,0.300964832305908
23,3,4,60,-9,9,0,0.285680055618286,-1,-1,-1,-1,0.351485252380371
23,3,4,61,-3,3,0,0.517634153366089,-1,-1,-1,-1,0.0356800556182861
23,3,4,65,-81,81,0,0.51723313331604,-1,-1,1,-1,0.0688138008117676
23,3,4,66,9,9,1,0.568804025650024,-1,-1,-1,-1,0.26723313331604
23,3,4,67,-3,3,1,1.0171492099762,1,1,-1,-1,0.318804025650024
23,3,4,68,0,0,1,0.419296026229858,-1,1,1,1,0.767149209976196
23,3,4,72,81,81,1,0.434494256973267,1,1,-1,-1,0.0843000411987305
23,3,4,73,27,27,1,0.367605209350586,1,1,1,1,0.184494256973267
23,3,4,74,81,81,1,0.335616111755371,1,1,1,1,0.117605209350586
23,3,4,75,27,27,1,0.319000005722046,1,1,1,1,0.0856161117553711
23,3,4,76,3,3,1,0.419491052627563,1,1,1,1,0.0690000057220459
23,3,4,77,9,9,1,0.334338188171387,1,1,1,1,0.169491052627563
23,3,4,78,27,27,1,0.284334182739258,1,1,1,1,0.0843381881713867
23,3,4,79,-9,9,0,0.367603302001953,1,1,1,1,0.0343341827392578
23,3,4,80,-0,0,0,0.385128259658813,-1,-1,1,1,0.117603302001953
23,3,4,84,81,81,1,0.334309339523315,1,-1,1,1,0.217684984207153
23,3,4,85,81,81,1,0.502313375473022,1,1,-1,1,0.0843093395233154
23,3,4,86,-9,9,1,0.400530815124512,1,1,1,1,0.252313375473022
23,3,4,87,0,0,1,0.684578895568848,-1,1,1,1,0.150530815124512
23,3,4,88,81,81,1,0.534544229507446,1,1,1,-1,0.434578895568848
23,3,4,92,27,27,1,0.853157997131348,-1,-1,1,-1,0.350984573364258
23,3,4,93,-27,27,0,0.369363307952881,1,1,-1,-1,0.603157997131348
23,3,4,94,81,81,1,0.485076189041138,-1,-1,1,1,0.119363307952881
23,3,4,95,9,9,1,0.317731142044067,1,1,-1,-1,0.235076189041138
23,3,4,99,-9,9,0,0.434918642044067,1,1,1,1,0.35261058807373
23,3,5,2,-3,3,0,0.333875179290771,-1,-1,-1,-1,0.33502197265625
23,3,5,3,-81,81,0,0.585820436477661,-1,-1,-1,-1,0.0838751792907715
23,3,5,4,-9,9,0,0.635362863540649,-1,-1,-1,-1,0.335820436477661
23,3,5,5,-9,9,0,0.319132328033447,-1,-1,-1,-1,0.385362863540649
23,3,5,6,27,27,1,0.268565654754639,-1,-1,-1,-1,0.0691323280334473
23,3,5,7,9,9,1,0.434799671173096,1,1,-1,-1,0.0185656547546387
23,3,5,8,3,3,0,0.485407590866089,1,1,1,1,0.184799671173096
23,3,5,9,-3,3,1,0.40048885345459,1,-1,1,1,0.235407590866089
23,3,5,10,-81,81,0,0.484766483306885,-1,1,-1,1,0.15048885345459
23,3,5,11,-0,0,0,0.768899440765381,-1,-1,1,-1,0.234766483306885
23,3,5,12,-9,9,0,0.30141806602478,-1,-1,-1,-1,0.518899440765381
23,3,5,13,-0,0,1,0.402278184890747,-1,-1,-1,-1,0.0514180660247803
23,3,5,14,-9,9,0,0.400482177734375,-1,1,-1,-1,0.152278184890747
23,3,5,15,9,9,0,0.685830354690552,-1,-1,1,-1,0.150482177734375
23,3,5,16,3,3,0,0.751848697662354,1,-1,-1,-1,0.435830354690552
23,3,5,17,3,3,1,0.333857536315918,1,-1,-1,1,0.501848697662354
23,3,5,18,9,9,0,0.700514554977417,1,1,-1,1,0.083857536315918
23,3,5,19,27,27,1,0.651973009109497,1,-1,1,1,0.450514554977417
23,3,5,20,3,3,1,0.518178224563599,1,1,-1,1,0.401973009109497
23,3,5,21,81,81,1,0.585601806640625,1,1,1,1,0.268178224563599
23,3,5,22,9,9,1,0.452423810958862,1,1,1,1,0.335601806640625
23,3,5,23,-81,81,0,0.600994110107422,1,1,1,1,0.202423810958862
23,3,5,24,0,0,0,0.436091423034668,-1,-1,1,1,0.350994110107422
23,3,5,25,9,9,0,0.38381814956665,1,-1,-1,-1,0.186091423034668
23,3,5,26,81,81,1,1.11858248710632,1,-1,-1,1,0.13381814956665
23,3,5,27,27,27,1,0.569307088851929,1,1,-1,1,0.868582487106323
23,3,5,31,-27,27,0,0.285522937774658,1,1,1,1,0.167155265808105
23,3,5,32,-3,3,0,0.500525236129761,-1,-1,1,1,0.0355229377746582
23,3,5,33,-81,81,0,0.500955104827881,-1,-1,-1,-1,0.250525236129761
23,3,5,34,-0,0,0,1.01926183700562,-1,-1,-1,-1,0.250955104827881
23,3,5,35,-0,0,0,0.402485370635986,-1,-1,-1,-1,0.769261837005615
23,3,5,36,-9,9,0,0.452592134475708,-1,-1,-1,-1,0.152485370635986
23,3,5,37,-27,27,0,0.534642457962036,-1,-1,-1,-1,0.202592134475708
23,3,5,38,3,3,1,0.485952377319336,-1,-1,-1,-1,0.284642457962036
23,3,5,39,-81,81,0,0.3005211353302,1,1,-1,-1,0.235952377319336
23,3,5,46,27,27,1,0.551884651184082,1,-1,-1,-1,0.369317054748535
23,3,5,47,-27,27,0,0.669226884841919,1,1,-1,1,0.301884651184082
23,3,5,48,-27,27,0,0.584536552429199,-1,-1,1,1,0.419226884841919
23,3,5,49,-0,0,1,0.584285974502563,-1,-1,-1,-1,0.334536552429199
23,3,5,50,-0,0,0,0.317162036895752,-1,1,-1,-1,0.334285974502563
23,3,5,51,-0,0,0,0.317671775817871,-1,-1,1,-1,0.067162036895752
23,3,5,52,-9,9,0,0.435196161270142,-1,-1,-1,-1,0.0676717758178711
23,3,5,53,-81,81,0,0.91771936416626,-1,-1,-1,-1,0.185196161270142
23,3,5,54,-9,9,0,0.917687177658081,-1,-1,-1,-1,0.66771936416626
23,3,5,55,-81,81,0,0.435590028762817,-1,-1,-1,-1,0.667687177658081
23,3,5,56,-81,81,0,0.533881187438965,-1,-1,-1,-1,0.185590028762817
23,3,5,57,0,0,0,0.369714021682739,-1,-1,-1,-1,0.283881187438965
23,3,5,58,27,27,1,0.317228317260742,1,-1,-1,-1,0.119714021682739
23,3,5,59,9,9,0,0.43388295173645,1,1,-1,1,0.0672283172607422
23,3,5,60,9,9,1,0.619264125823975,1,-1,1,1,0.18388295173645
23,3,5,61,27,27,1,0.585980415344238,1,1,-1,1,0.369264125823975
23,3,5,62,81,81,1,0.485302209854126,1,1,1,1,0.335980415344238
23,3,5,63,27,27,1,0.284321546554565,1,1,1,1,0.235302209854126
23,3,5,67,9,9,0,0.267589330673218,1,-1,1,1,0.35302209854126
23,3,5,68,81,81,1,0.401037216186523,1,-1,-1,1,0.0175893306732178
23,3,5,69,3,3,0,0.767770767211914,1,1,-1,1,0.151037216186523
23,3,5,70,9,9,0,0.400527000427246,1,-1,1,1,0.517770767211914
23,3,5,71,27,27,1,0.250966310501099,1,-1,-1,1,0.150527000427246
23,3,5,72,3,3,1,0.350945949554443,1,1,-1,1,0.000966310501098633
23,3,5,73,81,81,1,0.40118408203125,1,1,1,1,0.100945949554443
23,3,5,74,27,27,1,0.484740734100342,1,1,1,1,0.15118408203125
23,3,5,75,9,9,1,0.685714721679688,1,1,1,1,0.234740734100342
23,3,5,76,3,3,1,0.435116291046143,1,1,1,1,0.435714721679688
23,3,5,84,-27,27,0,0.634310960769653,-1,-1,-1,-1,0.285183668136597
23,3,5,85,-27,27,0,0.350970029830933,-1,-1,-1,-1,0.384310960769653
23,3,5,86,-3,3,0,0.468919992446899,-1,-1,-1,-1,0.100970029830933
23,3,5,87,-3,3,0,0.301043748855591,-1,-1,-1,-1,0.218919992446899
23,3,5,88,-27,27,0,0.452274084091187,-1,-1,-1,-1,0.0510437488555908
23,3,5,89,-3,3,0,0.650524377822876,-1,-1,-1,-1,0.202274084091187
23,3,5,90,-81,81,0,0.634613752365112,-1,-1,-1,-1,0.400524377822876
23,3,5,91,-81,81,0,0.351027011871338,-1,-1,-1,-1,0.384613752365112
23,3,5,92,-0,0,0,0.634420394897461,-1,-1,-1,-1,0.101027011871338
23,3,5,93,-27,27,0,0.402534961700439,-1,-1,-1,-1,0.384420394897461
23,3,5,94,0,0,0,0.602126836776733,-1,-1,-1,-1,0.152534961700439
23,3,5,95,3,3,0,0.285344362258911,1,-1,-1,-1,0.352126836776733
23,3,5,96,-81,81,0,0.602474212646484,1,-1,-1,1,0.0353443622589111
23,3,5,97,-81,81,0,0.352147340774536,-1,-1,-1,1,0.352474212646484
23,3,5,98,-3,3,0,0.384331941604614,-1,-1,-1,-1,0.102147340774536
23,3,5,99,-3,3,0,0.435755014419556,-1,-1,-1,-1,0.134331941604614
23,3,6,3,-27,27,0,0.535524129867554,-1,-1,-1,-1,0.352694034576416
23,3,6,4,-81,81,0,0.618108034133911,-1,-1,-1,-1,0.285524129867554
23,3,6,5,-27,27,0,0.984438419342041,-1,-1,-1,-1,0.368108034133911
23,3,6,6,-0,0,1,0.584710359573364,-1,-1,-1,-1,0.734438419342041
23,3,6,7,-81,81,0,0.469316482543945,-1,1,-1,-1,0.334710359573364
23,3,6,8,-27,27,0,0.485553026199341,-1,-1,1,-1,0.219316482543945
23,3,6,9,81,81,1,0.36768627166748,-1,-1,-1,-1,0.235553026199341
23,3,6,10,27,27,1,0.319379329681396,1,1,-1,-1,0.11768627166748
23,3,6,11,3,3,1,1.43441081047058,1,1,1,1,0.0693793296813965
23,3,6,12,0,0,1,0.385227203369141,1,1,1,1,1.18441081047058
23,3,6,13,9,9,1,0.517672538757324,1,1,1,1,0.135227203369141
23,3,6,14,3,3,1,0.333859443664551,1,1,1,1,0.267672538757324
23,3,6,18,-81,81,0,0.602210760116577,1,1,1,1,0.119033098220825
23,3,6,19,-81,81,0,0.568909168243408,-1,-1,1,1,0.352210760116577
23,3,6,20,-0,0,1,0.619229316711426,-1,-1,-1,-1,0.318909168243408
23,3,6,21,81,81,1,0.484949827194214,-1,1,-1,-1,0.369229316711426
23,3,6,22,27,27,1,0.600656032562256,1,1,1,-1,0.234949827194214
23,3,6,23,81,81,1,0.617653131484985,1,1,1,1,0.350656032562256
23,3,6,24,81,81,1,0.58588695526123,1,1,1,1,0.367653131484985
23,3,6,25,9,9,1,0.717655897140503,1,1,1,1,0.33588695526123
23,3,6,26,9,9,1,0.268644571304321,1,1,1,1,0.467655897140503
23,3,6,30,9,9,1,0.650512933731079,1,1,1,1,0.3343505859375
23,3,6,34,27,27,1,0.567950248718262,1,1,1,1,0.0343871116638184
23,3,6,35,9,9,1,0.735804319381714,1,1,1,1,0.317950248718262
23,3,6,36,9,9,1,0.435677766799927,1,1,1,1,0.485804319381714
23,3,6,37,3,3,1,0.367841958999634,1,1,1,1,0.185677766799927
23,3,6,38,9,9,1,0.617638111114502,1,1,1,1,0.117841958999634
23,3,6,39,0,0,1,0.30112099647522,1,1,1,1,0.367638111114502
23,3,6,40,-27,27,0,0.41764497756958,1,1,1,1,0.0511209964752197
23,3,6,41,-0,0,0,0.318197011947632,-1,-1,1,1,0.16764497756958
23,3,6,42,-9,9,0,0.31775426864624,-1,-1,-1,-1,0.0681970119476318
23,3,6,43,-9,9,1,0.433856725692749,-1,-1,-1,-1,0.0677542686462402
23,3,6,44,-3,3,1,0.617807149887085,-1,1,-1,-1,0.183856725692749
23,3,6,45,-9,9,0,0.517621040344238,-1,1,1,-1,0.367807149887085
23,3,6,49,9,9,1,0.701404094696045,-1,1,-1,-1,0.084367036819458
23,3,6,50,3,3,0,0.667619943618774,1,1,1,-1,0.451404094696045
23,3,6,51,9,9,1,0.702677011489868,1,-1,1,1,0.417619943618774
23,3,6,52,3,3,0,0.519181966781616,1,1,-1,1,0.452677011489868
23,3,6,53,81,81,1,0.552775144577026,1,-1,1,1,0.269181966781616
23,3,6,54,3,3,1,0.651798009872437,1,1,-1,1,0.302775144577026
23,3,6,55,-9,9,0,0.669032573699951,1,1,1,1,0.401798009872437
23,3,6,56,3,3,1,0.55056095123291,-1,-1,1,1,0.419032573699951
23,3,6,60,-27,27,0,0.550487279891968,-1,-1,-1,-1,0.302604198455811
23,3,6,61,-81,81,0,0.551305055618286,-1,-1,-1,-1,0.300487279891968
23,3,6,62,-27,27,0,0.334717035293579,-1,-1,-1,-1,0.301305055618286
23,3,6,63,3,3,0,0.419527292251587,-1,-1,-1,-1,0.0847170352935791
23,3,6,64,3,3,1,0.367153167724609,1,-1,-1,-1,0.169527292251587
23,3,6,65,27,27,1,0.767785310745239,1,1,-1,1,0.117153167724609
23,3,6,66,81,81,1,0.585305452346802,1,1,1,1,0.517785310745239
23,3,6,67,81,81,1,0.535994529724121,1,1,1,1,0.335305452346802
23,3,6,72,81,81,1,0.618789911270142,1,1,1,1,0.36716628074646
23,3,6,73,0,0,1,0.500518083572388,1,1,1,1,0.368789911270142
23,3,6,74,-3,3,1,0.46765661239624,1,1,1,1,0.250518083572388
23,3,6,75,-27,27,0,0.401138544082642,-1,1,1,1,0.21765661239624
23,3,6,76,-81,81,0,0.735115766525269,-1,-1,1,-1,0.151138544082642
23,3,6,77,-3,3,1,0.58479118347168,-1,-1,-1,-1,0.485115766525269
23,3,6,78,-81,81,0,0.38607931137085,-1,1,-1,-1,0.33479118347168
23,3,6,79,-81,81,0,0.634509325027466,-1,-1,1,-1,0.13607931137085
23,3,6,80,-27,27,0,0.28539252281189,-1,-1,-1,-1,0.384509325027466
23,3,6,81,-3,3,1,0.250978231430054,-1,-1,-1,-1,0.0353925228118896
23,3,6,82,-81,81,0,1.0192756652832,-1,1,-1,-1,0.000978231430053711
23,3,6,83,-3,3,0,0.385669469833374,-1,-1,1,-1,0.769275665283203
23,3,6,84,-0,0,0,0.56904411315918,-1,-1,-1,-1,0.135669469833374
23,3,6,85,-27,27,0,0.600520133972168,-1,-1,-1,-1,0.31904411315918
23,3,6,86,-3,3,0,0.467718124389648,-1,-1,-1,-1,0.350520133972168
23,3,6,87,81,81,1,0.618102788925171,-1,-1,-1,-1,0.217718124389648
23,3,6,88,3,3,1,0.918803453445435,1,1,-1,-1,0.368102788925171
23,3,6,89,9,9,1,0.483823537826538,1,1,1,1,0.668803453445435
23,3,6,93,-3,3,1,0.302502155303955,1,1,1,1,0.301068067550659
23,3,6,94,-0,0,1,1.05168604850769,-1,1,1,1,0.0525021553039551
23,3,6,95,-9,9,1,0.433885335922241,-1,1,1,-1,0.80168604850769
23,3,6,96,81,81,1,0.402995109558105,-1,1,1,-1,0.183885335922241
23,3,6,97,27,27,1,0.450544118881226,1,1,1,-1,0.152995109558105
23,3,6,98,27,27,1,0.319303512573242,1,1,1,1,0.200544118881226
24,1,1,7,-0,0,0,0.934945344924927,-1,-1,-1,-1,0.584509134292603
24,1,1,8,-27,27,0,0.783817052841187,-1,-1,-1,-1,0.684945344924927
24,1,1,9,-9,9,0,1.06783843040466,-1,-1,-1,-1,0.533817052841187
24,1,1,10,-3,3,0,1.41820502281189,-1,-1,-1,-1,0.817838430404663
24,1,1,11,-27,27,0,1.05056476593018,-1,-1,-1,-1,1.16820502281189
24,1,1,12,-9,9,0,0.833824157714844,-1,-1,-1,-1,0.800564765930176
24,1,1,13,-3,3,1,1.03386545181274,-1,-1,-1,-1,0.583824157714844
24,1,1,14,9,9,0,0.83383846282959,-1,1,-1,-1,0.783865451812744
24,1,1,15,9,9,1,1.21721625328064,1,-1,1,-1,0.58383846282959
24,1,1,16,-9,9,0,1.00047016143799,1,1,-1,1,0.96721625328064
24,1,1,17,-9,9,1,0.983855724334717,-1,-1,1,1,0.750470161437988
24,1,1,18,-27,27,0,0.651142358779907,-1,1,-1,-1,0.733855724334717
24,1,1,19,-81,81,0,0.817803144454956,-1,-1,1,-1,0.401142358779907
24,1,1,23,-9,9,0,0.617217302322388,-1,-1,-1,-1,0.733834981918335
24,1,1,24,-81,81,0,0.783889532089233,-1,-1,-1,-1,0.367217302322388
24,1,1,25,-27,27,0,0.700522422790527,-1,-1,-1,-1,0.533889532089233
24,1,1,26,-9,9,0,0.934301376342773,-1,-1,-1,-1,0.450522422790527
24,1,1,27,-0,0,1,1.06834936141968,-1,-1,-1,-1,0.684301376342773
24,1,1,28,-81,81,0,0.46786904335022,-1,1,-1,-1,0.818349361419678
24,1,1,29,-81,81,0,0.450571537017822,-1,-1,1,-1,0.21786904335022
24,1,1,30,-81,81,0,0.550518274307251,-1,-1,-1,-1,0.200571537017822
24,1,1,31,-81,81,0,0.634780645370483,-1,-1,-1,-1,0.300518274307251
24,1,1,32,-81,81,0,0.551169633865356,-1,-1,-1,-1,0.384780645370483
24,1,1,33,-27,27,0,0.501112222671509,-1,-1,-1,-1,0.301169633865356
24,1,1,34,-81,81,0,0.734487533569336,-1,-1,-1,-1,0.251112222671509
24,1,1,35,27,27,0,0.2671799659729,-1,-1,-1,-1,0.484487533569336
24,1,1,36,81,81,1,0.650551319122314,1,-1,-1,-1,0.0171799659729004
24,1,1,37,27,27,1,0.833945512771606,1,1,-1,1,0.400551319122314
24,1,1,38,9,9,1,1.11819505691528,1,1,1,1,0.583945512771606
24,1,1,42,-3,3,1,1.25054168701172,-1,1,-1,1,1.18383312225342
24,1,1,43,-9,9,0,1.01721239089966,-1,1,1,-1,1.00054168701172
24,1,1,44,-81,81,0,0.617259502410889,-1,-1,1,-1,0.767212390899658
24,1,1,45,-9,9,0,0.884469509124756,-1,-1,-1,-1,0.367259502410889
24,1,1,46,-3,3,0,1.05051589012146,-1,-1,-1,-1,0.634469509124756
24,1,1,47,-9,9,0,0.883875608444214,-1,-1,-1,-1,0.80051589012146
24,1,1,48,27,27,1,0.533909559249878,-1,-1,-1,-1,0.633875608444214
24,1,1,49,3,3,1,0.950512409210205,1,1,-1,-1,0.283909559249878
24,1,1,50,3,3,0,1.23458647727966,1,1,1,1,0.700512409210205
24,1,1,51,-27,27,0,0.750517606735229,1,-1,1,1,0.984586477279663
24,1,1,52,-3,3,0,1.05094432830811,-1,-1,-1,1,0.500517606735229
24,1,1,53,3,3,0,0.883945465087891,-1,-1,-1,-1,0.800944328308105
24,1,1,54,27,27,1,0.78441596031189,1,-1,-1,-1,0.633945465087891
24,1,1,55,81,81,1,0.667826414108276,1,1,-1,1,0.53441596031189
24,1,1,56,9,9,1,1.00055861473083,1,1,1,1,0.417826414108276
24,1,1,57,27,27,1,0.900570869445801,1,1,1,1,0.750558614730835
24,1,1,58,3,3,1,1.15119647979736,1,1,1,1,0.650570869445801
24,1,1,59,81,81,1,0.567918300628662,1,1,1,1,0.901196479797363
24,1,1,60,9,9,1,1.01718783378601,1,1,1,1,0.317918300628662
24,1,1,61,81,81,1,0.567191362380981,1,1,1,1,0.767187833786011
24,1,1,65,-9,9,0,0.633807182312012,-1,-1,-1,-1,1.15048289299011
24,1,1,66,81,81,1,0.633850574493408,-1,-1,-1,-1,0.383807182312012
24,1,1,67,81,81,1,0.583885192871094,1,1,-1,-1,0.383850574493408
24,1,1,68,-27,27,0,0.800484180450439,1,1,1,1,0.333885192871094
24,1,1,69,-3,3,0,1.30051708221436,-1,-1,1,1,0.550484180450439
24,1,1,70,-3,3,0,0.850515127182007,-1,-1,-1,-1,1.05051708221436
24,1,1,71,-0,0,1,0.751168727874756,-1,-1,-1,-1,0.600515127182007
24,1,1,72,81,81,1,0.78387451171875,-1,1,-1,-1,0.501168727874756
24,1,1,73,81,81,1,0.583905220031738,1,1,1,-1,0.53387451171875
24,1,1,74,-27,27,0,0.701029539108276,1,1,1,1,0.333905220031738
24,1,1,75,-27,27,0,0.767901182174683,-1,-1,1,1,0.451029539108276
24,1,1,76,-81,81,0,0.800979614257812,-1,-1,-1,-1,0.517901182174683
24,1,1,77,-81,81,0,0.734329462051392,-1,-1,-1,-1,0.550979614257812
24,1,1,78,27,27,1,1.08449959754944,-1,-1,-1,-1,0.484329462051392
24,1,1,79,3,3,0,1.2171311378479,1,1,-1,-1,0.834499597549438
24,1,1,80,-0,0,0,1.28387379646301,1,-1,1,1,0.9671311378479
24,1,1,81,27,27,1,0.833893775939941,-1,-1,-1,1,1.03387379646301
24,1,1,85,3,3,0,0.917233228683472,1,-1,1,1,0.867570877075195
24,1,1,86,-9,9,1,0.667214393615723,1,-1,-1,1,0.667233228683472
24,1,1,87,-3,3,0,0.800578832626343,-1,1,-1,1,0.417214393615723
24,1,1,88,-81,81,0,0.750972270965576,-1,-1,1,-1,0.550578832626343
24,1,1,89,-9,9,0,0.868228673934937,-1,-1,-1,-1,0.500972270965576
24,1,1,90,3,3,0,1.00148916244507,-1,-1,-1,-1,0.618228673934937
24,1,1,91,3,3,0,1.25148034095764,1,-1,-1,-1,0.751489162445068
24,1,1,92,0,0,1,1.48536229133606,1,-1,-1,1,1.00148034095764
24,1,1,96,-9,9,0,1.20053362846375,-1,1,-1,-1,0.650472402572632
24,1,1,97,-27,27,0,0.667709112167358,-1,-1,1,-1,0.950533628463745
24,1,1,98,9,9,0,0.834505558013916,-1,-1,-1,-1,0.417709112167358
24,1,1,99,27,27,1,0.60052490234375,1,-1,-1,-1,0.584505558013916
24,1,2,2,-81,81,0,0.751648187637329,1,-1,1,1,0.800796270370483
24,1,2,3,-81,81,0,0.617271423339844,-1,-1,-1,1,0.501648187637329
24,1,2,4,81,81,1,0.767195224761963,-1,-1,-1,-1,0.367271423339844
24,1,2,5,0,0,0,1.01807141304016,1,1,-1,-1,0.517195224761963
24,1,2,6,-81,81,0,0.750490188598633,1,-1,1,1,0.768071413040161
24,1,2,7,-3,3,1,1.1005494594574,-1,-1,-1,1,0.500490188598633
24,1,2,8,81,81,1,0.817828178405762,-1,1,-1,-1,0.850549459457397
24,1,2,12,-3,3,0,0.934455394744873,-1,-1,-1,-1,1.15116047859192
24,1,2,13,-81,81,0,1.11714363098145,-1,-1,-1,-1,0.684455394744873
24,1,2,14,9,9,0,1.15115213394165,-1,-1,-1,-1,0.867143630981445
24,1,2,15,-3,3,1,1.23384499549866,1,-1,-1,-1,0.90115213394165
24,1,2,16,9,9,1,1.13390326499939,-1,1,-1,1,0.983844995498657
24,1,2,17,-0,0,0,0.650490283966064,1,1,1,-1,0.88390326499939
24,1,2,18,-9,9,1,0.883870601654053,-1,-1,1,1,0.400490283966064
24,1,2,19,-3,3,0,0.833842039108276,-1,1,-1,-1,0.633870601654053
24,1,2,20,-81,81,0,0.784499168395996,-1,-1,1,-1,0.583842039108276
24,1,2,21,-9,9,1,1.1171772480011,-1,-1,-1,-1,0.534499168395996
24,1,2,22,3,3,1,1.38443160057068,-1,1,-1,-1,0.867177248001099
24,1,2,23,-0,0,0,1.10053658485413,1,1,1,-1,1.13443160057068
24,1,2,24,3,3,1,1.08447217941284,-1,-1,1,1,0.850536584854126
24,1,2,25,0,0,0,0.817212343215942,1,1,-1,-1,0.834472179412842
24,1,2,26,-0,0,0,0.75157642364502,1,-1,1,1,0.567212343215942
24,1,2,27,9,9,0,0.900528907775879,-1,-1,-1,1,0.50157642364502
24,1,2,28,3,3,0,1.11718201637268,1,-1,-1,-1,0.650528907775879
24,1,2,29,-81,81,0,0.717825651168823,1,-1,-1,1,0.867182016372681
24,1,2,30,-9,9,0,1.41723918914795,-1,-1,-1,1,0.467825651168823
24,1,2,31,-27,27,0,0.767698764801025,-1,-1,-1,-1,1.16723918914795
24,1,2,32,27,27,1,0.851100921630859,-1,-1,-1,-1,0.517698764801025
24,1,2,33,3,3,0,1.21722912788391,1,1,-1,-1,0.601100921630859
24,1,2,34,81,81,1,0.583805322647095,1,-1,1,1,0.967229127883911
24,1,2,35,-0,0,0,1.41720914840698,1,1,-1,1,0.333805322647095
24,1,2,36,-81,81,0,0.851152420043945,-1,-1,1,1,1.16720914840698
24,1,2,37,9,9,1,1.10112833976746,-1,-1,-1,-1,0.601152420043945
24,1,2,38,-9,9,0,1.00056076049805,1,1,-1,-1,0.851128339767456
24,1,2,39,9,9,0,1.23492383956909,-1,-1,1,1,0.750560760498047
24,1,2,40,-9,9,0,0.734456062316895,1,-1,-1,-1,0.984923839569092
24,1,2,41,27,27,1,1.08443284034729,-1,-1,-1,1,0.484456062316895
24,1,2,42,-27,27,0,0.717714548110962,1,1,-1,-1,0.83443284034729
24,1,2,46,-27,27,0,0.951380014419556,1,1,-1,-1,0.517187356948853
24,1,2,47,-3,3,0,0.733884334564209,-1,-1,1,1,0.701380014419556
24,1,2,48,0,0,1,0.717180490493774,-1,-1,-1,-1,0.483884334564209
24,1,2,49,27,27,1,0.950526237487793,1,1,-1,-1,0.467180490493774
24,1,2,50,-3,3,0,1.4844605922699,1,1,1,1,0.700526237487793
24,1,2,51,-9,9,0,0.60054612159729,-1,-1,1,1,1.2344605922699
24,1,2,52,9,9,0,1.48394560813904,-1,-1,-1,-1,0.35054612159729
24,1,2,61,27,27,1,0.684495687484741,-1,-1,1,1,0.684933423995972
24,1,2,62,-27,27,0,0.834274291992188,1,1,-1,-1,0.434495687484741
24,1,2,68,-9,9,0,0.834460020065308,1,-1,-1,-1,0.901732921600342
24,1,2,69,27,27,1,0.900532722473145,-1,-1,-1,1,0.584460020065308
24,1,2,70,-9,9,0,0.834455013275146,1,1,-1,-1,0.650532722473145
24,1,2,71,27,27,1,0.783905744552612,-1,-1,1,1,0.584455013275146
24,1,2,72,-0,0,0,1.13386559486389,1,1,-1,-1,0.533905744552612
24,1,2,73,-27,27,0,0.550500154495239,-1,-1,1,1,0.883865594863892
24,1,2,74,-81,81,0,1.2005467414856,-1,-1,-1,-1,0.300500154495239
24,1,2,81,3,3,1,1.43449139595032,1,1,1,1,0.36718487739563
24,1,2,82,-81,81,0,1.0171856880188,1,1,1,1,1.18449139595032
24,1,2,83,27,27,1,0.967194557189941,-1,-1,1,1,0.767185688018799
24,1,2,84,-27,27,0,1.00052571296692,1,1,-1,-1,0.717194557189941
24,1,2,85,9,9,1,1.38448691368103,-1,-1,1,1,0.750525712966919
24,1,2,86,81,81,0,1.08392596244812,1,1,-1,-1,1.13448691368103
24,1,2,87,-81,81,0,1.03444170951843,1,-1,1,1,0.83392596244812
24,1,2,88,-27,27,0,0.867206811904907,-1,-1,-1,1,0.784441709518433
24,1,2,92,-3,3,0,0.584478855133057,-1,-1,1,1,0.300602436065674
24,1,2,93,3,3,0,0.950508832931519,-1,-1,-1,-1,0.334478855133057
24,1,2,94,9,9,1,0.634460926055908,1,-1,-1,-1,0.700508832931519
24,1,2,95,27,27,1,0.685046434402466,1,1,-1,1,0.384460926055908
24,1,2,96,9,9,0,1.25108456611633,1,1,1,1,0.435046434402466
24,1,2,97,27,27,1,0.86775016784668,1,-1,1,1,1.00108456611633
24,1,2,98,-81,81,0,0.851099967956543,1,1,-1,1,0.61775016784668
24,1,2,99,81,81,1,1.2509617805481,-1,-1,1,1,0.601099967956543
24,1,3,5,27,27,1,0.633884191513062,-1,-1,-1,-1,0.517149209976196
24,1,3,6,-81,81,0,0.584310531616211,1,1,-1,-1,0.383884191513062
24,1,3,7,-0,0,0,1.11776828765869,-1,-1,1,1,0.334310531616211
24,1,3,8,-0,0,1,0.933877229690552,-1,-1,-1,-1,0.867768287658691
24,1,3,9,-9,9,0,0.733863353729248,-1,1,-1,-1,0.683877229690552
24,1,3,10,-3,3,0,0.600486993789673,-1,-1,1,-1,0.483863353729248
24,1,3,11,-9,9,0,0.917155027389526,-1,-1,-1,-1,0.350486993789673
24,1,3,12,-27,27,0,0.583820104598999,-1,-1,-1,-1,0.667155027389526
24,1,3,13,-27,27,0,0.501234292984009,-1,-1,-1,-1,0.333820104598999
24,1,3,17,-3,3,1,0.884460210800171,-1,-1,-1,-1,0.568173408508301
24,1,3,18,81,81,1,1.06782031059265,-1,1,-1,-1,0.634460210800171
24,1,3,19,9,9,1,0.900527238845825,1,1,1,-1,0.817820310592651
24,1,3,20,27,27,1,0.701191186904907,1,1,1,1,0.650527238845825
24,1,3,21,81,81,1,0.884511232376099,1,1,1,1,0.451191186904907
24,1,3,22,9,9,1,0.883868455886841,1,1,1,1,0.634511232376099
24,1,3,23,81,81,1,0.634341478347778,1,1,1,1,0.633868455886841
24,1,3,24,3,3,1,1.00055027008057,1,1,1,1,0.384341478347778
24,1,3,25,0,0,1,0.46720552444458,1,1,1,1,0.750550270080566
24,1,3,26,-27,27,0,0.60090184211731,1,1,1,1,0.21720552444458
24,1,3,27,81,81,1,0.833855867385864,-1,-1,1,1,0.35090184211731
24,1,3,28,9,9,1,1.10142731666565,1,1,-1,-1,0.583855867385864
24,1,3,29,0,0,0,1.28447127342224,1,1,1,1,0.851427316665649
24,1,3,30,81,81,1,0.851113319396973,1,-1,1,1,1.03447127342224
24,1,3,31,3,3,1,1.15052223205566,1,1,-1,1,0.601113319396973
24,1,3,32,3,3,0,0.850513935089111,1,1,1,1,0.900522232055664
24,1,3,33,81,81,1,0.850509166717529,1,-1,1,1,0.600513935089111
24,1,3,34,-27,27,0,0.717183351516724,1,1,-1,1,0.600509166717529
24,1,3,35,-3,3,0,0.717817783355713,-1,-1,1,1,0.467183351516724
24,1,3,36,-9,9,0,0.901536464691162,-1,-1,-1,-1,0.467817783355713
24,1,3,37,-81,81,0,0.6838698387146,-1,-1,-1,-1,0.651536464691162
24,1,3,38,-81,81,0,0.350490570068359,-1,-1,-1,-1,0.4338698387146
24,1,3,39,-0,0,0,1.13384914398193,-1,-1,-1,-1,0.100490570068359
24,1,3,40,-27,27,0,0.950544834136963,-1,-1,-1,-1,0.883849143981934
24,1,3,41,-81,81,0,1.08383798599243,-1,-1,-1,-1,0.700544834136963
24,1,3,42,3,3,1,1.43471336364746,-1,-1,-1,-1,0.833837985992432
24,1,3,43,9,9,1,0.817202806472778,1,1,-1,-1,1.18471336364746
24,1,3,44,-81,81,0,0.917223215103149,1,1,1,1,0.567202806472778
24,1,3,45,3,3,0,1.3011314868927,-1,-1,1,1,0.667223215103149
24,1,3,46,0,0,1,1.28447127342224,1,-1,-1,-1,1.0511314868927
24,1,3,47,3,3,0,0.817236661911011,1,1,-1,1,1.03447127342224
24,1,3,48,81,81,1,0.951176643371582,1,-1,1,1,0.567236661911011
24,1,3,49,-9,9,0,1.05050826072693,1,1,-1,1,0.701176643371582
24,1,3,50,-3,3,0,1.03386211395264,-1,-1,1,1,0.800508260726929
24,1,3,51,-9,9,0,0.883862018585205,-1,-1,-1,-1,0.783862113952637
24,1,3,52,-9,9,0,0.968389987945557,-1,-1,-1,-1,0.633862018585205
24,1,3,53,-81,81,0,0.733841180801392,-1,-1,-1,-1,0.718389987945557
24,1,3,54,27,27,1,0.851149320602417,-1,-1,-1,-1,0.483841180801392
24,1,3,55,0,0,0,0.983818054199219,1,1,-1,-1,0.601149320602417
24,1,3,56,27,27,1,0.750546455383301,1,-1,1,1,0.733818054199219
24,1,3,62,-27,27,0,0.801068305969238,-1,-1,-1,-1,1.00050616264343
24,1,3,63,-81,81,0,0.633936405181885,-1,-1,-1,-1,0.551068305969238
24,1,3,67,-27,27,0,0.717204809188843,-1,-1,1,1,1.10118389129639
24,1,3,68,-3,3,0,0.984500646591187,-1,-1,-1,-1,0.467204809188843
24,1,3,69,-9,9,0,0.667826652526855,-1,-1,-1,-1,0.734500646591187
24,1,3,70,0,0,0,0.967257499694824,-1,-1,-1,-1,0.417826652526855
24,1,3,71,-0,0,1,1.31783533096313,1,-1,-1,-1,0.717257499694824
24,1,3,72,-9,9,0,0.883857250213623,-1,1,-1,1,1.06783533096313
24,1,3,73,27,27,1,0.735094785690308,-1,-1,1,-1,0.633857250213623
24,1,3,74,-9,9,0,1.03386831283569,1,1,-1,-1,0.485094785690308
24,1,3,75,-3,3,0,1.03447532653809,-1,-1,1,1,0.783868312835693
24,1,3,76,-3,3,0,0.717275142669678,-1,-1,-1,-1,0.784475326538086
24,1,3,77,27,27,1,0.934441089630127,-1,-1,-1,-1,0.467275142669678
24,1,3,78,27,27,1,0.7177574634552,1,1,-1,-1,0.684441089630127
24,1,3,79,-9,9,0,0.883889436721802,1,1,1,1,0.4677574634552
24,1,3,80,-27,27,0,1.11774468421936,-1,-1,1,1,0.633889436721802
24,1,3,81,-81,81,0,0.718179941177368,-1,-1,-1,-1,0.86774468421936
24,1,3,82,-81,81,0,0.517827749252319,-1,-1,-1,-1,0.468179941177368
24,1,3,83,3,3,1,0.967921495437622,-1,-1,-1,-1,0.267827749252319
24,1,3,84,-27,27,0,0.751634359359741,1,1,-1,-1,0.717921495437622
24,1,3,85,27,27,1,0.717210292816162,-1,-1,1,1,0.501634359359741
24,1,3,86,81,81,1,0.917206525802612,1,1,-1,-1,0.467210292816162
24,1,3,87,-81,81,0,1.36718034744263,1,1,1,1,0.667206525802612
24,1,3,88,-81,81,0,0.850534677505493,-1,-1,1,1,1.11718034744263
24,1,3,89,3,3,1,0.95109486579895,-1,-1,-1,-1,0.600534677505493
24,1,3,90,0,0,0,0.617993593215942,1,1,-1,-1,0.70109486579895
24,1,3,91,3,3,1,0.851094722747803,1,-1,1,1,0.367993593215942
24,1,3,92,-3,3,1,0.600948810577393,1,1,-1,1,0.601094722747803
24,1,3,93,-3,3,0,1.05050230026245,-1,1,1,1,0.350948810577393
24,1,3,94,-81,81,0,1.16779041290283,-1,-1,1,-1,0.800502300262451
24,1,3,95,27,27,1,1.10115885734558,-1,-1,-1,-1,0.917790412902832
24,1,3,96,27,27,1,1.23458337783813,1,1,-1,-1,0.851158857345581
24,1,3,97,27,27,1,0.984484195709229,1,1,1,1,0.984583377838135
24,1,4,2,81,81,1,0.767701387405396,-1,-1,1,1,0.867488145828247
24,1,4,3,-3,3,0,0.683893442153931,1,1,-1,-1,0.517701387405396
24,1,4,4,0,0,1,0.717208385467529,-1,-1,1,1,0.433893442153931
24,1,4,5,-3,3,0,0.767799139022827,1,1,-1,-1,0.467208385467529
24,1,4,6,3,3,0,0.750497341156006,-1,-1,1,1,0.517799139022827
24,1,4,7,-0,0,1,0.73447847366333,1,-1,-1,-1,0.500497341156006
24,1,4,8,-9,9,0,0.967798948287964,-1,1,-1,1,0.48447847366333
24,1,4,9,3,3,0,0.884918689727783,-1,-1,1,-1,0.717798948287964
24,1,4,10,-3,3,0,1.45052528381348,1,-1,-1,-1,0.634918689727783
24,1,4,17,-27,27,0,0.751111030578613,1,-1,-1,-1,0.550554513931274
24,1,4,18,81,81,1,0.784490346908569,-1,-1,-1,1,0.501111030578613
24,1,4,19,-9,9,0,0.917800426483154,1,1,-1,-1,0.534490346908569
24,1,4,20,-81,81,0,1.28386235237122,-1,-1,1,1,0.667800426483154
24,1,4,21,27,27,1,0.851099252700806,-1,-1,-1,-1,1.03386235237122
24,1,4,22,-9,9,0,0.783821105957031,1,1,-1,-1,0.601099252700806
24,1,4,23,81,81,1,0.917275190353394,-1,-1,1,1,0.533821105957031
24,1,4,24,-27,27,0,0.934737205505371,1,1,-1,-1,0.667275190353394
24,1,4,25,27,27,1,0.883931398391724,-1,-1,1,1,0.684737205505371
24,1,4,26,-81,81,0,0.734479904174805,1,1,-1,-1,0.633931398391724
24,1,4,27,0,0,1,1.05054593086243,-1,-1,1,1,0.484479904174805
24,1,4,28,-27,27,0,0.850561141967773,1,1,-1,-1,0.800545930862427
24,1,4,29,-9,9,0,0.667198181152344,-1,-1,1,1,0.600561141967773
24,1,4,30,27,27,1,0.751398086547852,-1,-1,-1,-1,0.417198181152344
24,1,4,31,-9,9,1,0.967832803726196,1,1,-1,-1,0.501398086547852
24,1,4,32,81,81,1,0.76764440536499,-1,1,1,1,0.717832803726196
24,1,4,33,-9,9,1,1.30054640769958,1,1,1,-1,0.51764440536499
24,1,4,34,81,81,1,0.833857297897339,-1,1,1,1,1.05054640769958
24,1,4,35,-9,9,0,0.850539445877075,1,1,1,-1,0.583857297897339
24,1,4,36,-9,9,0,1.23382425308228,-1,-1,1,1,0.600539445877075
24,1,4,37,-81,81,0,0.433834791183472,-1,-1,-1,-1,0.983824253082275
24,1,4,38,27,27,1,0.734322547912598,-1,-1,-1,-1,0.183834791183472
24,1,4,39,-81,81,0,0.733867168426514,1,1,-1,-1,0.484322547912598
24,1,4,40,27,27,1,0.634894371032715,-1,-1,1,1,0.483867168426514
24,1,4,41,-9,9,0,0.734473943710327,1,1,-1,-1,0.384894371032715
24,1,4,42,3,3,0,1.03449940681458,-1,-1,1,1,0.484473943710327
24,1,4,43,-9,9,1,0.883849143981934,1,-1,-1,-1,0.784499406814575
24,1,4,44,-27,27,0,0.734512329101562,-1,1,-1,1,0.633849143981934
24,1,4,45,9,9,1,1.40052175521851,-1,-1,1,-1,0.484512329101562
24,1,4,46,-0,0,0,0.750567436218262,1,1,-1,-1,1.15052175521851
24,1,4,47,3,3,0,0.833821058273315,-1,-1,1,1,0.500567436218262
24,1,4,48,81,81,0,0.950522422790527,1,-1,-1,-1,0.583821058273315
24,1,4,49,-3,3,0,1.01714706420898,1,-1,-1,1,0.700522422790527
24,1,4,50,9,9,1,1.068359375,-1,-1,-1,1,0.767147064208984
24,1,4,51,-81,81,0,0.883911848068237,1,1,-1,-1,0.818359375
24,1,4,52,3,3,0,1.4005184173584,-1,-1,1,1,0.633911848068237
24,1,4,53,9,9,1,0.850527048110962,1,-1,-1,-1,1.1505184173584
24,1,4,54,9,9,0,0.651110410690308,1,1,-1,1,0.600527048110962
24,1,4,55,-81,81,0,0.767234325408936,1,-1,1,1,0.401110410690308
24,1,4,59,9,9,0,0.633827686309814,-1,-1,1,1,0.783838510513306
24,1,4,60,-3,3,0,0.951129198074341,1,-1,-1,-1,0.383827686309814
24,1,4,61,9,9,1,0.800503730773926,-1,-1,-1,1,0.701129198074341
24,1,4,62,-81,81,0,0.684436082839966,1,1,-1,-1,0.550503730773926
24,1,4,63,3,3,1,1.21720027923584,-1,-1,1,1,0.434436082839966
24,1,4,64,-3,3,1,0.617148876190186,1,1,-1,-1,0.96720027923584
24,1,4,65,-81,81,0,0.701174736022949,-1,1,1,1,0.367148876190186
24,1,4,66,0,0,0,1.18389630317688,-1,-1,1,-1,0.451174736022949
24,1,4,67,-81,81,0,0.650619268417358,1,-1,-1,-1,0.93389630317688
24,1,4,68,27,27,1,0.667821407318115,-1,-1,-1,1,0.400619268417358
24,1,4,69,-81,81,0,0.567798614501953,1,1,-1,-1,0.417821407318115
24,1,4,70,0,0,1,1.1344428062439,-1,-1,1,1,0.317798614501953
24,1,4,71,-3,3,0,0.700528621673584,1,1,-1,-1,0.884442806243896
24,1,4,72,3,3,1,0.717880964279175,-1,-1,1,1,0.450528621673584
24,1,4,73,-3,3,0,0.750517606735229,1,1,-1,-1,0.467880964279175
24,1,4,74,27,27,1,0.451610565185547,-1,-1,1,1,0.500517606735229
24,1,4,75,-27,27,0,0.418193340301514,1,1,-1,-1,0.201610565185547
24,1,4,76,-3,3,1,1.33381247520447,-1,-1,1,1,0.168193340301514
24,1,4,77,3,3,0,1.21720123291016,-1,1,-1,-1,1.08381247520447
24,1,4,78,-27,27,0,0.518069267272949,1,-1,1,-1,0.967201232910156
24,1,4,83,-9,9,0,0.384504556655884,1,-1,-1,-1,0.701172590255737
24,1,4,84,27,27,1,0.568409442901611,-1,-1,-1,1,0.134504556655884
24,1,4,85,-27,27,0,0.73433780670166,1,1,-1,-1,0.318409442901611
24,1,4,86,0,0,0,1.30053091049194,-1,-1,1,1,0.48433780670166
24,1,4,87,-3,3,0,0.833838939666748,1,-1,-1,-1,1.05053091049194
24,1,4,88,81,81,1,0.551332950592041,-1,-1,-1,1,0.583838939666748
24,1,4,89,-81,81,0,0.41720724105835,1,1,-1,-1,0.301332950592041
24,1,4,90,3,3,0,0.784467697143555,-1,-1,1,1,0.16720724105835
24,1,4,91,-27,27,0,0.534428834915161,1,-1,-1,-1,0.534467697143555
24,1,4,92,0,0,0,1.15109872817993,-1,-1,-1,1,0.284428834915161
24,1,4,93,-81,81,0,0.567224264144897,1,-1,-1,-1,0.901098728179932
24,1,4,94,9,9,0,1.28426957130432,-1,-1,-1,1,0.317224264144897
24,1,4,95,-81,81,0,0.501068353652954,1,-1,-1,-1,1.03426957130432
24,1,4,96,-0,0,0,0.601154565811157,-1,-1,-1,1,0.251068353652954
24,1,4,97,27,27,1,0.66716742515564,-1,-1,-1,-1,0.351154565811157
24,1,4,98,-27,27,0,0.501983880996704,1,1,-1,-1,0.41716742515564
24,1,4,99,27,27,1,0.567181825637817,-1,-1,1,1,0.251983880996704
24,1,5,2,-9,9,0,0.750559091567993,-1,-1,1,1,1.05075335502625
24,1,5,3,-81,81,0,0.533838987350464,-1,-1,-1,-1,0.500559091567993
24,1,5,4,-27,27,0,0.533848285675049,-1,-1,-1,-1,0.283838987350464
24,1,5,5,81,81,1,0.2671959400177,-1,-1,-1,-1,0.283848285675049
24,1,5,6,81,81,1,0.334632873535156,1,1,-1,-1,0.0171959400177002
24,1,5,7,81,81,1,0.550575256347656,1,1,1,1,0.0846328735351562
24,1,5,8,27,27,1,0.500519037246704,1,1,1,1,0.300575256347656
24,1,5,9,-3,3,0,0.733925580978394,1,1,1,1,0.250519037246704
24,1,5,10,-27,27,0,0.501691341400146,-1,-1,1,1,0.483925580978394
24,1,5,11,-81,81,0,0.817251443862915,-1,-1,-1,-1,0.251691341400146
24,1,5,12,27,27,1,0.700499057769775,-1,-1,-1,-1,0.567251443862915
24,1,5,13,-27,27,0,0.667204856872559,1,1,-1,-1,0.450499057769775
24,1,5,14,9,9,0,1.0511577129364,-1,-1,1,1,0.417204856872559
24,1,5,15,-3,3,0,0.817634344100952,1,-1,-1,-1,0.801157712936401
24,1,5,16,9,9,1,0.583855390548706,-1,-1,-1,1,0.567634344100952
24,1,5,17,3,3,0,0.883822202682495,1,1,-1,-1,0.333855390548706
24,1,5,18,-9,9,0,0.900490999221802,1,-1,1,1,0.633822202682495
24,1,5,19,-3,3,0,0.80048942565918,-1,-1,-1,1,0.650490999221802
24,1,5,20,3,3,0,0.600494384765625,-1,-1,-1,-1,0.55048942565918
24,1,5,21,3,3,0,0.901081562042236,1,-1,-1,-1,0.350494384765625
24,1,5,22,-81,81,0,0.717664480209351,1,-1,-1,1,0.651081562042236
24,1,5,23,-0,0,0,0.951147317886353,-1,-1,-1,1,0.467664480209351
24,1,5,24,81,81,1,0.634294509887695,-1,-1,-1,-1,0.701147317886353
24,1,5,25,81,81,1,0.75098705291748,1,1,-1,-1,0.384294509887695
24,1,5,26,3,3,0,1.08447027206421,1,1,1,1,0.50098705291748
24,1,5,27,-81,81,0,0.601105928421021,1,-1,1,1,0.834470272064209
24,1,5,28,9,9,0,0.850530385971069,-1,-1,-1,1,0.351105928421021
24,1,5,29,-9,9,0,0.900540113449097,1,-1,-1,-1,0.600530385971069
24,1,5,30,-9,9,0,0.718449592590332,-1,-1,-1,1,0.650540113449097
24,1,5,31,-9,9,0,0.800555944442749,-1,-1,-1,-1,0.468449592590332
24,1,5,32,3,3,0,1.00054335594177,-1,-1,-1,-1,0.550555944442749
24,1,5,33,9,9,0,0.985052347183228,1,-1,-1,-1,0.750543355941772
24,1,5,34,27,27,1,0.568412780761719,1,-1,-1,1,0.735052347183228
24,1,5,35,27,27,1,0.568182945251465,1,1,-1,1,0.318412780761719
24,1,5,36,3,3,0,1.15055060386658,1,1,1,1,0.318182945251465
24,1,5,37,9,9,0,1.0338249206543,1,-1,1,1,0.900550603866577
24,1,5,38,-81,81,0,0.483851671218872,1,-1,-1,1,0.783824920654297
24,1,5,39,-27,27,0,0.583828926086426,-1,-1,-1,1,0.233851671218872
24,1,5,40,3,3,0,1.01821780204773,-1,-1,-1,-1,0.333828926086426
24,1,5,41,-0,0,1,0.817165851593018,1,-1,-1,-1,0.768217802047729
24,1,5,42,0,0,1,0.817762136459351,-1,1,-1,1,0.567165851593018
24,1,5,43,81,81,1,0.584484100341797,1,1,1,-1,0.567762136459351
24,1,5,44,9,9,0,0.783818483352661,1,1,1,1,0.334484100341797
24,1,5,45,3,3,0,1.06880450248718,1,-1,1,1,0.533818483352661
24,1,5,46,-9,9,1,0.70049262046814,1,-1,-1,1,0.818804502487183
24,1,5,47,-3,3,0,1.03483247756958,-1,1,-1,1,0.45049262046814
24,1,5,48,-81,81,0,0.717202663421631,-1,-1,1,-1,0.78483247756958
24,1,5,49,-9,9,0,0.65130352973938,-1,-1,-1,-1,0.467202663421631
24,1,5,50,9,9,0,0.550559997558594,-1,-1,-1,-1,0.40130352973938
24,1,5,51,27,27,1,0.717841386795044,1,-1,-1,-1,0.300559997558594
24,1,5,52,-3,3,0,0.601120710372925,1,1,-1,1,0.467841386795044
24,1,5,53,81,81,1,0.683861494064331,-1,-1,1,1,0.351120710372925
24,1,5,54,0,0,1,1.28383040428162,1,1,-1,-1,0.433861494064331
24,1,5,55,3,3,0,1.36714506149292,1,1,1,1,1.03383040428162
24,1,5,56,-0,0,1,1.41776490211487,1,-1,1,1,1.11714506149292
24,1,5,57,81,81,1,0.550532102584839,-1,1,-1,1,1.16776490211487
24,1,5,58,-81,81,0,0.533876895904541,1,1,1,-1,0.300532102584839
24,1,5,59,9,9,1,0.935125112533569,-1,-1,1,1,0.283876895904541
24,1,5,60,0,0,0,0.850524187088013,1,1,-1,-1,0.685125112533569
24,1,5,61,27,27,1,0.701164722442627,1,-1,1,1,0.600524187088013
24,1,5,62,-27,27,0,0.833895444869995,1,1,-1,1,0.451164722442627
24,1,5,63,81,81,1,0.817208290100098,-1,-1,1,1,0.583895444869995
24,1,5,64,-27,27,0,0.867213249206543,1,1,-1,-1,0.567208290100098
24,1,5,65,3,3,1,0.95116925239563,-1,-1,1,1,0.617213249206543
24,1,5,66,81,81,1,0.66714072227478,1,1,-1,-1,0.70116925239563
24,1,5,67,-3,3,0,0.933899164199829,1,1,1,1,0.41714072227478
24,1,5,68,-0,0,0,0.701141834259033,-1,-1,1,1,0.683899164199829
24,1,5,69,27,27,1,0.667189359664917,-1,-1,-1,-1,0.451141834259033
24,1,5,70,3,3,1,0.850513935089111,1,1,-1,-1,0.417189359664917
24,1,5,71,-0,0,0,1.48383641242981,1,1,1,1,0.600513935089111
24,1,5,72,27,27,1,0.801146507263184,-1,-1,1,1,1.23383641242981
24,1,5,73,81,81,1,0.950526237487793,1,1,-1,-1,0.551146507263184
24,1,5,74,-81,81,0,0.901287794113159,1,1,1,1,0.700526237487793
24,1,5,75,0,0,1,1.41720843315125,-1,-1,1,1,0.651287794113159
24,1,5,76,-9,9,0,0.967201232910156,1,1,-1,-1,1.16720843315125
24,1,5,77,9,9,0,1.28453946113586,-1,-1,1,1,0.717201232910156
24,1,5,78,9,9,1,0.884818553924561,1,-1,-1,-1,1.03453946113586
24,1,5,79,-27,27,0,0.850590229034424,1,1,-1,1,0.634818553924561
24,1,5,80,27,27,1,0.550580501556396,-1,-1,1,1,0.600590229034424
24,1,5,81,-81,81,0,0.783892393112183,1,1,-1,-1,0.300580501556396
24,1,5,82,27,27,1,1.00154733657837,-1,-1,1,1,0.533892393112183
24,1,5,83,3,3,0,1.00056910514832,1,1,-1,-1,0.751547336578369
24,1,5,84,27,27,1,0.900593996047974,1,-1,1,1,0.750569105148315
24,1,5,85,-27,27,0,0.717208623886108,1,1,-1,1,0.650593996047974
24,1,5,86,27,27,1,0.700553417205811,-1,-1,1,1,0.467208623886108
24,1,5,87,0,0,0,0.817673444747925,1,1,-1,-1,0.450553417205811
24,1,5,88,-3,3,1,1.11784029006958,1,-1,1,1,0.567673444747925
24,1,5,89,0,0,0,0.784583330154419,-1,1,-1,1,0.86784029006958
24,1,5,90,-3,3,0,0.85054087638855,1,-1,1,-1,0.534583330154419
24,1,5,91,9,9,0,1.03388285636902,-1,-1,-1,1,0.60054087638855
24,1,5,92,27,27,1,0.600976228713989,1,-1,-1,-1,0.783882856369019
24,1,5,93,81,81,1,0.850531816482544,1,1,-1,1,0.350976228713989
24,1,5,94,3,3,1,1.43488430976868,1,1,1,1,0.600531816482544
24,1,5,95,9,9,1,0.700556993484497,1,1,1,1,1.18488430976868
24,1,5,96,-3,3,1,0.933924436569214,1,1,1,1,0.450556993484497
24,1,5,97,-27,27,0,0.934515714645386,-1,1,1,1,0.683924436569214
24,1,5,98,-9,9,0,0.917826652526855,-1,-1,1,-1,0.684515714645386
24,1,5,99,81,81,1,0.967830419540405,-1,-1,-1,-1,0.667826652526855
24,2,1,2,-81,81,0,1.08453631401062,-1,-1,-1,1,1.16742515563965
24,2,1,6,-3,3,0,1.35193943977356,1,-1,-1,-1,0.834249258041382
24,2,1,12,27,27,1,0.534302949905396,-1,-1,1,1,0.40156364440918
24,2,1,13,-27,27,0,0.55198073387146,1,1,-1,-1,0.284302949905396
24,2,1,14,27,27,1,0.400498390197754,-1,-1,1,1,0.30198073387146
24,2,1,15,3,3,1,0.968573093414307,1,1,-1,-1,0.150498390197754
24,2,1,16,-3,3,0,0.668393135070801,1,1,1,1,0.718573093414307
24,2,1,17,3,3,0,0.869623184204102,-1,-1,1,1,0.418393135070801
24,2,1,18,-81,81,0,0.569277048110962,1,-1,-1,-1,0.619623184204102
24,2,1,22,-81,81,0,0.400476932525635,1,-1,-1,-1,0.968683004379272
24,2,1,23,81,81,1,0.335852861404419,-1,-1,-1,1,0.150476932525635
24,2,1,24,-27,27,0,0.468749284744263,1,1,-1,-1,0.0858528614044189
24,2,1,25,81,81,1,0.335313558578491,-1,-1,1,1,0.218749284744263
24,2,1,26,-9,9,0,0.769222497940063,1,1,-1,-1,0.0853135585784912
24,2,1,27,-0,0,0,0.709758996963501,-1,-1,1,1,0.519222497940063
24,2,1,28,3,3,0,1.20048332214355,-1,-1,-1,-1,0.459758996963501
24,2,1,32,0,0,0,0.884813547134399,1,1,-1,-1,0.0191452503204346
24,2,1,33,-81,81,0,0.418141841888428,1,-1,1,1,0.634813547134399
24,2,1,34,-27,27,0,0.702562570571899,-1,-1,-1,1,0.168141841888428
24,2,1,35,3,3,0,1.48539328575134,-1,-1,-1,-1,0.452562570571899
24,2,1,36,-27,27,0,0.451465845108032,1,-1,-1,-1,1.23539328575134
24,2,1,37,9,9,1,0.65095329284668,-1,-1,-1,1,0.201465845108032
24,2,1,38,-9,9,0,0.386106729507446,1,1,-1,-1,0.40095329284668
24,2,1,39,3,3,1,0.917611598968506,-1,-1,1,1,0.136106729507446
24,2,1,40,-3,3,0,0.800956010818481,1,1,-1,-1,0.667611598968506
24,2,1,41,81,81,1,0.80179500579834,-1,-1,1,1,0.550956010818481
24,2,1,42,-0,0,0,0.767986297607422,1,1,-1,-1,0.55179500579834
24,2,1,43,-9,9,0,0.585451602935791,-1,-1,1,1,0.517986297607422
24,2,1,44,81,81,1,0.335358142852783,-1,-1,-1,-1,0.335451602935791
24,2,1,45,-27,27,0,0.435360908508301,1,1,-1,-1,0.0853581428527832
24,2,1,46,81,81,1,0.301140785217285,-1,-1,1,1,0.185360908508301
24,2,1,47,-3,3,0,1.00271701812744,1,1,-1,-1,0.0511407852172852
24,2,1,48,9,9,1,0.719287872314453,-1,-1,1,1,0.752717018127441
24,2,1,49,-27,27,0,0.55144190788269,1,1,-1,-1,0.469287872314453
24,2,1,50,81,81,1,0.301967859268188,-1,-1,1,1,0.30144190788269
24,2,1,51,-81,81,0,0.252762317657471,1,1,-1,-1,0.0519678592681885
24,2,1,52,0,0,0,1.25246572494507,-1,-1,1,1,0.0027623176574707
24,2,1,53,-81,81,0,0.417665004730225,1,-1,-1,-1,1.00246572494507
24,2,1,54,0,0,0,1.31865048408508,-1,-1,-1,1,0.167665004730225
24,2,1,55,-0,0,1,1.08379149436951,1,-1,-1,-1,1.06865048408508
24,2,1,56,27,27,1,0.702408790588379,-1,1,-1,1,0.833791494369507
24,2,1,57,-81,81,0,0.335335969924927,1,1,1,-1,0.452408790588379
24,2,1,58,-27,27,0,0.434379816055298,-1,-1,1,1,0.0853359699249268
24,2,1,62,-3,3,0,1.48576903343201,1,1,-1,-1,0.101024389266968
24,2,1,63,-9,9,0,0.652719736099243,-1,-1,1,1,1.23576903343201
24,2,1,64,9,9,0,0.95116662979126,-1,-1,-1,-1,0.402719736099243
24,2,1,65,-3,3,0,1.16799068450928,1,-1,-1,-1,0.70116662979126
24,2,1,66,0,0,1,0.984895706176758,-1,-1,-1,1,0.917990684509277
24,2,1,67,-9,9,0,0.584388494491577,1,1,-1,-1,0.734895706176758
24,2,1,68,3,3,0,0.983798742294312,-1,-1,1,1,0.334388494491577
24,2,1,69,-0,0,0,0.883821487426758,1,-1,-1,-1,0.733798742294312
24,2,1,70,81,81,1,0.36819052696228,-1,-1,-1,1,0.633821487426758
24,2,1,71,-27,27,0,0.483817338943481,1,1,-1,-1,0.11819052696228
24,2,1,72,9,9,0,1.10096788406372,-1,-1,1,1,0.233817338943481
24,2,1,73,-3,3,0,1.33557724952698,1,-1,-1,-1,0.850967884063721
24,2,1,74,27,27,1,1.18432974815369,-1,-1,-1,1,1.08557724952698
24,2,1,75,-81,81,0,0.352335214614868,1,1,-1,-1,0.934329748153687
24,2,1,79,9,9,1,0.701055288314819,-1,-1,1,1,0.885114192962646
24,2,1,80,-3,3,0,1.08444118499756,1,1,-1,-1,0.451055288314819
24,2,1,84,27,27,1,0.300533294677734,-1,-1,-1,-1,0.351338386535645
24,2,1,85,-27,27,0,0.683858394622803,1,1,-1,-1,0.0505332946777344
24,2,1,89,-3,3,0,0.935487031936646,-1,-1,1,1,0.300954818725586
24,2,1,90,3,3,1,0.767855644226074,-1,-1,-1,-1,0.685487031936646
24,2,1,91,9,9,0,1.05215954780579,1,1,-1,-1,0.517855644226074
24,2,1,92,-27,27,0,0.784504413604736,1,-1,1,1,0.802159547805786
24,2,1,93,3,3,0,1.1678102016449,-1,-1,-1,1,0.534504413604736
24,2,1,94,-3,3,0,0.768531322479248,1,-1,-1,-1,0.917810201644897
24,2,1,95,0,0,0,0.585327863693237,-1,-1,-1,1,0.518531322479248
24,2,1,96,-81,81,0,0.483810186386108,1,-1,-1,-1,0.335327863693237
24,2,1,97,27,27,1,0.585327863693237,-1,-1,-1,1,0.233810186386108
24,2,1,98,-9,9,0,0.983815670013428,1,1,-1,-1,0.335327863693237
24,2,1,99,9,9,0,0.950520515441895,-1,-1,1,1,0.733815670013428
24,2,2,2,9,9,1,1.11765146255493,1,1,-1,-1,0.300757646560669
24,2,2,3,9,9,1,1.20178294181824,1,1,1,1,0.867651462554932
24,2,2,4,9,9,0,0.718772411346436,1,1,1,1,0.951782941818237
24,2,2,5,9,9,0,1.05226635932922,1,-1,1,1,0.468772411346436
24,2,2,6,27,27,1,0.550947904586792,1,-1,-1,1,0.802266359329224
24,2,2,7,27,27,1,0.701996088027954,1,1,-1,1,0.300947904586792
24,2,2,8,27,27,1,0.601135015487671,1,1,1,1,0.451996088027954
24,2,2,12,-3,3,0,0.985779047012329,-1,-1,-1,-1,0.385254859924316
24,2,2,13,27,27,1,0.602494955062866,-1,-1,-1,-1,0.735779047012329
24,2,2,14,-9,9,0,1.01761984825134,1,1,-1,-1,0.352494955062866
24,2,2,15,81,81,1,0.752782106399536,-1,-1,1,1,0.767619848251343
24,2,2,16,-27,27,0,0.768063306808472,1,1,-1,-1,0.502782106399536
24,2,2,20,-0,0,0,0.585632801055908,1,-1,-1,1,1.0842969417572
24,2,2,21,-9,9,0,0.785859346389771,-1,-1,-1,1,0.335632801055908
24,2,2,22,-0,0,0,0.651037454605103,-1,-1,-1,-1,0.535859346389771
24,2,2,23,-81,81,0,0.51770806312561,-1,-1,-1,-1,0.401037454605103
24,2,2,24,81,81,1,0.434491395950317,-1,-1,-1,-1,0.26770806312561
24,2,2,25,-9,9,0,0.933875322341919,1,1,-1,-1,0.184491395950317
24,2,2,26,27,27,1,0.65094780921936,-1,-1,1,1,0.683875322341919
24,2,2,27,9,9,0,0.752682685852051,1,1,-1,-1,0.40094780921936
24,2,2,28,3,3,0,0.884338140487671,1,-1,1,1,0.502682685852051
24,2,2,29,-0,0,0,0.650981903076172,1,-1,-1,1,0.634338140487671
24,2,2,30,27,27,1,0.467672109603882,-1,-1,-1,1,0.400981903076172
24,2,2,31,3,3,1,1.15232968330383,1,1,-1,-1,0.217672109603882
24,2,2,32,-27,27,0,0.835134267807007,1,1,1,1,0.902329683303833
24,2,2,33,-27,27,0,0.801954746246338,-1,-1,1,1,0.585134267807007
24,2,2,34,-27,27,0,0.719017744064331,-1,-1,-1,-1,0.551954746246338
24,2,2,35,-27,27,0,0.802278280258179,-1,-1,-1,-1,0.469017744064331
24,2,2,36,-27,27,0,0.78575611114502,-1,-1,-1,-1,0.552278280258179
24,2,2,37,-3,3,0,0.968946218490601,-1,-1,-1,-1,0.53575611114502
24,2,2,38,81,81,1,1.05258846282959,-1,-1,-1,-1,0.718946218490601
24,2,2,39,27,27,1,1.10095977783203,1,1,-1,-1,0.80258846282959
24,2,2,40,27,27,1,0.801288366317749,1,1,1,1,0.850959777832031
24,2,2,41,9,9,1,1.03545451164246,1,1,1,1,0.551288366317749
24,2,2,42,0,0,0,0.902726411819458,1,1,1,1,0.785454511642456
24,2,2,43,-81,81,0,0.852217435836792,1,-1,1,1,0.652726411819458
24,2,2,44,27,27,1,0.701020240783691,-1,-1,-1,1,0.602217435836792
24,2,2,45,9,9,0,1.35105085372925,1,1,-1,-1,0.451020240783691
24,2,2,46,-3,3,0,0.66912317276001,1,-1,1,1,1.10105085372925
24,2,2,47,-3,3,0,0.300528764724731,-1,-1,-1,1,0.41912317276001
24,2,2,48,-27,27,0,0.435107469558716,-1,-1,-1,-1,0.0505287647247314
24,2,2,49,-81,81,0,0.569189786911011,-1,-1,-1,-1,0.185107469558716
24,2,2,50,-81,81,0,0.668585062026978,-1,-1,-1,-1,0.319189786911011
24,2,2,51,-81,81,0,0.518567085266113,-1,-1,-1,-1,0.418585062026978
24,2,2,52,-3,3,0,1.08612990379333,-1,-1,-1,-1,0.268567085266113
24,2,2,59,27,27,1,0.919339418411255,1,-1,-1,-1,0.701563596725464
24,2,2,60,-3,3,0,0.952792644500732,1,1,-1,1,0.669339418411255
24,2,2,61,-27,27,0,0.484319686889648,-1,-1,1,1,0.702792644500732
24,2,2,62,9,9,0,1.11716961860657,-1,-1,-1,-1,0.234319686889648
24,2,2,63,-0,0,0,0.718915939331055,1,-1,-1,-1,0.867169618606567
24,2,2,64,81,81,1,1.25094985961914,-1,-1,-1,1,0.468915939331055
24,2,2,65,3,3,1,0.834918737411499,1,1,-1,-1,1.00094985961914
24,2,2,66,0,0,0,0.569552898406982,1,1,1,1,0.584918737411499
24,2,2,67,-9,9,0,0.534689903259277,1,-1,1,1,0.319552898406982
24,2,2,68,27,27,1,0.633885622024536,-1,-1,-1,1,0.284689903259277
24,2,2,69,-0,0,0,0.667637586593628,1,1,-1,-1,0.383885622024536
24,2,2,70,-9,9,0,0.584537267684937,-1,-1,1,1,0.417637586593628
24,2,2,71,9,9,1,0.867661476135254,-1,-1,-1,-1,0.334537267684937
24,2,2,72,-3,3,0,0.734416723251343,1,1,-1,-1,0.617661476135254
24,2,2,73,0,0,1,0.60050106048584,-1,-1,1,1,0.484416723251343
24,2,2,74,9,9,0,0.467978000640869,1,1,-1,-1,0.35050106048584
24,2,2,75,3,3,0,0.90112566947937,1,-1,1,1,0.217978000640869
24,2,2,76,-3,3,0,0.483842134475708,1,-1,-1,1,0.65112566947937
24,2,2,77,27,27,1,0.483856916427612,-1,-1,-1,1,0.233842134475708
24,2,2,78,-3,3,0,1.00191473960876,1,1,-1,-1,0.233856916427612
24,2,2,79,-81,81,0,0.435884237289429,-1,-1,1,1,0.751914739608765
24,2,2,80,-3,3,0,0.750482082366943,-1,-1,-1,-1,0.185884237289429
24,2,2,81,-3,3,0,0.885555505752563,-1,-1,-1,-1,0.500482082366943
24,2,2,82,-81,81,0,0.617995023727417,-1,-1,-1,-1,0.635555505752563
24,2,2,83,3,3,0,0.919260501861572,-1,-1,-1,-1,0.367995023727417
24,2,2,84,0,0,0,0.617633819580078,1,-1,-1,-1,0.669260501861572
24,2,2,85,3,3,0,0.567168951034546,1,-1,-1,1,0.367633819580078
24,2,2,86,-81,81,0,0.634535789489746,1,-1,-1,1,0.317168951034546
24,2,2,87,81,81,1,0.501745939254761,-1,-1,-1,1,0.384535789489746
24,2,2,88,9,9,0,0.818885564804077,1,1,-1,-1,0.251745939254761
24,2,2,89,9,9,1,0.851025342941284,1,-1,1,1,0.568885564804077
24,2,2,90,-9,9,0,1.28541827201843,1,1,-1,1,0.601025342941284
24,2,2,91,3,3,1,0.634300947189331,-1,-1,1,1,1.03541827201843
24,2,2,95,-81,81,0,0.534647941589355,1,-1,-1,-1,0.70096230506897
24,2,2,96,0,0,1,0.833844423294067,-1,-1,-1,1,0.284647941589355
24,2,2,97,-81,81,0,0.634298801422119,1,1,-1,-1,0.583844423294067
24,2,2,98,-81,81,0,0.585394620895386,-1,-1,1,1,0.384298801422119
24,2,2,99,-9,9,0,0.886152029037476,-1,-1,-1,-1,0.335394620895386
24,2,3,2,-9,9,0,1.30282592773438,1,-1,1,1,1.00258469581604
24,2,3,3,3,3,0,1.08593535423279,-1,-1,-1,1,1.05282592773438
24,2,3,4,-81,81,0,0.634500741958618,1,-1,-1,-1,0.835935354232788
24,2,3,5,-27,27,0,0.700510740280151,-1,-1,-1,1,0.384500741958618
24,2,3,6,81,81,1,0.502184867858887,-1,-1,-1,-1,0.450510740280151
24,2,3,7,-27,27,0,0.752203464508057,1,1,-1,-1,0.252184867858887
24,2,3,8,81,81,1,0.469389915466309,-1,-1,1,1,0.502203464508057
24,2,3,9,0,0,0,1.18496537208557,1,1,-1,-1,0.219389915466309
24,2,3,10,-3,3,0,1.03430032730103,1,-1,1,1,0.934965372085571
24,2,3,11,-3,3,0,0.719338178634644,-1,-1,-1,1,0.784300327301025
24,2,3,15,27,27,1,0.734287023544312,1,1,-1,-1,0.735390901565552
24,2,3,16,-3,3,1,0.918968915939331,1,1,1,1,0.484287023544312
24,2,3,17,0,0,0,0.735221862792969,-1,1,1,1,0.668968915939331
24,2,3,18,-81,81,0,0.519268035888672,1,-1,1,-1,0.485221862792969
24,2,3,19,81,81,1,1.20273566246033,-1,-1,-1,1,0.269268035888672
24,2,3,20,-9,9,0,0.968672752380371,1,1,-1,-1,0.952735662460327
24,2,3,21,3,3,1,0.469418048858643,-1,-1,1,1,0.718672752380371
24,2,3,22,-3,3,0,0.485999822616577,1,1,-1,-1,0.219418048858643
24,2,3,23,27,27,1,0.551668405532837,-1,-1,1,1,0.235999822616577
24,2,3,24,-9,9,0,1.13462996482849,1,1,-1,-1,0.301668405532837
24,2,3,25,-81,81,0,1.18530321121216,-1,-1,1,1,0.884629964828491
24,2,3,26,9,9,1,0.917182445526123,-1,-1,-1,-1,0.935303211212158
24,2,3,27,-81,81,0,0.952381134033203,1,1,-1,-1,0.667182445526123
24,2,3,28,3,3,0,0.952458620071411,-1,-1,1,1,0.702381134033203
24,2,3,29,-0,0,0,1.13429594039917,1,-1,-1,-1,0.702458620071411
24,2,3,30,81,81,1,0.819147825241089,-1,-1,-1,1,0.88429594039917
24,2,3,34,9,9,1,0.886016845703125,-1,-1,1,1,0.334659814834595
24,2,3,35,-27,27,0,1.10069727897644,1,1,-1,-1,0.636016845703125
24,2,3,36,0,0,0,0.818690776824951,-1,-1,1,1,0.85069727897644
24,2,3,37,-9,9,0,0.700990676879883,1,-1,-1,-1,0.568690776824951
24,2,3,38,81,81,1,0.701982498168945,-1,-1,-1,1,0.450990676879883
24,2,3,39,-81,81,0,0.385468721389771,1,1,-1,-1,0.451982498168945
24,2,3,40,27,27,1,1.0843346118927,-1,-1,1,1,0.135468721389771
24,2,3,41,3,3,0,0.835979461669922,1,1,-1,-1,0.8343346118927
24,2,3,42,-9,9,0,1.26816773414612,1,-1,1,1,0.585979461669922
24,2,3,43,0,0,0,0.817770957946777,-1,-1,-1,1,1.01816773414612
24,2,3,44,-3,3,0,0.718830585479736,1,-1,-1,-1,0.567770957946777
24,2,3,45,81,81,1,0.717923641204834,-1,-1,-1,1,0.468830585479736
24,2,3,46,-3,3,0,0.56808066368103,1,1,-1,-1,0.467923641204834
24,2,3,47,27,27,1,0.552107334136963,-1,-1,1,1,0.31808066368103
24,2,3,48,-27,27,0,0.80253005027771,1,1,-1,-1,0.302107334136963
24,2,3,49,0,0,0,0.850509166717529,-1,-1,1,1,0.55253005027771
24,2,3,50,-81,81,0,1.03443145751953,1,-1,-1,-1,0.600509166717529
24,2,3,51,27,27,1,0.734655618667603,-1,-1,-1,1,0.784431457519531
24,2,3,52,-3,3,1,0.718905687332153,1,1,-1,-1,0.484655618667603
24,2,3,53,9,9,0,0.702279806137085,-1,1,1,1,0.468905687332153
24,2,3,54,-81,81,0,0.583896398544312,1,-1,1,-1,0.452279806137085
24,2,3,55,0,0,0,0.818024158477783,-1,-1,-1,1,0.333896398544312
24,2,3,56,-27,27,0,0.633862257003784,1,-1,-1,-1,0.568024158477783
24,2,3,57,9,9,0,1.13428497314453,-1,-1,-1,1,0.383862257003784
24,2,3,58,-9,9,0,0.60100245475769,1,-1,-1,-1,0.884284973144531
24,2,3,59,-81,81,0,0.602522850036621,-1,-1,-1,1,0.35100245475769
24,2,3,60,-9,9,0,0.585937261581421,-1,-1,-1,-1,0.352522850036621
24,2,3,61,81,81,1,0.568254947662354,-1,-1,-1,-1,0.335937261581421
24,2,3,62,-81,81,0,0.768560886383057,1,1,-1,-1,0.318254947662354
24,2,3,63,27,27,1,1.05254769325256,-1,-1,1,1,0.518560886383057
24,2,3,64,-3,3,0,1.01773428916931,1,1,-1,-1,0.802547693252563
24,2,3,65,0,0,0,0.784512519836426,-1,-1,1,1,0.767734289169312
24,2,3,66,-3,3,0,0.786075592041016,1,-1,-1,-1,0.534512519836426
24,2,3,67,-27,27,0,0.934823751449585,-1,-1,-1,1,0.536075592041016
24,2,3,68,9,9,1,0.650989770889282,-1,-1,-1,-1,0.684823751449585
24,2,3,69,-9,9,0,0.500942230224609,1,1,-1,-1,0.400989770889282
24,2,3,70,3,3,0,0.451369047164917,-1,-1,1,1,0.250942230224609
24,2,3,71,-81,81,0,0.767624139785767,1,-1,-1,-1,0.201369047164917
24,2,3,72,9,9,1,1.00262808799744,-1,-1,-1,1,0.517624139785767
24,2,3,73,-81,81,0,0.650504112243652,1,1,-1,-1,0.752628087997437
24,2,3,74,-27,27,0,0.635411500930786,-1,-1,1,1,0.400504112243652
24,2,3,75,27,27,1,0.734354734420776,-1,-1,-1,-1,0.385411500930786
24,2,3,76,-3,3,0,0.951324701309204,1,1,-1,-1,0.484354734420776
24,2,3,77,3,3,0,0.817706108093262,-1,-1,1,1,0.701324701309204
24,2,3,78,-3,3,0,0.817681789398193,1,-1,-1,-1,0.567706108093262
24,2,3,79,3,3,1,0.752449512481689,-1,-1,-1,1,0.567681789398193
24,2,3,80,-9,9,0,0.684345960617065,1,1,-1,-1,0.502449512481689
24,2,3,81,27,27,1,0.587181329727173,-1,-1,1,1,0.434345960617065
24,2,3,82,-27,27,0,0.61762261390686,1,1,-1,-1,0.337181329727173
24,2,3,83,27,27,1,0.484970092773438,-1,-1,1,1,0.36762261390686
24,2,3,84,-81,81,0,0.552130222320557,1,1,-1,-1,0.234970092773438
24,2,3,85,9,9,1,0.583820581436157,-1,-1,1,1,0.302130222320557
24,2,3,86,-9,9,0,0.569273710250854,1,1,-1,-1,0.333820581436157
24,2,3,87,-9,9,1,0.667773962020874,-1,-1,1,1,0.319273710250854
24,2,3,88,27,27,1,0.700925588607788,-1,1,-1,-1,0.417773962020874
24,2,3,89,-81,81,0,0.834341287612915,1,1,1,-1,0.450925588607788
24,2,3,90,-3,3,0,0.701108932495117,-1,-1,1,1,0.584341287612915
24,2,3,91,3,3,0,0.58609414100647,-1,-1,-1,-1,0.451108932495117
24,2,3,92,-0,0,1,1.21767520904541,1,-1,-1,-1,0.33609414100647
24,2,3,93,27,27,1,0.601039409637451,-1,1,-1,1,0.96767520904541
24,2,3,94,-0,0,0,0.834876775741577,1,1,1,-1,0.351039409637451
24,2,3,95,-3,3,0,0.717791080474854,-1,-1,1,1,0.584876775741577
24,2,3,96,27,27,1,0.651121139526367,-1,-1,-1,-1,0.467791080474854
24,2,3,97,-9,9,0,0.752715110778809,1,1,-1,-1,0.401121139526367
24,2,3,98,81,81,1,1.40340423583984,-1,-1,1,1,0.502715110778809
24,2,3,99,0,0,1,0.967151403427124,1,1,-1,-1,1.15340423583984
24,2,4,2,3,3,0,0.933835029602051,-1,-1,-1,-1,0.684551239013672
24,2,4,3,81,81,1,0.802001953125,1,-1,-1,-1,0.683835029602051
24,2,4,4,27,27,1,0.717166662216187,1,1,-1,1,0.552001953125
24,2,4,5,-0,0,0,0.719148397445679,1,1,1,1,0.467166662216187
24,2,4,6,-3,3,1,0.650949239730835,-1,-1,1,1,0.469148397445679
24,2,4,7,9,9,0,0.652600765228271,-1,1,-1,-1,0.400949239730835
24,2,4,8,-27,27,0,0.735962390899658,1,-1,1,-1,0.402600765228271
24,2,4,9,27,27,1,0.63441014289856,-1,-1,-1,1,0.485962390899658
24,2,4,10,-81,81,0,0.784854650497437,1,1,-1,-1,0.38441014289856
24,2,4,11,-3,3,0,0.902708053588867,-1,-1,1,1,0.534854650497437
24,2,4,12,-3,3,0,1.0676474571228,-1,-1,-1,-1,0.652708053588867
24,2,4,13,9,9,1,0.652404069900513,-1,-1,-1,-1,0.817647457122803
24,2,4,14,27,27,1,0.500961303710938,1,1,-1,-1,0.402404069900513
24,2,4,15,-81,81,0,0.867618560791016,1,1,1,1,0.250961303710938
24,2,4,16,-81,81,0,0.600482940673828,-1,-1,1,1,0.617618560791016
24,2,4,17,-27,27,0,0.768806934356689,-1,-1,-1,-1,0.350482940673828
24,2,4,18,27,27,1,0.717676639556885,-1,-1,-1,-1,0.518806934356689
24,2,4,19,-0,0,0,0.469086885452271,1,1,-1,-1,0.467676639556885
24,2,4,20,81,81,1,0.86925482749939,-1,-1,1,1,0.219086885452271
24,2,4,21,-0,0,0,0.735652923583984,1,1,-1,-1,0.61925482749939
24,2,4,22,9,9,0,0.819082975387573,-1,-1,1,1,0.485652923583984
24,2,4,23,-81,81,0,1.0190634727478,1,-1,-1,-1,0.569082975387573
24,2,4,24,0,0,0,0.934326648712158,-1,-1,-1,1,0.769063472747803
24,2,4,25,3,3,0,1.0180447101593,1,-1,-1,-1,0.684326648712158
24,2,4,26,9,9,0,0.734350442886353,1,-1,-1,1,0.768044710159302
24,2,4,27,3,3,0,0.783873796463013,1,-1,-1,1,0.484350442886353
24,2,4,28,-3,3,1,0.600976705551147,1,-1,-1,1,0.533873796463013
24,2,4,29,-9,9,0,0.685903310775757,-1,1,-1,1,0.350976705551147
24,2,4,30,9,9,1,0.919254779815674,-1,-1,1,-1,0.435903310775757
24,2,4,31,-27,27,0,0.669204473495483,1,1,-1,-1,0.669254779815674
24,2,4,32,9,9,0,0.917924404144287,-1,-1,1,1,0.419204473495483
24,2,4,33,9,9,0,0.586037635803223,1,-1,-1,-1,0.667924404144287
24,2,4,34,-9,9,1,0.73581337928772,1,-1,-1,1,0.336037635803223
24,2,4,35,-0,0,0,0.502072095870972,-1,1,-1,1,0.48581337928772
24,2,4,36,-9,9,0,0.967955350875854,-1,-1,1,-1,0.252072095870972
24,2,4,37,3,3,0,0.65259861946106,-1,-1,-1,-1,0.717955350875854
24,2,4,38,-3,3,0,0.467135190963745,1,-1,-1,-1,0.40259861946106
24,2,4,39,-27,27,0,0.769346952438354,-1,-1,-1,1,0.217135190963745
24,2,4,40,-3,3,0,0.86936354637146,-1,-1,-1,-1,0.519346952438354
24,2,4,41,81,81,1,0.617207765579224,-1,-1,-1,-1,0.61936354637146
24,2,4,42,-9,9,0,0.468035936355591,1,1,-1,-1,0.367207765579224
24,2,4,43,-0,0,0,0.85120677947998,-1,-1,1,1,0.218035936355591
24,2,4,44,81,81,1,0.567151069641113,-1,-1,-1,-1,0.60120677947998
24,2,4,45,3,3,0,1.06765151023865,1,1,-1,-1,0.317151069641113
24,2,4,46,9,9,1,1.16762137413025,1,-1,1,1,0.817651510238647
24,2,4,47,3,3,0,0.552102088928223,1,1,-1,1,0.917621374130249
24,2,4,48,9,9,1,0.702064514160156,1,-1,1,1,0.302102088928223
24,2,4,49,81,81,1,1.234450340271,1,1,-1,1,0.452064514160156
24,2,4,50,3,3,0,0.868857622146606,1,1,1,1,0.984450340270996
24,2,4,51,27,27,0,0.851134061813354,1,-1,1,1,0.618857622146606
24,2,4,52,81,81,1,1.21788835525513,1,-1,-1,1,0.601134061813354
24,2,4,53,3,3,0,0.785597562789917,1,1,-1,1,0.967888355255127
24,2,4,54,27,27,1,0.45237922668457,1,-1,1,1,0.535597562789917
24,2,4,55,27,27,1,0.818679094314575,1,1,-1,1,0.20237922668457
24,2,4,56,-81,81,0,0.567662239074707,1,1,1,1,0.568679094314575
24,2,4,57,81,81,1,0.452477216720581,-1,-1,1,1,0.317662239074707
24,2,4,58,-27,27,0,0.751710653305054,1,1,-1,-1,0.202477216720581
24,2,4,59,81,81,1,0.785911560058594,-1,-1,1,1,0.501710653305054
24,2,4,60,-27,27,0,0.685280561447144,1,1,-1,-1,0.535911560058594
24,2,4,61,-81,81,0,0.685703754425049,-1,-1,1,1,0.435280561447144
24,2,4,62,3,3,0,0.833881378173828,-1,-1,-1,-1,0.435703754425049
24,2,4,63,-81,81,0,0.602497100830078,1,-1,-1,-1,0.583881378173828
24,2,4,64,27,27,1,0.901016712188721,-1,-1,-1,1,0.352497100830078
24,2,4,65,-27,27,0,0.867610692977905,1,1,-1,-1,0.651016712188721
24,2,4,66,-27,27,0,0.719174385070801,-1,-1,1,1,0.617610692977905
24,2,4,67,81,81,1,0.685712099075317,-1,-1,-1,-1,0.469174385070801
24,2,4,68,27,27,1,0.851006031036377,1,1,-1,-1,0.435712099075317
24,2,4,69,81,81,1,0.55204701423645,1,1,1,1,0.601006031036377
24,2,4,70,-3,3,0,0.75111985206604,1,1,1,1,0.30204701423645
24,2,4,71,-9,9,0,0.685173511505127,-1,-1,1,1,0.50111985206604
24,2,4,72,27,27,1,0.901984453201294,-1,-1,-1,-1,0.435173511505127
24,2,4,73,-9,9,0,0.935748338699341,1,1,-1,-1,0.651984453201294
24,2,4,74,0,0,0,0.302303791046143,-1,-1,1,1,0.685748338699341
24,2,4,75,81,81,1,1.40233135223389,1,-1,-1,-1,0.0523037910461426
24,2,4,76,-81,81,0,1.48541831970215,1,1,-1,1,1.15233135223389
24,2,4,77,-81,81,0,0.751556396484375,-1,-1,1,1,1.23541831970215
24,2,4,81,-81,81,0,0.600946664810181,-1,1,-1,-1,0.701000928878784
24,2,4,82,0,0,0,0.952276706695557,-1,-1,1,-1,0.350946664810181
24,2,4,83,-81,81,0,1.03434300422668,1,-1,-1,-1,0.702276706695557
24,2,4,84,-3,3,0,0.95136284828186,-1,-1,-1,1,0.784343004226685
24,2,4,85,-3,3,0,0.735758066177368,-1,-1,-1,-1,0.70136284828186
24,2,4,86,9,9,0,1.05244469642639,-1,-1,-1,-1,0.485758066177368
24,2,4,87,27,27,1,0.852115631103516,1,-1,-1,-1,0.802444696426392
24,2,4,88,-0,0,0,0.43387246131897,1,1,-1,1,0.602115631103516
24,2,4,89,-3,3,0,0.684279680252075,-1,-1,1,1,0.18387246131897
24,2,4,90,-3,3,1,0.617607355117798,-1,-1,-1,-1,0.434279680252075
24,2,4,91,-9,9,0,0.417165517807007,-1,1,-1,-1,0.367607355117798
24,2,4,92,9,9,1,0.81762957572937,-1,-1,1,-1,0.167165517807007
24,2,4,93,3,3,0,0.685981750488281,1,1,-1,-1,0.56762957572937
24,2,4,94,-0,0,1,0.952164888381958,1,-1,1,1,0.435981750488281
24,2,4,95,-3,3,0,0.867678642272949,-1,1,-1,1,0.702164888381958
24,2,4,96,-9,9,1,1.05100440979004,-1,-1,1,-1,0.617678642272949
24,2,4,97,9,9,0,0.467688798904419,-1,1,-1,-1,0.801004409790039
24,2,4,98,27,27,1,0.685925245285034,1,-1,1,-1,0.217688798904419
24,2,4,99,-27,27,0,0.869266033172607,1,1,-1,1,0.435925245285034
24,2,5,2,81,81,1,0.750504732131958,1,-1,-1,-1,1.00247144699097
24,2,5,3,0,0,0,1.31776762008667,1,1,-1,1,0.500504732131958
24,2,5,4,-27,27,0,1.23433017730713,1,-1,1,1,1.06776762008667
24,2,5,5,-27,27,0,0.71858024597168,-1,-1,-1,1,0.984330177307129
24,2,5,6,3,3,1,0.817731618881226,-1,-1,-1,-1,0.46858024597168
24,2,5,7,81,81,1,0.935370922088623,1,1,-1,-1,0.567731618881226
24,2,5,8,-0,0,0,1.00306296348572,1,1,1,1,0.685370922088623
24,2,5,9,-81,81,0,0.88434910774231,-1,-1,1,1,0.753062963485718
24,2,5,10,-3,3,0,0.950989961624146,-1,-1,-1,-1,0.63434910774231
24,2,5,11,-9,9,0,0.934345483779907,-1,-1,-1,-1,0.700989961624146
24,2,5,12,-9,9,0,0.68604302406311,-1,-1,-1,-1,0.684345483779907
24,2,5,17,27,27,1,0.75202751159668,1,1,1,1,0.63437557220459
24,2,5,18,3,3,1,0.901916265487671,1,1,1,1,0.50202751159668
24,2,5,19,-3,3,1,0.635806083679199,1,1,1,1,0.651916265487671
24,2,5,20,-0,0,0,0.486266613006592,-1,1,1,1,0.385806083679199
24,2,5,21,-9,9,0,0.718853950500488,-1,-1,1,-1,0.236266613006592
24,2,5,22,-81,81,0,0.835347175598145,-1,-1,-1,-1,0.468853950500488
24,2,5,23,-9,9,0,0.817722320556641,-1,-1,-1,-1,0.585347175598145
24,2,5,24,3,3,0,0.784398078918457,-1,-1,-1,-1,0.567722320556641
24,2,5,25,3,3,0,0.685747385025024,1,-1,-1,-1,0.534398078918457
24,2,5,26,27,27,1,0.735602378845215,1,-1,-1,1,0.435747385025024
24,2,5,27,81,81,1,0.869274854660034,1,1,-1,1,0.485602378845215
24,2,5,28,-3,3,0,0.569316148757935,1,1,1,1,0.619274854660034
24,2,5,29,-3,3,1,0.951094627380371,-1,-1,1,1,0.319316148757935
24,2,5,30,-27,27,0,0.819148302078247,-1,1,-1,-1,0.701094627380371
24,2,5,31,-0,0,0,0.968763828277588,-1,-1,1,-1,0.569148302078247
24,2,5,32,-3,3,1,0.985949516296387,-1,-1,-1,-1,0.718763828277588
24,2,5,33,3,3,0,0.968825578689575,-1,1,-1,-1,0.735949516296387
24,2,5,34,-9,9,0,1.1511378288269,1,-1,1,-1,0.718825578689575
24,2,5,35,-3,3,0,0.636104822158813,-1,-1,-1,1,0.901137828826904
24,2,5,36,-81,81,0,0.950489044189453,-1,-1,-1,-1,0.386104822158813
24,2,5,37,-27,27,0,1.01916813850403,-1,-1,-1,-1,0.700489044189453
24,2,5,38,-81,81,0,0.752300262451172,-1,-1,-1,-1,0.769168138504028
24,2,5,42,27,27,1,0.802203893661499,-1,-1,1,-1,0.534345149993896
24,2,5,43,9,9,0,0.984834671020508,1,1,-1,-1,0.552203893661499
24,2,5,44,81,81,1,1.13581609725952,1,-1,1,1,0.734834671020508
24,2,5,45,0,0,0,1.13427925109863,1,1,-1,1,0.885816097259521
24,2,5,46,3,3,1,0.652750730514526,1,-1,1,1,0.884279251098633
24,2,5,47,9,9,1,1.13610148429871,1,1,-1,1,0.402750730514526
24,2,5,48,81,81,1,0.817768573760986,1,1,1,1,0.886101484298706
24,2,5,49,27,27,1,0.767712116241455,1,1,1,1,0.567768573760986
24,2,5,50,0,0,0,0.71778392791748,1,1,1,1,0.517712116241455
24,2,5,51,9,9,1,0.918557167053223,1,-1,1,1,0.46778392791748
24,2,5,52,-27,27,1,0.88533091545105,1,1,-1,1,0.668557167053223
24,2,5,53,-81,81,0,0.750956296920776,-1,1,1,1,0.63533091545105
24,2,5,54,-81,81,0,1.15047836303711,-1,-1,1,-1,0.500956296920776
24,2,5,55,3,3,0,1.18535828590393,-1,-1,-1,-1,0.900478363037109
24,2,5,56,81,81,1,1.23433971405029,1,-1,-1,-1,0.935358285903931
24,2,5,57,9,9,0,0.78580117225647,1,1,-1,1,0.984339714050293
24,2,5,58,-3,3,1,0.834276914596558,1,-1,1,1,0.53580117225647
24,2,5,59,27,27,1,0.98546290397644,-1,1,-1,1,0.584276914596558
24,2,5,60,27,27,1,0.935231447219849,1,1,1,-1,0.73546290397644
24,2,5,61,81,81,1,0.95262598991394,1,1,1,1,0.685231447219849
24,2,5,62,-27,27,0,0.90201473236084,1,1,1,1,0.70262598991394
24,2,5,63,-9,9,0,0.485108375549316,-1,-1,1,1,0.65201473236084
24,2,5,64,-81,81,0,1.11719608306885,-1,-1,-1,-1,0.235108375549316
24,2,5,65,-81,81,0,0.71914267539978,-1,-1,-1,-1,0.867196083068848
24,2,5,66,9,9,0,0.586214065551758,-1,-1,-1,-1,0.46914267539978
24,2,5,70,-81,81,0,0.717793941497803,-1,-1,1,1,0.602730751037598
24,2,5,71,-3,3,0,0.802803516387939,-1,-1,-1,-1,0.467793941497803
24,2,5,72,-9,9,0,0.418286561965942,-1,-1,-1,-1,0.552803516387939
24,2,5,76,-9,9,1,0.984284400939941,1,1,-1,1,0.65048360824585
24,2,5,77,-81,81,0,0.950959920883179,-1,1,1,1,0.734284400939941
24,2,5,78,-9,9,0,0.934284210205078,-1,-1,1,-1,0.700959920883179
24,2,5,79,-27,27,0,0.467191457748413,-1,-1,-1,-1,0.684284210205078
24,2,5,83,-27,27,0,0.9347984790802,-1,1,-1,-1,0.751067161560059
24,2,5,84,-3,3,0,1.23542165756226,-1,-1,1,-1,0.6847984790802
24,2,5,85,-9,9,0,0.269281148910522,-1,-1,-1,-1,0.985421657562256
24,2,5,86,-81,81,0,0.75220799446106,-1,-1,-1,-1,0.0192811489105225
24,2,5,87,-9,9,0,0.851627588272095,-1,-1,-1,-1,0.50220799446106
24,2,5,88,-9,9,0,0.902207612991333,-1,-1,-1,-1,0.601627588272095
24,2,5,89,-9,9,0,0.518225908279419,-1,-1,-1,-1,0.652207612991333
24,2,5,90,-0,0,0,0.834340810775757,-1,-1,-1,-1,0.268225908279419
24,2,5,91,-81,81,0,0.900575637817383,-1,-1,-1,-1,0.584340810775757
24,2,5,92,-0,0,1,1.28615403175354,-1,-1,-1,-1,0.650575637817383
24,2,5,96,-27,27,0,0.667618989944458,-1,-1,1,-1,0.600938558578491
24,2,5,97,-3,3,0,0.502070903778076,-1,-1,-1,-1,0.417618989944458
24,2,5,98,27,27,1,0.417798280715942,-1,-1,-1,-1,0.252070903778076
24,2,5,99,-3,3,0,0.819005250930786,1,1,-1,-1,0.167798280715942
24,2,6,2,-9,9,1,0.75048828125,-1,-1,1,1,0.701317548751831
24,2,6,3,-27,27,0,0.985759973526001,-1,1,-1,-1,0.50048828125
24,2,6,4,-81,81,0,1.05271530151367,-1,-1,1,-1,0.735759973526001
24,2,6,5,-9,9,0,0.834288835525513,-1,-1,-1,-1,0.802715301513672
24,2,6,6,-9,9,1,1.06908297538757,-1,-1,-1,-1,0.584288835525513
24,2,6,7,-27,27,0,1.21849727630615,-1,1,-1,-1,0.819082975387573
24,2,6,8,-3,3,0,0.552503824234009,-1,-1,1,-1,0.968497276306152
24,2,6,12,-81,81,0,1.21763277053833,-1,-1,-1,-1,0.567589998245239
24,2,6,13,9,9,0,0.434363603591919,-1,-1,-1,-1,0.96763277053833
24,2,6,17,-9,9,1,0.767677307128906,1,-1,1,1,0.534326314926147
24,2,6,18,27,27,1,0.652618169784546,-1,1,-1,1,0.517677307128906
24,2,6,19,27,27,1,0.58564281463623,1,1,1,-1,0.402618169784546
24,2,6,20,81,81,1,0.58590292930603,1,1,1,1,0.33564281463623
24,2,6,24,3,3,0,0.601215600967407,1,1,1,1,0.384500026702881
24,2,6,25,0,0,0,0.435945272445679,1,-1,1,1,0.351215600967407
24,2,6,26,-81,81,0,1.10233592987061,1,-1,-1,1,0.185945272445679
24,2,6,27,-81,81,0,0.934777021408081,-1,-1,-1,1,0.852335929870605
24,2,6,28,81,81,1,0.834357261657715,-1,-1,-1,-1,0.684777021408081
24,2,6,29,3,3,0,0.684523344039917,1,1,-1,-1,0.584357261657715
24,2,6,30,-81,81,0,0.751593112945557,1,-1,1,1,0.434523344039917
24,2,6,31,27,27,1,0.719281196594238,-1,-1,-1,1,0.501593112945557
24,2,6,32,81,81,1,0.684436082839966,1,1,-1,-1,0.469281196594238
24,2,6,33,0,0,1,1.0859169960022,1,1,1,1,0.434436082839966
24,2,6,34,-3,3,0,1.13386416435242,1,1,1,1,0.835916996002197
24,2,6,35,-3,3,0,0.851981401443481,-1,-1,1,1,0.883864164352417
24,2,6,36,-9,9,0,0.800982236862183,-1,-1,-1,-1,0.601981401443481
24,2,6,37,27,27,1,0.702429056167603,-1,-1,-1,-1,0.550982236862183
24,2,6,38,81,81,1,0.717663526535034,1,1,-1,-1,0.452429056167603
24,2,6,39,27,27,1,0.717617750167847,1,1,1,1,0.467663526535034
24,2,6,40,-9,9,1,1.00225615501404,1,1,1,1,0.467617750167847
24,2,6,41,-3,3,0,0.917670249938965,-1,1,1,1,0.752256155014038
24,2,6,45,9,9,1,0.53595757484436,-1,1,-1,-1,0.200956583023071
24,2,6,46,27,27,1,0.734999895095825,1,1,1,-1,0.28595757484436
24,2,6,47,27,27,1,0.752601861953735,1,1,1,1,0.484999895095825
24,2,6,48,81,81,1,0.950513362884521,1,1,1,1,0.502601861953735
24,2,6,49,-0,0,1,1.00252985954285,1,1,1,1,0.700513362884521
24,2,6,50,-0,0,0,0.767671823501587,-1,1,1,1,0.752529859542847
24,2,6,51,-3,3,1,0.835992574691772,-1,-1,1,-1,0.517671823501587
24,2,6,52,81,81,1,0.935587406158447,-1,1,-1,-1,0.585992574691772
24,2,6,53,3,3,0,0.617639541625977,1,1,1,-1,0.685587406158447
24,2,6,54,81,81,1,0.819292783737183,1,-1,1,1,0.367639541625977
24,2,6,55,9,9,1,0.434706926345825,1,1,-1,1,0.569292783737183
24,2,6,56,3,3,0,0.618050098419189,1,1,1,1,0.184706926345825
24,2,6,57,3,3,1,0.81779408454895,1,-1,1,1,0.368050098419189
24,2,6,58,9,9,1,0.585494756698608,1,1,-1,1,0.56779408454895
24,2,6,59,-3,3,0,0.6020188331604,1,1,1,1,0.335494756698608
24,2,6,60,3,3,0,0.56768798828125,-1,-1,1,1,0.3520188331604
24,2,6,61,3,3,1,0.384693384170532,1,-1,-1,-1,0.31768798828125
24,2,6,65,-3,3,0,1.40097570419312,-1,-1,-1,-1,0.833813667297363
24,2,6,66,-27,27,0,0.75047492980957,-1,-1,-1,-1,1.15097570419312
24,2,6,67,-0,0,0,0.317168235778809,-1,-1,-1,-1,0.50047492980957
24,2,6,68,81,81,1,0.85197377204895,-1,-1,-1,-1,0.0671682357788086
24,2,6,69,9,9,1,0.819252729415894,1,1,-1,-1,0.60197377204895
24,2,6,70,3,3,0,0.73435640335083,1,1,1,1,0.569252729415894
24,2,6,71,27,27,1,0.786091804504395,1,-1,1,1,0.48435640335083
24,2,6,72,27,27,1,0.801926374435425,1,1,-1,1,0.536091804504395
24,2,6,73,81,81,1,0.802286386489868,1,1,1,1,0.551926374435425
24,2,6,74,27,27,1,0.534447431564331,1,1,1,1,0.552286386489868
24,2,6,75,27,27,1,0.800951242446899,1,1,1,1,0.284447431564331
24,2,6,76,0,0,1,0.534332752227783,1,1,1,1,0.550951242446899
24,2,6,77,3,3,0,0.48385214805603,1,1,1,1,0.284332752227783
24,2,6,78,0,0,0,0.519246578216553,1,-1,1,1,0.23385214805603
24,2,6,79,9,9,0,0.835464715957642,1,-1,-1,1,0.269246578216553
24,2,6,80,27,27,1,0.768629312515259,1,-1,-1,1,0.585464715957642
24,2,6,81,9,9,1,1.03598642349243,1,1,-1,1,0.518629312515259
24,2,6,82,3,3,1,0.801996946334839,1,1,1,1,0.785986423492432
24,2,6,83,27,27,1,0.735339164733887,1,1,1,1,0.551996946334839
24,2,6,84,3,3,1,0.685961246490479,1,1,1,1,0.485339164733887
24,2,6,85,-27,27,0,0.768989086151123,1,1,1,1,0.435961246490479
24,2,6,86,9,9,1,0.634408235549927,-1,-1,1,1,0.518989086151123
24,2,6,87,9,9,0,0.335764646530151,1,1,-1,-1,0.384408235549927
24,2,6,88,81,81,1,0.702950477600098,1,-1,1,1,0.0857646465301514
24,2,6,89,27,27,1,0.767805576324463,1,1,-1,1,0.452950477600098
24,2,6,90,9,9,0,0.552417993545532,1,1,1,1,0.517805576324463
24,2,6,91,3,3,0,0.68551230430603,1,-1,1,1,0.302417993545532
24,2,6,92,81,81,1,0.568608999252319,1,-1,-1,1,0.43551230430603
24,2,6,93,81,81,1,1.05181431770325,1,1,-1,1,0.318608999252319
24,2,6,94,81,81,1,0.936076164245605,1,1,1,1,0.801814317703247
24,2,6,95,3,3,1,0.401009798049927,1,1,1,1,0.686076164245605
24,2,6,96,81,81,1,0.884804010391235,1,1,1,1,0.151009798049927
24,2,6,97,9,9,0,0.635473251342773,1,1,1,1,0.634804010391235
24,2,6,98,0,0,1,0.950463771820068,1,-1,1,1,0.385473251342773
24,2,6,99,27,27,1,0.351696252822876,1,1,-1,1,0.700463771820068
24,3,1,2,-27,27,0,0.967975378036499,1,-1,-1,-1,0.719608068466187
24,3,1,3,-3,3,0,1.06866359710693,-1,-1,-1,1,0.717975378036499
24,3,1,4,-9,9,1,0.667628049850464,-1,-1,-1,-1,0.818663597106934
24,3,1,5,3,3,0,0.719353199005127,-1,1,-1,-1,0.417628049850464
24,3,1,6,81,81,1,0.785919666290283,1,-1,1,-1,0.469353199005127
24,3,1,7,-81,81,0,0.786060810089111,1,1,-1,1,0.535919666290283
24,3,1,8,3,3,0,0.769063711166382,-1,-1,1,1,0.536060810089111
24,3,1,9,27,27,1,0.983858346939087,1,-1,-1,-1,0.519063711166382
24,3,1,10,-9,9,0,0.867686033248901,1,1,-1,1,0.733858346939087
24,3,1,11,-9,9,0,0.685560703277588,-1,-1,1,1,0.617686033248901
24,3,1,12,-9,9,0,0.869295835494995,-1,-1,-1,-1,0.435560703277588
24,3,1,13,81,81,1,0.652433156967163,-1,-1,-1,-1,0.619295835494995
24,3,1,14,0,0,0,0.767253160476685,1,1,-1,-1,0.402433156967163
24,3,1,15,-81,81,0,0.935590505599976,1,-1,1,1,0.517253160476685
24,3,1,16,-9,9,0,0.951094388961792,-1,-1,-1,1,0.685590505599976
24,3,1,17,-3,3,0,0.81943941116333,-1,-1,-1,-1,0.701094388961792
24,3,1,18,81,81,1,0.735548496246338,-1,-1,-1,-1,0.56943941116333
24,3,1,19,-27,27,0,0.684467792510986,1,1,-1,-1,0.485548496246338
24,3,1,20,-0,0,0,0.700522899627686,-1,-1,1,1,0.434467792510986
24,3,1,21,9,9,1,0.617763042449951,-1,-1,-1,-1,0.450522899627686
24,3,1,22,81,81,1,1.1171817779541,1,1,-1,-1,0.367763042449951
24,3,1,23,-9,9,0,0.602389812469482,1,1,1,1,0.867181777954102
24,3,1,24,27,27,1,0.601953268051147,-1,-1,1,1,0.352389812469482
24,3,1,25,27,27,1,1.11763882637024,1,1,-1,-1,0.351953268051147
24,3,1,26,-27,27,0,0.718535184860229,1,1,1,1,0.867638826370239
24,3,1,27,-81,81,0,1.0343029499054,-1,-1,1,1,0.468535184860229
24,3,1,28,9,9,0,0.934267282485962,-1,-1,-1,-1,0.784302949905396
24,3,1,29,-27,27,0,0.86717414855957,1,-1,-1,-1,0.684267282485962
24,3,1,30,81,81,1,0.783852338790894,-1,-1,-1,1,0.61717414855957
24,3,1,31,-3,3,0,0.717188358306885,1,1,-1,-1,0.533852338790894
24,3,1,32,-27,27,0,0.752562761306763,-1,-1,1,1,0.467188358306885
24,3,1,33,-3,3,0,0.668271780014038,-1,-1,-1,-1,0.502562761306763
24,3,1,34,-27,27,0,0.684444189071655,-1,-1,-1,-1,0.418271780014038
24,3,1,35,-27,27,0,0.634304046630859,-1,-1,-1,-1,0.434444189071655
24,3,1,36,9,9,1,0.852895975112915,-1,-1,-1,-1,0.384304046630859
24,3,1,37,81,81,1,0.733798027038574,1,1,-1,-1,0.602895975112915
24,3,1,38,9,9,0,0.851891756057739,1,1,1,1,0.483798027038574
24,3,1,39,81,81,1,0.935450077056885,1,-1,1,1,0.601891756057739
24,3,1,40,-27,27,0,0.81716251373291,1,1,-1,1,0.685450077056885
24,3,1,41,-3,3,0,0.935461282730103,-1,-1,1,1,0.56716251373291
24,3,1,42,81,81,1,0.667663812637329,-1,-1,-1,-1,0.685461282730103
24,3,1,43,3,3,0,0.984643936157227,1,1,-1,-1,0.417663812637329
24,3,1,44,0,0,0,0.800951242446899,1,-1,1,1,0.734643936157227
24,3,1,45,-27,27,0,0.652467966079712,1,-1,-1,1,0.550951242446899
24,3,1,46,81,81,1,0.885279893875122,-1,-1,-1,1,0.402467966079712
24,3,1,47,3,3,0,0.834707021713257,1,1,-1,-1,0.635279893875122
24,3,1,48,27,27,1,1.03588438034058,1,-1,1,1,0.584707021713257
24,3,1,49,27,27,1,0.886136054992676,1,1,-1,1,0.785884380340576
24,3,1,50,-3,3,0,0.567152976989746,1,1,1,1,0.636136054992676
24,3,1,51,0,0,0,0.584427118301392,-1,-1,1,1,0.317152976989746
24,3,1,52,-3,3,1,0.717813014984131,1,-1,-1,-1,0.334427118301392
24,3,1,53,-27,27,0,0.735763549804688,-1,1,-1,1,0.467813014984131
24,3,1,54,-27,27,0,0.719062805175781,-1,-1,1,-1,0.485763549804688
24,3,1,55,-9,9,0,0.652047157287598,-1,-1,-1,-1,0.469062805175781
24,3,1,56,9,9,0,0.818270921707153,-1,-1,-1,-1,0.402047157287598
24,3,1,57,-81,81,0,1.16873288154602,1,-1,-1,-1,0.568270921707153
24,3,1,58,3,3,0,0.951245069503784,-1,-1,-1,1,0.918732881546021
24,3,1,59,9,9,0,0.417174100875854,1,-1,-1,-1,0.701245069503784
24,3,1,60,27,27,1,0.385211229324341,1,-1,-1,1,0.167174100875854
24,3,1,61,9,9,1,0.484300851821899,1,1,-1,1,0.135211229324341
24,3,1,62,27,27,1,0.402591943740845,1,1,1,1,0.234300851821899
24,3,1,63,-9,9,0,0.55246376991272,1,1,1,1,0.152591943740845
24,3,1,64,-3,3,0,0.934340953826904,-1,-1,1,1,0.30246376991272
24,3,1,65,81,81,1,1.10220623016357,-1,-1,-1,-1,0.684340953826904
24,3,1,66,-27,27,0,0.769202470779419,1,1,-1,-1,0.852206230163574
24,3,1,67,-0,0,1,1.01777720451355,-1,-1,1,1,0.519202470779419
24,3,1,68,-0,0,1,0.650945901870728,-1,1,-1,-1,0.76777720451355
24,3,1,69,-81,81,0,1.08552765846252,-1,1,1,-1,0.400945901870728
24,3,1,70,-9,9,0,0.919280290603638,-1,-1,1,-1,0.835527658462524
24,3,1,71,27,27,1,0.784334182739258,-1,-1,-1,-1,0.669280290603638
24,3,1,72,-3,3,0,0.884359359741211,1,1,-1,-1,0.534334182739258
24,3,1,73,-9,9,0,1.18538808822632,-1,-1,1,1,0.634359359741211
24,3,1,74,81,81,1,1.18486213684082,-1,-1,-1,-1,0.935388088226318
24,3,1,75,-81,81,0,1.1842782497406,1,1,-1,-1,0.93486213684082
24,3,1,76,-27,27,0,1.23450303077698,-1,-1,1,1,0.934278249740601
24,3,1,77,-0,0,0,0.91716742515564,-1,-1,-1,-1,0.984503030776978
24,3,1,78,-81,81,0,1.06925702095032,-1,-1,-1,-1,0.66716742515564
24,3,1,79,9,9,1,0.967132329940796,-1,-1,-1,-1,0.819257020950317
24,3,1,80,0,0,0,0.835091114044189,1,1,-1,-1,0.717132329940796
24,3,1,81,-81,81,0,1.16776895523071,1,-1,1,1,0.585091114044189
24,3,1,82,3,3,0,0.90167760848999,-1,-1,-1,1,0.917768955230713
24,3,1,83,-3,3,0,1.28601717948914,1,-1,-1,-1,0.65167760848999
24,3,1,84,3,3,1,1.03607439994812,-1,-1,-1,1,1.03601717948914
24,3,1,85,27,27,1,0.93388032913208,1,1,-1,-1,0.78607439994812
24,3,1,86,-81,81,0,0.91768741607666,1,1,1,1,0.68388032913208
24,3,1,87,-3,3,0,1.06719899177551,-1,-1,1,1,0.66768741607666
24,3,1,88,3,3,0,0.635654211044312,-1,-1,-1,-1,0.817198991775513
24,3,1,89,-0,0,0,0.902147054672241,1,-1,-1,-1,0.385654211044312
24,3,1,90,9,9,0,0.834332227706909,-1,-1,-1,1,0.652147054672241
24,3,1,91,3,3,0,0.784313201904297,1,-1,-1,-1,0.584332227706909
24,3,1,92,81,81,1,1.26891493797302,1,-1,-1,1,0.534313201904297
24,3,1,93,3,3,0,1.03557634353638,1,1,-1,1,1.01891493797302
24,3,1,94,9,9,1,0.919153213500977,1,-1,1,1,0.785576343536377
24,3,1,95,0,0,1,0.71772027015686,1,1,-1,1,0.669153213500977
24,3,1,96,-3,3,0,0.852752685546875,1,1,1,1,0.46772027015686
24,3,1,97,9,9,0,0.584278345108032,-1,-1,1,1,0.602752685546875
24,3,1,98,-0,0,0,0.852470874786377,1,-1,-1,-1,0.334278345108032
24,3,1,99,-81,81,0,0.719200134277344,-1,-1,-1,1,0.602470874786377
24,3,2,2,3,3,1,0.584305047988892,1,-1,1,1,0.967384576797485
24,3,2,3,3,3,0,0.800498723983765,1,1,-1,1,0.334305047988892
24,3,2,4,-27,27,0,0.985168933868408,1,-1,1,1,0.550498723983765
24,3,2,5,9,9,0,0.751891136169434,-1,-1,-1,1,0.735168933868408
24,3,2,6,-27,27,0,0.851072549819946,1,-1,-1,-1,0.501891136169434
24,3,2,7,3,3,0,0.952538967132568,-1,-1,-1,1,0.601072549819946
24,3,2,8,-27,27,0,0.800520420074463,1,-1,-1,-1,0.702538967132568
24,3,2,9,9,9,0,1.11720657348633,-1,-1,-1,1,0.550520420074463
24,3,2,10,-0,0,0,0.885318517684937,1,-1,-1,-1,0.867206573486328
24,3,2,11,-27,27,0,0.735847234725952,-1,-1,-1,1,0.635318517684937
24,3,2,12,-9,9,0,0.786217927932739,-1,-1,-1,-1,0.485847234725952
24,3,2,13,9,9,0,0.651016235351562,-1,-1,-1,-1,0.536217927932739
24,3,2,14,27,27,1,1.03382205963135,1,-1,-1,-1,0.401016235351562
24,3,2,15,-81,81,0,1.13537263870239,1,1,-1,1,0.783822059631348
24,3,2,16,9,9,1,0.735680103302002,-1,-1,1,1,0.885372638702393
24,3,2,17,-27,27,0,0.784322738647461,1,1,-1,-1,0.485680103302002
24,3,2,18,0,0,0,1.06907415390015,-1,-1,1,1,0.534322738647461
24,3,2,19,-3,3,0,1.3838210105896,1,-1,-1,-1,0.819074153900146
24,3,2,20,81,81,1,0.919320583343506,-1,-1,-1,1,1.1338210105896
24,3,2,21,-3,3,0,0.585868358612061,1,1,-1,-1,0.669320583343506
24,3,2,22,81,81,1,0.750508546829224,-1,-1,1,1,0.335868358612061
24,3,2,26,-0,0,0,0.917847156524658,1,-1,-1,-1,0.967638254165649
24,3,2,27,27,27,1,0.852341175079346,-1,-1,-1,1,0.667847156524658
24,3,2,28,-81,81,0,0.884778261184692,1,1,-1,-1,0.602341175079346
24,3,2,29,81,81,1,1.31768989562988,-1,-1,1,1,0.634778261184692
24,3,2,30,-0,0,0,1.00178074836731,1,1,-1,-1,1.06768989562988
24,3,2,31,9,9,0,1.20122122764587,-1,-1,1,1,0.75178074836731
24,3,2,32,-3,3,0,1.0176215171814,1,-1,-1,-1,0.951221227645874
24,3,2,33,81,81,1,0.967200517654419,-1,-1,-1,1,0.767621517181396
24,3,2,34,-3,3,0,0.767672061920166,1,1,-1,-1,0.717200517654419
24,3,2,35,3,3,1,0.651757955551147,-1,-1,1,1,0.517672061920166
24,3,2,36,-3,3,0,1.05097842216492,1,1,-1,-1,0.401757955551147
24,3,2,40,-3,3,0,1.13591122627258,1,-1,1,1,0.767663478851318
24,3,2,41,81,81,1,1.06714940071106,-1,-1,-1,1,0.885911226272583
24,3,2,42,27,27,1,0.767686128616333,1,1,-1,-1,0.81714940071106
24,3,2,43,-81,81,0,1.11923408508301,1,1,1,1,0.517686128616333
24,3,2,44,27,27,1,0.885422945022583,-1,-1,1,1,0.869234085083008
24,3,2,45,-9,9,0,1.20256757736206,1,1,-1,-1,0.635422945022583
24,3,2,46,-81,81,0,1.11859321594238,-1,-1,1,1,0.952567577362061
24,3,2,47,-3,3,0,0.919247388839722,-1,-1,-1,-1,0.868593215942383
24,3,2,48,27,27,1,0.469393491744995,-1,-1,-1,-1,0.669247388839722
24,3,2,49,-27,27,0,0.951157569885254,1,1,-1,-1,0.219393491744995
24,3,2,50,81,81,1,1.11714673042297,-1,-1,1,1,0.701157569885254
24,3,2,60,-81,81,0,0.851438999176025,1,1,-1,-1,0.767616510391235
24,3,2,61,-27,27,0,0.919183492660522,-1,-1,1,1,0.601438999176025
24,3,2,62,27,27,1,1.31944417953491,-1,-1,-1,-1,0.669183492660522
24,3,2,63,-3,3,0,0.634302139282227,1,1,-1,-1,1.06944417953491
24,3,2,64,3,3,1,0.651076793670654,-1,-1,1,1,0.384302139282227
24,3,2,65,-27,27,0,0.785436153411865,1,1,-1,-1,0.401076793670654
24,3,2,66,9,9,0,0.952140331268311,-1,-1,1,1,0.535436153411865
24,3,2,67,-3,3,0,0.901813745498657,1,-1,-1,-1,0.702140331268311
24,3,2,68,0,0,0,1.25189399719238,-1,-1,-1,1,0.651813745498657
24,3,2,69,-3,3,0,0.485487222671509,1,-1,-1,-1,1.00189399719238
24,3,2,70,3,3,1,0.617656707763672,-1,-1,-1,1,0.235487222671509
24,3,2,71,-9,9,0,0.568718194961548,1,1,-1,-1,0.367656707763672
24,3,2,72,0,0,1,0.852134943008423,-1,-1,1,1,0.318718194961548
24,3,2,73,-3,3,0,0.702651739120483,1,1,-1,-1,0.602134943008423
24,3,2,74,3,3,0,0.602469444274902,-1,-1,1,1,0.452651739120483
24,3,2,75,-9,9,0,0.869494915008545,1,-1,-1,-1,0.352469444274902
24,3,2,79,-27,27,0,0.73506760597229,1,1,-1,-1,0.667659282684326
24,3,2,80,81,81,1,0.550746440887451,-1,-1,1,1,0.48506760597229
24,3,2,81,-81,81,0,1.1176118850708,1,1,-1,-1,0.300746440887451
24,3,2,82,27,27,1,0.767711877822876,-1,-1,1,1,0.867611885070801
24,3,2,83,-9,9,0,0.585536241531372,1,1,-1,-1,0.517711877822876
24,3,2,84,27,27,1,0.802654981613159,-1,-1,1,1,0.335536241531372
24,3,2,85,-0,0,0,0.63433313369751,1,1,-1,-1,0.552654981613159
24,3,2,86,3,3,0,0.702672958374023,-1,-1,1,1,0.38433313369751
24,3,2,87,-0,0,1,1.08428525924683,1,-1,-1,-1,0.452672958374023
24,3,2,88,9,9,1,0.835413217544556,-1,1,-1,1,0.834285259246826
24,3,2,89,-81,81,0,1.00047397613525,1,1,1,-1,0.585413217544556
24,3,2,90,27,27,1,0.951264381408691,-1,-1,1,1,0.750473976135254
24,3,2,91,9,9,0,0.60189414024353,1,1,-1,-1,0.701264381408691
24,3,2,92,-81,81,0,0.983803510665894,1,-1,1,1,0.35189414024353
24,3,2,93,0,0,0,1.01937198638916,-1,-1,-1,1,0.733803510665894
24,3,2,94,-9,9,0,1.15095329284668,1,-1,-1,-1,0.76937198638916
24,3,2,95,81,81,1,0.934753894805908,-1,-1,-1,1,0.90095329284668
24,3,2,96,-9,9,0,0.650499105453491,1,1,-1,-1,0.684753894805908
24,3,2,97,27,27,1,0.919214010238647,-1,-1,1,1,0.400499105453491
24,3,2,98,-9,9,0,0.618503570556641,1,1,-1,-1,0.669214010238647
24,3,2,99,81,81,1,1.06762003898621,-1,-1,1,1,0.368503570556641
24,3,3,2,9,9,0,0.800952196121216,-1,-1,-1,-1,0.803086280822754
24,3,3,3,-81,81,0,0.902575731277466,1,-1,-1,-1,0.550952196121216
24,3,3,4,3,3,0,0.933876752853394,-1,-1,-1,1,0.652575731277466
24,3,3,5,-27,27,0,0.934293031692505,1,-1,-1,-1,0.683876752853394
24,3,3,6,81,81,1,0.918776035308838,-1,-1,-1,1,0.684293031692505
24,3,3,7,0,0,1,1.00247502326965,1,1,-1,-1,0.668776035308838
24,3,3,8,-27,27,0,0.701119661331177,1,1,1,1,0.752475023269653
24,3,3,9,81,81,1,0.86719012260437,-1,-1,1,1,0.451119661331177
24,3,3,10,-81,81,0,0.851471662521362,1,1,-1,-1,0.61719012260437
24,3,3,11,0,0,1,0.784498691558838,-1,-1,1,1,0.601471662521362
24,3,3,12,-81,81,0,0.967628479003906,1,1,-1,-1,0.534498691558838
24,3,3,13,-27,27,0,1.23591375350952,-1,-1,1,1,0.717628479003906
24,3,3,14,27,27,1,0.867650270462036,-1,-1,-1,-1,0.985913753509521
24,3,3,15,-9,9,0,0.985187768936157,1,1,-1,-1,0.617650270462036
24,3,3,16,-27,27,0,1.01797413825989,-1,-1,1,1,0.735187768936157
24,3,3,17,-3,3,0,0.58446478843689,-1,-1,-1,-1,0.767974138259888
24,3,3,18,27,27,1,0.818857669830322,-1,-1,-1,-1,0.33446478843689
24,3,3,19,27,27,1,0.884305953979492,1,1,-1,-1,0.568857669830322
24,3,3,20,-3,3,1,0.867149114608765,1,1,1,1,0.634305953979492
24,3,3,21,9,9,0,0.767630100250244,-1,1,1,1,0.617149114608765
24,3,3,22,-9,9,0,0.735767364501953,1,-1,1,-1,0.517630100250244
24,3,3,23,9,9,1,0.751235961914062,-1,-1,-1,1,0.485767364501953
24,3,3,24,0,0,0,0.802457809448242,1,1,-1,-1,0.501235961914062
24,3,3,25,27,27,1,1.21925520896912,1,-1,1,1,0.552457809448242
24,3,3,26,81,81,1,1.46853733062744,1,1,-1,1,0.969255208969116
24,3,3,27,-81,81,0,0.735913753509521,1,1,1,1,1.21853733062744
24,3,3,28,-27,27,0,0.751005887985229,-1,-1,1,1,0.485913753509521
24,3,3,32,-9,9,0,0.702051877975464,-1,-1,1,1,0.350513219833374
24,3,3,33,-9,9,0,0.667798519134521,-1,-1,-1,-1,0.452051877975464
24,3,3,34,-9,9,0,0.750967741012573,-1,-1,-1,-1,0.417798519134521
24,3,3,35,-3,3,0,0.6025071144104,-1,-1,-1,-1,0.500967741012573
24,3,3,36,-27,27,0,0.869351148605347,-1,-1,-1,-1,0.3525071144104
24,3,3,37,-3,3,0,0.367221593856812,-1,-1,-1,-1,0.619351148605347
24,3,3,38,-81,81,0,1.10193085670471,-1,-1,-1,-1,0.117221593856812
24,3,3,42,9,9,0,0.58577036857605,-1,-1,-1,-1,0.301910400390625
24,3,3,43,-3,3,0,0.550949335098267,1,-1,-1,-1,0.33577036857605
24,3,3,44,9,9,0,0.752391338348389,-1,-1,-1,1,0.300949335098267
24,3,3,45,9,9,0,0.502474784851074,1,-1,-1,-1,0.502391338348389
24,3,3,46,81,81,1,0.901021003723145,1,-1,-1,1,0.252474784851074
24,3,3,47,81,81,1,0.968474864959717,1,1,-1,1,0.651021003723145
24,3,3,48,0,0,0,0.83380389213562,1,1,1,1,0.718474864959717
24,3,3,49,-81,81,0,0.734447479248047,1,-1,1,1,0.58380389213562
24,3,3,50,-27,27,0,0.88446569442749,-1,-1,-1,1,0.484447479248047
24,3,3,51,27,27,1,0.884642601013184,-1,-1,-1,-1,0.63446569442749
24,3,3,52,81,81,1,0.818842887878418,1,1,-1,-1,0.634642601013184
24,3,3,53,81,81,1,0.967161655426025,1,1,1,1,0.568842887878418
24,3,3,54,0,0,0,0.750970363616943,1,1,1,1,0.717161655426025
24,3,3,55,-27,27,0,0.853432178497314,1,-1,1,1,0.500970363616943
24,3,3,56,3,3,1,1.21811771392822,-1,-1,-1,1,0.603432178497314
24,3,3,57,0,0,0,0.752376794815063,1,1,-1,-1,0.968117713928223
24,3,3,58,0,0,0,0.552079916000366,1,-1,1,1,0.502376794815063
24,3,3,59,-3,3,1,0.750965356826782,1,-1,-1,1,0.302079916000366
24,3,3,60,-3,3,0,0.800484180450439,-1,1,-1,1,0.500965356826782
24,3,3,61,3,3,0,0.819154977798462,-1,-1,1,-1,0.550484180450439
24,3,3,62,3,3,0,0.918570041656494,1,-1,-1,-1,0.569154977798462
24,3,3,63,-3,3,0,0.383842945098877,1,-1,-1,1,0.668570041656494
24,3,3,64,-27,27,0,0.934610843658447,-1,-1,-1,1,0.133842945098877
24,3,3,65,-0,0,0,0.65214729309082,-1,-1,-1,-1,0.684610843658447
24,3,3,66,9,9,0,0.517207145690918,-1,-1,-1,-1,0.40214729309082
24,3,3,67,-27,27,0,0.785737991333008,1,-1,-1,-1,0.267207145690918
24,3,3,68,9,9,1,1.18546032905579,-1,-1,-1,1,0.535737991333008
24,3,3,69,-3,3,1,1.10197639465332,1,1,-1,-1,0.935460329055786
24,3,3,70,-81,81,0,0.93585991859436,-1,1,1,1,0.85197639465332
24,3,3,71,-9,9,0,0.918807983398438,-1,-1,1,-1,0.68585991859436
24,3,3,72,-3,3,0,1.03482103347778,-1,-1,-1,-1,0.668807983398438
24,3,3,73,-3,3,0,0.652050495147705,-1,-1,-1,-1,0.784821033477783
24,3,3,74,0,0,0,0.684352159500122,-1,-1,-1,-1,0.402050495147705
24,3,3,75,27,27,1,0.769299507141113,1,-1,-1,-1,0.434352159500122
24,3,3,76,-3,3,0,0.635499000549316,1,1,-1,1,0.519299507141113
24,3,3,77,-9,9,0,0.801966905593872,-1,-1,1,1,0.385499000549316
24,3,3,78,-0,0,0,0.70173716545105,-1,-1,-1,-1,0.551966905593872
24,3,3,79,9,9,1,1.06925988197327,-1,-1,-1,-1,0.45173716545105
24,3,3,80,27,27,1,0.951329946517944,1,1,-1,-1,0.819259881973267
24,3,3,81,-81,81,0,1.05277872085571,1,1,1,1,0.701329946517944
24,3,3,82,3,3,0,0.984314203262329,-1,-1,1,1,0.802778720855713
24,3,3,83,-81,81,0,0.802573204040527,1,-1,-1,-1,0.734314203262329
24,3,3,84,-3,3,1,1.11841130256653,-1,-1,-1,1,0.552573204040527
24,3,3,85,81,81,1,0.702581644058228,-1,1,-1,-1,0.868411302566528
24,3,3,86,27,27,1,0.867159128189087,1,1,1,-1,0.452581644058228
24,3,3,87,9,9,1,0.734565258026123,1,1,1,1,0.617159128189087
24,3,3,88,27,27,1,0.818504095077515,1,1,1,1,0.484565258026123
24,3,3,89,-9,9,1,0.852271795272827,1,1,1,1,0.568504095077515
24,3,3,90,81,81,1,0.96898078918457,-1,1,1,1,0.602271795272827
24,3,3,91,81,81,1,1.16896915435791,1,1,1,-1,0.71898078918457
24,3,3,95,81,81,1,0.750612735748291,-1,-1,-1,1,0.567682027816772
24,3,3,96,9,9,1,0.818762302398682,1,1,-1,-1,0.500612735748291
24,3,3,97,81,81,1,0.934314966201782,1,1,1,1,0.568762302398682
24,3,3,98,-27,27,0,0.901787757873535,1,1,1,1,0.684314966201782
24,3,3,99,-0,0,0,0.535887002944946,-1,-1,1,1,0.651787757873535
24,3,4,2,0,0,1,1.08590221405029,1,-1,1,1,0.917874813079834
24,3,4,3,3,3,0,0.73381781578064,1,1,-1,1,0.835902214050293
24,3,4,4,27,27,1,0.769201993942261,1,-1,1,1,0.48381781578064
24,3,4,5,9,9,0,0.68589448928833,1,1,-1,1,0.519201993942261
24,3,4,6,27,27,1,0.784331083297729,1,-1,1,1,0.43589448928833
24,3,4,7,81,81,1,1.03543519973755,1,1,-1,1,0.534331083297729
24,3,4,8,-3,3,1,0.850545406341553,1,1,1,1,0.785435199737549
24,3,4,9,-27,27,0,1.00260186195374,-1,1,1,1,0.600545406341553
24,3,4,10,-0,0,0,0.751823902130127,-1,-1,1,-1,0.752601861953735
24,3,4,11,3,3,0,0.584352493286133,-1,-1,-1,-1,0.501823902130127
24,3,4,12,3,3,0,0.734269142150879,1,-1,-1,-1,0.334352493286133
24,3,4,13,0,0,1,1.36914110183716,1,-1,-1,1,0.484269142150879
24,3,4,14,3,3,0,0.784424304962158,1,1,-1,1,1.11914110183716
24,3,4,15,-0,0,0,0.885400056838989,1,-1,1,1,0.534424304962158
24,3,4,16,-81,81,0,0.900486946105957,-1,-1,-1,1,0.635400056838989
24,3,4,17,-3,3,0,0.719115257263184,-1,-1,-1,-1,0.650486946105957
24,3,4,18,-0,0,0,0.869255542755127,-1,-1,-1,-1,0.469115257263184
24,3,4,19,-3,3,0,0.735948085784912,-1,-1,-1,-1,0.619255542755127
24,3,4,20,9,9,1,0.917152166366577,-1,-1,-1,-1,0.485948085784912
24,3,4,21,9,9,1,0.567988872528076,1,1,-1,-1,0.667152166366577
24,3,4,22,-27,27,0,0.802527666091919,1,1,1,1,0.317988872528076
24,3,4,23,-81,81,0,1.15101003646851,-1,-1,1,1,0.552527666091919
24,3,4,24,-27,27,0,0.835424900054932,-1,-1,-1,-1,0.901010036468506
24,3,4,25,9,9,1,0.917685985565186,-1,-1,-1,-1,0.585424900054932
24,3,4,26,81,81,1,1.01957297325134,1,1,-1,-1,0.667685985565186
24,3,4,27,81,81,1,0.934328079223633,1,1,1,1,0.769572973251343
24,3,4,28,81,81,1,1.15251398086548,1,1,1,1,0.684328079223633
24,3,4,29,0,0,0,1.41760277748108,1,1,1,1,0.902513980865479
24,3,4,30,3,3,0,1.10114049911499,1,-1,1,1,1.16760277748108
24,3,4,31,9,9,1,0.885499000549316,1,-1,-1,1,0.85114049911499
24,3,4,32,9,9,0,1.35170388221741,1,1,-1,1,0.635499000549316
24,3,4,33,3,3,1,0.550505399703979,1,-1,1,1,1.10170388221741
24,3,4,34,9,9,1,1.21762824058533,1,1,-1,1,0.300505399703979
24,3,4,35,81,81,1,0.969172954559326,1,1,1,1,0.967628240585327
24,3,4,36,9,9,0,0.819096565246582,1,1,1,1,0.719172954559326
24,3,4,37,27,27,1,1.10215735435486,1,-1,1,1,0.569096565246582
24,3,4,38,9,9,0,0.569098234176636,1,1,-1,1,0.852157354354858
24,3,4,39,27,27,1,0.817257642745972,1,-1,1,1,0.319098234176636
24,3,4,40,3,3,1,0.768846035003662,1,1,-1,1,0.567257642745972
24,3,4,41,-27,27,0,0.801139831542969,1,1,1,1,0.518846035003662
24,3,4,42,-9,9,0,0.717638492584229,-1,-1,1,1,0.551139831542969
24,3,4,43,3,3,1,0.852052927017212,-1,-1,-1,-1,0.467638492584229
24,3,4,44,3,3,0,0.517674922943115,1,1,-1,-1,0.602052927017212
24,3,4,45,27,27,1,0.785773038864136,1,-1,1,1,0.267674922943115
24,3,4,46,-9,9,0,0.700496435165405,1,1,-1,1,0.535773038864136
24,3,4,47,-27,27,0,0.650516510009766,-1,-1,1,1,0.450496435165405
24,3,4,48,-3,3,0,0.669176816940308,-1,-1,-1,-1,0.400516510009766
24,3,4,49,-9,9,0,0.802767276763916,-1,-1,-1,-1,0.419176816940308
24,3,4,50,-81,81,0,0.802156448364258,-1,-1,-1,-1,0.552767276763916
24,3,4,51,-9,9,0,0.701075792312622,-1,-1,-1,-1,0.552156448364258
24,3,4,52,-27,27,0,0.784759044647217,-1,-1,-1,-1,0.451075792312622
24,3,4,53,9,9,0,0.884474992752075,-1,-1,-1,-1,0.534759044647217
24,3,4,54,3,3,0,0.819153070449829,1,-1,-1,-1,0.634474992752075
24,3,4,55,81,81,1,0.902024030685425,1,-1,-1,1,0.569153070449829
24,3,4,56,3,3,1,0.868926763534546,1,1,-1,1,0.652024030685425
24,3,4,57,27,27,1,0.700995445251465,1,1,1,1,0.618926763534546
24,3,4,58,0,0,1,0.800488471984863,1,1,1,1,0.450995445251465
24,3,4,59,3,3,0,1.26937294006348,1,1,1,1,0.550488471984863
24,3,4,60,-27,27,0,0.800482034683228,1,-1,1,1,1.01937294006348
24,3,4,61,-0,0,0,0.901143312454224,-1,-1,-1,1,0.550482034683228
24,3,4,62,3,3,0,0.601972103118896,-1,-1,-1,-1,0.651143312454224
24,3,4,63,81,81,1,1.10189938545227,1,-1,-1,-1,0.351972103118896
24,3,4,64,9,9,0,0.983813285827637,1,1,-1,1,0.851899385452271
24,3,4,65,-9,9,0,0.534294366836548,1,-1,1,1,0.733813285827637
24,3,4,66,-81,81,0,0.802498817443848,-1,-1,-1,1,0.284294366836548
24,3,4,67,0,0,0,0.885984182357788,-1,-1,-1,-1,0.552498817443848
24,3,4,68,81,81,1,1.08655190467834,1,-1,-1,-1,0.635984182357788
24,3,4,69,81,81,1,0.818860292434692,1,1,-1,1,0.836551904678345
24,3,4,70,81,81,1,0.785277366638184,1,1,1,1,0.568860292434692
24,3,4,71,3,3,0,0.76835298538208,1,1,1,1,0.535277366638184
24,3,4,72,27,27,1,0.936005830764771,1,-1,1,1,0.51835298538208
24,3,4,73,81,81,1,1.23586320877075,1,1,-1,1,0.686005830764771
24,3,4,74,9,9,1,0.667629957199097,1,1,1,1,0.985863208770752
24,3,4,75,27,27,1,1.11960792541504,1,1,1,1,0.417629957199097
24,3,4,76,-27,27,0,0.784275531768799,1,1,1,1,0.869607925415039
24,3,4,77,27,27,1,0.635257005691528,-1,-1,1,1,0.534275531768799
24,3,4,78,-81,81,0,0.884327173233032,1,1,-1,-1,0.385257005691528
24,3,4,79,9,9,0,0.80121111869812,-1,-1,1,1,0.634327173233032
24,3,4,80,27,27,0,1.01769089698792,1,-1,-1,-1,0.55121111869812
24,3,4,81,-81,81,0,1.31913876533508,1,-1,-1,1,0.767690896987915
24,3,4,82,-81,81,0,0.900925636291504,-1,-1,-1,1,1.06913876533508
24,3,4,83,-0,0,0,0.85216212272644,-1,-1,-1,-1,0.650925636291504
24,3,4,84,-27,27,0,0.767235517501831,-1,-1,-1,-1,0.60216212272644
24,3,4,85,-9,9,0,0.85102391242981,-1,-1,-1,-1,0.517235517501831
24,3,4,86,-81,81,0,0.801512002944946,-1,-1,-1,-1,0.60102391242981
24,3,4,87,-27,27,0,0.602298021316528,-1,-1,-1,-1,0.551512002944946
24,3,4,88,-3,3,0,0.819159984588623,-1,-1,-1,-1,0.352298021316528
24,3,4,89,-81,81,0,1.06902718544006,-1,-1,-1,-1,0.569159984588623
24,3,4,90,-81,81,0,1.03562831878662,-1,-1,-1,-1,0.819027185440063
24,3,4,91,-81,81,0,1.0838508605957,-1,-1,-1,-1,0.785628318786621
24,3,4,92,9,9,1,1.01914167404175,-1,-1,-1,-1,0.833850860595703
24,3,4,93,3,3,1,0.885833978652954,1,1,-1,-1,0.769141674041748
24,3,4,94,3,3,1,0.735667705535889,1,1,1,1,0.635833978652954
24,3,4,95,27,27,1,1.16931581497192,1,1,1,1,0.485667705535889
24,3,4,96,3,3,0,0.468235492706299,1,1,1,1,0.919315814971924
24,3,4,97,0,0,1,0.900959968566895,1,-1,1,1,0.218235492706299
24,3,4,98,9,9,0,0.51869797706604,1,1,-1,1,0.650959968566895
24,3,4,99,27,27,1,0.600962162017822,1,-1,1,1,0.26869797706604
24,3,5,2,-9,9,1,0.83431077003479,-1,-1,-1,-1,0.784537315368652
24,3,5,3,27,27,1,1.30101490020752,-1,1,-1,-1,0.58431077003479
24,3,5,4,9,9,1,0.701838731765747,1,1,1,-1,1.05101490020752
24,3,5,5,27,27,1,0.58602499961853,1,1,1,1,0.451838731765747
24,3,5,6,0,0,0,0.718640089035034,1,1,1,1,0.33602499961853
24,3,5,7,-81,81,0,0.918981790542603,1,-1,1,1,0.468640089035034
24,3,5,8,-81,81,0,0.835915088653564,-1,-1,-1,1,0.668981790542603
24,3,5,9,-9,9,0,0.752181053161621,-1,-1,-1,-1,0.585915088653564
24,3,5,10,-3,3,1,0.735905647277832,-1,-1,-1,-1,0.502181053161621
24,3,5,11,-0,0,0,0.535417079925537,-1,1,-1,-1,0.485905647277832
24,3,5,12,-27,27,0,0.918764591217041,-1,-1,1,-1,0.285417079925537
24,3,5,13,9,9,0,0.752063989639282,-1,-1,-1,-1,0.668764591217041
24,3,5,14,27,27,1,0.867837190628052,1,-1,-1,-1,0.502063989639282
24,3,5,15,3,3,1,0.535203218460083,1,1,-1,1,0.617837190628052
24,3,5,16,3,3,1,1.15267038345337,1,1,1,1,0.285203218460083
24,3,5,17,81,81,1,0.902507781982422,1,1,1,1,0.902670383453369
24,3,5,18,0,0,1,0.685213565826416,1,1,1,1,0.652507781982422
24,3,5,19,27,27,1,0.902657747268677,1,1,1,1,0.435213565826416
24,3,5,20,-3,3,0,0.735168695449829,1,1,1,1,0.652657747268677
24,3,5,21,-9,9,0,0.718759298324585,-1,-1,1,1,0.485168695449829
24,3,5,22,-9,9,1,0.385520935058594,-1,-1,-1,-1,0.468759298324585
24,3,5,23,-27,27,0,0.735814809799194,-1,1,-1,-1,0.135520935058594
24,3,5,24,-27,27,0,0.652199268341064,-1,-1,1,-1,0.485814809799194
24,3,5,25,-3,3,0,0.518735885620117,-1,-1,-1,-1,0.402199268341064
24,3,5,26,0,0,0,0.619365692138672,-1,-1,-1,-1,0.268735885620117
24,3,5,27,27,27,1,0.619463443756104,1,-1,-1,-1,0.369365692138672
24,3,5,28,9,9,0,0.50261116027832,1,1,-1,1,0.369463443756104
24,3,5,29,81,81,1,1.00096487998962,1,-1,1,1,0.25261116027832
24,3,5,30,3,3,0,1.05220103263855,1,1,-1,1,0.750964879989624
24,3,5,31,81,81,1,0.936069488525391,1,-1,1,1,0.80220103263855
24,3,5,32,27,27,1,0.61719822883606,1,1,-1,1,0.686069488525391
24,3,5,33,-9,9,0,0.584645986557007,1,1,1,1,0.36719822883606
24,3,5,34,-27,27,0,0.80102801322937,-1,-1,1,1,0.334645986557007
24,3,5,35,-9,9,0,0.850493192672729,-1,-1,-1,-1,0.55102801322937
24,3,5,36,-81,81,0,1.00112915039062,-1,-1,-1,-1,0.600493192672729
24,3,5,37,-0,0,0,0.901182174682617,-1,-1,-1,-1,0.751129150390625
24,3,5,38,-27,27,0,0.783822059631348,-1,-1,-1,-1,0.651182174682617
24,3,5,39,-3,3,0,0.818785905838013,-1,-1,-1,-1,0.533822059631348
24,3,5,40,-27,27,0,0.98386287689209,-1,-1,-1,-1,0.568785905838013
24,3,5,41,-0,0,0,0.952438592910767,-1,-1,-1,-1,0.73386287689209
24,3,5,42,-3,3,0,0.785185813903809,-1,-1,-1,-1,0.702438592910767
24,3,5,43,-3,3,0,0.917720317840576,-1,-1,-1,-1,0.535185813903809
24,3,5,44,-3,3,0,0.552523851394653,-1,-1,-1,-1,0.667720317840576
24,3,5,45,-81,81,0,1.15162825584412,-1,-1,-1,-1,0.302523851394653
24,3,5,46,-3,3,0,0.734354019165039,-1,-1,-1,-1,0.901628255844116
24,3,5,47,-3,3,0,0.501129150390625,-1,-1,-1,-1,0.484354019165039
24,3,5,48,-9,9,0,0.802721977233887,-1,-1,-1,-1,0.251129150390625
24,3,5,49,-0,0,0,0.619214057922363,-1,-1,-1,-1,0.552721977233887
24,3,5,50,3,3,0,0.75095796585083,-1,-1,-1,-1,0.369214057922363
24,3,5,51,27,27,1,0.684862613677979,1,-1,-1,-1,0.50095796585083
24,3,5,52,9,9,1,0.884281158447266,1,1,-1,1,0.434862613677979
24,3,5,53,81,81,1,0.91718316078186,1,1,1,1,0.634281158447266
24,3,5,54,-27,27,0,0.950961828231812,1,1,1,1,0.66718316078186
24,3,5,55,-3,3,1,0.850502014160156,-1,-1,1,1,0.700961828231812
24,3,5,56,-81,81,0,1.11774754524231,-1,1,-1,-1,0.600502014160156
24,3,5,57,3,3,1,0.802478790283203,-1,-1,1,-1,0.86774754524231
24,3,5,58,27,27,1,1.13537383079529,1,1,-1,-1,0.552478790283203
24,3,5,59,-3,3,0,0.668701648712158,1,1,1,1,0.885373830795288
24,3,5,60,-81,81,0,0.968622207641602,-1,-1,1,1,0.418701648712158
24,3,5,61,-81,81,0,1.36766028404236,-1,-1,-1,-1,0.718622207641602
24,3,5,62,81,81,1,0.967882871627808,-1,-1,-1,-1,1.11766028404236
24,3,5,63,3,3,0,0.800992250442505,1,1,-1,-1,0.717882871627808
24,3,5,64,81,81,1,0.733876705169678,1,-1,1,1,0.550992250442505
24,3,5,65,3,3,0,0.702286958694458,1,1,-1,1,0.483876705169678
24,3,5,66,81,81,1,0.800540924072266,1,-1,1,1,0.452286958694458
24,3,5,67,-9,9,0,1.00098729133606,1,1,-1,1,0.550540924072266
24,3,5,68,-81,81,0,1.26890063285828,-1,-1,1,1,0.75098729133606
24,3,5,69,-81,81,0,1.15259504318237,-1,-1,-1,-1,1.01890063285828
24,3,5,70,-81,81,0,0.88575553894043,-1,-1,-1,-1,0.902595043182373
24,3,5,71,-27,27,0,0.81723165512085,-1,-1,-1,-1,0.63575553894043
24,3,5,72,27,27,1,0.702252149581909,-1,-1,-1,-1,0.56723165512085
24,3,5,73,-27,27,0,0.734286308288574,1,1,-1,-1,0.452252149581909
24,3,5,74,-27,27,0,0.784322023391724,-1,-1,1,1,0.484286308288574
24,3,5,75,-27,27,0,0.668553352355957,-1,-1,-1,-1,0.534322023391724
24,3,5,79,-0,0,0,0.735220193862915,-1,-1,-1,-1,1.00050449371338
24,3,5,80,-9,9,0,0.868812084197998,-1,-1,-1,-1,0.485220193862915
24,3,5,81,-9,9,0,0.617679119110107,-1,-1,-1,-1,0.618812084197998
24,3,5,82,-3,3,0,0.485119819641113,-1,-1,-1,-1,0.367679119110107
24,3,5,83,-9,9,0,0.417208909988403,-1,-1,-1,-1,0.235119819641113
24,3,5,84,-9,9,0,0.635936737060547,-1,-1,-1,-1,0.167208909988403
24,3,5,85,-9,9,0,0.834407329559326,-1,-1,-1,-1,0.385936737060547
24,3,5,86,0,0,0,0.835333108901978,-1,-1,-1,-1,0.584407329559326
24,3,5,87,9,9,0,1.01877427101135,1,-1,-1,-1,0.585333108901978
24,3,5,88,-3,3,0,0.769186735153198,1,-1,-1,1,0.768774271011353
24,3,5,89,-3,3,0,0.717674732208252,-1,-1,-1,1,0.519186735153198
24,3,5,90,-81,81,0,0.935376167297363,-1,-1,-1,-1,0.467674732208252
24,3,5,91,-9,9,0,0.835560321807861,-1,-1,-1,-1,0.685376167297363
24,3,5,92,-81,81,0,1.08426332473755,-1,-1,-1,-1,0.585560321807861
24,3,5,93,-9,9,0,1.0858941078186,-1,-1,-1,-1,0.834263324737549
24,3,5,94,-0,0,0,0.33518123626709,-1,-1,-1,-1,0.835894107818604
24,3,5,95,-9,9,0,0.602637767791748,-1,-1,-1,-1,0.0851812362670898
24,3,5,96,-9,9,0,0.93467903137207,-1,-1,-1,-1,0.352637767791748
24,3,5,97,-81,81,0,0.736044645309448,-1,-1,-1,-1,0.68467903137207
24,3,5,98,-81,81,0,0.6195969581604,-1,-1,-1,-1,0.486044645309448
24,3,5,99,-27,27,0,0.518589496612549,-1,-1,-1,-1,0.3695969581604
24,3,6,2,-81,81,0,0.886051416397095,1,-1,-1,-1,0.984058141708374
24,3,6,3,3,3,0,0.767152309417725,-1,-1,-1,1,0.636051416397095
24,3,6,4,0,0,0,0.41912317276001,1,-1,-1,-1,0.517152309417725
24,3,6,5,-9,9,0,0.419280290603638,1,-1,-1,1,0.16912317276001
24,3,6,6,-9,9,0,0.334289312362671,-1,-1,-1,1,0.169280290603638
24,3,6,7,3,3,0,0.950948715209961,-1,-1,-1,-1,0.0842893123626709
24,3,6,8,-27,27,0,1.45180630683899,1,-1,-1,-1,0.700948715209961
24,3,6,9,3,3,0,0.786141395568848,-1,-1,-1,1,1.20180630683899
24,3,6,10,-81,81,0,1.1521635055542,1,-1,-1,-1,0.536141395568848
24,3,6,11,0,0,0,0.584346771240234,-1,-1,-1,1,0.902163505554199
24,3,6,12,-9,9,0,0.869063138961792,1,-1,-1,-1,0.334346771240234
24,3,6,13,27,27,1,0.702280282974243,-1,-1,-1,1,0.619063138961792
24,3,6,14,3,3,0,0.518859148025513,1,1,-1,-1,0.452280282974243
24,3,6,15,-3,3,0,0.784293174743652,1,-1,1,1,0.268859148025513
24,3,6,16,9,9,0,0.419235467910767,-1,-1,-1,1,0.534293174743652
24,3,6,17,-0,0,0,0.536054611206055,1,-1,-1,-1,0.169235467910767
24,3,6,18,3,3,1,0.852568864822388,-1,-1,-1,1,0.286054611206055
24,3,6,19,-81,81,0,0.868307590484619,1,1,-1,-1,0.602568864822388
24,3,6,20,27,27,1,0.884846687316895,-1,-1,1,1,0.618307590484619
24,3,6,21,81,81,1,0.683809757232666,1,1,-1,-1,0.634846687316895
24,3,6,22,-9,9,0,0.434964656829834,1,1,1,1,0.433809757232666
24,3,6,23,0,0,0,0.317609786987305,-1,-1,1,1,0.184964656829834
24,3,6,27,27,27,1,0.352302551269531,-1,-1,-1,-1,0.435922861099243
24,3,6,28,-9,9,0,0.334391355514526,1,1,-1,-1,0.102302551269531
24,3,6,29,9,9,0,0.433897972106934,-1,-1,1,1,0.0843913555145264
24,3,6,30,-27,27,0,0.533886194229126,1,-1,-1,-1,0.183897972106934
24,3,6,31,27,27,1,0.784273386001587,-1,-1,-1,1,0.283886194229126
24,3,6,32,-27,27,0,1.06858730316162,1,1,-1,-1,0.534273386001587
24,3,6,33,-0,0,1,0.652567148208618,-1,-1,1,1,0.818587303161621
24,3,6,34,-9,9,0,0.850945949554443,-1,1,-1,-1,0.402567148208618
24,3,6,35,27,27,1,0.685923337936401,-1,-1,1,-1,0.600945949554443
24,3,6,36,9,9,1,0.700660705566406,1,1,-1,-1,0.435923337936401
24,3,6,37,-3,3,0,0.718997955322266,1,1,1,1,0.450660705566406
24,3,6,38,27,27,1,0.735278129577637,-1,-1,1,1,0.468997955322266
24,3,6,39,-9,9,0,0.619054317474365,1,1,-1,-1,0.485278129577637
24,3,6,40,81,81,1,1.18595838546753,-1,-1,1,1,0.369054317474365
24,3,6,41,3,3,0,0.885471820831299,1,1,-1,-1,0.935958385467529
24,3,6,42,-0,0,1,0.750927448272705,1,-1,1,1,0.635471820831299
24,3,6,43,3,3,1,0.585590600967407,-1,1,-1,1,0.500927448272705
24,3,6,44,-81,81,0,1.05046319961548,1,1,1,-1,0.335590600967407
24,3,6,45,81,81,1,0.7360520362854,-1,-1,1,1,0.800463199615479
24,3,6,46,-81,81,0,1.01933121681213,1,1,-1,-1,0.4860520362854
24,3,6,47,27,27,1,0.95241641998291,-1,-1,1,1,0.769331216812134
24,3,6,48,81,81,1,0.900486469268799,1,1,-1,-1,0.70241641998291
24,3,6,49,-27,27,0,0.767655611038208,1,1,1,1,0.650486469268799
24,3,6,50,81,81,1,0.719215869903564,-1,-1,1,1,0.517655611038208
24,3,6,51,-0,0,0,0.901958227157593,1,1,-1,-1,0.469215869903564
24,3,6,52,3,3,1,0.668982744216919,-1,-1,1,1,0.651958227157593
24,3,6,53,-3,3,0,0.569232225418091,1,1,-1,-1,0.418982744216919
24,3,6,54,-0,0,1,0.385049819946289,-1,-1,1,1,0.319232225418091
24,3,6,55,27,27,1,0.652390241622925,-1,1,-1,-1,0.135049819946289
24,3,6,56,-27,27,0,0.651747703552246,1,1,1,-1,0.402390241622925
24,3,6,57,27,27,1,0.801836252212524,-1,-1,1,1,0.401747703552246
24,3,6,58,-3,3,0,0.701144933700562,1,1,-1,-1,0.551836252212524
24,3,6,59,27,27,0,0.585943937301636,-1,-1,1,1,0.451144933700562
24,3,6,60,-27,27,0,0.583875417709351,1,-1,-1,-1,0.335943937301636
24,3,6,61,3,3,0,0.500500202178955,-1,-1,-1,1,0.333875417709351
24,3,6,62,-0,0,0,1.03382515907288,1,-1,-1,-1,0.250500202178955
24,3,6,63,9,9,0,0.85266900062561,-1,-1,-1,1,0.783825159072876
24,3,6,64,-27,27,0,0.567598104476929,1,-1,-1,-1,0.60266900062561
24,3,6,68,9,9,1,0.702575206756592,-1,-1,1,1,0.6352858543396
24,3,6,69,3,3,0,0.802026748657227,1,1,-1,-1,0.452575206756592
24,3,6,70,-0,0,0,0.383819341659546,1,-1,1,1,0.552026748657227
24,3,6,71,9,9,1,0.552461624145508,-1,-1,-1,1,0.133819341659546
24,3,6,72,-3,3,0,0.467814683914185,1,1,-1,-1,0.302461624145508
24,3,6,73,3,3,0,0.402667045593262,-1,-1,1,1,0.217814683914185
24,3,6,74,-27,27,0,0.483854293823242,1,-1,-1,-1,0.152667045593262
24,3,6,75,81,81,1,0.819226264953613,-1,-1,-1,1,0.233854293823242
24,3,6,76,-9,9,0,0.701933145523071,1,1,-1,-1,0.569226264953613
24,3,6,77,9,9,1,0.618566274642944,-1,-1,1,1,0.451933145523071
24,3,6,78,-81,81,0,0.652667284011841,1,1,-1,-1,0.368566274642944
24,3,6,79,27,27,1,0.719339370727539,-1,-1,1,1,0.402667284011841
24,3,6,80,-9,9,0,0.602264642715454,1,1,-1,-1,0.469339370727539
24,3,6,81,-81,81,0,0.968908071517944,-1,-1,1,1,0.352264642715454
24,3,6,82,81,81,1,0.767838001251221,-1,-1,-1,-1,0.718908071517944
24,3,6,83,-9,9,0,0.667706966400146,1,1,-1,-1,0.517838001251221
24,3,6,84,0,0,0,0.651274919509888,-1,-1,1,1,0.417706966400146
24,3,6,85,3,3,1,0.685638904571533,1,-1,-1,-1,0.401274919509888
24,3,6,86,81,81,1,1.13380217552185,1,1,-1,1,0.435638904571533
24,3,6,87,-81,81,0,0.952567577362061,1,1,1,1,0.883802175521851
24,3,6,88,81,81,1,0.584466934204102,-1,-1,1,1,0.702567577362061
24,3,6,89,-3,3,0,1.20121574401855,1,1,-1,-1,0.334466934204102
24,3,6,90,3,3,0,0.718725919723511,-1,-1,1,1,0.951215744018555
24,3,6,91,-3,3,0,0.718747854232788,1,-1,-1,-1,0.468725919723511
24,3,6,92,27,27,1,0.567899227142334,-1,-1,-1,1,0.468747854232788
24,3,6,93,-27,27,0,1.0672345161438,1,1,-1,-1,0.317899227142334
24,3,6,94,81,81,1,0.918715000152588,-1,-1,1,1,0.817234516143799
24,3,6,95,-9,9,0,0.684300899505615,1,1,-1,-1,0.668715000152588
24,3,6,96,27,27,1,0.935894250869751,-1,-1,1,1,0.434300899505615
24,3,6,97,-81,81,0,0.951025009155273,1,1,-1,-1,0.685894250869751
24,3,6,98,-9,9,0,1.1854362487793,-1,-1,1,1,0.701025009155273
24,3,6,99,-81,81,0,1.16832995414734,-1,-1,-1,-1,0.935436248779297
25,1,1,2,9,9,0,1.16774439811707,1,1,1,1,0.734540462493896
25,1,1,3,9,9,0,1.46768522262573,1,-1,1,1,0.917744398117065
25,1,1,4,3,3,0,1.23536515235901,1,-1,-1,1,1.21768522262573
25,1,1,5,3,3,0,1.38435387611389,1,-1,-1,1,0.985365152359009
25,1,1,6,3,3,1,1.13428378105164,1,-1,-1,1,1.13435387611389
25,1,1,7,27,27,0,0.952474117279053,1,1,-1,1,0.884283781051636
25,1,1,8,-0,0,0,1.31894421577454,1,-1,1,1,0.702474117279053
25,1,1,9,81,81,1,0.802264451980591,-1,-1,-1,1,1.06894421577454
25,1,1,10,81,81,1,0.9858717918396,1,1,-1,-1,0.552264451980591
25,1,1,11,9,9,1,1.05241441726685,1,1,1,1,0.7358717918396
25,1,1,12,9,9,0,0.952582597732544,1,1,1,1,0.802414417266846
25,1,1,13,0,0,1,1.03526616096497,1,-1,1,1,0.702582597732544
25,1,1,14,81,81,1,0.669254779815674,1,1,-1,1,0.785266160964966
25,1,1,15,81,81,1,0.918123722076416,1,1,1,1,0.419254779815674
25,1,1,16,0,0,0,1.05209565162659,1,1,1,1,0.668123722076416
25,1,1,17,3,3,0,1.13600492477417,1,-1,1,1,0.802095651626587
25,1,1,18,-27,27,0,0.635977268218994,1,-1,-1,1,0.88600492477417
25,1,1,19,27,27,1,0.735324144363403,-1,-1,-1,1,0.385977268218994
25,1,1,20,0,0,0,1.16892027854919,1,1,-1,-1,0.485324144363403
25,1,1,21,27,27,1,0.718799829483032,1,-1,1,1,0.918920278549194
25,1,1,22,3,3,1,0.918542623519897,1,1,-1,1,0.468799829483032
25,1,1,23,27,27,1,0.950535297393799,1,1,1,1,0.668542623519897
25,1,1,24,27,27,1,0.750531196594238,1,1,1,1,0.700535297393799
25,1,1,25,9,9,0,0.802635908126831,1,1,1,1,0.500531196594238
25,1,1,26,27,27,1,0.68544340133667,1,-1,1,1,0.552635908126831
25,1,1,27,-81,81,0,0.635896921157837,1,1,-1,1,0.43544340133667
25,1,1,28,-81,81,0,0.602638006210327,-1,-1,1,1,0.385896921157837
25,1,1,29,-3,3,0,1.00270295143127,-1,-1,-1,-1,0.352638006210327
25,1,1,30,-9,9,1,0.734312772750854,-1,-1,-1,-1,0.752702951431274
25,1,1,31,-3,3,0,1.03478384017944,-1,1,-1,-1,0.484312772750854
25,1,1,32,-81,81,0,0.850513696670532,-1,-1,1,-1,0.784783840179443
25,1,1,33,3,3,0,0.867623567581177,-1,-1,-1,-1,0.600513696670532
25,1,1,34,0,0,0,1.11768627166748,1,-1,-1,-1,0.617623567581177
25,1,1,35,3,3,1,0.719249963760376,1,-1,-1,1,0.86768627166748
25,1,1,36,-81,81,0,0.733830213546753,1,1,-1,1,0.469249963760376
25,1,1,37,9,9,0,1.05272912979126,-1,-1,1,1,0.483830213546753
25,1,1,38,-9,9,0,1.03502225875854,1,-1,-1,-1,0.80272912979126
25,1,1,39,-81,81,0,0.718980073928833,-1,-1,-1,1,0.785022258758545
25,1,1,40,-27,27,0,0.902740478515625,-1,-1,-1,-1,0.468980073928833
25,1,1,41,-3,3,1,1.0356171131134,-1,-1,-1,-1,0.652740478515625
25,1,1,42,-0,0,0,1.10242772102356,-1,1,-1,-1,0.785617113113403
25,1,1,43,-27,27,0,0.669108152389526,-1,-1,1,-1,0.85242772102356
25,1,1,44,-9,9,0,0.733855247497559,-1,-1,-1,-1,0.419108152389526
25,1,1,45,3,3,0,0.784336805343628,-1,-1,-1,-1,0.483855247497559
25,1,1,46,9,9,0,1.06933212280273,1,-1,-1,-1,0.534336805343628
25,1,1,47,0,0,1,0.600959300994873,1,-1,-1,1,0.819332122802734
25,1,1,48,81,81,1,0.767159938812256,1,1,-1,1,0.350959300994873
25,1,1,49,27,27,1,0.667207956314087,1,1,1,1,0.517159938812256
25,1,1,50,9,9,1,0.700992822647095,1,1,1,1,0.417207956314087
25,1,1,51,9,9,1,1.05111527442932,1,1,1,1,0.450992822647095
25,1,1,52,3,3,0,0.636008977890015,1,1,1,1,0.801115274429321
25,1,1,53,3,3,1,0.733844041824341,1,-1,1,1,0.386008977890015
25,1,1,54,81,81,1,0.717629194259644,1,1,-1,1,0.483844041824341
25,1,1,55,81,81,1,0.884345054626465,1,1,1,1,0.467629194259644
25,1,1,56,9,9,1,0.96790885925293,1,1,1,1,0.634345054626465
25,1,1,57,27,27,1,0.769227027893066,1,1,1,1,0.71790885925293
25,1,1,58,27,27,1,0.784308671951294,1,1,1,1,0.519227027893066
25,1,1,59,27,27,1,0.735653162002563,1,1,1,1,0.534308671951294
25,1,1,60,27,27,1,0.750495433807373,1,1,1,1,0.485653162002563
25,1,1,61,9,9,0,0.684401512145996,1,1,1,1,0.500495433807373
25,1,1,62,3,3,1,1.16722631454468,1,-1,1,1,0.434401512145996
25,1,1,66,27,27,1,0.802097082138062,1,1,1,1,0.583908319473267
25,1,1,67,3,3,0,0.651754140853882,1,1,1,1,0.552097082138062
25,1,1,68,9,9,1,0.785680294036865,1,-1,1,1,0.401754140853882
25,1,1,69,-27,27,0,0.752321004867554,1,1,-1,1,0.535680294036865
25,1,1,70,-0,0,0,0.867684125900269,-1,-1,1,1,0.502321004867554
25,1,1,71,-81,81,0,0.734336853027344,-1,-1,-1,-1,0.617684125900269
25,1,1,72,-3,3,1,1.05047416687012,-1,-1,-1,-1,0.484336853027344
25,1,1,73,3,3,0,1.26855111122131,-1,1,-1,-1,0.800474166870117
25,1,1,74,-81,81,0,0.601204633712769,1,-1,1,-1,1.01855111122131
25,1,1,75,-27,27,0,0.635484933853149,-1,-1,-1,1,0.351204633712769
25,1,1,76,3,3,0,1.16852807998657,-1,-1,-1,-1,0.385484933853149
25,1,1,77,27,27,1,0.718695640563965,1,-1,-1,-1,0.918528079986572
25,1,1,81,3,3,0,0.967642784118652,-1,-1,1,1,0.550500392913818
25,1,1,82,3,3,1,0.652491092681885,1,-1,-1,-1,0.717642784118652
25,1,1,83,0,0,0,0.702006340026855,1,1,-1,1,0.402491092681885
25,1,1,84,9,9,0,0.800999164581299,1,-1,1,1,0.452006340026855
25,1,1,85,81,81,1,0.718643188476562,1,-1,-1,1,0.550999164581299
25,1,1,86,81,81,1,0.751003742218018,1,1,-1,1,0.468643188476562
25,1,1,90,-9,9,0,0.601064205169678,-1,-1,-1,-1,0.752048969268799
25,1,1,91,9,9,1,0.867704629898071,-1,-1,-1,-1,0.351064205169678
25,1,1,92,9,9,1,1.10099411010742,1,1,-1,-1,0.617704629898071
25,1,1,93,-81,81,0,0.668747186660767,1,1,1,1,0.850994110107422
25,1,1,94,-27,27,0,1.10271811485291,-1,-1,1,1,0.418747186660767
25,1,1,95,-0,0,0,0.919263362884521,-1,-1,-1,-1,0.852718114852905
25,1,1,96,81,81,1,0.950950145721436,-1,-1,-1,-1,0.669263362884521
25,1,1,97,27,27,1,0.650553226470947,1,1,-1,-1,0.700950145721436
25,1,1,98,9,9,1,0.883834838867188,1,1,1,1,0.400553226470947
25,1,1,99,27,27,1,0.71715235710144,1,1,1,1,0.633834838867188
25,1,2,2,81,81,1,0.650499582290649,-1,-1,-1,-1,0.452112197875977
25,1,2,3,-9,9,0,0.867741107940674,1,1,-1,-1,0.400499582290649
25,1,2,4,9,9,1,0.901037454605103,-1,-1,1,1,0.617741107940674
25,1,2,5,-3,3,0,0.86720085144043,1,1,-1,-1,0.651037454605103
25,1,2,6,9,9,1,0.885632753372192,-1,-1,1,1,0.61720085144043
25,1,2,7,-0,0,1,1.05214810371399,1,1,-1,-1,0.635632753372192
25,1,2,8,0,0,0,0.73394513130188,-1,1,1,1,0.802148103713989
25,1,2,9,-9,9,0,0.767171382904053,1,-1,1,-1,0.48394513130188
25,1,2,10,9,9,0,0.31715202331543,-1,-1,-1,1,0.517171382904053
25,1,2,11,-81,81,0,0.634392261505127,1,-1,-1,-1,0.0671520233154297
25,1,2,12,-3,3,0,0.767157077789307,-1,-1,-1,1,0.384392261505127
25,1,2,16,81,81,1,0.951950311660767,-1,1,-1,-1,1.01763296127319
25,1,2,17,-9,9,1,0.867164134979248,1,1,1,-1,0.701950311660767
25,1,2,18,27,27,1,0.700940847396851,-1,1,1,1,0.617164134979248
25,1,2,19,-3,3,1,1.08595299720764,1,1,1,-1,0.450940847396851
25,1,2,20,3,3,1,0.868547201156616,-1,1,1,1,0.835952997207642
25,1,2,21,-9,9,1,0.751122951507568,1,1,1,-1,0.618547201156616
25,1,2,22,3,3,1,0.752178192138672,-1,1,1,1,0.501122951507568
25,1,2,23,-81,81,0,0.819030523300171,1,1,1,-1,0.502178192138672
25,1,2,24,3,3,1,0.618750333786011,-1,-1,1,1,0.569030523300171
25,1,2,25,-3,3,1,0.900555372238159,1,1,-1,-1,0.368750333786011
25,1,2,26,-81,81,0,0.584642648696899,-1,1,1,1,0.650555372238159
25,1,2,27,27,27,1,1.2187659740448,-1,-1,1,-1,0.334642648696899
25,1,2,28,3,3,0,0.835881948471069,1,1,-1,-1,0.9687659740448
25,1,2,29,-9,9,0,0.883829355239868,1,-1,1,1,0.585881948471069
25,1,2,30,3,3,1,0.886140108108521,-1,-1,-1,1,0.633829355239868
25,1,2,31,-27,27,0,0.568609952926636,1,1,-1,-1,0.636140108108521
25,1,2,32,27,27,1,1.2179811000824,-1,-1,1,1,0.318609952926636
25,1,2,33,-81,81,0,0.852496147155762,1,1,-1,-1,0.967981100082397
25,1,2,37,-27,27,0,0.619290590286255,1,1,-1,-1,0.235937118530273
25,1,2,38,27,27,0,0.967859268188477,-1,-1,1,1,0.369290590286255
25,1,2,39,27,27,1,0.667636632919312,1,-1,-1,-1,0.717859268188477
25,1,2,40,-81,81,0,1.05254316329956,1,1,-1,1,0.417636632919312
25,1,2,41,3,3,0,0.350958824157715,-1,-1,1,1,0.802543163299561
25,1,2,42,-9,9,0,0.770445585250854,1,-1,-1,-1,0.100958824157715
25,1,2,43,3,3,1,1.33382868766785,-1,-1,-1,1,0.520445585250854
25,1,2,47,-27,27,0,0.919509172439575,-1,-1,1,1,0.302512168884277
25,1,2,51,3,3,1,0.901694297790527,-1,-1,1,1,0.502464532852173
25,1,2,52,-9,9,1,0.968258857727051,1,1,-1,-1,0.651694297790527
25,1,2,53,0,0,0,0.833877086639404,-1,1,1,1,0.718258857727051
25,1,2,54,-9,9,1,0.833872079849243,1,-1,1,-1,0.583877086639404
25,1,2,58,-81,81,0,0.569438934326172,1,1,-1,-1,0.284292936325073
25,1,2,59,9,9,1,1.30270266532898,-1,-1,1,1,0.319438934326172
25,1,2,60,3,3,1,0.700536727905273,1,1,-1,-1,1.05270266532898
25,1,2,65,3,3,1,0.817825794219971,1,1,1,-1,0.400939226150513
25,1,2,66,-9,9,0,0.834529161453247,1,1,1,1,0.567825794219971
25,1,2,67,-9,9,0,0.9171462059021,-1,-1,1,1,0.584529161453247
25,1,2,68,-81,81,0,0.585553884506226,-1,-1,-1,-1,0.6671462059021
25,1,2,69,0,0,0,1.46771287918091,-1,-1,-1,-1,0.335553884506226
25,1,2,70,-9,9,0,0.651910305023193,1,-1,-1,-1,1.21771287918091
25,1,2,71,0,0,0,0.850505828857422,-1,-1,-1,1,0.401910305023193
25,1,2,72,-27,27,0,0.568605184555054,1,-1,-1,-1,0.600505828857422
25,1,2,73,0,0,1,0.517174959182739,-1,-1,-1,1,0.318605184555054
25,1,2,74,-9,9,0,0.718646287918091,1,1,-1,-1,0.267174959182739
25,1,2,75,-0,0,0,0.768582105636597,-1,-1,1,1,0.468646287918091
25,1,2,76,9,9,1,0.953290224075317,-1,-1,-1,-1,0.518582105636597
25,1,2,77,27,27,0,0.768165349960327,1,1,-1,-1,0.703290224075317
25,1,2,78,-81,81,0,0.567631959915161,1,-1,1,1,0.518165349960327
25,1,2,82,-81,81,0,0.651950120925903,-1,-1,-1,-1,0.269217252731323
25,1,2,83,9,9,0,0.751083850860596,-1,-1,-1,-1,0.401950120925903
25,1,2,84,-27,27,0,0.668703079223633,1,-1,-1,-1,0.501083850860596
25,1,2,91,0,0,0,1.051114320755,-1,1,-1,1,0.501119136810303
25,1,2,92,-27,27,1,0.784288883209229,1,-1,1,-1,0.801114320755005
25,1,2,93,9,9,0,1.40049529075623,-1,1,-1,1,0.534288883209229
25,1,2,94,-3,3,1,1.10153317451477,1,-1,1,-1,1.15049529075623
25,1,2,95,3,3,1,0.735776662826538,-1,1,-1,1,0.851533174514771
25,1,2,96,81,81,1,1.31715703010559,1,1,1,-1,0.485776662826538
25,1,3,2,-9,9,0,0.601796627044678,1,-1,1,1,0.485666513442993
25,1,3,3,-0,0,1,0.584493398666382,-1,-1,-1,1,0.351796627044678
25,1,3,4,-81,81,0,0.619468212127686,-1,1,-1,-1,0.334493398666382
25,1,3,10,-3,3,0,1.00231838226318,-1,-1,1,1,0.519432783126831
25,1,3,11,81,81,1,0.586049795150757,-1,-1,-1,-1,0.752318382263184
25,1,3,12,-3,3,1,0.734988927841187,1,1,-1,-1,0.336049795150757
25,1,3,13,0,0,1,0.66714334487915,-1,1,1,1,0.484988927841187
25,1,3,14,-9,9,1,0.717188835144043,1,1,1,-1,0.41714334487915
25,1,3,15,-3,3,1,0.968766689300537,-1,1,1,1,0.467188835144043
25,1,3,16,81,81,1,0.634353160858154,-1,1,1,-1,0.718766689300537
25,1,3,17,-3,3,0,0.867667675018311,1,1,1,-1,0.384353160858154
25,1,3,18,9,9,1,0.719339370727539,-1,-1,1,1,0.617667675018311
25,1,3,19,-3,3,1,1.28494763374329,1,1,-1,-1,0.469339370727539
25,1,3,20,27,27,1,0.702816963195801,-1,1,1,1,1.03494763374329
25,1,3,21,-9,9,0,0.650475025177002,1,1,1,-1,0.452816963195801
25,1,3,22,81,81,1,0.552448511123657,-1,-1,1,1,0.400475025177002
25,1,3,23,-3,3,1,0.835780143737793,1,1,-1,-1,0.302448511123657
25,1,3,24,0,0,0,1.40219783782959,-1,1,1,1,0.585780143737793
25,1,3,25,-9,9,0,0.701923370361328,1,-1,1,-1,1.15219783782959
25,1,3,29,-27,27,0,1.00126981735229,1,1,-1,-1,0.401905536651611
25,1,3,30,81,81,1,1.23545742034912,-1,-1,1,1,0.751269817352295
25,1,3,31,81,81,1,0.750991344451904,1,1,-1,-1,0.985457420349121
25,1,3,32,-9,9,1,1.18617606163025,1,1,1,1,0.500991344451904
25,1,3,33,81,81,1,1.03585481643677,-1,1,1,1,0.936176061630249
25,1,3,37,3,3,1,0.484358787536621,-1,-1,1,1,0.834283113479614
25,1,3,38,-27,27,0,0.667253971099854,1,1,-1,-1,0.234358787536621
25,1,3,39,-9,9,0,0.969311475753784,-1,-1,1,1,0.417253971099854
25,1,3,40,27,27,1,0.750537157058716,-1,-1,-1,-1,0.719311475753784
25,1,3,44,-27,27,0,0.635966539382935,1,-1,1,-1,0.485958576202393
25,1,3,48,-81,81,0,0.918621301651001,1,1,1,1,0.602769374847412
25,1,3,49,3,3,1,0.734363794326782,-1,-1,1,1,0.668621301651001
25,1,3,50,-81,81,0,0.817811012268066,1,1,-1,-1,0.484363794326782
25,1,3,51,3,3,0,1.26761674880981,-1,-1,1,1,0.567811012268066
25,1,3,52,3,3,0,0.634454727172852,1,-1,-1,-1,1.01761674880981
25,1,3,53,27,27,1,0.933915376663208,1,-1,-1,1,0.384454727172852
25,1,3,54,3,3,0,0.917139053344727,1,1,-1,1,0.683915376663208
25,1,3,55,-27,27,1,1.11759090423584,1,-1,1,1,0.667139053344727
25,1,3,56,9,9,1,0.650979042053223,-1,1,-1,1,0.86759090423584
25,1,3,57,-27,27,0,0.686074256896973,1,1,1,-1,0.400979042053223
25,1,3,65,9,9,1,0.584282159805298,-1,1,1,1,0.4509437084198
25,1,3,69,81,81,1,0.533822536468506,-1,1,1,1,0.50246524810791
25,1,3,70,9,9,0,0.567883491516113,1,1,1,-1,0.283822536468506
25,1,3,71,-81,81,0,0.717692375183105,1,-1,1,1,0.317883491516113
25,1,3,72,9,9,0,0.517700433731079,-1,-1,-1,1,0.467692375183105
25,1,3,73,-0,0,1,1.45118594169617,1,-1,-1,-1,0.267700433731079
25,1,3,74,3,3,1,0.902042627334595,-1,1,-1,1,1.20118594169617
25,1,3,75,-81,81,0,0.568966865539551,1,1,1,-1,0.652042627334595
25,1,3,76,3,3,1,0.836025714874268,-1,-1,1,1,0.318966865539551
25,1,3,77,-0,0,1,1.01716756820679,1,1,-1,-1,0.586025714874268
25,1,3,78,-27,27,0,0.569306135177612,-1,1,1,1,0.767167568206787
25,1,3,79,27,27,1,0.634504079818726,-1,-1,1,-1,0.319306135177612
25,1,3,80,-9,9,1,0.535291433334351,1,1,-1,-1,0.384504079818726
25,1,3,81,-81,81,0,0.635824680328369,-1,1,1,1,0.285291433334351
25,1,3,82,3,3,1,1.45234704017639,-1,-1,1,-1,0.385824680328369
25,1,3,83,-9,9,0,0.601114273071289,1,1,-1,-1,1.20234704017639
25,1,3,84,0,0,1,1.33443737030029,-1,-1,1,1,0.351114273071289
25,1,3,85,-27,27,0,0.60110068321228,1,1,-1,-1,1.08443737030029
25,1,3,86,27,27,1,0.885294198989868,-1,-1,1,1,0.35110068321228
25,1,3,87,-81,81,0,0.635178804397583,1,1,-1,-1,0.635294198989868
25,1,3,88,0,0,0,1.11826062202454,-1,-1,1,1,0.385178804397583
25,1,3,89,-0,0,0,0.617614269256592,1,-1,-1,-1,0.868260622024536
25,1,3,90,27,27,1,0.535595655441284,-1,-1,-1,1,0.367614269256592
25,1,3,91,-81,81,0,0.667840480804443,1,1,-1,-1,0.285595655441284
25,1,3,95,-9,9,0,0.350512742996216,1,1,1,-1,0.285365343093872
25,1,3,96,-9,9,0,0.5511155128479,-1,-1,1,1,0.100512742996216
25,1,3,97,9,9,1,0.733828544616699,-1,-1,-1,-1,0.3011155128479
25,1,3,98,-81,81,0,0.634472608566284,1,1,-1,-1,0.483828544616699
25,1,3,99,3,3,1,0.651837348937988,-1,-1,1,1,0.384472608566284
25,1,4,3,81,81,1,0.583829164505005,-1,-1,1,1,0.601770162582397
25,1,4,4,81,81,1,0.61719822883606,1,1,-1,-1,0.333829164505005
25,1,4,5,-0,0,1,0.533832550048828,1,1,1,1,0.36719822883606
25,1,4,6,27,27,1,0.602200984954834,-1,1,1,1,0.283832550048828
25,1,4,7,81,81,1,0.501108646392822,1,1,1,-1,0.352200984954834
25,1,4,8,-27,27,0,0.500982761383057,1,1,1,1,0.251108646392822
25,1,4,9,0,0,0,0.517194032669067,-1,-1,1,1,0.250982761383057
25,1,4,10,-3,3,1,0.284276247024536,1,-1,-1,-1,0.267194032669067
25,1,4,11,0,0,1,0.833898782730103,-1,1,-1,1,0.0342762470245361
25,1,4,12,27,27,1,0.602620124816895,1,1,1,-1,0.583898782730103
25,1,4,13,-81,81,0,0.618408441543579,1,1,1,1,0.352620124816895
25,1,4,14,-27,27,0,0.601815938949585,-1,-1,1,1,0.368408441543579
25,1,4,15,9,9,1,0.801106929779053,-1,-1,-1,-1,0.351815938949585
25,1,4,16,81,81,1,0.567636966705322,1,1,-1,-1,0.551106929779053
25,1,4,17,-9,9,1,0.685312986373901,1,1,1,1,0.317636966705322
25,1,4,18,81,81,1,0.617255687713623,-1,1,1,1,0.435312986373901
25,1,4,19,-0,0,0,0.719126224517822,1,1,1,-1,0.367255687713623
25,1,4,20,3,3,1,0.585614442825317,-1,-1,1,1,0.469126224517822
25,1,4,21,-81,81,0,0.634710550308228,1,1,-1,-1,0.335614442825317
25,1,4,22,-27,27,0,0.769297361373901,-1,-1,1,1,0.384710550308228
25,1,4,23,-3,3,1,0.702983379364014,-1,-1,-1,-1,0.519297361373901
25,1,4,24,81,81,1,0.568023920059204,-1,1,-1,-1,0.452983379364014
25,1,4,25,9,9,1,0.652061700820923,1,1,1,-1,0.318023920059204
25,1,4,26,9,9,0,0.667649745941162,1,1,1,1,0.402061700820923
25,1,4,27,9,9,0,0.817152261734009,1,-1,1,1,0.417649745941162
25,1,4,28,81,81,1,0.584279775619507,1,-1,-1,1,0.567152261734009
25,1,4,29,-3,3,0,0.718474864959717,1,1,-1,1,0.334279775619507
25,1,4,30,9,9,1,0.934277534484863,-1,-1,1,1,0.468474864959717
25,1,4,31,3,3,1,0.569385051727295,1,1,-1,-1,0.684277534484863
25,1,4,32,3,3,1,0.852640151977539,1,1,1,1,0.319385051727295
25,1,4,33,-9,9,1,0.851016044616699,1,1,1,1,0.602640151977539
25,1,4,34,-81,81,0,0.552424907684326,-1,1,1,1,0.601016044616699
25,1,4,35,-27,27,0,0.635908126831055,-1,-1,1,-1,0.302424907684326
25,1,4,36,-27,27,0,0.584331274032593,-1,-1,-1,-1,0.385908126831055
25,1,4,37,-9,9,1,0.667648315429688,-1,-1,-1,-1,0.334331274032593
25,1,4,38,-9,9,0,0.818914413452148,-1,1,-1,-1,0.417648315429688
25,1,4,39,-3,3,0,0.918971300125122,-1,-1,1,-1,0.568914413452148
25,1,4,40,0,0,0,1.10108923912048,-1,-1,-1,-1,0.668971300125122
25,1,4,41,-81,81,0,0.668519258499146,1,-1,-1,-1,0.851089239120483
25,1,4,42,9,9,1,0.736356496810913,-1,-1,-1,1,0.418519258499146
25,1,4,43,27,27,1,0.517204284667969,1,1,-1,-1,0.486356496810913
25,1,4,44,-9,9,0,0.352410078048706,1,1,1,1,0.267204284667969
25,1,4,45,9,9,1,0.767648220062256,-1,-1,1,1,0.102410078048706
25,1,4,46,-9,9,0,0.835317850112915,1,1,-1,-1,0.517648220062256
25,1,4,50,-27,27,0,0.652576208114624,-1,-1,1,-1,0.951172828674316
25,1,4,51,27,27,1,0.685467481613159,-1,-1,-1,-1,0.402576208114624
25,1,4,52,-3,3,0,0.484287023544312,1,1,-1,-1,0.435467481613159
25,1,4,53,81,81,1,0.519328117370605,-1,-1,1,1,0.234287023544312
25,1,4,54,27,27,1,0.319172143936157,1,1,-1,-1,0.269328117370605
25,1,4,55,9,9,1,0.635620355606079,1,1,1,1,0.0691721439361572
25,1,4,56,9,9,0,1.08439779281616,1,1,1,1,0.385620355606079
25,1,4,57,-27,27,0,0.634795904159546,1,-1,1,1,0.834397792816162
25,1,4,58,-3,3,0,0.818184614181519,-1,-1,-1,1,0.384795904159546
25,1,4,59,-3,3,1,0.735694408416748,-1,-1,-1,-1,0.568184614181519
25,1,4,60,-81,81,0,0.568880081176758,-1,1,-1,-1,0.485694408416748
25,1,4,61,-3,3,1,0.850476026535034,-1,-1,1,-1,0.318880081176758
25,1,4,62,3,3,0,0.784976959228516,-1,1,-1,-1,0.600476026535034
25,1,4,63,27,27,1,0.636053323745728,1,-1,1,-1,0.534976959228516
25,1,4,64,27,27,1,0.536409378051758,1,1,-1,1,0.386053323745728
25,1,4,65,-27,27,0,0.485463857650757,1,1,1,1,0.286409378051758
25,1,4,66,-9,9,0,0.867611408233643,-1,-1,1,1,0.235463857650757
25,1,4,70,9,9,0,1.41714310646057,1,1,-1,-1,0.851040124893188
25,1,4,71,-27,27,0,0.517709732055664,1,-1,1,1,1.16714310646057
25,1,4,72,-81,81,0,0.635744094848633,-1,-1,-1,1,0.267709732055664
25,1,4,73,27,27,1,0.551334619522095,-1,-1,-1,-1,0.385744094848633
25,1,4,74,-0,0,1,1.01767349243164,1,1,-1,-1,0.301334619522095
25,1,4,75,-0,0,1,0.968592405319214,-1,1,1,1,0.767673492431641
25,1,4,76,9,9,0,1.13434934616089,-1,1,1,-1,0.718592405319214
25,1,4,77,-27,27,0,0.602380275726318,1,-1,1,-1,0.884349346160889
25,1,4,78,81,81,1,0.484297275543213,-1,-1,-1,1,0.352380275726318
25,1,4,79,9,9,1,1.38582396507263,1,1,-1,-1,0.234297275543213
25,1,4,80,-81,81,0,0.602461814880371,1,1,1,1,1.13582396507263
25,1,4,81,3,3,1,0.417634010314941,-1,-1,1,1,0.352461814880371
25,1,4,82,3,3,0,1.13609051704407,1,1,-1,-1,0.167634010314941
25,1,4,83,3,3,1,0.6843421459198,1,-1,1,1,0.886090517044067
25,1,4,84,-27,27,0,0.783868312835693,1,1,-1,1,0.4343421459198
25,1,4,88,3,3,1,1.15186643600464,-1,-1,1,-1,0.500522613525391
25,1,4,89,3,3,1,0.751380205154419,1,1,-1,-1,0.901866436004639
25,1,4,90,9,9,1,1.01720190048218,1,1,1,1,0.501380205154419
25,1,4,91,-9,9,0,0.552473306655884,1,1,1,1,0.767201900482178
25,1,4,95,-3,3,0,0.650959730148315,1,1,1,1,0.43426775932312
25,1,4,96,81,81,1,0.668706893920898,-1,-1,1,1,0.400959730148315
25,1,4,97,27,27,1,0.919346570968628,1,1,-1,-1,0.418706893920898
25,1,4,98,-81,81,0,0.602055311203003,1,1,1,1,0.669346570968628
25,1,5,2,-9,9,1,0.767142295837402,-1,-1,-1,-1,0.334521770477295
25,1,5,3,27,27,1,0.667670011520386,-1,1,-1,-1,0.517142295837402
25,1,5,4,27,27,1,0.569525718688965,1,1,1,-1,0.417670011520386
25,1,5,5,81,81,1,0.600980997085571,1,1,1,1,0.319525718688965
25,1,5,6,-0,0,0,0.885645866394043,1,1,1,1,0.350980997085571
25,1,5,7,-0,0,0,0.618656873703003,-1,-1,1,1,0.635645866394043
25,1,5,8,-3,3,0,0.319429874420166,-1,-1,-1,-1,0.368656873703003
25,1,5,9,-9,9,0,0.752129793167114,-1,-1,-1,-1,0.069429874420166
25,1,5,10,-3,3,0,0.750525712966919,-1,-1,-1,-1,0.502129793167114
25,1,5,11,-27,27,0,0.617221117019653,-1,-1,-1,-1,0.500525712966919
25,1,5,12,-0,0,1,0.750486850738525,-1,-1,-1,-1,0.367221117019653
25,1,5,13,-27,27,0,0.968329668045044,-1,1,-1,-1,0.500486850738525
25,1,5,14,-27,27,0,0.650938272476196,-1,-1,1,-1,0.718329668045044
25,1,5,15,-27,27,0,0.518558025360107,-1,-1,-1,-1,0.400938272476196
25,1,5,16,-0,0,0,0.318467855453491,-1,-1,-1,-1,0.268558025360107
25,1,5,17,-27,27,0,0.700982809066772,-1,-1,-1,-1,0.0684678554534912
25,1,5,18,-3,3,0,0.918100357055664,-1,-1,-1,-1,0.450982809066772
25,1,5,19,-81,81,0,0.635702133178711,-1,-1,-1,-1,0.668100357055664
25,1,5,20,9,9,1,0.885769128799438,-1,-1,-1,-1,0.385702133178711
25,1,5,24,81,81,1,0.533810377120972,1,1,1,1,0.33386754989624
25,1,5,25,9,9,1,1.06867051124573,1,1,1,1,0.283810377120972
25,1,5,26,9,9,0,0.952714204788208,1,1,1,1,0.818670511245728
25,1,5,27,9,9,0,0.634372234344482,1,-1,1,1,0.702714204788208
25,1,5,28,27,27,1,0.684495449066162,1,-1,-1,1,0.384372234344482
25,1,5,29,0,0,0,0.469282627105713,1,1,-1,1,0.434495449066162
25,1,5,30,3,3,1,0.501765966415405,1,-1,1,1,0.219282627105713
25,1,5,31,3,3,0,0.817673444747925,1,1,-1,1,0.251765966415405
25,1,5,32,9,9,1,0.751731395721436,1,-1,1,1,0.567673444747925
25,1,5,36,-81,81,0,0.63386607170105,-1,-1,1,1,0.384452104568481
25,1,5,37,-81,81,0,0.984301090240479,-1,-1,-1,-1,0.38386607170105
25,1,5,38,9,9,1,0.852449893951416,-1,-1,-1,-1,0.734301090240479
25,1,5,39,81,81,1,0.468693733215332,1,1,-1,-1,0.602449893951416
25,1,5,40,27,27,1,0.552390575408936,1,1,1,1,0.218693733215332
25,1,5,44,-9,9,1,0.617147207260132,1,-1,1,1,0.651949882507324
25,1,5,45,-9,9,0,0.669064998626709,-1,1,-1,1,0.367147207260132
25,1,5,49,-27,27,0,0.601602554321289,-1,-1,1,1,0.301680088043213
25,1,5,50,-81,81,0,0.834271669387817,-1,-1,-1,-1,0.351602554321289
25,1,5,51,-9,9,0,0.917179107666016,-1,-1,-1,-1,0.584271669387817
25,1,5,55,81,81,1,0.419330596923828,-1,-1,-1,-1,0.336131572723389
25,1,5,56,3,3,0,0.43578052520752,1,1,-1,-1,0.169330596923828
25,1,5,57,-3,3,1,0.901415586471558,1,-1,1,1,0.18578052520752
25,1,5,58,-3,3,0,0.80152416229248,-1,1,-1,1,0.651415586471558
25,1,5,59,-81,81,0,0.533822059631348,-1,-1,1,-1,0.55152416229248
25,1,5,60,-81,81,0,0.65212869644165,-1,-1,-1,-1,0.283822059631348
25,1,5,64,-81,81,0,0.550940990447998,-1,-1,-1,-1,0.317195415496826
25,1,5,65,-3,3,1,1.18439722061157,-1,-1,-1,-1,0.300940990447998
25,1,5,69,3,3,1,0.602181434631348,1,1,1,1,0.334274291992188
25,1,5,70,81,81,1,0.785052299499512,1,1,1,1,0.352181434631348
25,1,5,74,-81,81,0,0.636085510253906,-1,-1,1,-1,0.401057243347168
25,1,5,78,0,0,1,1.05261445045471,1,-1,-1,-1,0.919093132019043
25,1,5,79,-81,81,1,1.30221843719482,1,1,-1,1,0.802614450454712
25,1,5,80,-9,9,0,0.785318613052368,-1,1,1,1,1.05221843719482
25,1,5,81,81,81,1,0.517786264419556,-1,-1,1,-1,0.535318613052368
25,1,5,82,3,3,0,0.73392391204834,1,1,-1,-1,0.267786264419556
25,1,5,86,-27,27,0,0.383812665939331,1,1,-1,-1,0.317148208618164
25,1,5,87,81,81,1,0.602306365966797,-1,-1,1,1,0.133812665939331
25,1,5,91,-3,3,0,0.583832979202271,-1,-1,-1,1,0.417166233062744
25,1,5,92,-3,3,0,0.502686500549316,-1,-1,-1,-1,0.333832979202271
25,1,5,93,-9,9,1,0.367260694503784,-1,-1,-1,-1,0.252686500549316
25,1,5,94,-9,9,0,1.13445854187012,-1,1,-1,-1,0.117260694503784
25,1,5,95,-9,9,0,0.919659852981567,-1,-1,1,-1,0.884458541870117
25,1,5,96,-9,9,0,0.769278287887573,-1,-1,-1,-1,0.669659852981567
25,1,5,97,-81,81,0,0.467760562896729,-1,-1,-1,-1,0.519278287887573
25,1,5,98,-81,81,0,0.534319877624512,-1,-1,-1,-1,0.217760562896729
25,1,5,99,-3,3,0,0.73443603515625,-1,-1,-1,-1,0.284319877624512
25,1,6,2,-81,81,0,0.569165706634521,-1,-1,-1,-1,0.401635408401489
25,1,6,3,81,81,1,0.519266366958618,-1,-1,-1,-1,0.319165706634521
25,1,6,7,-3,3,0,0.785380125045776,1,1,-1,-1,0.268024921417236
25,1,6,8,-27,27,0,0.550547361373901,-1,-1,1,1,0.535380125045776
25,1,6,9,9,9,0,0.786107063293457,-1,-1,-1,-1,0.300547361373901
25,1,6,10,-27,27,0,0.65094256401062,1,-1,-1,-1,0.536107063293457
25,1,6,11,-81,81,0,0.601050853729248,-1,-1,-1,1,0.40094256401062
25,1,6,12,-3,3,0,1.11766886711121,-1,-1,-1,-1,0.351050853729248
25,1,6,13,3,3,0,1.01866364479065,-1,-1,-1,-1,0.867668867111206
25,1,6,14,0,0,1,0.852304220199585,1,-1,-1,-1,0.768663644790649
25,1,6,15,27,27,1,0.48523736000061,1,1,-1,1,0.602304220199585
25,1,6,16,-9,9,0,0.883831024169922,1,1,1,1,0.23523736000061
25,1,6,20,3,3,1,0.850981712341309,1,-1,-1,-1,0.134265899658203
25,1,6,21,27,27,1,0.783812522888184,1,1,-1,1,0.600981712341309
25,1,6,22,0,0,0,0.719330787658691,1,1,1,1,0.533812522888184
25,1,6,23,-0,0,0,1.13600420951843,1,-1,1,1,0.469330787658691
25,1,6,30,81,81,0,1.0685977935791,-1,-1,1,1,0.251075506210327
25,1,6,31,0,0,0,1.01878666877747,1,-1,-1,-1,0.818597793579102
25,1,6,32,81,81,1,0.502356052398682,1,-1,-1,1,0.768786668777466
25,1,6,33,0,0,1,0.669366121292114,1,1,-1,1,0.252356052398682
25,1,6,34,81,81,1,0.735591173171997,1,1,1,1,0.419366121292114
25,1,6,35,81,81,1,0.885879039764404,1,1,1,1,0.485591173171997
25,1,6,36,-27,27,1,1.01766991615295,1,1,1,1,0.635879039764404
25,1,6,37,3,3,0,0.717664003372192,-1,1,1,1,0.767669916152954
25,1,6,38,-3,3,0,0.36934494972229,1,-1,1,-1,0.467664003372192
25,1,6,39,-9,9,0,1.20254039764404,-1,-1,-1,1,0.11934494972229
25,1,6,40,9,9,1,0.985320806503296,-1,-1,-1,-1,0.952540397644043
25,1,6,44,-3,3,0,1.13512706756592,1,-1,-1,-1,1.08534836769104
25,1,6,48,-3,3,0,0.802524089813232,1,1,1,1,0.519112825393677
25,1,6,49,-9,9,1,1.15223407745361,-1,-1,1,1,0.552524089813232
25,1,6,50,81,81,1,0.800984859466553,-1,1,-1,-1,0.902234077453613
25,1,6,51,-81,81,0,0.567931890487671,1,1,1,-1,0.550984859466553
25,1,6,52,-81,81,0,0.652620315551758,-1,-1,1,1,0.317931890487671
25,1,6,53,-27,27,0,0.884858131408691,-1,-1,-1,-1,0.402620315551758
25,1,6,54,-0,0,0,0.617607831954956,-1,-1,-1,-1,0.634858131408691
25,1,6,55,27,27,1,0.602702140808105,-1,-1,-1,-1,0.367607831954956
25,1,6,56,-9,9,0,0.818392038345337,1,1,-1,-1,0.352702140808105
25,1,6,60,-81,81,0,0.567819118499756,1,-1,-1,1,0.350511074066162
25,1,6,61,9,9,1,1.23567986488342,-1,-1,-1,1,0.317819118499756
25,1,6,65,-81,81,0,0.817638158798218,-1,-1,1,1,0.400991201400757
25,1,6,69,-81,81,0,0.550506830215454,1,-1,1,1,0.717164278030396
25,1,6,70,-27,27,0,0.601843357086182,-1,-1,-1,1,0.300506830215454
25,1,6,71,27,27,1,0.350504159927368,-1,-1,-1,-1,0.351843357086182
25,1,6,72,3,3,0,0.78428840637207,1,1,-1,-1,0.100504159927368
25,1,6,73,-3,3,0,0.884282827377319,1,-1,1,1,0.53428840637207
25,1,6,77,-81,81,0,0.584444522857666,1,1,-1,-1,0.467163801193237
25,1,6,78,-3,3,0,0.952246189117432,-1,-1,1,1,0.334444522857666
25,1,6,79,-3,3,0,0.952394247055054,-1,-1,-1,-1,0.702246189117432
25,1,6,80,27,27,1,1.28428173065186,-1,-1,-1,-1,0.702394247055054
25,1,6,84,9,9,0,0.650949954986572,-1,-1,-1,-1,0.368240833282471
25,1,6,85,81,81,1,0.568779945373535,1,-1,-1,-1,0.400949954986572
25,1,6,89,-27,27,0,0.536014080047607,-1,-1,-1,-1,0.368889093399048
25,1,6,90,9,9,1,0.550474166870117,-1,-1,-1,-1,0.286014080047607
25,1,6,91,-9,9,0,0.518681764602661,1,1,-1,-1,0.300474166870117
25,1,6,92,9,9,0,0.635443449020386,-1,-1,1,1,0.268681764602661
25,1,6,93,-3,3,0,0.768138885498047,1,-1,-1,-1,0.385443449020386
25,1,6,94,9,9,1,0.302168130874634,-1,-1,-1,1,0.518138885498047
25,1,6,95,9,9,0,0.71777081489563,1,1,-1,-1,0.0521681308746338
25,1,6,96,-81,81,1,0.719325065612793,1,-1,1,1,0.46777081489563
25,1,6,97,9,9,0,0.83430027961731,-1,1,-1,1,0.469325065612793
25,1,6,98,-9,9,0,0.417639017105103,1,-1,1,-1,0.58430027961731
25,1,6,99,-81,81,0,0.502241134643555,-1,-1,-1,1,0.167639017105103
25,2,1,3,3,3,0,0.885823726654053,1,1,-1,1,0.351506233215332
25,2,1,4,9,9,1,0.852047204971313,1,-1,1,1,0.635823726654053
25,2,1,5,9,9,0,0.784867286682129,1,1,-1,1,0.602047204971313
25,2,1,6,-81,81,0,0.584453105926514,1,-1,1,1,0.534867286682129
25,2,1,7,0,0,0,0.801954507827759,-1,-1,-1,1,0.334453105926514
25,2,1,8,9,9,0,1.28440928459167,1,-1,-1,-1,0.551954507827759
25,2,1,9,9,9,0,1.43447875976562,1,-1,-1,1,1.03440928459167
25,2,1,10,9,9,0,0.968746662139893,1,-1,-1,1,1.18447875976562
25,2,1,11,27,27,1,0.617161750793457,1,-1,-1,1,0.718746662139893
25,2,1,12,9,9,0,0.851131200790405,1,1,-1,1,0.367161750793457
25,2,1,13,81,81,1,0.751869201660156,1,-1,1,1,0.601131200790405
25,2,1,14,27,27,1,0.600526809692383,1,1,-1,1,0.501869201660156
25,2,1,15,81,81,1,0.568133354187012,1,1,1,1,0.350526809692383
25,2,1,16,3,3,1,0.750524282455444,1,1,1,1,0.318133354187012
25,2,1,17,0,0,0,0.517631769180298,1,1,1,1,0.500524282455444
25,2,1,18,0,0,0,0.93609619140625,1,-1,1,1,0.267631769180298
25,2,1,19,3,3,1,0.801267623901367,1,-1,-1,1,0.68609619140625
25,2,1,20,9,9,0,0.71887469291687,1,1,-1,1,0.551267623901367
25,2,1,21,9,9,1,0.685983657836914,1,-1,1,1,0.46887469291687
25,2,1,22,3,3,1,0.701138734817505,1,1,-1,1,0.435983657836914
25,2,1,23,27,27,1,0.550484418869019,1,1,1,1,0.451138734817505
25,2,1,24,0,0,0,0.518224716186523,1,1,1,1,0.300484418869019
25,2,1,25,-27,27,0,0.652123689651489,1,-1,1,1,0.268224716186523
25,2,1,26,-0,0,0,0.617632865905762,-1,-1,-1,1,0.402123689651489
25,2,1,27,-9,9,1,0.736123085021973,-1,-1,-1,-1,0.367632865905762
25,2,1,28,-81,81,0,0.552068471908569,-1,1,-1,-1,0.486123085021973
25,2,1,29,-27,27,0,0.752499103546143,-1,-1,1,-1,0.302068471908569
25,2,1,30,-9,9,1,0.917183876037598,-1,-1,-1,-1,0.502499103546143
25,2,1,31,-3,3,0,0.785134077072144,-1,1,-1,-1,0.667183876037598
25,2,1,32,-9,9,1,0.701122283935547,-1,-1,1,-1,0.535134077072144
25,2,1,33,-81,81,0,0.60097336769104,-1,1,-1,-1,0.451122283935547
25,2,1,34,-27,27,0,0.585798501968384,-1,-1,1,-1,0.35097336769104
25,2,1,35,-9,9,0,0.50048303604126,-1,-1,-1,-1,0.335798501968384
25,2,1,36,-3,3,0,0.768019199371338,-1,-1,-1,-1,0.25048303604126
25,2,1,37,-9,9,1,0.919002294540405,-1,-1,-1,-1,0.518019199371338
25,2,1,38,-81,81,0,0.602108001708984,-1,1,-1,-1,0.669002294540405
25,2,1,39,-81,81,0,0.684321403503418,-1,-1,1,-1,0.352108001708984
25,2,1,40,-81,81,0,0.65283203125,-1,-1,-1,-1,0.434321403503418
25,2,1,41,-27,27,0,0.701017141342163,-1,-1,-1,-1,0.40283203125
25,2,1,42,-27,27,0,0.751366376876831,-1,-1,-1,-1,0.451017141342163
25,2,1,43,3,3,1,0.685601472854614,-1,-1,-1,-1,0.501366376876831
25,2,1,44,0,0,0,0.719083070755005,1,1,-1,-1,0.435601472854614
25,2,1,45,9,9,1,0.536139726638794,1,-1,1,1,0.469083070755005
25,2,1,46,0,0,0,0.667628049850464,1,1,-1,1,0.286139726638794
25,2,1,47,3,3,0,0.88439416885376,1,-1,1,1,0.417628049850464
25,2,1,48,9,9,1,0.667644500732422,1,-1,-1,1,0.63439416885376
25,2,1,49,3,3,0,0.919403314590454,1,1,-1,1,0.417644500732422
25,2,1,50,3,3,0,1.33458471298218,1,-1,1,1,0.669403314590454
25,2,1,51,81,81,1,0.602504968643188,1,-1,-1,1,1.08458471298218
25,2,1,52,-3,3,1,0.718434572219849,1,1,-1,1,0.352504968643188
25,2,1,53,27,27,1,0.635665893554688,-1,1,1,1,0.468434572219849
25,2,1,54,-3,3,1,0.684455633163452,1,1,1,-1,0.385665893554688
25,2,1,55,-27,27,0,0.502400398254395,-1,1,1,1,0.434455633163452
25,2,1,56,-0,0,1,0.851194858551025,-1,-1,1,-1,0.252400398254395
25,2,1,57,-27,27,0,1.03621411323547,-1,1,-1,-1,0.601194858551025
25,2,1,58,-3,3,0,0.983852386474609,-1,-1,1,-1,0.786214113235474
25,2,1,59,-81,81,0,0.618211507797241,-1,-1,-1,-1,0.733852386474609
25,2,1,60,-27,27,0,0.736157178878784,-1,-1,-1,-1,0.368211507797241
25,2,1,61,-9,9,1,0.752606153488159,-1,-1,-1,-1,0.486157178878784
25,2,1,62,-27,27,1,1.0849940776825,-1,1,-1,-1,0.502606153488159
25,2,1,63,-0,0,0,0.502639293670654,-1,1,1,-1,0.834994077682495
25,2,1,64,-81,81,0,0.584528684616089,-1,-1,1,-1,0.252639293670654
25,2,1,65,-81,81,0,0.467693567276001,-1,-1,-1,-1,0.334528684616089
25,2,1,66,-81,81,0,0.602209091186523,-1,-1,-1,-1,0.217693567276001
25,2,1,71,27,27,1,0.619456052780151,1,1,1,1,0.185204744338989
25,2,1,72,0,0,0,0.519365310668945,1,1,1,1,0.369456052780151
25,2,1,73,27,27,1,0.501380443572998,1,-1,1,1,0.269365310668945
25,2,1,74,-27,27,0,0.602157831192017,1,1,-1,1,0.251380443572998
25,2,1,75,81,81,1,0.651978254318237,-1,-1,1,1,0.352157831192017
25,2,1,76,27,27,1,0.685075998306274,1,1,-1,-1,0.401978254318237
25,2,1,77,9,9,1,1.05261921882629,1,1,1,1,0.435075998306274
25,2,1,78,81,81,0,0.733817338943481,1,1,1,1,0.802619218826294
25,2,1,79,3,3,0,0.550491571426392,1,-1,1,1,0.483817338943481
25,2,1,80,-9,9,1,0.617840051651001,1,-1,-1,1,0.300491571426392
25,2,1,81,-3,3,1,0.61884880065918,-1,1,-1,1,0.367840051651001
25,2,1,82,-0,0,0,0.750482320785522,-1,1,1,-1,0.36884880065918
25,2,1,83,-9,9,0,0.584521293640137,-1,-1,1,-1,0.500482320785522
25,2,1,84,27,27,1,0.60230016708374,-1,-1,-1,-1,0.334521293640137
25,2,1,85,27,27,1,0.668959379196167,1,1,-1,-1,0.35230016708374
25,2,1,86,81,81,1,0.902563095092773,1,1,1,1,0.418959379196167
25,2,1,87,3,3,1,0.733836889266968,1,1,1,1,0.652563095092773
25,2,1,88,3,3,0,1.31778120994568,1,1,1,1,0.483836889266968
25,2,1,89,-27,27,1,1.18453335762024,1,-1,1,1,1.06778120994568
25,2,1,90,-81,81,0,1.06939649581909,-1,1,-1,1,0.934533357620239
25,2,1,91,-27,27,0,0.651357173919678,-1,-1,1,-1,0.819396495819092
25,2,1,92,-9,9,0,0.735135316848755,-1,-1,-1,-1,0.401357173919678
25,2,1,93,-81,81,0,0.685672283172607,-1,-1,-1,-1,0.485135316848755
25,2,1,94,-3,3,0,0.850490570068359,-1,-1,-1,-1,0.435672283172607
25,2,1,95,-81,81,0,0.467191219329834,-1,-1,-1,-1,0.600490570068359
25,2,1,96,-81,81,0,0.551069974899292,-1,-1,-1,-1,0.217191219329834
25,2,1,97,9,9,1,1.21773648262024,-1,-1,-1,-1,0.301069974899292
25,2,1,98,3,3,1,0.984363555908203,1,1,-1,-1,0.967736482620239
25,2,2,3,0,0,1,0.719406366348267,-1,1,-1,1,0.450585126876831
25,2,2,4,-0,0,0,0.617628812789917,1,1,1,-1,0.469406366348267
25,2,2,5,0,0,1,0.68386173248291,-1,-1,1,1,0.367628812789917
25,2,2,6,-27,27,0,0.667923212051392,1,1,-1,-1,0.43386173248291
25,2,2,7,3,3,1,0.802007436752319,-1,-1,1,1,0.417923212051392
25,2,2,8,-81,81,0,0.834463834762573,1,1,-1,-1,0.552007436752319
25,2,2,9,0,0,1,1.13598728179932,-1,-1,1,1,0.584463834762573
25,2,2,10,-3,3,0,0.63531231880188,1,1,-1,-1,0.885987281799316
25,2,2,11,3,3,0,0.76761531829834,-1,-1,1,1,0.38531231880188
25,2,2,12,-9,9,1,0.585458040237427,1,-1,-1,-1,0.51761531829834
25,2,2,13,-3,3,1,0.735808849334717,-1,1,-1,1,0.335458040237427
25,2,2,14,-27,27,0,0.90101146697998,-1,1,1,-1,0.485808849334717
25,2,2,15,81,81,1,0.73430323600769,-1,-1,1,-1,0.65101146697998
25,2,2,16,3,3,1,1.00258493423462,1,1,-1,-1,0.48430323600769
25,2,2,17,-3,3,1,0.667634963989258,1,1,1,1,0.752584934234619
25,2,2,18,3,3,0,0.734288930892944,-1,1,1,1,0.417634963989258
25,2,2,19,-0,0,1,0.617691278457642,1,-1,1,-1,0.484288930892944
25,2,2,20,3,3,1,0.718088626861572,-1,1,-1,1,0.367691278457642
25,2,2,21,-27,27,0,0.868979215621948,1,1,1,-1,0.468088626861572
25,2,2,22,81,81,1,0.602274179458618,-1,-1,1,1,0.618979215621948
25,2,2,23,-27,27,0,0.7193443775177,1,1,-1,-1,0.352274179458618
25,2,2,30,81,81,1,0.551284551620483,-1,-1,1,1,0.385335206985474
25,2,2,34,0,0,1,0.502727031707764,-1,-1,1,1,0.500532150268555
25,2,2,35,-9,9,0,1.48554062843323,1,1,-1,-1,0.252727031707764
25,2,2,36,27,27,1,0.45213770866394,-1,-1,1,1,1.23554062843323
25,2,2,37,-3,3,1,0.618795394897461,1,1,-1,-1,0.20213770866394
25,2,2,38,3,3,1,0.901868343353271,-1,1,1,1,0.368795394897461
25,2,2,39,-81,81,0,1.26765394210815,1,1,1,-1,0.651868343353271
25,2,2,40,27,27,1,0.534549474716187,-1,-1,1,1,1.01765394210815
25,2,2,45,3,3,0,0.81877613067627,-1,1,1,1,0.134352445602417
25,2,2,46,-9,9,1,0.835883140563965,1,-1,1,-1,0.56877613067627
25,2,2,47,-3,3,1,0.750986337661743,-1,1,-1,1,0.585883140563965
25,2,2,48,0,0,0,1.25245404243469,-1,1,1,-1,0.500986337661743
25,2,2,49,0,0,0,0.417626619338989,1,-1,1,-1,1.00245404243469
25,2,2,50,-81,81,0,0.984272003173828,1,-1,-1,1,0.167626619338989
25,2,2,51,27,27,1,0.651297330856323,-1,-1,-1,1,0.734272003173828
25,2,2,52,-3,3,0,1.23430013656616,1,1,-1,-1,0.401297330856323
25,2,2,53,81,81,1,0.618425130844116,-1,-1,1,1,0.984300136566162
25,2,2,54,-81,81,0,0.55227518081665,1,1,-1,-1,0.368425130844116
25,2,2,58,81,81,1,0.834471702575684,1,1,-1,-1,0.0848255157470703
25,2,2,65,-81,81,0,0.786166191101074,1,1,-1,-1,0.284288167953491
25,2,2,66,27,27,1,0.834295511245728,-1,-1,1,1,0.536166191101074
25,2,2,67,-3,3,0,0.719192981719971,1,1,-1,-1,0.584295511245728
25,2,2,68,9,9,1,0.702150106430054,-1,-1,1,1,0.469192981719971
25,2,2,69,81,81,0,0.718834161758423,1,1,-1,-1,0.452150106430054
25,2,2,70,-81,81,0,1.21905016899109,1,-1,1,1,0.468834161758423
25,2,2,74,27,27,1,1.10142993927002,-1,1,1,1,0.650963068008423
25,2,2,78,0,0,1,0.484589099884033,-1,-1,-1,1,0.251030921936035
25,2,2,82,9,9,1,0.650995492935181,-1,-1,1,1,0.486110210418701
25,2,2,83,-9,9,0,1.20269823074341,1,1,-1,-1,0.400995492935181
25,2,2,84,27,27,0,1.21836400032043,-1,-1,1,1,0.952698230743408
25,2,2,88,0,0,0,0.567792177200317,-1,-1,1,1,0.350974321365356
25,2,2,89,-9,9,1,0.817147970199585,1,-1,-1,-1,0.317792177200317
25,2,2,90,9,9,0,1.31945776939392,-1,1,-1,1,0.567147970199585
25,2,2,91,-9,9,1,0.835901975631714,1,-1,1,-1,1.06945776939392
25,2,2,95,-3,3,0,0.586068153381348,1,1,-1,-1,0.333878517150879
25,2,2,96,81,81,1,0.585210084915161,-1,-1,1,1,0.336068153381348
25,2,2,97,3,3,1,1.15230631828308,1,1,-1,-1,0.335210084915161
25,2,2,98,-9,9,1,0.36920428276062,1,1,1,1,0.902306318283081
25,2,3,2,9,9,0,0.685662746429443,-1,-1,1,1,0.468873977661133
25,2,3,3,9,9,0,0.684766054153442,1,-1,-1,-1,0.435662746429443
25,2,3,4,-3,3,1,0.934317827224731,1,-1,-1,1,0.434766054153442
25,2,3,5,9,9,1,0.669047355651855,-1,1,-1,1,0.684317827224731
25,2,3,6,-9,9,0,0.667689561843872,1,1,1,-1,0.419047355651855
25,2,3,7,0,0,1,0.568425416946411,-1,-1,1,1,0.417689561843872
25,2,3,8,-81,81,0,0.669171094894409,1,1,-1,-1,0.318425416946411
25,2,3,9,27,27,1,0.301439046859741,-1,-1,1,1,0.419171094894409
25,2,3,10,-81,81,0,0.867220401763916,1,1,-1,-1,0.0514390468597412
25,2,3,11,81,81,1,0.568372488021851,-1,-1,1,1,0.617220401763916
25,2,3,12,-81,81,0,0.518835306167603,1,1,-1,-1,0.318372488021851
25,2,3,13,0,0,0,0.667176246643066,-1,-1,1,1,0.268835306167603
25,2,3,14,-0,0,0,0.734838724136353,1,-1,-1,-1,0.417176246643066
25,2,3,15,-9,9,0,0.719837665557861,-1,-1,-1,1,0.484838724136353
25,2,3,16,27,27,1,0.617290735244751,-1,-1,-1,-1,0.469837665557861
25,2,3,17,-9,9,0,0.585702657699585,1,1,-1,-1,0.367290735244751
25,2,3,18,0,0,1,1.16886281967163,-1,-1,1,1,0.335702657699585
25,2,3,19,0,0,0,0.800971269607544,1,1,-1,-1,0.918862819671631
25,2,3,20,-0,0,1,0.817800283432007,1,-1,1,1,0.550971269607544
25,2,3,21,81,81,1,0.75114893913269,-1,1,-1,1,0.567800283432007
25,2,3,22,-81,81,0,0.55189037322998,1,1,1,-1,0.50114893913269
25,2,3,23,81,81,1,0.71785569190979,-1,-1,1,1,0.30189037322998
25,2,3,24,0,0,0,0.80051589012146,1,1,-1,-1,0.46785569190979
25,2,3,25,9,9,0,0.717642784118652,1,-1,1,1,0.55051589012146
25,2,3,26,0,0,1,0.633851766586304,1,-1,-1,1,0.467642784118652
25,2,3,27,-81,81,0,0.517193794250488,1,1,-1,1,0.383851766586304
25,2,3,28,9,9,0,1.11914277076721,-1,-1,1,1,0.267193794250488
25,2,3,29,-9,9,0,0.734286308288574,1,-1,-1,-1,0.869142770767212
25,2,3,30,9,9,1,0.502874851226807,-1,-1,-1,1,0.484286308288574
25,2,3,31,-3,3,1,0.534289836883545,1,1,-1,-1,0.252874851226807
25,2,3,32,81,81,1,0.634325504302979,-1,1,1,1,0.284289836883545
25,2,3,33,9,9,0,1.35050225257874,1,1,1,-1,0.384325504302979
25,2,3,37,27,27,1,0.60097861289978,-1,-1,-1,1,0.267138242721558
25,2,3,38,27,27,1,0.802512407302856,1,1,-1,-1,0.35097861289978
25,2,3,39,-27,27,0,0.600529909133911,1,1,1,1,0.552512407302856
25,2,3,40,81,81,1,0.767799139022827,-1,-1,1,1,0.350529909133911
25,2,3,41,-27,27,0,0.851744174957275,1,1,-1,-1,0.517799139022827
25,2,3,42,9,9,1,0.834456205368042,-1,-1,1,1,0.601744174957275
25,2,3,43,-27,27,0,0.584787368774414,1,1,-1,-1,0.584456205368042
25,2,3,44,27,27,1,0.551290988922119,-1,-1,1,1,0.334787368774414
25,2,3,45,-81,81,0,0.633840322494507,1,1,-1,-1,0.301290988922119
25,2,3,46,27,27,1,0.669265508651733,-1,-1,1,1,0.383840322494507
25,2,3,47,81,81,1,0.668917179107666,1,1,-1,-1,0.419265508651733
25,2,3,48,-81,81,0,0.66720986366272,1,1,1,1,0.418917179107666
25,2,3,49,-3,3,1,0.801031827926636,-1,-1,1,1,0.41720986366272
25,2,3,56,-3,3,0,1.20243906974792,-1,-1,1,1,0.835201025009155
25,2,3,57,81,81,1,0.702633142471313,-1,-1,-1,-1,0.952439069747925
25,2,3,58,-3,3,0,0.635333776473999,1,1,-1,-1,0.452633142471313
25,2,3,59,-3,3,1,0.686032056808472,-1,-1,1,1,0.385333776473999
25,2,3,60,27,27,1,0.535466194152832,-1,1,-1,-1,0.436032056808472
25,2,3,61,-27,27,0,0.550529479980469,1,1,1,-1,0.285466194152832
25,2,3,62,3,3,0,1.48525834083557,-1,-1,1,1,0.300529479980469
25,2,3,63,27,27,1,1.01715326309204,1,-1,-1,-1,1.23525834083557
25,2,3,64,-9,9,0,0.486118793487549,1,1,-1,1,0.767153263092041
25,2,3,65,81,81,1,0.686229228973389,-1,-1,1,1,0.236118793487549
25,2,3,66,-9,9,0,0.835729360580444,1,1,-1,-1,0.436229228973389
25,2,3,70,3,3,0,0.634280920028687,-1,-1,-1,-1,0.28595495223999
25,2,3,71,3,3,1,0.969452619552612,1,-1,-1,-1,0.384280920028687
25,2,3,72,-3,3,0,0.901021957397461,1,1,-1,1,0.719452619552612
25,2,3,79,-9,9,0,0.667195320129395,1,1,1,1,0.484477281570435
25,2,3,83,-3,3,0,0.568824291229248,1,1,-1,-1,0.300490617752075
25,2,3,84,27,27,1,0.852687835693359,-1,-1,1,1,0.318824291229248
25,2,3,88,81,81,1,0.651143074035645,-1,-1,1,1,0.417257308959961
25,2,3,89,-3,3,0,0.702584743499756,1,1,-1,-1,0.401143074035645
25,2,3,90,81,81,1,0.634342193603516,-1,-1,1,1,0.452584743499756
25,2,3,97,-81,81,0,0.733923196792603,-1,1,-1,-1,0.602099180221558
25,2,3,98,0,0,0,0.634429931640625,-1,-1,1,-1,0.483923196792603
25,2,3,99,3,3,1,1.15049529075623,1,-1,-1,-1,0.384429931640625
25,2,4,3,9,9,1,0.601036548614502,-1,-1,-1,1,0.117601871490479
25,2,4,4,-0,0,0,0.501931428909302,1,1,-1,-1,0.351036548614502
25,2,4,5,81,81,1,0.53589129447937,-1,-1,1,1,0.251931428909302
25,2,4,6,0,0,0,0.369307518005371,1,1,-1,-1,0.28589129447937
25,2,4,7,3,3,0,1.11958050727844,1,-1,1,1,0.119307518005371
25,2,4,8,-27,27,0,0.43577766418457,1,-1,-1,1,0.869580507278442
25,2,4,9,-3,3,0,0.685588359832764,-1,-1,-1,1,0.18577766418457
25,2,4,10,3,3,0,0.501125574111938,-1,-1,-1,-1,0.435588359832764
25,2,4,11,-3,3,0,0.536027908325195,1,-1,-1,-1,0.251125574111938
25,2,4,12,81,81,1,0.551656007766724,-1,-1,-1,1,0.286027908325195
25,2,4,13,9,9,1,0.600977420806885,1,1,-1,-1,0.301656007766724
25,2,4,14,9,9,0,0.485795497894287,1,1,1,1,0.350977420806885
25,2,4,15,-9,9,1,0.934277057647705,1,-1,1,1,0.235795497894287
25,2,4,16,-9,9,0,0.367804050445557,-1,1,-1,1,0.684277057647705
25,2,4,17,-0,0,0,0.383883476257324,-1,-1,1,-1,0.117804050445557
25,2,4,18,-81,81,0,0.468616008758545,-1,-1,-1,-1,0.133883476257324
25,2,4,19,-9,9,0,1.01908421516418,-1,-1,-1,-1,0.218616008758545
25,2,4,20,-27,27,0,0.618988513946533,-1,-1,-1,-1,0.769084215164185
25,2,4,21,27,27,1,0.600532531738281,-1,-1,-1,-1,0.368988513946533
25,2,4,22,-0,0,0,1.00095319747925,1,1,-1,-1,0.350532531738281
25,2,4,23,27,27,0,1.15048241615295,-1,-1,1,1,0.750953197479248
25,2,4,24,3,3,1,0.667169332504272,1,-1,-1,-1,0.900482416152954
25,2,4,25,-3,3,1,0.63427734375,1,1,-1,1,0.417169332504272
25,2,4,26,81,81,1,0.601692676544189,-1,1,1,1,0.38427734375
25,2,4,27,-81,81,0,0.569373369216919,1,1,1,-1,0.351692676544189
25,2,4,28,-3,3,0,0.650630712509155,-1,-1,1,1,0.319373369216919
25,2,4,29,9,9,1,0.5855712890625,-1,-1,-1,-1,0.400630712509155
25,2,4,30,-9,9,0,0.535952568054199,1,1,-1,-1,0.3355712890625
25,2,4,34,3,3,1,0.769302129745483,-1,-1,1,1,0.352422714233398
25,2,4,35,-3,3,0,0.751813888549805,1,1,-1,-1,0.519302129745483
25,2,4,36,0,0,1,0.852747440338135,-1,-1,1,1,0.501813888549805
25,2,4,37,-0,0,0,1.10097622871399,1,1,-1,-1,0.602747440338135
25,2,4,38,0,0,1,0.968224287033081,-1,-1,1,1,0.850976228713989
25,2,4,39,-27,27,0,0.885700225830078,1,1,-1,-1,0.718224287033081
25,2,4,46,-27,27,0,0.55178689956665,1,1,1,1,0.550549268722534
25,2,4,47,-9,9,0,0.685271263122559,-1,-1,1,1,0.30178689956665
25,2,4,48,3,3,0,1.4011390209198,-1,-1,-1,-1,0.435271263122559
25,2,4,54,-3,3,0,0.700974225997925,-1,-1,-1,1,0.252544403076172
25,2,4,55,81,81,1,0.534303188323975,-1,-1,-1,-1,0.450974225997925
25,2,4,56,9,9,1,0.835010051727295,1,1,-1,-1,0.284303188323975
25,2,4,57,-27,27,0,1.1847665309906,1,1,1,1,0.585010051727295
25,2,4,58,27,27,0,1.03598499298096,-1,-1,1,1,0.934766530990601
25,2,4,59,-27,27,0,0.500983953475952,1,-1,-1,-1,0.785984992980957
25,2,4,60,0,0,0,0.735525846481323,-1,-1,-1,1,0.250983953475952
25,2,4,61,9,9,1,0.602081298828125,1,-1,-1,-1,0.485525846481323
25,2,4,62,9,9,0,0.71896505355835,1,1,-1,1,0.352081298828125
25,2,4,66,81,81,1,0.384569644927979,-1,-1,-1,-1,0.25206446647644
25,2,4,67,0,0,0,0.83429741859436,1,1,-1,-1,0.134569644927979
25,2,4,68,81,81,1,1.10230088233948,1,-1,1,1,0.58429741859436
25,2,4,69,-9,9,1,0.984445571899414,1,1,-1,1,0.852300882339478
25,2,4,70,-27,27,0,0.435837030410767,-1,1,1,1,0.734445571899414
25,2,4,74,-27,27,0,1.45101022720337,1,1,1,1,0.5682053565979
25,2,4,75,-3,3,1,0.85116720199585,-1,-1,1,1,1.20101022720337
25,2,4,82,-9,9,1,0.650937080383301,1,1,-1,-1,0.417611122131348
25,2,4,88,3,3,1,0.534548282623291,-1,-1,1,1,0.467184066772461
25,2,4,89,3,3,1,0.836215257644653,1,1,-1,-1,0.284548282623291
25,2,4,90,-27,27,1,1.26826214790344,1,1,1,1,0.586215257644653
25,2,4,91,-27,27,0,0.783870697021484,-1,1,1,1,1.01826214790344
25,2,4,92,-81,81,0,0.534449338912964,-1,-1,1,-1,0.533870697021484
25,2,4,98,-3,3,0,0.70049262046814,1,-1,1,-1,0.284282207489014
25,2,5,3,0,0,0,0.700954675674438,-1,-1,1,1,1.00058388710022
25,2,5,4,27,27,1,0.535800933837891,1,-1,-1,-1,0.450954675674438
25,2,5,5,9,9,0,0.735934734344482,1,1,-1,1,0.285800933837891
25,2,5,6,0,0,1,0.869425058364868,1,-1,1,1,0.485934734344482
25,2,5,7,0,0,0,0.617213487625122,1,1,-1,1,0.619425058364868
25,2,5,8,0,0,0,0.502284526824951,1,-1,1,1,0.367213487625122
25,2,5,9,-27,27,1,0.884324312210083,1,-1,-1,1,0.252284526824951
25,2,5,10,-81,81,0,0.886069774627686,-1,1,-1,1,0.634324312210083
25,2,5,11,-3,3,0,0.802736043930054,-1,-1,1,-1,0.636069774627686
25,2,5,12,81,81,1,0.750982284545898,-1,-1,-1,-1,0.552736043930054
25,2,5,13,27,27,1,1.33655023574829,1,1,-1,-1,0.500982284545898
25,2,5,14,-81,81,0,1.08603286743164,1,1,1,1,1.08655023574829
25,2,5,15,-9,9,1,0.486205816268921,-1,-1,1,1,0.836032867431641
25,2,5,16,-3,3,0,1.45049476623535,-1,1,-1,-1,0.236205816268921
25,2,5,17,9,9,1,0.617743730545044,-1,-1,1,-1,1.20049476623535
25,2,5,18,-81,81,0,0.80050253868103,1,1,-1,-1,0.367743730545044
25,2,5,19,-3,3,1,0.685303449630737,-1,-1,1,1,0.55050253868103
25,2,5,20,-3,3,0,0.802771329879761,-1,1,-1,-1,0.435303449630737
25,2,5,24,-27,27,0,0.751208543777466,-1,1,-1,-1,0.518956661224365
25,2,5,25,-27,27,0,1.10251402854919,-1,-1,1,-1,0.501208543777466
25,2,5,30,-27,27,0,0.567750215530396,-1,-1,1,1,0.518281698226929
25,2,5,34,-9,9,0,0.519142866134644,1,1,1,1,0.285765171051025
25,2,5,35,-9,9,0,0.851006984710693,-1,-1,1,1,0.269142866134644
25,2,5,41,-9,9,0,0.500999927520752,-1,1,1,1,0.350598573684692
25,2,5,42,3,3,1,0.969393730163574,-1,-1,1,-1,0.250999927520752
25,2,5,43,3,3,0,1.01761889457703,1,1,-1,-1,0.719393730163574
25,2,5,44,-9,9,1,0.600540161132812,1,-1,1,1,0.767618894577026
25,2,5,58,-27,27,0,0.285200834274292,-1,-1,1,1,0.319367170333862
25,2,5,59,-81,81,0,0.551000118255615,-1,-1,-1,-1,0.035200834274292
25,2,5,60,-3,3,1,0.735740423202515,-1,-1,-1,-1,0.301000118255615
25,2,5,61,-81,81,0,0.919287443161011,-1,1,-1,-1,0.485740423202515
25,2,5,70,9,9,1,0.583867788314819,1,-1,1,1,0.419206380844116
25,2,5,71,27,27,0,1.45100808143616,1,1,-1,1,0.333867788314819
25,2,5,72,27,27,1,0.535626888275146,1,-1,1,1,1.20100808143616
25,2,5,73,-27,27,0,0.501010894775391,1,1,-1,1,0.285626888275146
25,2,5,74,-81,81,0,0.484358549118042,-1,-1,1,1,0.251010894775391
25,2,5,78,3,3,0,0.617250919342041,1,-1,1,-1,0.0843315124511719
25,2,5,79,27,27,1,0.384685277938843,1,-1,-1,1,0.367250919342041
25,2,5,80,-27,27,0,0.369086027145386,1,1,-1,1,0.134685277938843
25,2,5,81,-81,81,0,0.517670154571533,-1,-1,1,1,0.119086027145386
25,2,5,88,9,9,1,0.652405261993408,1,1,-1,-1,0.569133281707764
25,2,5,89,3,3,0,0.651012659072876,1,1,1,1,0.402405261993408
25,2,5,90,27,27,1,0.585348606109619,1,-1,1,1,0.401012659072876
25,2,5,94,81,81,1,0.96716833114624,-1,-1,-1,-1,0.236097812652588
25,2,5,95,9,9,1,0.752963542938232,1,1,-1,-1,0.71716833114624
25,2,5,96,-0,0,1,1.35161137580872,1,1,1,1,0.502963542938232
25,2,5,97,-9,9,0,0.700493097305298,-1,1,1,1,1.10161137580872
25,2,5,98,-3,3,0,0.917697668075562,-1,-1,1,-1,0.450493097305298
25,2,6,2,27,27,1,0.734312295913696,-1,-1,-1,1,0.301458120346069
25,2,6,3,27,27,1,0.368898868560791,1,1,-1,-1,0.484312295913696
25,2,6,4,81,81,1,0.650956153869629,1,1,1,1,0.118898868560791
25,2,6,5,81,81,1,0.635281562805176,1,1,1,1,0.400956153869629
25,2,6,6,-3,3,0,0.719293832778931,1,1,1,1,0.385281562805176
25,2,6,7,81,81,1,0.533843040466309,-1,-1,1,1,0.469293832778931
25,2,6,8,-27,27,0,0.634366989135742,1,1,-1,-1,0.283843040466309
25,2,6,12,-9,9,0,0.652329444885254,-1,-1,1,1,0.135929346084595
25,2,6,13,-3,3,1,0.667643547058105,-1,-1,-1,-1,0.402329444885254
25,2,6,14,0,0,0,0.835489511489868,-1,1,-1,-1,0.417643547058105
25,2,6,15,-9,9,0,0.550496339797974,1,-1,1,-1,0.585489511489868
25,2,6,16,9,9,0,0.483808517456055,-1,-1,-1,1,0.300496339797974
25,2,6,17,-0,0,1,0.750651121139526,1,-1,-1,-1,0.233808517456055
25,2,6,18,3,3,0,0.650980234146118,-1,1,-1,1,0.500651121139526
25,2,6,19,0,0,1,0.384265899658203,1,-1,1,-1,0.400980234146118
25,2,6,20,-81,81,0,0.484880208969116,1,1,-1,1,0.134265899658203
25,2,6,21,27,27,1,0.669253349304199,-1,-1,1,1,0.234880208969116
25,2,6,22,9,9,1,0.569150686264038,1,1,-1,-1,0.419253349304199
25,2,6,23,27,27,1,0.686011552810669,1,1,1,1,0.319150686264038
25,2,6,24,-81,81,0,0.534828901290894,1,1,1,1,0.436011552810669
25,2,6,25,9,9,1,0.617606639862061,-1,-1,1,1,0.284828901290894
25,2,6,26,-81,81,0,0.600983381271362,1,1,-1,-1,0.367606639862061
25,2,6,27,3,3,1,0.334281921386719,-1,-1,1,1,0.350983381271362
25,2,6,31,81,81,1,0.317642211914062,-1,-1,1,1,0.467658758163452
25,2,6,32,81,81,1,0.518728017807007,1,1,-1,-1,0.0676422119140625
25,2,6,33,9,9,0,0.968242168426514,1,1,1,1,0.268728017807007
25,2,6,34,-27,27,1,0.869400262832642,1,-1,1,1,0.718242168426514
25,2,6,35,3,3,0,0.951956033706665,-1,1,-1,1,0.619400262832642
25,2,6,36,81,81,0,1.20263624191284,1,-1,1,-1,0.701956033706665
25,2,6,37,-81,81,1,0.752579689025879,1,-1,-1,1,0.952636241912842
25,2,6,38,81,81,1,0.617712020874023,-1,1,-1,1,0.502579689025879
25,2,6,39,-81,81,0,0.501989364624023,1,1,1,-1,0.367712020874023
25,2,6,40,-3,3,0,0.617759227752686,-1,-1,1,1,0.251989364624023
25,2,6,41,9,9,0,0.650952816009521,-1,-1,-1,-1,0.367759227752686
25,2,6,42,-9,9,1,0.785272121429443,1,-1,-1,-1,0.400952816009521
25,2,6,43,0,0,0,0.586060047149658,-1,1,-1,1,0.535272121429443
25,2,6,44,-3,3,0,0.401066064834595,1,-1,1,-1,0.336060047149658
25,2,6,45,9,9,1,0.551141023635864,-1,-1,-1,1,0.151066064834595
25,2,6,46,-9,9,0,0.435980319976807,1,1,-1,-1,0.301141023635864
25,2,6,47,-9,9,0,0.783823013305664,-1,-1,1,1,0.185980319976807
25,2,6,48,-9,9,0,0.568148136138916,-1,-1,-1,-1,0.533823013305664
25,2,6,49,0,0,1,0.702065467834473,-1,-1,-1,-1,0.318148136138916
25,2,6,50,-9,9,1,0.718685865402222,1,1,-1,-1,0.452065467834473
25,2,6,51,27,27,1,0.752365350723267,-1,1,1,1,0.468685865402222
25,2,6,52,27,27,1,0.75094199180603,1,1,1,-1,0.502365350723267
25,2,6,53,9,9,0,1.20240950584412,1,1,1,1,0.50094199180603
25,2,6,54,3,3,1,0.5505051612854,1,-1,1,1,0.952409505844116
25,2,6,55,-0,0,0,0.550498485565186,1,1,-1,1,0.3005051612854
25,2,6,56,-27,27,0,0.551103115081787,-1,-1,1,1,0.300498485565186
25,2,6,57,27,27,1,0.434373140335083,-1,-1,-1,-1,0.301103115081787
25,2,6,58,-3,3,0,0.717670440673828,1,1,-1,-1,0.184373140335083
25,2,6,59,3,3,1,0.700941801071167,-1,-1,1,1,0.467670440673828
25,2,6,60,27,27,0,0.634329080581665,1,1,-1,-1,0.450941801071167
25,2,6,61,-3,3,1,0.80232310295105,1,-1,1,1,0.384329080581665
25,2,6,65,-27,27,0,0.519355297088623,-1,-1,1,-1,0.335769891738892
25,2,6,66,-81,81,0,0.5525803565979,-1,-1,-1,-1,0.269355297088623
25,2,6,67,81,81,1,0.534496545791626,-1,-1,-1,-1,0.3025803565979
25,2,6,68,-3,3,1,0.585466146469116,1,1,-1,-1,0.284496545791626
25,2,6,69,0,0,0,0.784271955490112,-1,1,1,1,0.335466146469116
25,2,6,70,27,27,1,0.50139045715332,1,-1,1,-1,0.534271955490112
25,2,6,71,81,81,1,0.634373188018799,1,1,-1,1,0.25139045715332
25,2,6,72,-9,9,1,1.20190811157227,1,1,1,1,0.384373188018799
25,2,6,73,27,27,1,0.551390886306763,-1,1,1,1,0.951908111572266
25,2,6,74,-3,3,0,0.569112062454224,1,1,1,-1,0.301390886306763
25,2,6,75,-27,27,1,1.15183401107788,-1,-1,1,1,0.319112062454224
25,2,6,76,3,3,0,0.733851909637451,-1,1,-1,-1,0.901834011077881
25,2,6,77,0,0,1,0.669083118438721,1,-1,1,-1,0.483851909637451
25,2,6,78,81,81,1,0.517183303833008,1,1,-1,1,0.419083118438721
25,2,6,79,3,3,1,1.28581833839417,1,1,1,1,0.267183303833008
25,2,6,83,-3,3,0,0.61885929107666,-1,-1,-1,-1,0.583810806274414
25,2,6,84,27,27,0,0.685448169708252,-1,-1,-1,-1,0.36885929107666
25,2,6,85,-3,3,0,1.21850609779358,1,-1,-1,-1,0.435448169708252
25,2,6,86,9,9,1,0.717755079269409,-1,-1,-1,1,0.968506097793579
25,2,6,90,-81,81,0,0.583858966827393,-1,-1,1,1,0.184850931167603
25,2,6,94,81,81,1,0.486227750778198,-1,1,-1,-1,0.169086217880249
25,2,6,95,0,0,0,0.601828098297119,1,1,1,-1,0.236227750778198
25,2,6,96,-9,9,0,0.668923854827881,1,-1,1,1,0.351828098297119
25,2,6,97,3,3,0,0.850498914718628,-1,-1,-1,1,0.418923854827881
25,2,6,98,-27,27,1,0.750980138778687,1,-1,-1,-1,0.600498914718628
25,2,6,99,3,3,0,0.385764360427856,-1,1,-1,1,0.500980138778687
25,3,1,2,3,3,1,0.667799949645996,1,1,-1,1,0.950711250305176
25,3,1,3,-27,27,0,0.518218040466309,1,1,1,1,0.417799949645996
25,3,1,4,9,9,1,0.667856216430664,-1,-1,1,1,0.268218040466309
25,3,1,5,9,9,0,0.650492906570435,1,1,-1,-1,0.417856216430664
25,3,1,6,-3,3,0,0.601125240325928,1,-1,1,1,0.400492906570435
25,3,1,7,-81,81,0,0.550561428070068,-1,-1,-1,1,0.351125240325928
25,3,1,8,-3,3,0,0.567209482192993,-1,-1,-1,-1,0.300561428070068
25,3,1,9,-9,9,1,0.751341104507446,-1,-1,-1,-1,0.317209482192993
25,3,1,10,-9,9,1,0.633861303329468,-1,1,-1,-1,0.501341104507446
25,3,1,11,-3,3,0,0.768072605133057,-1,1,1,-1,0.383861303329468
25,3,1,12,27,27,1,0.601151943206787,-1,-1,1,-1,0.518072605133057
25,3,1,13,27,27,1,0.384497880935669,1,1,-1,-1,0.351151943206787
25,3,1,14,81,81,1,0.467151403427124,1,1,1,1,0.134497880935669
25,3,1,15,-0,0,1,0.533867597579956,1,1,1,1,0.217151403427124
25,3,1,16,-3,3,1,0.78387188911438,-1,1,1,1,0.283867597579956
25,3,1,17,-0,0,1,0.733810424804688,-1,1,1,-1,0.53387188911438
25,3,1,18,-0,0,0,0.683833122253418,-1,1,1,-1,0.483810424804688
25,3,1,19,-81,81,0,0.551600217819214,-1,-1,1,-1,0.433833122253418
25,3,1,20,-27,27,0,0.550512313842773,-1,-1,-1,-1,0.301600217819214
25,3,1,21,9,9,1,0.717824220657349,-1,-1,-1,-1,0.300512313842773
25,3,1,22,81,81,1,0.434357643127441,1,1,-1,-1,0.467824220657349
25,3,1,23,9,9,1,0.567157983779907,1,1,1,1,0.184357643127441
25,3,1,24,9,9,1,0.683817386627197,1,1,1,1,0.317157983779907
25,3,1,28,-81,81,0,0.51782751083374,-1,1,1,-1,0.401584386825562
25,3,1,29,-9,9,0,0.700491189956665,-1,-1,1,-1,0.26782751083374
25,3,1,30,-3,3,1,0.617155313491821,-1,-1,-1,-1,0.450491189956665
25,3,1,31,-81,81,0,0.617785453796387,-1,1,-1,-1,0.367155313491821
25,3,1,32,-9,9,1,0.800530195236206,-1,-1,1,-1,0.367785453796387
25,3,1,33,-9,9,0,0.751149415969849,-1,1,-1,-1,0.550530195236206
25,3,1,34,-81,81,0,0.583837509155273,-1,-1,1,-1,0.501149415969849
25,3,1,35,-3,3,1,0.584293127059937,-1,-1,-1,-1,0.333837509155273
25,3,1,36,-3,3,0,1.33388113975525,-1,1,-1,-1,0.334293127059937
25,3,1,37,-27,27,0,0.583899259567261,-1,-1,1,-1,1.08388113975525
25,3,1,38,-81,81,0,0.567157983779907,-1,-1,-1,-1,0.333899259567261
25,3,1,39,-0,0,1,0.567666292190552,-1,-1,-1,-1,0.317157983779907
25,3,1,40,-9,9,1,0.7505202293396,-1,1,-1,-1,0.317666292190552
25,3,1,41,-81,81,0,0.550566434860229,-1,1,1,-1,0.5005202293396
25,3,1,42,-0,0,1,0.800498962402344,-1,-1,1,-1,0.300566434860229
25,3,1,43,27,27,1,0.601179122924805,-1,1,-1,-1,0.550498962402344
25,3,1,44,81,81,1,0.383874654769897,1,1,1,-1,0.351179122924805
25,3,1,45,0,0,1,1.46783947944641,1,1,1,1,0.133874654769897
25,3,1,46,9,9,0,0.717157602310181,1,1,1,1,1.21783947944641
25,3,1,47,81,81,1,0.567845106124878,1,-1,1,1,0.467157602310181
25,3,1,51,3,3,1,0.717199563980103,1,1,-1,1,0.383851289749146
25,3,1,52,3,3,1,1.4844856262207,1,1,1,1,0.467199563980103
25,3,1,53,-27,27,0,0.601083755493164,1,1,1,1,1.2344856262207
25,3,1,54,-3,3,0,0.717227458953857,-1,-1,1,1,0.351083755493164
25,3,1,55,-27,27,0,0.967724323272705,-1,-1,-1,-1,0.467227458953857
25,3,1,56,3,3,1,0.517162799835205,-1,-1,-1,-1,0.717724323272705
25,3,1,57,81,81,1,0.600938320159912,1,1,-1,-1,0.267162799835205
25,3,1,58,-27,27,0,0.933869600296021,1,1,1,1,0.350938320159912
25,3,1,59,-81,81,0,0.517196416854858,-1,-1,1,1,0.683869600296021
25,3,1,60,27,27,1,0.785097122192383,-1,-1,-1,-1,0.267196416854858
25,3,1,61,27,27,1,0.650965452194214,1,1,-1,-1,0.535097122192383
25,3,1,62,3,3,1,1.00056314468384,1,1,1,1,0.400965452194214
25,3,1,63,3,3,0,0.667962074279785,1,1,1,1,0.750563144683838
25,3,1,64,27,27,0,0.801142454147339,1,-1,1,1,0.417962074279785
25,3,1,65,0,0,1,0.684493780136108,1,-1,-1,1,0.551142454147339
25,3,1,66,27,27,0,0.517853498458862,1,1,-1,1,0.434493780136108
25,3,1,67,0,0,0,0.767778635025024,1,-1,1,1,0.267853498458862
25,3,1,68,27,27,0,0.55054235458374,1,-1,-1,1,0.517778635025024
25,3,1,69,0,0,1,0.600496053695679,1,-1,-1,1,0.30054235458374
25,3,1,70,27,27,1,0.617206335067749,1,1,-1,1,0.350496053695679
25,3,1,71,27,27,1,0.900540113449097,1,1,1,1,0.367206335067749
25,3,1,72,-3,3,0,1.36762833595276,1,1,1,1,0.650540113449097
25,3,1,73,-27,27,0,0.717211484909058,-1,-1,1,1,1.11762833595276
25,3,1,74,-81,81,1,1.15051007270813,-1,-1,-1,-1,0.467211484909058
25,3,1,75,-27,27,0,0.867823600769043,-1,1,-1,-1,0.90051007270813
25,3,1,76,-81,81,0,0.583897590637207,-1,-1,1,-1,0.617823600769043
25,3,1,77,-9,9,1,0.667176485061646,-1,-1,-1,-1,0.333897590637207
25,3,1,78,-9,9,0,0.83443021774292,-1,1,-1,-1,0.417176485061646
25,3,1,79,-81,81,0,0.70054030418396,-1,-1,1,-1,0.58443021774292
25,3,1,80,-0,0,1,0.617195129394531,-1,-1,-1,-1,0.45054030418396
25,3,1,81,81,81,1,0.683869123458862,-1,1,-1,-1,0.367195129394531
25,3,1,82,9,9,1,0.884503364562988,1,1,1,-1,0.433869123458862
25,3,1,83,-81,81,0,0.884501695632935,1,1,1,1,0.634503364562988
25,3,1,84,-3,3,0,0.701011419296265,-1,-1,1,1,0.634501695632935
25,3,1,85,81,81,1,0.951147317886353,-1,-1,-1,-1,0.451011419296265
25,3,1,86,27,27,1,0.951074123382568,1,1,-1,-1,0.701147317886353
25,3,1,90,81,81,1,0.60055947303772,1,-1,1,1,0.684737682342529
25,3,1,91,81,81,1,0.517163038253784,1,1,-1,1,0.35055947303772
25,3,1,92,9,9,1,0.633875370025635,1,1,1,1,0.267163038253784
25,3,1,93,9,9,0,1.43385457992554,1,1,1,1,0.383875370025635
25,3,1,94,9,9,1,0.984504222869873,1,-1,1,1,1.18385457992554
25,3,1,98,9,9,1,0.650540590286255,1,1,-1,1,0.233839988708496
25,3,1,99,3,3,0,0.500516414642334,1,1,1,1,0.400540590286255
25,3,2,2,81,81,1,0.900555610656738,1,1,1,1,0.401393413543701
25,3,2,3,-27,27,0,0.417209386825562,1,1,1,1,0.650555610656738
25,3,2,4,81,81,1,0.567178726196289,-1,-1,1,1,0.167209386825562
25,3,2,5,27,27,1,0.567184925079346,1,1,-1,-1,0.317178726196289
25,3,2,6,9,9,0,0.634459257125854,1,1,1,1,0.317184925079346
25,3,2,7,81,81,1,0.683879375457764,1,-1,1,1,0.384459257125854
25,3,2,8,81,81,1,0.967176198959351,1,1,-1,1,0.433879375457764
25,3,2,9,-27,27,0,0.417819499969482,1,1,1,1,0.717176198959351
25,3,2,10,-3,3,1,0.900533437728882,-1,-1,1,1,0.167819499969482
25,3,2,11,-9,9,0,0.367204427719116,-1,1,-1,-1,0.650533437728882
25,3,2,12,-81,81,0,0.350572347640991,-1,-1,1,-1,0.117204427719116
25,3,2,13,9,9,1,0.633867502212524,-1,-1,-1,-1,0.100572347640991
25,3,2,14,27,27,1,0.783874273300171,1,1,-1,-1,0.383867502212524
25,3,2,15,27,27,1,0.517838478088379,1,1,1,1,0.533874273300171
25,3,2,16,9,9,1,1.13442921638489,1,1,1,1,0.267838478088379
25,3,2,17,3,3,0,0.567804336547852,1,1,1,1,0.884429216384888
25,3,2,18,3,3,1,0.417184591293335,1,-1,1,1,0.317804336547852
25,3,2,19,27,27,0,0.483877420425415,1,1,-1,1,0.167184591293335
25,3,2,20,-0,0,1,0.83383846282959,1,-1,1,1,0.233877420425415
25,3,2,21,-27,27,0,0.300513505935669,-1,1,-1,1,0.58383846282959
25,3,2,22,-81,81,0,0.533817052841187,-1,-1,1,-1,0.0505135059356689
25,3,2,23,-0,0,1,0.717219114303589,-1,-1,-1,-1,0.283817052841187
25,3,2,24,-3,3,0,0.467212200164795,-1,1,-1,-1,0.467219114303589
25,3,2,25,-9,9,0,0.733840465545654,-1,-1,1,-1,0.217212200164795
25,3,2,26,-81,81,0,0.517858266830444,-1,-1,-1,-1,0.483840465545654
25,3,2,27,-81,81,0,0.400511980056763,-1,-1,-1,-1,0.267858266830444
25,3,2,28,27,27,1,0.617184400558472,-1,-1,-1,-1,0.150511980056763
25,3,2,29,27,27,1,0.551310539245605,1,1,-1,-1,0.367184400558472
25,3,2,30,3,3,0,0.700486183166504,1,1,1,1,0.301310539245605
25,3,2,31,27,27,1,0.75092339515686,1,-1,1,1,0.450486183166504
25,3,2,35,-9,9,1,0.983898639678955,1,-1,1,1,0.350528478622437
25,3,2,36,-27,27,0,0.600529909133911,-1,1,-1,1,0.733898639678955
25,3,2,37,-27,27,0,0.550532579421997,-1,-1,1,-1,0.350529909133911
25,3,2,38,-9,9,0,0.534237146377563,-1,-1,-1,-1,0.300532579421997
25,3,2,39,-81,81,0,0.534452676773071,-1,-1,-1,-1,0.284237146377563
25,3,2,40,81,81,1,0.800549745559692,-1,-1,-1,-1,0.284452676773071
25,3,2,41,9,9,0,0.517229318618774,1,1,-1,-1,0.550549745559692
25,3,2,42,9,9,1,0.667180061340332,1,-1,1,1,0.267229318618774
25,3,2,43,3,3,0,0.867849588394165,1,1,-1,1,0.417180061340332
25,3,2,44,27,27,1,0.617199420928955,1,-1,1,1,0.617849588394165
25,3,2,45,81,81,1,0.617256164550781,1,1,-1,1,0.367199420928955
25,3,2,46,3,3,1,0.734419822692871,1,1,1,1,0.367256164550781
25,3,2,47,27,27,1,0.550477504730225,1,1,1,1,0.484419822692871
25,3,2,48,27,27,1,0.617191314697266,1,1,1,1,0.300477504730225
25,3,2,49,9,9,1,0.667239665985107,1,1,1,1,0.367191314697266
25,3,2,50,0,0,0,0.450567722320557,1,1,1,1,0.417239665985107
25,3,2,51,9,9,1,0.351474523544312,1,-1,1,1,0.200567722320557
25,3,2,52,27,27,1,0.683871507644653,1,1,-1,1,0.101474523544312
25,3,2,53,3,3,1,0.651104211807251,1,1,1,1,0.433871507644653
25,3,2,54,-3,3,0,1.06783390045166,1,1,1,1,0.401104211807251
25,3,2,55,-3,3,0,0.584323167800903,-1,-1,1,1,0.81783390045166
25,3,2,56,-81,81,0,0.633831977844238,-1,-1,-1,-1,0.334323167800903
25,3,2,57,-0,0,0,0.900529623031616,-1,-1,-1,-1,0.383831977844238
25,3,2,58,-3,3,0,0.650558233261108,-1,-1,-1,-1,0.650529623031616
25,3,2,59,-9,9,1,0.800487756729126,-1,-1,-1,-1,0.400558233261108
25,3,2,60,-27,27,0,0.550493478775024,-1,1,-1,-1,0.550487756729126
25,3,2,61,-9,9,1,0.801150560379028,-1,-1,1,-1,0.300493478775024
25,3,2,62,-3,3,0,0.583856582641602,-1,1,-1,-1,0.551150560379028
25,3,2,66,-0,0,1,0.467773914337158,-1,-1,-1,-1,0.450542449951172
25,3,2,67,-27,27,0,0.50116753578186,-1,1,-1,-1,0.217773914337158
25,3,2,68,-3,3,1,1.35096955299377,-1,-1,1,-1,0.25116753578186
25,3,2,69,-27,27,0,0.434443235397339,-1,1,-1,-1,1.10096955299377
25,3,2,70,-0,0,0,0.867752552032471,-1,-1,1,-1,0.184443235397339
25,3,2,71,-81,81,0,0.600966930389404,-1,-1,-1,-1,0.617752552032471
25,3,2,75,27,27,1,0.684597492218018,-1,1,-1,-1,0.0671558380126953
25,3,2,76,0,0,1,0.517191410064697,1,1,1,-1,0.434597492218018
25,3,2,77,9,9,1,0.534310340881348,1,1,1,1,0.267191410064697
25,3,2,78,27,27,1,0.584434509277344,1,1,1,1,0.284310340881348
25,3,2,79,3,3,0,0.38514232635498,1,1,1,1,0.334434509277344
25,3,2,80,9,9,1,0.818056583404541,1,-1,1,1,0.13514232635498
25,3,2,81,-27,27,0,0.550481796264648,1,1,-1,1,0.568056583404541
25,3,2,82,-3,3,1,1.13388156890869,-1,-1,1,1,0.300481796264648
25,3,2,83,-3,3,0,1.06778025627136,-1,1,-1,-1,0.883881568908691
25,3,2,84,3,3,0,0.617901086807251,-1,-1,1,-1,0.817780256271362
25,3,2,85,81,81,1,0.485053062438965,1,-1,-1,-1,0.367901086807251
25,3,2,86,-81,81,0,0.434525728225708,1,1,-1,1,0.235053062438965
25,3,2,87,-0,0,0,0.883819580078125,-1,-1,1,1,0.184525728225708
25,3,2,91,81,81,1,0.550989389419556,1,-1,1,1,0.35053563117981
25,3,2,92,81,81,1,0.53388786315918,1,1,-1,1,0.300989389419556
25,3,2,93,9,9,1,0.41777491569519,1,1,1,1,0.28388786315918
25,3,2,94,0,0,0,0.583855628967285,1,1,1,1,0.16777491569519
25,3,2,98,9,9,1,0.56779932975769,1,-1,1,1,0.434508323669434
25,3,2,99,0,0,1,0.567253351211548,1,1,-1,1,0.31779932975769
25,3,3,2,9,9,1,0.534470319747925,1,-1,-1,-1,0.819146871566772
25,3,3,3,3,3,1,0.71722936630249,1,1,-1,1,0.284470319747925
25,3,3,4,0,0,0,0.551161289215088,1,1,1,1,0.46722936630249
25,3,3,5,0,0,1,0.851189851760864,1,-1,1,1,0.301161289215088
25,3,3,6,-27,27,0,0.534968137741089,1,1,-1,1,0.601189851760864
25,3,3,7,-81,81,0,0.883886337280273,-1,-1,1,1,0.284968137741089
25,3,3,8,81,81,1,0.383901119232178,-1,-1,-1,-1,0.633886337280273
25,3,3,9,-0,0,0,0.617210388183594,1,1,-1,-1,0.133901119232178
25,3,3,10,9,9,0,0.267577171325684,-1,-1,1,1,0.367210388183594
25,3,3,11,-0,0,0,0.58446741104126,1,-1,-1,-1,0.0175771713256836
25,3,3,12,81,81,1,0.63380241394043,-1,-1,-1,1,0.33446741104126
25,3,3,13,27,27,1,0.417230606079102,1,1,-1,-1,0.38380241394043
25,3,3,14,-27,27,0,0.333882331848145,1,1,1,1,0.167230606079102
25,3,3,15,3,3,0,0.533800363540649,-1,-1,1,1,0.0838823318481445
25,3,3,16,9,9,0,0.701001405715942,1,-1,-1,-1,0.283800363540649
25,3,3,17,27,27,1,0.417752981185913,1,-1,-1,1,0.451001405715942
25,3,3,18,-0,0,1,0.517265558242798,1,1,-1,1,0.167752981185913
25,3,3,19,-3,3,0,0.317196369171143,-1,1,1,1,0.267265558242798
25,3,3,20,9,9,1,0.401165246963501,-1,-1,1,-1,0.0671963691711426
25,3,3,21,3,3,0,0.450989961624146,1,1,-1,-1,0.151165246963501
25,3,3,25,-0,0,0,1.01826477050781,-1,1,-1,-1,0.967667579650879
25,3,3,26,-27,27,0,0.31715989112854,-1,-1,1,-1,0.768264770507812
25,3,3,27,27,27,1,0.251060485839844,-1,-1,-1,-1,0.06715989112854
25,3,3,28,-3,3,0,1.21717834472656,1,1,-1,-1,0.00106048583984375
25,3,3,29,9,9,1,0.417605400085449,-1,-1,1,1,0.967178344726562
25,3,3,30,9,9,1,0.817179918289185,1,1,-1,-1,0.167605400085449
25,3,3,34,81,81,1,0.533863544464111,1,-1,-1,-1,0.451137542724609
25,3,3,35,-3,3,1,0.884543657302856,1,1,-1,1,0.283863544464111
25,3,3,36,-27,27,0,0.667211294174194,-1,1,1,1,0.634543657302856
25,3,3,37,-3,3,0,0.667587280273438,-1,-1,1,-1,0.417211294174194
25,3,3,38,81,81,1,0.81714916229248,-1,-1,-1,-1,0.417587280273438
25,3,3,39,-9,9,1,0.767881393432617,1,1,-1,-1,0.56714916229248
25,3,3,40,-27,27,0,0.70115852355957,-1,1,1,1,0.517881393432617
25,3,3,41,3,3,0,0.700543880462646,-1,-1,1,-1,0.45115852355957
25,3,3,42,27,27,1,0.651158332824707,1,-1,-1,-1,0.450543880462646
25,3,3,43,-81,81,0,0.533887386322021,1,1,-1,1,0.401158332824707
25,3,3,44,-0,0,0,0.634324550628662,-1,-1,1,1,0.283887386322021
25,3,3,45,-3,3,1,1.26775217056274,-1,-1,-1,-1,0.384324550628662
25,3,3,46,27,27,1,0.584473609924316,-1,1,-1,-1,1.01775217056274
25,3,3,47,-3,3,1,0.78384256362915,1,1,1,-1,0.334473609924316
25,3,3,48,3,3,1,0.783874034881592,-1,1,1,1,0.53384256362915
25,3,3,49,81,81,1,0.650538444519043,1,1,1,-1,0.533874034881592
25,3,3,50,-27,27,0,0.584909439086914,1,1,1,1,0.400538444519043
25,3,3,51,9,9,0,0.767232418060303,-1,-1,1,1,0.334909439086914
25,3,3,52,3,3,1,0.61763858795166,1,-1,-1,-1,0.517232418060303
25,3,3,53,9,9,1,0.300551414489746,1,1,-1,1,0.36763858795166
25,3,3,54,27,27,1,0.417207717895508,1,1,1,1,0.0505514144897461
25,3,3,55,0,0,0,0.667210340499878,1,1,1,1,0.167207717895508
25,3,3,59,81,81,1,0.634892463684082,1,1,1,1,0.50149393081665
25,3,3,60,-9,9,0,0.683845043182373,1,1,1,1,0.384892463684082
25,3,3,61,81,81,1,0.85114598274231,-1,-1,1,1,0.433845043182373
25,3,3,62,-9,9,0,0.650559425354004,1,1,-1,-1,0.60114598274231
25,3,3,63,27,27,1,0.567931175231934,-1,-1,1,1,0.400559425354004
25,3,3,64,3,3,1,0.733829259872437,1,1,-1,-1,0.317931175231934
25,3,3,65,-3,3,0,0.483890771865845,1,1,1,1,0.483829259872437
25,3,3,66,-27,27,0,0.550584554672241,-1,-1,1,1,0.233890771865845
25,3,3,67,-27,27,0,0.583871364593506,-1,-1,-1,-1,0.300584554672241
25,3,3,68,-27,27,0,0.517924308776855,-1,-1,-1,-1,0.333871364593506
25,3,3,69,-3,3,0,0.667134761810303,-1,-1,-1,-1,0.267924308776855
25,3,3,70,-3,3,0,0.767822265625,-1,-1,-1,-1,0.417134761810303
25,3,3,71,-9,9,1,0.817174434661865,-1,-1,-1,-1,0.517822265625
25,3,3,72,81,81,1,0.601301908493042,-1,1,-1,-1,0.567174434661865
25,3,3,73,-81,81,0,0.567166328430176,1,1,1,-1,0.351301908493042
25,3,3,74,-9,9,0,0.583896398544312,-1,-1,1,1,0.317166328430176
25,3,3,75,-81,81,0,0.701757431030273,-1,-1,-1,-1,0.333896398544312
25,3,3,76,81,81,1,0.601698637008667,-1,-1,-1,-1,0.451757431030273
25,3,3,77,0,0,1,0.900510549545288,1,1,-1,-1,0.351698637008667
25,3,3,78,-81,81,0,0.468195676803589,1,1,1,1,0.650510549545288
25,3,3,79,27,27,1,0.83465576171875,-1,-1,1,1,0.218195676803589
25,3,3,80,-3,3,1,0.900536775588989,1,1,-1,-1,0.58465576171875
25,3,3,81,-81,81,0,0.551974296569824,-1,1,1,1,0.650536775588989
25,3,3,82,-9,9,1,1.2352454662323,-1,-1,1,-1,0.301974296569824
25,3,3,83,9,9,0,0.668182849884033,-1,1,-1,-1,0.9852454662323
25,3,3,84,0,0,1,0.700492382049561,1,-1,1,-1,0.418182849884033
25,3,3,85,3,3,1,0.650554418563843,1,1,-1,1,0.450492382049561
25,3,3,86,-27,27,0,0.600546598434448,1,1,1,1,0.400554418563843
25,3,3,87,-3,3,0,0.700533390045166,-1,-1,1,1,0.350546598434448
25,3,3,88,81,81,1,0.567213535308838,-1,-1,-1,-1,0.450533390045166
25,3,3,89,-9,9,0,0.650478601455688,1,1,-1,-1,0.317213535308838
25,3,3,90,-27,27,0,0.384415149688721,-1,-1,1,1,0.400478601455688
25,3,3,91,-3,3,1,0.850595951080322,-1,-1,-1,-1,0.134415149688721
25,3,3,92,9,9,0,0.600471496582031,-1,1,-1,-1,0.600595951080322
25,3,3,93,81,81,1,0.533889293670654,1,-1,1,-1,0.350471496582031
25,3,3,94,-9,9,1,0.750537395477295,1,1,-1,1,0.283889293670654
25,3,3,95,-81,81,0,0.56815767288208,-1,1,1,1,0.500537395477295
25,3,3,96,81,81,1,0.500568628311157,-1,-1,1,-1,0.31815767288208
25,3,3,97,81,81,1,0.417194604873657,1,1,-1,-1,0.250568628311157
25,3,3,98,-81,81,0,0.600945234298706,1,1,1,1,0.167194604873657
25,3,3,99,-3,3,0,0.883874416351318,-1,-1,1,1,0.350945234298706
25,3,4,2,81,81,1,0.600516319274902,1,1,1,1,0.517427206039429
25,3,4,3,-9,9,0,0.550540685653687,1,1,1,1,0.350516319274902
25,3,4,4,9,9,0,0.483829021453857,-1,-1,1,1,0.300540685653687
25,3,4,5,3,3,1,0.584509372711182,1,-1,-1,-1,0.233829021453857
25,3,4,6,81,81,1,0.717826128005981,1,1,-1,1,0.334509372711182
25,3,4,7,-27,27,0,0.484467506408691,1,1,1,1,0.467826128005981
25,3,4,8,-81,81,0,1.0005350112915,-1,-1,1,1,0.234467506408691
25,3,4,9,81,81,1,0.51720929145813,-1,-1,-1,-1,0.750535011291504
25,3,4,10,81,81,1,0.550498247146606,1,1,-1,-1,0.26720929145813
25,3,4,11,9,9,0,1.11807608604431,1,1,1,1,0.300498247146606
25,3,4,12,-81,81,0,0.667155027389526,1,-1,1,1,0.868076086044312
25,3,4,13,27,27,1,0.551392793655396,-1,-1,-1,1,0.417155027389526
25,3,4,14,-27,27,0,0.267184495925903,1,1,-1,-1,0.301392793655396
25,3,4,15,-27,27,0,0.617173194885254,-1,-1,1,1,0.0171844959259033
25,3,4,16,-81,81,0,0.551368236541748,-1,-1,-1,-1,0.367173194885254
25,3,4,17,-3,3,0,0.933877229690552,-1,-1,-1,-1,0.301368236541748
25,3,4,18,-27,27,0,0.617646455764771,-1,-1,-1,-1,0.683877229690552
25,3,4,19,3,3,1,0.86796236038208,-1,-1,-1,-1,0.367646455764771
25,3,4,20,0,0,0,0.517215967178345,1,1,-1,-1,0.61796236038208
25,3,4,21,-81,81,0,0.551728248596191,1,-1,1,1,0.267215967178345
25,3,4,22,0,0,1,0.484495401382446,-1,-1,-1,1,0.301728248596191
25,3,4,23,27,27,1,0.501129627227783,1,1,-1,-1,0.234495401382446
25,3,4,24,-3,3,1,0.800481557846069,1,1,1,1,0.251129627227783
25,3,4,25,-27,27,0,0.434353828430176,-1,1,1,1,0.550481557846069
25,3,4,26,27,27,1,0.384423017501831,-1,-1,1,-1,0.184353828430176
25,3,4,27,9,9,0,1.05114436149597,1,1,-1,-1,0.134423017501831
25,3,4,28,81,81,1,0.433879852294922,1,-1,1,1,0.801144361495972
25,3,4,29,-81,81,0,0.450572490692139,1,1,-1,1,0.183879852294922
25,3,4,30,-9,9,0,0.585110425949097,-1,-1,1,1,0.200572490692139
25,3,4,31,81,81,1,0.551455497741699,-1,-1,-1,-1,0.335110425949097
25,3,4,32,-0,0,1,0.800480842590332,1,1,-1,-1,0.301455497741699
25,3,4,33,-9,9,0,0.683884143829346,-1,1,1,1,0.550480842590332
25,3,4,34,3,3,1,0.383892774581909,-1,-1,1,-1,0.433884143829346
25,3,4,35,0,0,0,0.467167377471924,1,1,-1,-1,0.133892774581909
25,3,4,36,-27,27,0,0.383857727050781,1,-1,1,1,0.217167377471924
25,3,4,37,3,3,1,0.550543308258057,-1,-1,-1,1,0.133857727050781
25,3,4,38,-3,3,0,1.03433609008789,1,1,-1,-1,0.300543308258057
25,3,4,39,-27,27,0,0.40053653717041,-1,-1,1,1,0.784336090087891
25,3,4,40,3,3,1,0.68382716178894,-1,-1,-1,-1,0.15053653717041
25,3,4,44,27,27,1,0.50054144859314,-1,1,1,1,0.217851877212524
25,3,4,45,0,0,1,0.650557518005371,1,1,1,-1,0.25054144859314
25,3,4,46,-81,81,0,0.534367799758911,1,1,1,1,0.400557518005371
25,3,4,47,3,3,0,0.83484148979187,-1,-1,1,1,0.284367799758911
25,3,4,48,-3,3,1,0.567170858383179,1,-1,-1,-1,0.58484148979187
25,3,4,49,27,27,1,0.400498151779175,-1,1,-1,1,0.317170858383179
25,3,4,50,9,9,0,0.717827081680298,1,1,1,-1,0.150498151779175
25,3,4,51,81,81,1,0.600491046905518,1,-1,1,1,0.467827081680298
25,3,4,52,-9,9,0,1.20177149772644,1,1,-1,1,0.350491046905518
25,3,4,53,-9,9,1,0.767815351486206,-1,-1,1,1,0.95177149772644
25,3,4,54,81,81,1,0.650521993637085,-1,1,-1,-1,0.517815351486206
25,3,4,55,9,9,1,0.651643037796021,1,1,1,-1,0.400521993637085
25,3,4,56,81,81,1,0.76812219619751,1,1,1,1,0.401643037796021
25,3,4,57,-27,27,0,0.467174291610718,1,1,1,1,0.51812219619751
25,3,4,58,-0,0,1,0.733877658843994,-1,-1,1,1,0.217174291610718
25,3,4,59,-9,9,1,0.717660665512085,-1,1,-1,-1,0.483877658843994
25,3,4,60,81,81,1,0.550551414489746,-1,1,1,-1,0.467660665512085
25,3,4,61,-81,81,0,0.683881521224976,1,1,1,-1,0.300551414489746
25,3,4,65,27,27,1,0.468388319015503,1,-1,-1,1,0.417211055755615
25,3,4,66,-3,3,0,0.633841753005981,1,1,-1,1,0.218388319015503
25,3,4,67,-27,27,1,0.684449434280396,-1,-1,1,1,0.383841753005981
25,3,4,68,9,9,1,0.833944797515869,-1,1,-1,-1,0.434449434280396
25,3,4,69,-3,3,0,0.450584888458252,1,1,1,-1,0.583944797515869
25,3,4,70,-9,9,0,0.783816814422607,-1,-1,1,1,0.200584888458252
25,3,4,74,-81,81,0,0.68441915512085,1,-1,1,1,0.417221307754517
25,3,4,75,0,0,0,0.950558423995972,-1,-1,-1,1,0.43441915512085
25,3,4,76,-3,3,1,0.600497007369995,1,-1,-1,-1,0.700558423995972
25,3,4,77,-27,27,0,0.467176914215088,-1,1,-1,1,0.350497007369995
25,3,4,78,-9,9,0,0.501254796981812,-1,-1,1,-1,0.217176914215088
25,3,4,79,-3,3,0,0.484642028808594,-1,-1,-1,-1,0.251254796981812
25,3,4,80,-81,81,0,0.950538158416748,-1,-1,-1,-1,0.234642028808594
25,3,4,81,0,0,0,0.65056300163269,-1,-1,-1,-1,0.700538158416748
25,3,4,82,-0,0,1,0.800532579421997,1,-1,-1,-1,0.40056300163269
25,3,4,83,27,27,1,0.550527811050415,-1,1,-1,1,0.550532579421997
25,3,4,84,9,9,1,0.483873844146729,1,1,1,-1,0.300527811050415
25,3,4,85,27,27,1,0.550534009933472,1,1,1,1,0.233873844146729
25,3,4,86,3,3,1,0.817921876907349,1,1,1,1,0.300534009933472
25,3,4,87,-81,81,0,0.800485372543335,1,1,1,1,0.567921876907349
25,3,4,88,3,3,0,0.45151424407959,-1,-1,1,1,0.550485372543335
25,3,4,89,-81,81,0,0.617189645767212,1,-1,-1,-1,0.20151424407959
25,3,4,90,-3,3,0,0.917869091033936,-1,-1,-1,1,0.367189645767212
25,3,4,91,-27,27,0,0.451388120651245,-1,-1,-1,-1,0.667869091033936
25,3,4,92,9,9,1,0.984916925430298,-1,-1,-1,-1,0.201388120651245
25,3,4,93,-9,9,0,0.633885383605957,1,1,-1,-1,0.734916925430298
25,3,4,97,-81,81,0,0.450481653213501,1,1,-1,1,0.28382420539856
25,3,4,98,-3,3,1,0.783900022506714,-1,-1,1,1,0.200481653213501
25,3,4,99,3,3,1,0.734446287155151,-1,1,-1,-1,0.533900022506714
25,3,5,2,-3,3,0,0.401211500167847,1,-1,1,-1,0.317990779876709
25,3,5,3,81,81,1,0.618301630020142,-1,-1,-1,1,0.151211500167847
25,3,5,7,27,27,1,0.650553464889526,-1,-1,1,1,0.484908103942871
25,3,5,8,-27,27,0,0.534999847412109,1,1,-1,-1,0.400553464889526
25,3,5,9,9,9,0,0.667148351669312,-1,-1,1,1,0.284999847412109
25,3,5,10,-3,3,0,0.434459209442139,1,-1,-1,-1,0.417148351669312
25,3,5,11,3,3,0,0.717806100845337,-1,-1,-1,1,0.184459209442139
25,3,5,12,-3,3,0,0.483860015869141,1,-1,-1,-1,0.467806100845337
25,3,5,13,3,3,0,0.600543737411499,-1,-1,-1,1,0.233860015869141
25,3,5,14,0,0,1,0.533866405487061,1,-1,-1,-1,0.350543737411499
25,3,5,15,-27,27,0,0.567234992980957,1,1,-1,1,0.283866405487061
25,3,5,16,3,3,1,0.667206287384033,-1,-1,1,1,0.317234992980957
25,3,5,17,-81,81,0,0.567205429077148,1,1,-1,-1,0.417206287384033
25,3,5,18,3,3,0,0.383864402770996,-1,-1,1,1,0.317205429077148
25,3,5,19,-3,3,1,0.801141023635864,1,-1,-1,-1,0.133864402770996
25,3,5,20,3,3,0,0.651727199554443,-1,1,-1,1,0.551141023635864
25,3,5,21,0,0,1,0.585169315338135,1,-1,1,-1,0.401727199554443
25,3,5,22,-9,9,0,0.551173448562622,1,1,-1,1,0.335169315338135
25,3,5,23,-3,3,0,0.367852449417114,-1,-1,1,1,0.301173448562622
25,3,5,24,3,3,1,0.633875370025635,-1,-1,-1,-1,0.117852449417114
25,3,5,25,-81,81,0,0.600557327270508,1,1,-1,-1,0.383875370025635
25,3,5,26,27,27,1,0.351105928421021,-1,-1,1,1,0.350557327270508
25,3,5,27,-81,81,0,0.934652328491211,1,1,-1,-1,0.101105928421021
25,3,5,28,3,3,1,0.767199516296387,-1,-1,1,1,0.684652328491211
25,3,5,29,-81,81,0,0.400489091873169,1,1,-1,-1,0.517199516296387
25,3,5,30,9,9,1,0.651099443435669,-1,-1,1,1,0.150489091873169
25,3,5,31,27,27,1,0.383880615234375,1,1,-1,-1,0.401099443435669
25,3,5,32,-27,27,0,0.63445520401001,1,1,1,1,0.133880615234375
25,3,5,33,3,3,1,0.567208051681519,-1,-1,1,1,0.38445520401001
25,3,5,34,-9,9,1,0.751143217086792,1,1,-1,-1,0.317208051681519
25,3,5,35,81,81,1,0.784765720367432,-1,1,1,1,0.501143217086792
25,3,5,36,9,9,1,0.734421491622925,1,1,1,-1,0.534765720367432
25,3,5,37,-81,81,0,0.650537252426147,1,1,1,1,0.484421491622925
25,3,5,38,-27,27,1,0.717199325561523,-1,-1,1,1,0.400537252426147
25,3,5,39,27,27,1,0.900549173355103,-1,1,-1,-1,0.467199325561523
25,3,5,40,-27,27,0,0.483913421630859,1,1,1,-1,0.650549173355103
25,3,5,41,0,0,1,0.43462061882019,-1,-1,1,1,0.233913421630859
25,3,5,42,-3,3,0,0.683901309967041,1,1,-1,-1,0.18462061882019
25,3,5,43,3,3,1,0.601155519485474,-1,-1,1,1,0.433901309967041
25,3,5,44,-9,9,0,0.583822250366211,1,1,-1,-1,0.351155519485474
25,3,5,45,81,81,1,0.567596197128296,-1,-1,1,1,0.333822250366211
25,3,5,46,3,3,1,0.700496673583984,1,1,-1,-1,0.317596197128296
25,3,5,47,-81,81,0,0.567193508148193,1,1,1,1,0.450496673583984
25,3,5,48,27,27,1,0.617823839187622,-1,-1,1,1,0.317193508148193
25,3,5,49,-0,0,0,0.567787647247314,1,1,-1,-1,0.367823839187622
25,3,5,50,81,81,1,0.667841672897339,-1,-1,1,1,0.317787647247314
25,3,5,51,-27,27,0,0.667177677154541,1,1,-1,-1,0.417841672897339
25,3,5,52,3,3,1,0.733831167221069,-1,-1,1,1,0.417177677154541
25,3,5,53,-27,27,0,0.783847570419312,1,1,-1,-1,0.483831167221069
25,3,5,54,9,9,1,0.617227554321289,-1,-1,1,1,0.533847570419312
25,3,5,55,-9,9,0,0.534486293792725,1,1,-1,-1,0.367227554321289
25,3,5,56,-27,27,0,0.417806625366211,-1,-1,1,1,0.284486293792725
25,3,5,57,-27,27,0,0.334274291992188,-1,-1,-1,-1,0.167806625366211
25,3,5,58,-0,0,1,0.767653942108154,-1,-1,-1,-1,0.0842742919921875
25,3,5,59,81,81,1,0.600959777832031,-1,1,-1,-1,0.517653942108154
25,3,5,60,-3,3,0,0.984480381011963,1,1,1,-1,0.350959777832031
25,3,5,61,27,27,1,0.484468936920166,-1,-1,1,1,0.734480381011963
25,3,5,62,-81,81,0,0.41786527633667,1,1,-1,-1,0.234468936920166
25,3,5,63,81,81,1,0.667159080505371,-1,-1,1,1,0.16786527633667
25,3,5,64,3,3,0,0.700514316558838,1,1,-1,-1,0.417159080505371
25,3,5,65,-9,9,1,0.683861970901489,1,-1,1,1,0.450514316558838
25,3,5,69,81,81,1,0.533879518508911,1,-1,1,1,0.0176818370819092
25,3,5,70,-81,81,0,0.700469255447388,1,1,-1,1,0.283879518508911
25,3,5,71,81,81,1,0.600547790527344,-1,-1,1,1,0.450469255447388
25,3,5,72,27,27,0,0.583876371383667,1,1,-1,-1,0.350547790527344
25,3,5,73,-3,3,1,1.03442764282227,1,-1,1,1,0.333876371383667
25,3,5,74,3,3,1,0.634262084960938,-1,1,-1,1,0.784427642822266
25,3,5,75,-0,0,1,0.633893728256226,1,1,1,-1,0.384262084960938
25,3,5,76,9,9,1,0.783839464187622,-1,1,1,1,0.383893728256226
25,3,5,77,-9,9,0,1.03426456451416,1,1,1,-1,0.533839464187622
25,3,5,78,9,9,0,0.467202425003052,-1,-1,1,1,0.78426456451416
25,3,5,79,-9,9,1,0.401558399200439,1,-1,-1,-1,0.217202425003052
25,3,5,80,0,0,0,0.717172145843506,-1,1,-1,1,0.151558399200439
25,3,5,81,-27,27,0,0.733870506286621,1,-1,1,-1,0.467172145843506
25,3,5,82,-9,9,0,0.501472473144531,-1,-1,-1,1,0.483870506286621
25,3,5,83,81,81,1,0.651514768600464,-1,-1,-1,-1,0.251472473144531
25,3,5,84,-81,81,0,0.601202487945557,1,1,-1,-1,0.401514768600464
25,3,5,85,27,27,1,0.617183685302734,-1,-1,1,1,0.351202487945557
25,3,5,86,-81,81,0,0.601160287857056,1,1,-1,-1,0.367183685302734
25,3,5,87,9,9,1,0.60056471824646,-1,-1,1,1,0.351160287857056
25,3,5,88,-9,9,0,0.533881425857544,1,1,-1,-1,0.35056471824646
25,3,5,89,81,81,1,0.583830833435059,-1,-1,1,1,0.283881425857544
25,3,5,90,9,9,0,0.650514364242554,1,1,-1,-1,0.333830833435059
25,3,5,91,-27,27,0,0.434836864471436,1,-1,1,1,0.400514364242554
25,3,5,92,81,81,1,0.483961582183838,-1,-1,-1,1,0.184836864471436
25,3,5,93,-9,9,0,0.600466251373291,1,1,-1,-1,0.233961582183838
25,3,5,94,0,0,1,0.700492858886719,-1,-1,1,1,0.350466251373291
25,3,5,95,-9,9,0,0.40116548538208,1,1,-1,-1,0.450492858886719
25,3,5,96,0,0,1,0.717838287353516,-1,-1,1,1,0.15116548538208
25,3,5,97,-9,9,1,0.55056357383728,1,1,-1,-1,0.467838287353516
25,3,5,98,9,9,0,0.601157665252686,-1,1,1,1,0.30056357383728
25,3,5,99,-9,9,1,0.434416532516479,1,-1,1,-1,0.351157665252686
25,3,6,2,-27,27,0,0.251038312911987,1,1,-1,1,0.468026161193848
25,3,6,3,-9,9,0,0.517263412475586,-1,-1,1,1,0.0010383129119873
25,3,6,4,9,9,0,0.43388032913208,-1,-1,-1,-1,0.267263412475586
25,3,6,5,-9,9,1,0.583836317062378,1,-1,-1,-1,0.18388032913208
25,3,6,6,81,81,1,0.533849954605103,-1,1,-1,1,0.333836317062378
25,3,6,7,-3,3,0,0.651155710220337,1,1,1,-1,0.283849954605103
25,3,6,8,-81,81,0,0.550537824630737,-1,-1,1,1,0.401155710220337
25,3,6,9,81,81,1,0.734480381011963,-1,-1,-1,-1,0.300537824630737
25,3,6,10,-0,0,1,0.583863258361816,1,1,-1,-1,0.484480381011963
25,3,6,11,9,9,1,0.801331281661987,-1,1,1,1,0.333863258361816
25,3,6,12,-3,3,1,0.733894824981689,1,1,1,-1,0.551331281661987
25,3,6,13,9,9,0,0.733924388885498,-1,1,1,1,0.483894824981689
25,3,6,14,-3,3,1,0.55052638053894,1,-1,1,-1,0.483924388885498
25,3,6,15,27,27,1,0.317215204238892,-1,1,-1,1,0.30052638053894
25,3,6,16,-27,27,0,0.6672043800354,1,1,1,-1,0.0672152042388916
25,3,6,17,0,0,1,0.884488821029663,-1,-1,1,1,0.4172043800354
25,3,6,18,3,3,1,0.783899068832397,1,1,-1,-1,0.634488821029663
25,3,6,19,-27,27,0,0.567206144332886,1,1,1,1,0.533899068832397
25,3,6,20,0,0,0,0.334734916687012,-1,-1,1,1,0.317206144332886
25,3,6,21,-0,0,1,0.701211214065552,1,-1,-1,-1,0.0847349166870117
25,3,6,22,81,81,1,0.617209196090698,-1,1,-1,1,0.451211214065552
25,3,6,23,-3,3,0,0.734415292739868,1,1,1,-1,0.367209196090698
25,3,6,24,-27,27,0,0.567160844802856,-1,-1,1,1,0.484415292739868
25,3,6,25,81,81,1,0.683825492858887,-1,-1,-1,-1,0.317160844802856
25,3,6,26,81,81,1,0.567228317260742,1,1,-1,-1,0.433825492858887
25,3,6,27,-81,81,0,0.650565385818481,1,1,1,1,0.317228317260742
25,3,6,28,9,9,1,0.618696451187134,-1,-1,1,1,0.400565385818481
25,3,6,29,-27,27,0,0.633837223052979,1,1,-1,-1,0.368696451187134
25,3,6,30,27,27,1,0.284251928329468,-1,-1,1,1,0.383837223052979
25,3,6,31,-81,81,0,0.517189502716064,1,1,-1,-1,0.0342519283294678
25,3,6,32,-0,0,1,1.06714034080505,-1,-1,1,1,0.267189502716064
25,3,6,33,27,27,1,1.01787877082825,-1,1,-1,-1,0.817140340805054
25,3,6,34,27,27,1,0.551179170608521,1,1,1,-1,0.767878770828247
25,3,6,35,-81,81,0,0.55051589012146,1,1,1,1,0.301179170608521
25,3,6,36,81,81,1,0.501011848449707,-1,-1,1,1,0.30051589012146
25,3,6,37,3,3,0,0.350533723831177,1,1,-1,-1,0.251011848449707
25,3,6,38,-27,27,0,0.501160621643066,1,-1,1,1,0.100533723831177
25,3,6,39,81,81,1,0.517145156860352,-1,-1,-1,1,0.251160621643066
25,3,6,40,-9,9,0,0.91726016998291,1,1,-1,-1,0.267145156860352
25,3,6,41,27,27,1,0.434788703918457,-1,-1,1,1,0.66726016998291
25,3,6,42,-81,81,0,0.551187515258789,1,1,-1,-1,0.184788703918457
25,3,6,43,81,81,1,0.567814826965332,-1,-1,1,1,0.301187515258789
25,3,6,44,-0,0,1,0.601117610931396,1,1,-1,-1,0.317814826965332
25,3,6,45,3,3,0,0.617206335067749,-1,1,1,1,0.351117610931396
25,3,6,46,9,9,1,0.417263746261597,1,-1,1,-1,0.367206335067749
25,3,6,47,-9,9,1,0.567844390869141,1,1,-1,1,0.167263746261597
25,3,6,48,27,27,1,0.717210292816162,-1,1,1,1,0.317844390869141
25,3,6,52,81,81,1,0.48447060585022,-1,-1,1,1,0.200541734695435
25,3,6,56,3,3,1,0.551713705062866,-1,-1,1,1,0.317805528640747
25,3,6,57,-81,81,0,0.750537872314453,1,1,-1,-1,0.301713705062866
25,3,6,58,27,27,1,0.53388786315918,-1,-1,1,1,0.500537872314453
25,3,6,59,-27,27,0,0.784772634506226,1,1,-1,-1,0.28388786315918
25,3,6,60,27,27,1,0.434428215026855,-1,-1,1,1,0.534772634506226
25,3,6,61,3,3,1,1.21801972389221,1,1,-1,-1,0.184428215026855
25,3,6,62,-3,3,0,0.633865594863892,1,1,1,1,0.968019723892212
25,3,6,63,0,0,1,0.450544595718384,-1,-1,1,1,0.383865594863892
25,3,6,64,-81,81,0,0.583860635757446,1,1,-1,-1,0.200544595718384
25,3,6,68,-81,81,0,0.550593614578247,1,1,1,-1,0.467833518981934
25,3,6,69,27,27,1,0.484488725662231,-1,-1,1,1,0.300593614578247
25,3,6,70,-3,3,0,0.600488424301147,1,1,-1,-1,0.234488725662231
25,3,6,71,-9,9,1,0.584465265274048,-1,-1,1,1,0.350488424301147
25,3,6,72,0,0,0,0.667225122451782,-1,1,-1,-1,0.334465265274048
25,3,6,76,81,81,1,0.633866548538208,-1,-1,1,1,0.283809185028076
25,3,6,77,-27,27,1,1.31854557991028,1,1,-1,-1,0.383866548538208
25,3,6,78,3,3,0,0.768347501754761,-1,1,1,1,1.06854557991028
25,3,6,79,-3,3,1,0.267624378204346,1,-1,1,-1,0.518347501754761
25,3,6,80,9,9,0,0.651268005371094,-1,1,-1,1,0.0176243782043457
25,3,6,81,-27,27,0,0.384504318237305,1,-1,1,-1,0.401268005371094
25,3,6,82,3,3,1,0.700544357299805,-1,-1,-1,1,0.134504318237305
25,3,6,83,3,3,0,0.667830944061279,1,1,-1,-1,0.450544357299805
25,3,6,84,-3,3,0,0.935063362121582,1,-1,1,1,0.417830944061279
25,3,6,85,27,27,1,0.750947237014771,-1,-1,-1,1,0.685063362121582
25,3,6,86,-3,3,0,0.800514698028564,1,1,-1,-1,0.500947237014771
25,3,6,87,-9,9,1,0.48442554473877,-1,-1,1,1,0.550514698028564
25,3,6,88,9,9,0,0.667247295379639,-1,1,-1,-1,0.23442554473877
25,3,6,89,-81,81,0,0.467185497283936,1,-1,1,-1,0.417247295379639
25,3,6,90,81,81,1,0.533851623535156,-1,-1,-1,1,0.217185497283936
25,3,6,91,-27,27,0,0.600573539733887,1,1,-1,-1,0.283851623535156
25,3,6,92,9,9,1,1.26776266098022,-1,-1,1,1,0.350573539733887
25,3,6,93,-9,9,0,0.76719331741333,1,1,-1,-1,1.01776266098022
25,3,6,94,3,3,1,0.733803272247314,-1,-1,1,1,0.51719331741333
25,3,6,95,-9,9,0,0.767170429229736,1,1,-1,-1,0.483803272247314
25,3,6,96,3,3,1,0.851126670837402,-1,-1,1,1,0.517170429229736
25,3,6,97,-3,3,0,0.567165851593018,1,1,-1,-1,0.601126670837402
25,3,6,98,0,0,1,0.967222690582275,-1,-1,1,1,0.317165851593018
25,3,6,99,0,0,0,0.567183971405029,1,1,-1,-1,0.717222690582275
26,1,1,2,-27,27,0,0.633832931518555,-1,-1,-1,-1,0.65217924118042
26,1,1,3,-81,81,0,0.652555465698242,-1,-1,-1,-1,0.383832931518555
26,1,1,4,-81,81,0,0.569209337234497,-1,-1,-1,-1,0.402555465698242
26,1,1,5,-9,9,1,1.06915831565857,-1,-1,-1,-1,0.319209337234497
26,1,1,6,-9,9,0,0.784340620040894,-1,1,-1,-1,0.819158315658569
26,1,1,7,27,27,1,0.619402408599854,-1,-1,1,-1,0.534340620040894
26,1,1,8,3,3,0,0.852787733078003,1,1,-1,-1,0.369402408599854
26,1,1,9,27,27,1,0.702002763748169,1,-1,1,1,0.602787733078003
26,1,1,10,81,81,1,0.55048680305481,1,1,-1,1,0.452002763748169
26,1,1,11,81,81,1,0.550485849380493,1,1,1,1,0.30048680305481
26,1,1,12,81,81,1,0.551072359085083,1,1,1,1,0.300485849380493
26,1,1,13,3,3,1,0.684340238571167,1,1,1,1,0.301072359085083
26,1,1,14,3,3,1,0.634455442428589,1,1,1,1,0.434340238571167
26,1,1,15,-3,3,1,0.834778308868408,1,1,1,1,0.384455442428589
26,1,1,16,-0,0,1,0.719033479690552,-1,1,1,1,0.584778308868408
26,1,1,17,-9,9,1,1.35280537605286,-1,1,1,-1,0.469033479690552
26,1,1,18,-81,81,0,0.633832931518555,-1,1,1,-1,1.10280537605286
26,1,1,19,-0,0,0,0.933880090713501,-1,-1,1,-1,0.383832931518555
26,1,1,20,9,9,0,0.718953371047974,-1,-1,-1,-1,0.683880090713501
26,1,1,21,-27,27,0,0.567171096801758,1,-1,-1,-1,0.468953371047974
26,1,1,22,0,0,1,0.886049032211304,-1,-1,-1,1,0.317171096801758
26,1,1,23,3,3,1,0.835409641265869,1,1,-1,-1,0.636049032211304
26,1,1,24,-27,27,0,1.11896324157715,1,1,1,1,0.585409641265869
26,1,1,25,-3,3,1,0.736231565475464,-1,-1,1,1,0.868963241577148
26,1,1,26,81,81,1,0.568557739257812,-1,1,-1,-1,0.486231565475464
26,1,1,27,9,9,1,0.851942539215088,1,1,1,-1,0.318557739257812
26,1,1,28,81,81,1,0.552435874938965,1,1,1,1,0.601942539215088
26,1,1,29,27,27,1,0.885867118835449,1,1,1,1,0.302435874938965
26,1,1,30,-9,9,0,0.78438138961792,1,1,1,1,0.635867118835449
26,1,1,31,-9,9,0,0.769104480743408,-1,-1,1,1,0.53438138961792
26,1,1,32,-0,0,1,0.601548194885254,-1,-1,-1,-1,0.519104480743408
26,1,1,33,9,9,1,0.717719554901123,-1,1,-1,-1,0.351548194885254
26,1,1,34,9,9,1,0.835947036743164,1,1,1,-1,0.467719554901123
26,1,1,35,3,3,1,0.617605209350586,1,1,1,1,0.585947036743164
26,1,1,36,9,9,1,0.569453477859497,1,1,1,1,0.367605209350586
26,1,1,37,27,27,1,0.552223205566406,1,1,1,1,0.319453477859497
26,1,1,38,3,3,0,1.08611822128296,1,1,1,1,0.302223205566406
26,1,1,39,9,9,1,0.751355171203613,1,-1,1,1,0.836118221282959
26,1,1,40,9,9,1,0.685855150222778,1,1,-1,1,0.501355171203613
26,1,1,41,-3,3,1,0.719074964523315,1,1,1,1,0.435855150222778
26,1,1,42,-9,9,0,0.551013469696045,-1,1,1,1,0.469074964523315
26,1,1,43,27,27,1,0.834298849105835,-1,-1,1,-1,0.301013469696045
26,1,1,44,81,81,1,0.568783521652222,1,1,-1,-1,0.584298849105835
26,1,1,45,9,9,1,0.585923910140991,1,1,1,1,0.318783521652222
26,1,1,46,3,3,0,0.585950374603271,1,1,1,1,0.335923910140991
26,1,1,47,27,27,1,0.552628517150879,1,-1,1,1,0.335950374603271
26,1,1,48,81,81,1,0.601000785827637,1,1,-1,1,0.302628517150879
26,1,1,49,-81,81,0,0.600970268249512,1,1,1,1,0.351000785827637
26,1,1,50,-0,0,0,0.583900690078735,-1,-1,1,1,0.350970268249512
26,1,1,51,-9,9,0,0.635610342025757,-1,-1,-1,-1,0.333900690078735
26,1,1,52,9,9,1,0.718640089035034,-1,-1,-1,-1,0.385610342025757
26,1,1,53,-81,81,0,0.785530567169189,1,1,-1,-1,0.468640089035034
26,1,1,54,-81,81,0,0.517610788345337,-1,-1,1,1,0.535530567169189
26,1,1,55,-9,9,0,0.767610311508179,-1,-1,-1,-1,0.267610788345337
26,1,1,56,-3,3,0,0.567925930023193,-1,-1,-1,-1,0.517610311508179
26,1,1,57,-27,27,0,0.435214042663574,-1,-1,-1,-1,0.317925930023193
26,1,1,58,3,3,0,0.951735258102417,-1,-1,-1,-1,0.185214042663574
26,1,1,59,-81,81,0,0.819087266921997,1,-1,-1,-1,0.701735258102417
26,1,1,60,-9,9,0,0.667631387710571,-1,-1,-1,1,0.569087266921997
26,1,1,61,-27,27,0,0.569074153900146,-1,-1,-1,-1,0.417631387710571
26,1,1,62,-9,9,0,0.802363395690918,-1,-1,-1,-1,0.319074153900146
26,1,1,63,81,81,1,0.633841991424561,-1,-1,-1,-1,0.552363395690918
26,1,1,64,0,0,1,0.836088418960571,1,1,-1,-1,0.383841991424561
26,1,1,65,-3,3,1,0.63480281829834,1,1,1,1,0.586088418960571
26,1,1,66,27,27,1,0.585774898529053,-1,1,1,1,0.38480281829834
26,1,1,67,3,3,1,1.06874060630798,1,1,1,-1,0.335774898529053
26,1,1,68,27,27,1,0.619138956069946,1,1,1,1,0.818740606307983
26,1,1,69,-81,81,0,0.601006031036377,1,1,1,1,0.369138956069946
26,1,1,70,-3,3,1,0.617602348327637,-1,-1,1,1,0.351006031036377
26,1,1,71,-0,0,1,0.619193077087402,-1,1,-1,-1,0.367602348327637
26,1,1,72,-0,0,1,0.602768898010254,-1,1,1,-1,0.369193077087402
26,1,1,73,-0,0,1,1.2677960395813,-1,1,1,-1,0.352768898010254
26,1,1,74,81,81,1,0.667674779891968,-1,1,1,-1,1.0177960395813
26,1,1,75,27,27,1,0.533883810043335,1,1,1,-1,0.417674779891968
26,1,1,76,27,27,1,0.718650102615356,1,1,1,1,0.283883810043335
26,1,1,77,81,81,1,0.519390106201172,1,1,1,1,0.468650102615356
26,1,1,78,27,27,1,0.652593374252319,1,1,1,1,0.269390106201172
26,1,1,79,-81,81,0,0.618664979934692,1,1,1,1,0.402593374252319
26,1,1,80,3,3,0,0.719372510910034,-1,-1,1,1,0.368664979934692
26,1,1,81,-3,3,1,0.800943851470947,1,-1,-1,-1,0.469372510910034
26,1,1,82,-3,3,1,0.55098295211792,-1,1,-1,1,0.550943851470947
26,1,1,83,-0,0,1,1.01714992523193,-1,1,1,-1,0.30098295211792
26,1,1,84,-81,81,0,0.568104267120361,-1,1,1,-1,0.767149925231934
26,1,1,85,-9,9,0,0.751144886016846,-1,-1,1,-1,0.318104267120361
26,1,1,86,-27,27,0,0.568801164627075,-1,-1,-1,-1,0.501144886016846
26,1,1,87,-3,3,0,0.634573459625244,-1,-1,-1,-1,0.318801164627075
26,1,1,88,27,27,1,0.635631322860718,-1,-1,-1,-1,0.384573459625244
26,1,1,89,27,27,1,0.55222225189209,1,1,-1,-1,0.385631322860718
26,1,1,90,-27,27,0,0.584444999694824,1,1,1,1,0.30222225189209
26,1,1,91,-81,81,0,0.584495067596436,-1,-1,1,1,0.334444999694824
26,1,1,92,27,27,1,0.535940170288086,-1,-1,-1,-1,0.334495067596436
26,1,1,93,-3,3,1,0.61726713180542,1,1,-1,-1,0.285940170288086
26,1,1,94,-0,0,0,0.601254940032959,-1,1,1,1,0.36726713180542
26,1,1,95,-27,27,0,0.517657279968262,-1,-1,1,-1,0.351254940032959
26,1,1,96,-9,9,1,0.552447080612183,-1,-1,-1,-1,0.267657279968262
26,1,1,97,-81,81,0,0.70061469078064,-1,1,-1,-1,0.302447080612183
26,1,1,98,-9,9,0,0.751939535140991,-1,-1,1,-1,0.45061469078064
26,1,1,99,-3,3,0,0.751391410827637,-1,-1,-1,-1,0.501939535140991
26,1,2,2,81,81,1,0.619184255599976,-1,-1,-1,-1,0.55136251449585
26,1,2,3,-81,81,0,0.51767897605896,1,1,-1,-1,0.369184255599976
26,1,2,4,9,9,1,0.73517370223999,-1,-1,1,1,0.26767897605896
26,1,2,5,-9,9,0,0.651767492294312,1,1,-1,-1,0.48517370223999
26,1,2,6,9,9,1,0.635479927062988,-1,-1,1,1,0.401767492294312
26,1,2,7,-0,0,1,0.734299421310425,1,1,-1,-1,0.385479927062988
26,1,2,8,27,27,1,0.552608251571655,-1,1,1,1,0.484299421310425
26,1,2,9,-9,9,0,0.533865213394165,1,1,1,-1,0.302608251571655
26,1,2,10,-27,27,0,0.702255964279175,-1,-1,1,1,0.283865213394165
26,1,2,11,-9,9,0,0.717161178588867,-1,-1,-1,-1,0.452255964279175
26,1,2,12,9,9,1,0.984405517578125,-1,-1,-1,-1,0.467161178588867
26,1,2,13,-81,81,0,0.619372606277466,1,1,-1,-1,0.734405517578125
26,1,2,14,81,81,1,0.533809423446655,-1,-1,1,1,0.369372606277466
26,1,2,15,-3,3,0,0.902381181716919,1,1,-1,-1,0.283809423446655
26,1,2,16,9,9,1,0.734323740005493,-1,-1,1,1,0.652381181716919
26,1,2,17,-27,27,0,0.667605400085449,1,1,-1,-1,0.484323740005493
26,1,2,18,-9,9,0,0.669454097747803,-1,-1,1,1,0.417605400085449
26,1,2,19,-81,81,0,0.567646741867065,-1,-1,-1,-1,0.419454097747803
26,1,2,20,81,81,1,0.600950717926025,-1,-1,-1,-1,0.317646741867065
26,1,2,21,-3,3,1,0.884280681610107,1,1,-1,-1,0.350950717926025
26,1,2,22,3,3,0,1.00111413002014,-1,1,1,1,0.634280681610107
26,1,2,23,9,9,1,0.669325828552246,1,-1,1,-1,0.751114130020142
26,1,2,24,-3,3,1,1.01921510696411,1,1,-1,1,0.419325828552246
26,1,2,25,27,27,1,0.901086807250977,-1,1,1,1,0.769215106964111
26,1,2,26,-9,9,1,0.634362459182739,1,1,1,-1,0.651086807250977
26,1,2,27,81,81,1,0.584306001663208,-1,1,1,1,0.384362459182739
26,1,2,28,-9,9,0,0.567935705184937,1,1,1,-1,0.334306001663208
26,1,2,29,9,9,1,0.634275436401367,-1,-1,1,1,0.317935705184937
26,1,2,30,-27,27,0,0.669054985046387,1,1,-1,-1,0.384275436401367
26,1,2,31,3,3,1,0.601263046264648,-1,-1,1,1,0.419054985046387
26,1,2,32,-0,0,0,0.669318675994873,1,1,-1,-1,0.351263046264648
26,1,2,33,81,81,1,0.569156408309937,-1,-1,1,1,0.419318675994873
26,1,2,34,-3,3,0,0.400527000427246,1,1,-1,-1,0.319156408309937
26,1,2,35,27,27,1,0.53437066078186,-1,-1,1,1,0.150527000427246
26,1,2,36,-3,3,0,0.735556364059448,1,1,-1,-1,0.28437066078186
26,1,2,37,3,3,0,0.669032096862793,-1,-1,1,1,0.485556364059448
26,1,2,38,-3,3,0,1.10136485099792,1,-1,-1,-1,0.419032096862793
26,1,2,39,27,27,1,0.58549690246582,-1,-1,-1,1,0.851364850997925
26,1,2,40,-27,27,0,0.569037437438965,1,1,-1,-1,0.33549690246582
26,1,2,41,81,81,1,0.569274187088013,-1,-1,1,1,0.319037437438965
26,1,2,42,0,0,1,0.684377193450928,1,1,-1,-1,0.319274187088013
26,1,2,43,-0,0,1,0.801889419555664,1,1,1,1,0.434377193450928
26,1,2,44,9,9,1,0.767740249633789,-1,1,1,1,0.551889419555664
26,1,2,45,3,3,0,0.668757677078247,1,1,1,-1,0.517740249633789
26,1,2,46,-27,27,0,0.568459987640381,1,-1,1,1,0.418757677078247
26,1,2,47,27,27,1,0.534479379653931,-1,-1,-1,1,0.318459987640381
26,1,2,48,-27,27,0,0.651050806045532,1,1,-1,-1,0.284479379653931
26,1,2,49,27,27,1,0.885526657104492,-1,-1,1,1,0.401050806045532
26,1,2,50,-27,27,0,0.719454765319824,1,1,-1,-1,0.635526657104492
26,1,2,51,27,27,1,0.669239282608032,-1,-1,1,1,0.469454765319824
26,1,2,52,3,3,1,0.602896690368652,1,1,-1,-1,0.419239282608032
26,1,2,53,-81,81,0,0.551027297973633,1,1,1,1,0.352896690368652
26,1,2,54,3,3,0,0.735420703887939,-1,-1,1,1,0.301027297973633
26,1,2,55,-81,81,0,0.535124063491821,1,-1,-1,-1,0.485420703887939
26,1,2,56,3,3,0,0.635693311691284,-1,-1,-1,1,0.285124063491821
26,1,2,57,-9,9,1,1.1188051700592,1,-1,-1,-1,0.385693311691284
26,1,2,58,0,0,0,0.802488803863525,-1,1,-1,1,0.868805170059204
26,1,2,59,-81,81,0,0.585853099822998,1,-1,1,-1,0.552488803863525
26,1,2,60,81,81,1,0.551019191741943,-1,-1,-1,1,0.335853099822998
26,1,2,61,3,3,0,0.602307081222534,1,1,-1,-1,0.301019191741943
26,1,2,62,-81,81,0,0.535877227783203,1,-1,1,1,0.352307081222534
26,1,2,63,0,0,1,0.551805019378662,-1,-1,-1,1,0.285877227783203
26,1,2,64,-27,27,0,0.602649211883545,1,1,-1,-1,0.301805019378662
26,1,2,65,0,0,1,0.669307708740234,-1,-1,1,1,0.352649211883545
26,1,2,66,-0,0,0,0.602198839187622,1,1,-1,-1,0.419307708740234
26,1,2,67,81,81,1,0.567197561264038,-1,-1,1,1,0.352198839187622
26,1,2,68,0,0,0,1.00274324417114,1,1,-1,-1,0.317197561264038
26,1,2,69,-81,81,0,0.517828226089478,1,-1,1,1,0.752743244171143
26,1,2,70,-3,3,1,0.502668380737305,-1,-1,-1,1,0.267828226089478
26,1,2,71,81,81,1,0.584280014038086,-1,1,-1,-1,0.252668380737305
26,1,2,72,-3,3,1,0.635447263717651,1,1,1,-1,0.334280014038086
26,1,2,73,81,81,1,0.517625570297241,-1,1,1,1,0.385447263717651
26,1,2,74,-9,9,1,0.650953531265259,1,1,1,-1,0.267625570297241
26,1,2,75,27,27,1,0.518733024597168,-1,1,1,1,0.400953531265259
26,1,2,76,-9,9,1,0.683858633041382,1,1,1,-1,0.268733024597168
26,1,2,77,3,3,1,0.585317611694336,-1,1,1,1,0.433858633041382
26,1,2,78,-9,9,0,0.550511360168457,1,1,1,-1,0.335317611694336
26,1,2,79,3,3,0,0.667209148406982,-1,-1,1,1,0.300511360168457
26,1,2,80,-9,9,0,0.669324159622192,1,-1,-1,-1,0.417209148406982
26,1,2,81,27,27,1,0.535807847976685,-1,-1,-1,1,0.419324159622192
26,1,2,82,-3,3,1,0.634358644485474,1,1,-1,-1,0.285807847976685
26,1,2,83,9,9,1,0.552347898483276,-1,1,1,1,0.384358644485474
26,1,2,84,-81,81,0,0.567647695541382,1,1,1,-1,0.302347898483276
26,1,2,85,3,3,0,0.568671941757202,-1,-1,1,1,0.317647695541382
26,1,2,86,-9,9,0,0.636028289794922,1,-1,-1,-1,0.318671941757202
26,1,2,87,-9,9,0,0.885940313339233,-1,-1,-1,1,0.386028289794922
26,1,2,88,27,27,1,0.484492063522339,-1,-1,-1,-1,0.635940313339233
26,1,2,89,-27,27,0,0.636233329772949,1,1,-1,-1,0.234492063522339
26,1,2,90,-9,9,0,0.634296178817749,-1,-1,1,1,0.386233329772949
26,1,2,91,-27,27,0,1.00093698501587,-1,-1,-1,-1,0.384296178817749
26,1,2,92,27,27,1,0.686160802841187,-1,-1,-1,-1,0.750936985015869
26,1,2,93,27,27,1,0.567734479904175,1,1,-1,-1,0.436160802841187
26,1,2,94,-81,81,0,0.319250106811523,1,1,1,1,0.317734479904175
26,1,2,95,3,3,1,0.817146301269531,-1,-1,1,1,0.0692501068115234
26,1,2,96,81,81,1,0.551509141921997,1,1,-1,-1,0.567146301269531
26,1,2,97,-3,3,0,0.701953172683716,1,1,1,1,0.301509141921997
26,1,2,98,0,0,1,0.569077014923096,-1,-1,1,1,0.451953172683716
26,1,2,99,-81,81,0,0.551170349121094,1,1,-1,-1,0.319077014923096
26,1,3,2,-0,0,1,0.535933971405029,-1,-1,-1,-1,0.403078556060791
26,1,3,3,-81,81,0,0.519097089767456,-1,1,-1,-1,0.285933971405029
26,1,3,4,-27,27,0,0.617643594741821,-1,-1,1,-1,0.269097089767456
26,1,3,5,-27,27,0,0.602041482925415,-1,-1,-1,-1,0.367643594741821
26,1,3,6,-27,27,0,0.602773427963257,-1,-1,-1,-1,0.352041482925415
26,1,3,7,0,0,0,0.517798662185669,-1,-1,-1,-1,0.352773427963257
26,1,3,8,9,9,1,0.534323215484619,1,-1,-1,-1,0.267798662185669
26,1,3,9,81,81,1,0.769023418426514,1,1,-1,1,0.284323215484619
26,1,3,10,9,9,1,0.667130708694458,1,1,1,1,0.519023418426514
26,1,3,11,3,3,1,0.634896993637085,1,1,1,1,0.417130708694458
26,1,3,12,-81,81,0,0.58529257774353,1,1,1,1,0.384896993637085
26,1,3,13,-27,27,0,0.552382946014404,-1,-1,1,1,0.33529257774353
26,1,3,14,-9,9,0,0.550474166870117,-1,-1,-1,-1,0.302382946014404
26,1,3,15,-81,81,0,0.51718544960022,-1,-1,-1,-1,0.300474166870117
26,1,3,16,-27,27,0,0.585756063461304,-1,-1,-1,-1,0.26718544960022
26,1,3,17,27,27,1,0.484887599945068,-1,-1,-1,-1,0.335756063461304
26,1,3,18,9,9,1,0.551071405410767,1,1,-1,-1,0.234887599945068
26,1,3,19,81,81,1,0.467204332351685,1,1,1,1,0.301071405410767
26,1,3,20,3,3,1,1.28593564033508,1,1,1,1,0.217204332351685
26,1,3,21,27,27,1,0.683818578720093,1,1,1,1,1.03593564033508
26,1,3,22,9,9,1,0.635937929153442,1,1,1,1,0.433818578720093
26,1,3,23,-0,0,1,0.551943302154541,1,1,1,1,0.385937929153442
26,1,3,24,-9,9,0,0.751788854598999,-1,1,1,1,0.301943302154541
26,1,3,25,27,27,1,0.551183223724365,-1,-1,1,-1,0.501788854598999
26,1,3,26,27,27,1,0.518489599227905,1,1,-1,-1,0.301183223724365
26,1,3,27,81,81,1,0.8838050365448,1,1,1,1,0.268489599227905
26,1,3,28,-9,9,1,0.669005155563354,1,1,1,1,0.6338050365448
26,1,3,29,-9,9,1,0.600939750671387,-1,1,1,1,0.419005155563354
26,1,3,30,-3,3,1,1.30251264572144,-1,1,1,-1,0.350939750671387
26,1,3,31,-81,81,0,0.634464502334595,-1,1,1,-1,1.05251264572144
26,1,3,32,-27,27,0,0.567601680755615,-1,-1,1,-1,0.384464502334595
26,1,3,33,-81,81,0,0.667143106460571,-1,-1,-1,-1,0.317601680755615
26,1,3,34,-3,3,0,0.702589511871338,-1,-1,-1,-1,0.417143106460571
26,1,3,35,-0,0,0,0.518900394439697,-1,-1,-1,-1,0.452589511871338
26,1,3,36,-81,81,0,0.551211357116699,-1,-1,-1,-1,0.268900394439697
26,1,3,37,-3,3,0,0.852175235748291,-1,-1,-1,-1,0.301211357116699
26,1,3,38,-0,0,0,0.485839605331421,-1,-1,-1,-1,0.602175235748291
26,1,3,39,-9,9,0,1.00054430961609,-1,-1,-1,-1,0.235839605331421
26,1,3,40,-3,3,0,0.584840536117554,-1,-1,-1,-1,0.750544309616089
26,1,3,41,-3,3,0,0.335519552230835,-1,-1,-1,-1,0.334840536117554
26,1,3,42,-3,3,0,0.5692138671875,-1,-1,-1,-1,0.085519552230835
26,1,3,43,-0,0,0,1.06716990470886,-1,-1,-1,-1,0.3192138671875
26,1,3,44,-81,81,0,0.550987243652344,-1,-1,-1,-1,0.817169904708862
26,1,3,45,-27,27,0,0.567930936813354,-1,-1,-1,-1,0.300987243652344
26,1,3,46,81,81,1,0.552553176879883,-1,-1,-1,-1,0.317930936813354
26,1,3,47,3,3,0,0.56904149055481,1,1,-1,-1,0.302553176879883
26,1,3,48,3,3,1,0.585980653762817,1,-1,1,1,0.31904149055481
26,1,3,49,9,9,1,0.550483226776123,1,1,-1,1,0.335980653762817
26,1,3,50,81,81,1,0.852598190307617,1,1,1,1,0.300483226776123
26,1,3,51,27,27,1,0.568963050842285,1,1,1,1,0.602598190307617
26,1,3,52,27,27,1,0.569164752960205,1,1,1,1,0.318963050842285
26,1,3,53,0,0,1,0.319239854812622,1,1,1,1,0.319164752960205
26,1,3,54,-27,27,0,0.518752813339233,1,1,1,1,0.0692398548126221
26,1,3,55,-81,81,0,0.552507162094116,-1,-1,1,1,0.268752813339233
26,1,3,56,-27,27,0,0.536083698272705,-1,-1,-1,-1,0.302507162094116
26,1,3,57,-81,81,0,0.535657644271851,-1,-1,-1,-1,0.286083698272705
26,1,3,58,-9,9,0,0.502130746841431,-1,-1,-1,-1,0.285657644271851
26,1,3,59,-81,81,0,0.352596282958984,-1,-1,-1,-1,0.252130746841431
26,1,3,60,-81,81,0,0.484719514846802,-1,-1,-1,-1,0.102596282958984
26,1,3,61,-9,9,0,0.60176682472229,-1,-1,-1,-1,0.234719514846802
26,1,3,62,9,9,0,0.534466743469238,-1,-1,-1,-1,0.35176682472229
26,1,3,63,27,27,1,0.534929275512695,1,-1,-1,-1,0.284466743469238
26,1,3,64,0,0,1,0.386032104492188,1,1,-1,1,0.284929275512695
26,1,3,65,9,9,0,1.1852171421051,1,1,1,1,0.136032104492188
26,1,3,66,27,27,1,0.619190216064453,1,-1,1,1,0.935217142105103
26,1,3,67,27,27,1,0.585353851318359,1,1,-1,1,0.369190216064453
26,1,3,68,9,9,1,0.651043653488159,1,1,1,1,0.335353851318359
26,1,3,69,9,9,1,0.81937313079834,1,1,1,1,0.401043653488159
26,1,3,70,-9,9,1,0.600996255874634,1,1,1,1,0.56937313079834
26,1,3,71,-3,3,1,0.667680501937866,-1,1,1,1,0.350996255874634
26,1,3,72,81,81,1,0.636070966720581,-1,1,1,-1,0.417680501937866
26,1,3,73,-3,3,1,0.535572052001953,1,1,1,-1,0.386070966720581
26,1,3,74,-3,3,1,1.08449125289917,-1,1,1,1,0.285572052001953
26,1,3,75,-9,9,0,0.90142035484314,-1,1,1,-1,0.83449125289917
26,1,3,76,-9,9,0,0.567670583724976,-1,-1,1,-1,0.65142035484314
26,1,3,77,-27,27,0,0.534388065338135,-1,-1,-1,-1,0.317670583724976
26,1,3,78,-3,3,0,0.583840131759644,-1,-1,-1,-1,0.284388065338135
26,1,3,79,-27,27,0,0.550948143005371,-1,-1,-1,-1,0.333840131759644
26,1,3,80,-3,3,0,0.567954540252686,-1,-1,-1,-1,0.300948143005371
26,1,3,81,-81,81,0,0.534279584884644,-1,-1,-1,-1,0.317954540252686
26,1,3,82,0,0,0,0.801183223724365,-1,-1,-1,-1,0.284279584884644
26,1,3,83,-3,3,0,0.535764932632446,1,-1,-1,-1,0.551183223724365
26,1,3,84,-9,9,1,0.436049222946167,-1,-1,-1,1,0.285764932632446
26,1,3,85,-3,3,1,0.53435754776001,-1,1,-1,-1,0.186049222946167
26,1,3,86,-81,81,0,0.535828828811646,-1,1,1,-1,0.28435754776001
26,1,3,87,-0,0,0,0.552515268325806,-1,-1,1,-1,0.285828828811646
26,1,3,88,-3,3,0,0.584589004516602,-1,-1,-1,-1,0.302515268325806
26,1,3,89,-81,81,0,0.517637014389038,-1,-1,-1,-1,0.334589004516602
26,1,3,90,-3,3,0,0.719305038452148,-1,-1,-1,-1,0.267637014389038
26,1,3,91,-27,27,0,0.534359216690063,-1,-1,-1,-1,0.469305038452148
26,1,3,92,-9,9,0,0.484366416931152,-1,-1,-1,-1,0.284359216690063
26,1,3,93,-81,81,0,0.51762318611145,-1,-1,-1,-1,0.234366416931152
26,1,3,94,-3,3,0,0.569167137145996,-1,-1,-1,-1,0.26762318611145
26,1,3,95,-81,81,0,0.534298181533813,-1,-1,-1,-1,0.319167137145996
26,1,3,96,-0,0,0,0.967659950256348,-1,-1,-1,-1,0.284298181533813
26,1,3,97,-3,3,0,0.500489711761475,-1,-1,-1,-1,0.717659950256348
26,1,3,98,-9,9,0,0.550500154495239,-1,-1,-1,-1,0.250489711761475
26,1,3,99,-27,27,0,0.567186832427979,-1,-1,-1,-1,0.300500154495239
26,1,4,2,3,3,0,0.617618083953857,-1,-1,-1,-1,0.369204521179199
26,1,4,3,9,9,1,0.950928211212158,1,-1,-1,-1,0.367618083953857
26,1,4,4,-9,9,1,0.667619228363037,1,1,-1,1,0.700928211212158
26,1,4,5,81,81,1,0.652672052383423,-1,1,1,1,0.417619228363037
26,1,4,6,-9,9,1,0.752665042877197,1,1,1,-1,0.402672052383423
26,1,4,7,3,3,1,1.3015341758728,-1,1,1,1,0.502665042877197
26,1,4,8,3,3,0,0.952145338058472,1,1,1,-1,1.0515341758728
26,1,4,9,27,27,1,0.650946855545044,1,-1,1,1,0.702145338058472
26,1,4,10,-27,27,0,0.418912410736084,1,1,-1,1,0.400946855545044
26,1,4,11,-0,0,0,0.667195558547974,-1,-1,1,1,0.168912410736084
26,1,4,12,9,9,1,0.852646112442017,-1,-1,-1,-1,0.417195558547974
26,1,4,13,-27,27,0,0.586140394210815,1,1,-1,-1,0.602646112442017
26,1,4,14,0,0,1,0.684297561645508,-1,-1,1,1,0.336140394210815
26,1,4,15,-27,27,0,0.48594069480896,1,1,-1,-1,0.434297561645508
26,1,4,16,81,81,1,0.483856201171875,-1,-1,1,1,0.23594069480896
26,1,4,17,27,27,1,0.501347303390503,1,1,-1,-1,0.233856201171875
26,1,4,18,-0,0,1,0.584859132766724,1,1,1,1,0.251347303390503
26,1,4,19,81,81,1,0.518475770950317,-1,1,1,1,0.334859132766724
26,1,4,20,-0,0,1,0.518847227096558,1,1,1,-1,0.268475770950317
26,1,4,21,81,81,1,0.517599105834961,-1,1,1,1,0.268847227096558
26,1,4,22,27,27,1,0.534674882888794,1,1,1,-1,0.267599105834961
26,1,4,23,9,9,1,0.717765808105469,1,1,1,1,0.284674882888794
26,1,4,24,-3,3,1,0.535473346710205,1,1,1,1,0.467765808105469
26,1,4,25,0,0,0,0.78595495223999,-1,1,1,1,0.285473346710205
26,1,4,26,27,27,1,0.702353000640869,1,-1,1,-1,0.53595495223999
26,1,4,27,-81,81,0,0.550968647003174,1,1,-1,1,0.452353000640869
26,1,4,28,3,3,0,0.469197273254395,-1,-1,1,1,0.300968647003174
26,1,4,29,-9,9,0,0.569394826889038,1,-1,-1,-1,0.219197273254395
26,1,4,30,81,81,1,0.469042301177979,-1,-1,-1,1,0.319394826889038
26,1,4,31,-81,81,0,0.535979509353638,1,1,-1,-1,0.219042301177979
26,1,4,32,27,27,1,0.484534025192261,-1,-1,1,1,0.285979509353638
26,1,4,33,81,81,1,0.484431505203247,1,1,-1,-1,0.234534025192261
26,1,4,34,-9,9,0,0.967178106307983,1,1,1,1,0.234431505203247
26,1,4,35,3,3,0,0.419583797454834,-1,-1,1,1,0.717178106307983
26,1,4,36,-0,0,1,0.767157077789307,1,-1,-1,-1,0.169583797454834
26,1,4,37,0,0,1,1.11898231506348,-1,1,-1,1,0.517157077789307
26,1,4,38,-9,9,0,0.469284296035767,1,1,1,-1,0.868982315063477
26,1,4,39,81,81,1,0.501981258392334,-1,-1,1,1,0.219284296035767
26,1,4,40,-3,3,1,0.501405954360962,1,1,-1,-1,0.251981258392334
26,1,4,41,-81,81,0,0.519284963607788,-1,1,1,1,0.251405954360962
26,1,4,42,27,27,1,0.484280347824097,-1,-1,1,-1,0.269284963607788
26,1,4,43,-27,27,0,0.435956954956055,1,1,-1,-1,0.234280347824097
26,1,4,44,81,81,1,0.517629861831665,-1,-1,1,1,0.185956954956055
26,1,4,45,-27,27,0,0.551876068115234,1,1,-1,-1,0.267629861831665
26,1,4,46,-27,27,0,0.63523006439209,-1,-1,1,1,0.301876068115234
26,1,4,47,3,3,0,0.534300327301025,-1,-1,-1,-1,0.38523006439209
26,1,4,48,27,27,1,0.502707004547119,1,-1,-1,-1,0.284300327301025
26,1,4,49,-0,0,1,0.60095477104187,1,1,-1,1,0.252707004547119
26,1,4,50,-9,9,0,0.517647504806519,-1,1,1,1,0.35095477104187
26,1,4,51,9,9,0,0.535314559936523,-1,-1,1,-1,0.267647504806519
26,1,4,52,-0,0,0,0.502278804779053,1,-1,-1,-1,0.285314559936523
26,1,4,53,9,9,1,0.502775192260742,-1,-1,-1,1,0.252278804779053
26,1,4,54,9,9,1,0.519320487976074,1,1,-1,-1,0.252775192260742
26,1,4,55,3,3,1,0.569289207458496,1,1,1,1,0.269320487976074
26,1,4,56,-27,27,0,0.385323286056519,1,1,1,1,0.319289207458496
26,1,4,57,-27,27,0,0.519160032272339,-1,-1,1,1,0.135323286056519
26,1,4,58,27,27,1,0.583815097808838,-1,-1,-1,-1,0.269160032272339
26,1,4,59,-27,27,0,0.53427267074585,1,1,-1,-1,0.333815097808838
26,1,4,60,27,27,1,0.517147779464722,-1,-1,1,1,0.28427267074585
26,1,4,61,-0,0,1,0.534708976745605,1,1,-1,-1,0.267147779464722
26,1,4,62,81,81,1,0.452040433883667,-1,1,1,1,0.284708976745605
26,1,4,63,-0,0,1,0.901011943817139,1,1,1,-1,0.202040433883667
26,1,4,64,81,81,1,0.500918865203857,-1,1,1,1,0.651011943817139
26,1,4,65,-3,3,1,0.535994291305542,1,1,1,-1,0.250918865203857
26,1,4,66,81,81,1,0.433810710906982,-1,1,1,1,0.285994291305542
26,1,4,67,-81,81,0,0.534316539764404,1,1,1,-1,0.183810710906982
26,1,4,68,27,27,1,0.584465742111206,-1,-1,1,1,0.284316539764404
26,1,4,69,81,81,1,0.518609523773193,1,1,-1,-1,0.334465742111206
26,1,4,70,-3,3,1,0.501694440841675,1,1,1,1,0.268609523773193
26,1,4,71,3,3,0,0.833814144134521,-1,1,1,1,0.251694440841675
26,1,4,72,-3,3,1,1.30192112922668,1,-1,1,-1,0.583814144134521
26,1,4,73,3,3,1,0.501893281936646,-1,1,-1,1,1.05192112922668
26,1,4,74,81,81,1,0.48426628112793,1,1,1,-1,0.251893281936646
26,1,4,75,-81,81,0,0.519240379333496,1,1,1,1,0.23426628112793
26,1,4,76,3,3,1,0.567177534103394,-1,-1,1,1,0.269240379333496
26,1,4,77,-3,3,1,0.600518465042114,1,1,-1,-1,0.317177534103394
26,1,4,78,81,81,1,0.552287101745605,-1,1,1,1,0.350518465042114
26,1,4,79,-3,3,0,0.535598278045654,1,1,1,-1,0.302287101745605
26,1,4,80,9,9,1,0.535524129867554,-1,-1,1,1,0.285598278045654
26,1,4,81,-3,3,0,0.469180583953857,1,1,-1,-1,0.285524129867554
26,1,4,86,9,9,1,0.617627143859863,-1,-1,-1,1,0.583917379379272
26,1,4,87,9,9,1,0.485805988311768,1,1,-1,-1,0.367627143859863
26,1,4,88,-27,27,0,0.502079963684082,1,1,1,1,0.235805988311768
26,1,4,89,-27,27,0,0.551899194717407,-1,-1,1,1,0.252079963684082
26,1,4,90,9,9,0,0.517615795135498,-1,-1,-1,-1,0.301899194717407
26,1,4,91,-81,81,0,0.519475936889648,1,-1,-1,-1,0.267615795135498
26,1,4,92,9,9,1,0.534497022628784,-1,-1,-1,1,0.269475936889648
26,1,4,93,81,81,1,0.517828702926636,1,1,-1,-1,0.284497022628784
26,1,4,94,9,9,1,0.502275943756104,1,1,1,1,0.267828702926636
26,1,4,95,-27,27,0,0.502495765686035,1,1,1,1,0.252275943756104
26,1,4,96,3,3,1,1.06950259208679,-1,-1,1,1,0.252495765686035
26,1,4,97,-81,81,0,0.502428293228149,1,1,-1,-1,0.819502592086792
26,1,4,98,3,3,1,0.500939130783081,-1,-1,1,1,0.252428293228149
26,1,4,99,-9,9,0,0.467608213424683,1,1,-1,-1,0.250939130783081
26,1,5,2,27,27,1,0.536055088043213,-1,-1,-1,1,0.235849857330322
26,1,5,3,-81,81,0,0.517627716064453,1,1,-1,-1,0.286055088043213
26,1,5,4,9,9,1,0.535540342330933,-1,-1,1,1,0.267627716064453
26,1,5,5,-27,27,0,0.317959785461426,1,1,-1,-1,0.285540342330933
26,1,5,6,-81,81,0,0.518922090530396,-1,-1,1,1,0.0679597854614258
26,1,5,7,-3,3,0,0.535332679748535,-1,-1,-1,-1,0.268922090530396
26,1,5,8,-3,3,0,0.5178542137146,-1,-1,-1,-1,0.285332679748535
26,1,5,9,-27,27,0,0.502315044403076,-1,-1,-1,-1,0.2678542137146
26,1,5,10,-9,9,0,0.567162990570068,-1,-1,-1,-1,0.252315044403076
26,1,5,11,-3,3,0,0.650966167449951,-1,-1,-1,-1,0.317162990570068
26,1,5,12,3,3,0,0.517178773880005,-1,-1,-1,-1,0.400966167449951
26,1,5,13,9,9,1,0.535588979721069,1,-1,-1,-1,0.267178773880005
26,1,5,14,-27,27,0,0.485875368118286,1,1,-1,1,0.285588979721069
26,1,5,15,-81,81,0,0.735363006591797,-1,-1,1,1,0.235875368118286
26,1,5,16,-9,9,0,0.601026773452759,-1,-1,-1,-1,0.485363006591797
26,1,5,17,-27,27,0,0.484326601028442,-1,-1,-1,-1,0.351026773452759
26,1,5,18,9,9,0,0.567648649215698,-1,-1,-1,-1,0.234326601028442
26,1,5,19,0,0,0,0.634865760803223,1,-1,-1,-1,0.317648649215698
26,1,5,20,3,3,1,0.668049335479736,1,-1,-1,1,0.384865760803223
26,1,5,21,3,3,1,0.41937780380249,1,1,-1,1,0.418049335479736
26,1,5,22,81,81,1,0.600945472717285,1,1,1,1,0.16937780380249
26,1,5,23,3,3,1,0.734928846359253,1,1,1,1,0.350945472717285
26,1,5,24,-81,81,0,0.552608251571655,1,1,1,1,0.484928846359253
26,1,5,25,-9,9,0,0.651061296463013,-1,-1,1,1,0.302608251571655
26,1,5,26,9,9,1,0.568753957748413,-1,-1,-1,-1,0.401061296463013
26,1,5,27,81,81,1,0.568111658096313,1,1,-1,-1,0.318753957748413
26,1,5,28,81,81,1,0.550947427749634,1,1,1,1,0.318111658096313
26,1,5,29,-3,3,1,0.634809494018555,1,1,1,1,0.300947427749634
26,1,5,30,-0,0,1,0.551000595092773,-1,1,1,1,0.384809494018555
26,1,5,31,-3,3,1,0.434427261352539,-1,1,1,-1,0.301000595092773
26,1,5,32,0,0,0,0.551140308380127,-1,1,1,-1,0.184427261352539
26,1,5,33,-9,9,0,0.552584171295166,1,-1,1,-1,0.301140308380127
26,1,5,34,0,0,0,0.552621841430664,-1,-1,-1,1,0.302584171295166
26,1,5,35,3,3,0,0.552745819091797,1,-1,-1,-1,0.302621841430664
26,1,5,36,81,81,1,0.501865386962891,1,-1,-1,1,0.302745819091797
26,1,5,37,81,81,1,0.517647504806519,1,1,-1,1,0.251865386962891
26,1,5,38,-0,0,0,0.467673540115356,1,1,1,1,0.267647504806519
26,1,5,39,-3,3,0,0.384435176849365,-1,-1,1,1,0.217673540115356
26,1,5,40,81,81,1,0.435413599014282,-1,-1,-1,-1,0.134435176849365
26,1,5,41,-3,3,0,0.500597238540649,1,1,-1,-1,0.185413599014282
26,1,5,42,-0,0,0,0.551898241043091,-1,-1,1,1,0.250597238540649
26,1,5,43,-81,81,0,0.469152212142944,-1,-1,-1,-1,0.301898241043091
26,1,5,44,-9,9,0,0.501128911972046,-1,-1,-1,-1,0.219152212142944
26,1,5,45,-81,81,0,0.63392972946167,-1,-1,-1,-1,0.251128911972046
26,1,5,46,-27,27,0,0.48428201675415,-1,-1,-1,-1,0.38392972946167
26,1,5,47,-27,27,0,0.483852624893188,-1,-1,-1,-1,0.23428201675415
26,1,5,48,0,0,1,0.436097145080566,-1,-1,-1,-1,0.233852624893188
26,1,5,49,-81,81,0,0.48383617401123,1,1,-1,-1,0.186097145080566
26,1,5,50,81,81,1,0.567599058151245,-1,-1,1,1,0.23383617401123
26,1,5,51,3,3,1,0.535041093826294,1,1,-1,-1,0.317599058151245
26,1,5,52,0,0,0,1.03582572937012,1,1,1,1,0.285041093826294
26,1,5,53,-27,27,0,0.484347105026245,1,-1,1,1,0.785825729370117
26,1,5,54,-27,27,0,0.51778769493103,-1,-1,-1,1,0.234347105026245
26,1,5,55,-9,9,0,0.535276174545288,-1,-1,-1,-1,0.26778769493103
26,1,5,56,81,81,1,0.568080902099609,-1,-1,-1,-1,0.285276174545288
26,1,5,57,-9,9,0,0.719321966171265,1,1,-1,-1,0.318080902099609
26,1,5,58,27,27,1,0.501049757003784,-1,-1,1,1,0.469321966171265
26,1,5,59,0,0,1,0.718957901000977,1,1,-1,-1,0.251049757003784
26,1,5,60,-27,27,0,0.501946926116943,1,1,1,1,0.468957901000977
26,1,5,61,-81,81,0,0.469333648681641,-1,-1,1,1,0.251946926116943
26,1,5,62,9,9,1,0.769704341888428,-1,-1,-1,-1,0.219333648681641
26,1,5,63,-9,9,0,0.600940227508545,1,1,-1,-1,0.519704341888428
26,1,5,64,-81,81,0,0.536080360412598,-1,-1,1,1,0.350940227508545
26,1,5,65,-27,27,0,0.50051474571228,-1,-1,-1,-1,0.286080360412598
26,1,5,66,27,27,1,0.517809152603149,-1,-1,-1,-1,0.25051474571228
26,1,5,67,81,81,1,0.534261226654053,1,1,-1,-1,0.267809152603149
26,1,5,68,27,27,1,0.48465633392334,1,1,1,1,0.284261226654053
26,1,5,69,9,9,1,0.701135873794556,1,1,1,1,0.23465633392334
26,1,5,70,27,27,1,0.384389162063599,1,1,1,1,0.451135873794556
26,1,5,71,-81,81,0,0.485641002655029,1,1,1,1,0.134389162063599
26,1,5,72,3,3,0,0.617232799530029,-1,-1,1,1,0.235641002655029
26,1,5,73,81,81,1,0.517180204391479,1,-1,-1,-1,0.367232799530029
26,1,5,74,-3,3,0,0.685532093048096,1,1,-1,1,0.267180204391479
26,1,5,75,27,27,1,0.684415817260742,-1,-1,1,1,0.435532093048096
26,1,5,76,-27,27,0,0.500913143157959,1,1,-1,-1,0.434415817260742
26,1,5,77,81,81,1,0.500944137573242,-1,-1,1,1,0.250913143157959
26,1,5,78,-3,3,0,0.601718902587891,1,1,-1,-1,0.250944137573242
26,1,5,79,9,9,1,0.551522016525269,-1,-1,1,1,0.351718902587891
26,1,5,80,27,27,1,0.48550820350647,1,1,-1,-1,0.301522016525269
26,1,5,81,-27,27,0,0.502535581588745,1,1,1,1,0.23550820350647
26,1,5,82,-9,9,1,1.2844123840332,-1,-1,1,1,0.252535581588745
26,1,5,83,-3,3,0,0.567209005355835,-1,1,-1,-1,1.0344123840332
26,1,5,84,9,9,0,0.585214376449585,-1,-1,1,-1,0.317209005355835
26,1,5,85,-9,9,0,1.03390765190125,1,-1,-1,-1,0.335214376449585
26,1,5,86,3,3,0,0.55137300491333,-1,-1,-1,1,0.783907651901245
26,1,5,87,9,9,1,0.618278980255127,1,-1,-1,-1,0.30137300491333
26,1,5,88,9,9,1,0.569294214248657,1,1,-1,1,0.368278980255127
26,1,5,89,-9,9,1,0.383859157562256,1,1,1,1,0.319294214248657
26,1,5,90,3,3,0,0.433839321136475,-1,1,1,1,0.133859157562256
26,1,5,91,-3,3,0,0.58444619178772,1,-1,1,-1,0.183839321136475
26,1,5,92,81,81,1,0.550989151000977,-1,-1,-1,1,0.33444619178772
26,1,5,93,-3,3,0,0.633825302124023,1,1,-1,-1,0.300989151000977
26,1,5,94,27,27,1,0.619329690933228,-1,-1,1,1,0.383825302124023
26,1,5,95,27,27,1,0.517696142196655,1,1,-1,-1,0.369329690933228
26,1,5,96,3,3,1,0.635708570480347,1,1,1,1,0.267696142196655
26,1,5,97,27,27,1,0.483864068984985,1,1,1,1,0.385708570480347
26,1,5,98,-9,9,0,0.635936260223389,1,1,1,1,0.233864068984985
26,1,5,99,0,0,0,0.717668056488037,-1,-1,1,1,0.385936260223389
26,1,6,2,-81,81,0,0.534432172775269,-1,-1,-1,-1,0.286193370819092
26,1,6,3,-27,27,0,0.483831167221069,-1,-1,-1,-1,0.284432172775269
26,1,6,4,-9,9,1,0.934813499450684,-1,-1,-1,-1,0.233831167221069
26,1,6,5,-3,3,0,1.11938524246216,-1,1,-1,-1,0.684813499450684
26,1,6,6,9,9,0,0.551164627075195,-1,-1,1,-1,0.869385242462158
26,1,6,7,-81,81,0,0.467231273651123,1,-1,-1,-1,0.301164627075195
26,1,6,8,-3,3,0,0.567741870880127,-1,-1,-1,1,0.217231273651123
26,1,6,9,-0,0,1,1.15238046646118,-1,-1,-1,-1,0.317741870880127
26,1,6,10,3,3,0,0.968673944473267,-1,1,-1,-1,0.902380466461182
26,1,6,11,81,81,1,0.53580904006958,1,-1,1,-1,0.718673944473267
26,1,6,12,-9,9,0,0.517174482345581,1,1,-1,1,0.28580904006958
26,1,6,13,9,9,1,0.469238996505737,-1,-1,1,1,0.267174482345581
26,1,6,14,81,81,1,0.467169046401978,1,1,-1,-1,0.219238996505737
26,1,6,15,27,27,1,0.502634286880493,1,1,1,1,0.217169046401978
26,1,6,16,-27,27,0,0.735057830810547,1,1,1,1,0.252634286880493
26,1,6,17,81,81,1,0.519483089447021,-1,-1,1,1,0.485057830810547
26,1,6,18,-27,27,0,0.469156265258789,1,1,-1,-1,0.269483089447021
26,1,6,19,-9,9,0,0.552608251571655,-1,-1,1,1,0.219156265258789
26,1,6,20,0,0,0,0.517648935317993,-1,-1,-1,-1,0.302608251571655
26,1,6,21,-81,81,0,0.318856477737427,1,-1,-1,-1,0.267648935317993
26,1,6,22,-81,81,0,0.551927089691162,-1,-1,-1,1,0.0688564777374268
26,1,6,23,81,81,1,0.569392204284668,-1,-1,-1,-1,0.301927089691162
26,1,6,24,3,3,0,0.735186100006104,1,1,-1,-1,0.319392204284668
26,1,6,25,3,3,0,0.567656278610229,1,-1,1,1,0.485186100006104
26,1,6,26,-9,9,1,0.383838415145874,1,-1,-1,1,0.317656278610229
26,1,6,27,9,9,1,0.567657470703125,-1,1,-1,1,0.133838415145874
26,1,6,28,81,81,1,0.51762318611145,1,1,1,-1,0.317657470703125
26,1,6,29,-9,9,1,0.668844699859619,1,1,1,1,0.26762318611145
26,1,6,30,-3,3,0,1.0186722278595,-1,1,1,1,0.418844699859619
26,1,6,31,3,3,1,0.951832056045532,-1,-1,1,-1,0.768672227859497
26,1,6,32,27,27,1,0.418671846389771,1,1,-1,-1,0.701832056045532
26,1,6,33,3,3,1,0.769416332244873,1,1,1,1,0.168671846389771
26,1,6,34,27,27,1,0.467896938323975,1,1,1,1,0.519416332244873
26,1,6,35,-27,27,0,0.467674016952515,1,1,1,1,0.217896938323975
26,1,6,36,-0,0,1,0.585924625396729,-1,-1,1,1,0.217674016952515
26,1,6,37,81,81,1,0.552576541900635,-1,1,-1,-1,0.335924625396729
26,1,6,38,-81,81,0,0.3176589012146,1,1,1,-1,0.302576541900635
26,1,6,39,-3,3,1,0.518798112869263,-1,-1,1,1,0.0676589012145996
26,1,6,40,-81,81,0,0.517706155776978,-1,1,-1,-1,0.268798112869263
26,1,6,41,9,9,1,0.535123109817505,-1,-1,1,-1,0.267706155776978
26,1,6,42,-27,27,0,0.484789133071899,1,1,-1,-1,0.285123109817505
26,1,6,43,-0,0,0,0.567209005355835,-1,-1,1,1,0.234789133071899
26,1,6,44,-81,81,0,0.534326553344727,-1,-1,-1,-1,0.317209005355835
26,1,6,45,9,9,1,0.600492238998413,-1,-1,-1,-1,0.284326553344727
26,1,6,46,-9,9,0,0.719268083572388,1,1,-1,-1,0.350492238998413
26,1,6,47,-0,0,0,0.684311389923096,-1,-1,1,1,0.469268083572388
26,1,6,48,3,3,0,0.58602499961853,-1,-1,-1,-1,0.434311389923096
26,1,6,49,-81,81,0,0.617780685424805,1,-1,-1,-1,0.33602499961853
26,1,6,50,-27,27,0,0.501381158828735,-1,-1,-1,1,0.367780685424805
26,1,6,51,81,81,1,0.519619226455688,-1,-1,-1,-1,0.251381158828735
26,1,6,52,-0,0,1,0.61767840385437,1,1,-1,-1,0.269619226455688
26,1,6,53,0,0,1,0.484484910964966,-1,1,1,1,0.36767840385437
26,1,6,54,27,27,1,0.517159461975098,1,1,1,-1,0.234484910964966
26,1,6,55,9,9,1,0.552308797836304,1,1,1,1,0.267159461975098
26,1,6,56,-81,81,0,0.567913055419922,1,1,1,1,0.302308797836304
26,1,6,57,3,3,0,0.469097137451172,-1,-1,1,1,0.317913055419922
26,1,6,58,-3,3,0,0.583822250366211,1,-1,-1,-1,0.219097137451172
26,1,6,59,9,9,0,0.501303195953369,-1,-1,-1,1,0.333822250366211
26,1,6,60,81,81,1,0.552211999893188,1,-1,-1,-1,0.251303195953369
26,1,6,61,-3,3,1,0.585589170455933,1,1,-1,1,0.302211999893188
26,1,6,62,3,3,1,0.601068735122681,-1,1,1,1,0.335589170455933
26,1,6,63,-27,27,0,0.484456777572632,1,1,1,-1,0.351068735122681
26,1,6,64,-0,0,0,0.533812046051025,-1,-1,1,1,0.234456777572632
26,1,6,65,-9,9,0,0.485528707504272,-1,-1,-1,-1,0.283812046051025
26,1,6,66,-3,3,0,0.502564907073975,-1,-1,-1,-1,0.235528707504272
26,1,6,67,9,9,1,0.551140546798706,-1,-1,-1,-1,0.252564907073975
26,1,6,68,27,27,1,0.517144918441772,1,1,-1,-1,0.301140546798706
26,1,6,69,3,3,0,0.701629161834717,1,1,1,1,0.267144918441772
26,1,6,70,9,9,1,0.569437265396118,1,-1,1,1,0.451629161834717
26,1,6,71,3,3,0,1.06765937805176,1,1,-1,1,0.319437265396118
26,1,6,72,27,27,1,0.51764440536499,1,-1,1,1,0.817659378051758
26,1,6,73,-27,27,0,0.60267972946167,1,1,-1,1,0.26764440536499
26,1,6,74,-27,27,0,0.552333116531372,-1,-1,1,1,0.35267972946167
26,1,6,75,-9,9,0,0.486183643341064,-1,-1,-1,-1,0.302333116531372
26,1,6,76,0,0,1,0.517663717269897,-1,-1,-1,-1,0.236183643341064
26,1,6,77,-27,27,0,0.435214996337891,1,1,-1,-1,0.267663717269897
26,1,6,78,-3,3,0,0.501435279846191,-1,-1,1,1,0.185214996337891
26,1,6,79,-81,81,0,0.550521612167358,-1,-1,-1,-1,0.251435279846191
26,1,6,80,-9,9,0,0.58554220199585,-1,-1,-1,-1,0.300521612167358
26,1,6,81,-81,81,0,0.383838653564453,-1,-1,-1,-1,0.33554220199585
26,1,6,82,27,27,1,0.569367408752441,-1,-1,-1,-1,0.133838653564453
26,1,6,83,9,9,0,0.585763931274414,1,1,-1,-1,0.319367408752441
26,1,6,84,-3,3,1,0.552011251449585,1,-1,1,1,0.335763931274414
26,1,6,85,-3,3,1,0.56768798828125,-1,1,-1,1,0.302011251449585
26,1,6,86,27,27,1,0.536051988601685,-1,1,1,-1,0.31768798828125
26,1,6,87,81,81,1,0.500499486923218,1,1,1,-1,0.286051988601685
26,1,6,88,27,27,1,0.567196607589722,1,1,1,1,0.250499486923218
26,1,6,89,9,9,1,0.60098934173584,1,1,1,1,0.317196607589722
26,1,6,90,81,81,1,0.501555204391479,1,1,1,1,0.35098934173584
26,1,6,91,27,27,1,0.634281396865845,1,1,1,1,0.251555204391479
26,1,6,92,-3,3,1,0.969786643981934,1,1,1,1,0.384281396865845
26,1,6,93,-0,0,1,0.6676025390625,-1,1,1,1,0.719786643981934
26,1,6,94,-9,9,1,0.51935601234436,-1,1,1,-1,0.4176025390625
26,1,6,95,-9,9,0,0.26929759979248,-1,1,1,-1,0.26935601234436
26,1,6,96,-3,3,0,0.685392618179321,-1,-1,1,-1,0.0192975997924805
26,1,6,97,81,81,1,0.500979661941528,-1,-1,-1,-1,0.435392618179321
26,1,6,98,0,0,0,0.501492261886597,1,1,-1,-1,0.250979661941528
26,1,6,99,-27,27,0,0.401044845581055,1,-1,1,1,0.251492261886597
26,2,1,2,-9,9,0,0.600541353225708,-1,-1,-1,-1,0.284044742584229
26,2,1,3,-9,9,1,0.602601289749146,-1,-1,-1,-1,0.350541353225708
26,2,1,4,-81,81,0,0.551442384719849,-1,1,-1,-1,0.352601289749146
26,2,1,5,-81,81,0,0.602375984191895,-1,-1,1,-1,0.301442384719849
26,2,1,6,-9,9,0,0.567203521728516,-1,-1,-1,-1,0.352375984191895
26,2,1,7,-81,81,0,0.584311485290527,-1,-1,-1,-1,0.317203521728516
26,2,1,8,-3,3,0,0.984302759170532,-1,-1,-1,-1,0.334311485290527
26,2,1,9,-3,3,0,0.733892917633057,-1,-1,-1,-1,0.734302759170532
26,2,1,10,-27,27,0,0.567661285400391,-1,-1,-1,-1,0.483892917633057
26,2,1,11,9,9,1,1.33497381210327,-1,-1,-1,-1,0.317661285400391
26,2,1,12,81,81,1,0.600480079650879,1,1,-1,-1,1.08497381210327
26,2,1,13,9,9,1,0.902639865875244,1,1,1,1,0.350480079650879
26,2,1,14,3,3,1,0.918109893798828,1,1,1,1,0.652639865875244
26,2,1,15,-81,81,0,0.568749189376831,1,1,1,1,0.668109893798828
26,2,1,16,-27,27,0,0.65221118927002,-1,-1,1,1,0.318749189376831
26,2,1,17,-27,27,0,0.567807197570801,-1,-1,-1,-1,0.40221118927002
26,2,1,18,-81,81,0,0.569000005722046,-1,-1,-1,-1,0.317807197570801
26,2,1,19,-27,27,0,0.567146301269531,-1,-1,-1,-1,0.319000005722046
26,2,1,20,-27,27,0,0.600481986999512,-1,-1,-1,-1,0.317146301269531
26,2,1,21,-3,3,1,0.852349281311035,-1,-1,-1,-1,0.350481986999512
26,2,1,22,-0,0,1,1.25116634368896,-1,1,-1,-1,0.602349281311035
26,2,1,23,-27,27,1,1.1343138217926,-1,1,1,-1,1.00116634368896
26,2,1,24,-27,27,0,0.584515810012817,-1,1,1,-1,0.884313821792603
26,2,1,25,3,3,0,0.534987211227417,-1,-1,1,-1,0.334515810012817
26,2,1,26,3,3,0,1.23610973358154,1,-1,-1,-1,0.284987211227417
26,2,1,27,9,9,1,0.867671728134155,1,-1,-1,1,0.986109733581543
26,2,1,28,3,3,1,0.767889976501465,1,1,-1,1,0.617671728134155
26,2,1,29,0,0,0,0.601035833358765,1,1,1,1,0.517889976501465
26,2,1,30,27,27,1,0.619051933288574,1,-1,1,1,0.351035833358765
26,2,1,31,-27,27,0,0.584368944168091,1,1,-1,1,0.369051933288574
26,2,1,32,-81,81,0,0.767630338668823,-1,-1,1,1,0.334368944168091
26,2,1,33,-81,81,0,0.533842086791992,-1,-1,-1,-1,0.517630338668823
26,2,1,34,27,27,1,0.534285545349121,-1,-1,-1,-1,0.283842086791992
26,2,1,35,3,3,0,0.834364414215088,1,1,-1,-1,0.284285545349121
26,2,1,36,27,27,1,0.568542003631592,1,-1,1,1,0.584364414215088
26,2,1,37,-9,9,0,0.367639541625977,1,1,-1,1,0.318542003631592
26,2,1,38,81,81,1,0.533849239349365,-1,-1,1,1,0.117639541625977
26,2,1,39,-9,9,0,0.667838335037231,1,1,-1,-1,0.283849239349365
26,2,1,40,-27,27,0,0.60112452507019,-1,-1,1,1,0.417838335037231
26,2,1,41,-0,0,0,0.534294605255127,-1,-1,-1,-1,0.35112452507019
26,2,1,42,-81,81,0,0.635782480239868,-1,-1,-1,-1,0.284294605255127
26,2,1,43,-0,0,1,0.650519132614136,-1,-1,-1,-1,0.385782480239868
26,2,1,44,-0,0,0,0.734281301498413,-1,1,-1,-1,0.400519132614136
26,2,1,45,-0,0,0,0.984924554824829,-1,-1,1,-1,0.484281301498413
26,2,1,46,-27,27,0,0.56879734992981,-1,-1,-1,-1,0.734924554824829
26,2,1,47,9,9,1,0.702555179595947,-1,-1,-1,-1,0.31879734992981
26,2,1,48,81,81,1,0.586012125015259,1,1,-1,-1,0.452555179595947
26,2,1,49,-81,81,0,0.517639875411987,1,1,1,1,0.336012125015259
26,2,1,50,-3,3,0,0.518917560577393,-1,-1,1,1,0.267639875411987
26,2,1,51,3,3,0,1.20116591453552,-1,-1,-1,-1,0.268917560577393
26,2,1,52,-27,27,0,0.650485992431641,1,-1,-1,-1,0.951165914535522
26,2,1,53,9,9,1,0.567635774612427,-1,-1,-1,1,0.400485992431641
26,2,1,54,9,9,0,0.883831024169922,1,1,-1,-1,0.317635774612427
26,2,1,55,9,9,1,1.00209832191467,1,-1,1,1,0.633831024169922
26,2,1,56,27,27,1,0.600498914718628,1,1,-1,1,0.752098321914673
26,2,1,57,0,0,1,0.717176198959351,1,1,1,1,0.350498914718628
26,2,1,58,3,3,1,1.00119185447693,1,1,1,1,0.467176198959351
26,2,1,59,3,3,1,0.56772518157959,1,1,1,1,0.751191854476929
26,2,1,60,81,81,1,0.601288795471191,1,1,1,1,0.31772518157959
26,2,1,61,3,3,1,0.583909511566162,1,1,1,1,0.351288795471191
26,2,1,62,3,3,1,0.567154884338379,1,1,1,1,0.333909511566162
26,2,1,63,3,3,1,0.634312629699707,1,1,1,1,0.317154884338379
26,2,1,64,-27,27,0,0.602606773376465,1,1,1,1,0.384312629699707
26,2,1,65,-3,3,0,0.717672824859619,-1,-1,1,1,0.352606773376465
26,2,1,66,0,0,1,0.918237924575806,-1,-1,-1,-1,0.467672824859619
26,2,1,67,81,81,1,0.602738380432129,1,1,-1,-1,0.668237924575806
26,2,1,68,27,27,1,0.518797636032104,1,1,1,1,0.352738380432129
26,2,1,69,9,9,0,0.567227602005005,1,1,1,1,0.268797636032104
26,2,1,70,-3,3,1,1.01918411254883,1,-1,1,1,0.317227602005005
26,2,1,71,-81,81,0,0.601965427398682,-1,1,-1,1,0.769184112548828
26,2,1,72,-9,9,0,0.551138401031494,-1,-1,1,-1,0.351965427398682
26,2,1,73,81,81,1,0.602061748504639,-1,-1,-1,-1,0.301138401031494
26,2,1,74,27,27,1,0.567633152008057,1,1,-1,-1,0.352061748504639
26,2,1,75,-9,9,0,0.550569295883179,1,1,1,1,0.317633152008057
26,2,1,76,-81,81,0,0.550506114959717,-1,-1,1,1,0.300569295883179
26,2,1,77,3,3,0,0.617674350738525,-1,-1,-1,-1,0.300506114959717
26,2,1,78,27,27,1,0.602222204208374,1,-1,-1,-1,0.367674350738525
26,2,1,79,0,0,1,0.617666244506836,1,1,-1,1,0.352222204208374
26,2,1,80,81,81,1,0.785184144973755,1,1,1,1,0.367666244506836
26,2,1,81,9,9,1,0.584403991699219,1,1,1,1,0.535184144973755
26,2,1,82,-81,81,0,0.600963354110718,1,1,1,1,0.334403991699219
26,2,1,83,81,81,1,0.568690538406372,-1,-1,1,1,0.350963354110718
26,2,1,84,9,9,1,0.635395050048828,1,1,-1,-1,0.318690538406372
26,2,1,85,81,81,1,0.551023006439209,1,1,1,1,0.385395050048828
26,2,1,86,9,9,1,0.584520578384399,1,1,1,1,0.301023006439209
26,2,1,87,27,27,1,0.585448980331421,1,1,1,1,0.334520578384399
26,2,1,88,27,27,1,0.552099943161011,1,1,1,1,0.335448980331421
26,2,1,89,0,0,1,0.584755182266235,1,1,1,1,0.302099943161011
26,2,1,90,81,81,1,0.483859062194824,1,1,1,1,0.334755182266235
26,2,1,91,9,9,1,0.600470542907715,1,1,1,1,0.233859062194824
26,2,1,92,9,9,1,0.517168998718262,1,1,1,1,0.350470542907715
26,2,1,93,0,0,1,0.551510095596313,1,1,1,1,0.267168998718262
26,2,1,94,-3,3,0,1.13392424583435,1,1,1,1,0.301510095596313
26,2,1,95,9,9,1,0.56928825378418,-1,-1,1,1,0.883924245834351
26,2,1,96,3,3,1,0.518859624862671,1,1,-1,-1,0.31928825378418
26,2,1,97,-27,27,0,0.484954357147217,1,1,1,1,0.268859624862671
26,2,1,98,-3,3,0,0.585098743438721,-1,-1,1,1,0.234954357147217
26,2,1,99,-3,3,0,0.567217111587524,-1,-1,-1,-1,0.335098743438721
26,2,2,2,9,9,1,0.602535963058472,-1,-1,-1,-1,0.284547805786133
26,2,2,3,-3,3,1,0.619032859802246,1,1,-1,-1,0.352535963058472
26,2,2,4,27,27,1,0.534452199935913,-1,1,1,1,0.369032859802246
26,2,2,5,-0,0,1,0.619223594665527,1,1,1,-1,0.284452199935913
26,2,2,6,-27,27,0,0.534336090087891,-1,1,1,1,0.369223594665527
26,2,2,7,-9,9,0,0.767704486846924,-1,-1,1,-1,0.284336090087891
26,2,2,8,-9,9,0,0.568885087966919,-1,-1,-1,-1,0.517704486846924
26,2,2,9,9,9,1,0.585906744003296,-1,-1,-1,-1,0.318885087966919
26,2,2,10,-9,9,1,0.717782497406006,1,1,-1,-1,0.335906744003296
26,2,2,11,81,81,1,0.584277868270874,-1,1,1,1,0.467782497406006
26,2,2,12,27,27,1,0.569249391555786,1,1,1,-1,0.334277868270874
26,2,2,13,-27,27,0,0.569048166275024,1,1,1,1,0.319249391555786
26,2,2,14,27,27,1,0.517614841461182,-1,-1,1,1,0.319048166275024
26,2,2,15,-3,3,1,0.618999004364014,1,1,-1,-1,0.267614841461182
26,2,2,16,27,27,1,0.568946123123169,-1,1,1,1,0.368999004364014
26,2,2,17,-81,81,0,0.717226505279541,1,1,1,-1,0.318946123123169
26,2,2,18,-0,0,1,0.635610103607178,-1,-1,1,1,0.467226505279541
26,2,2,19,3,3,0,0.552115201950073,-1,1,-1,-1,0.385610103607178
26,2,2,20,-81,81,0,0.550990581512451,1,-1,1,-1,0.302115201950073
26,2,2,21,0,0,0,1.00247049331665,-1,-1,-1,1,0.300990581512451
26,2,2,22,-81,81,0,0.584331750869751,1,-1,-1,-1,0.75247049331665
26,2,2,23,3,3,0,0.801789999008179,-1,-1,-1,1,0.334331750869751
26,2,2,24,-9,9,0,0.985323190689087,1,-1,-1,-1,0.551789999008179
26,2,2,25,81,81,1,0.600966453552246,-1,-1,-1,1,0.735323190689087
26,2,2,26,-3,3,1,0.700505495071411,1,1,-1,-1,0.350966453552246
26,2,2,27,27,27,1,0.602277278900146,-1,1,1,1,0.450505495071411
26,2,2,28,-27,27,0,0.534277439117432,1,1,1,-1,0.352277278900146
26,2,2,29,9,9,1,0.568009614944458,-1,-1,1,1,0.284277439117432
26,2,2,30,-9,9,0,0.73527979850769,1,1,-1,-1,0.318009614944458
26,2,2,31,0,0,1,0.46764612197876,-1,-1,1,1,0.48527979850769
26,2,2,32,-9,9,1,0.469426393508911,1,1,-1,-1,0.21764612197876
26,2,2,33,3,3,1,0.850972175598145,-1,1,1,1,0.219426393508911
26,2,2,34,-27,27,0,0.586394786834717,1,1,1,-1,0.600972175598145
26,2,2,35,9,9,1,0.534353017807007,-1,-1,1,1,0.336394786834717
26,2,2,36,-9,9,0,0.800498962402344,1,1,-1,-1,0.284353017807007
26,2,2,37,27,27,1,0.568925142288208,-1,-1,1,1,0.550498962402344
26,2,2,38,-27,27,0,0.436152219772339,1,1,-1,-1,0.318925142288208
26,2,2,39,27,27,1,0.552582263946533,-1,-1,1,1,0.186152219772339
26,2,2,40,-81,81,0,0.551013231277466,1,1,-1,-1,0.302582263946533
26,2,2,41,9,9,1,0.602366924285889,-1,-1,1,1,0.301013231277466
26,2,2,42,-27,27,0,0.567610740661621,1,1,-1,-1,0.352366924285889
26,2,2,43,9,9,1,0.734456539154053,-1,-1,1,1,0.317610740661621
26,2,2,44,-27,27,0,0.586030006408691,1,1,-1,-1,0.484456539154053
26,2,2,45,-81,81,0,0.584630727767944,-1,-1,1,1,0.336030006408691
26,2,2,46,9,9,1,0.550951242446899,-1,-1,-1,-1,0.334630727767944
26,2,2,47,-3,3,1,0.617781400680542,1,1,-1,-1,0.300951242446899
26,2,2,48,3,3,0,0.935584306716919,-1,1,1,1,0.367781400680542
26,2,2,49,-3,3,0,0.567668199539185,1,-1,1,-1,0.685584306716919
26,2,2,50,3,3,0,0.800933122634888,-1,-1,-1,1,0.317668199539185
26,2,2,51,-3,3,0,0.602489948272705,1,-1,-1,-1,0.550933122634888
26,2,2,52,-9,9,0,0.668184041976929,-1,-1,-1,1,0.352489948272705
26,2,2,53,81,81,1,0.535157203674316,-1,-1,-1,-1,0.418184041976929
26,2,2,54,81,81,1,0.602373361587524,1,1,-1,-1,0.285157203674316
26,2,2,55,-27,27,0,0.518683910369873,1,1,1,1,0.352373361587524
26,2,2,56,3,3,1,0.802657127380371,-1,-1,1,1,0.268683910369873
26,2,2,57,-3,3,0,0.767760038375854,1,1,-1,-1,0.552657127380371
26,2,2,58,3,3,0,0.90252685546875,-1,-1,1,1,0.517760038375854
26,2,2,59,27,27,1,0.567662000656128,1,-1,-1,-1,0.65252685546875
26,2,2,60,-81,81,0,0.534334182739258,1,1,-1,1,0.317662000656128
26,2,2,61,-81,81,0,0.76761269569397,-1,-1,1,1,0.284334182739258
26,2,2,62,81,81,1,0.601079940795898,-1,-1,-1,-1,0.51761269569397
26,2,2,63,-0,0,0,0.702605009078979,1,1,-1,-1,0.351079940795898
26,2,2,64,81,81,1,0.51865816116333,-1,-1,1,1,0.452605009078979
26,2,2,65,-0,0,1,0.619198799133301,1,1,-1,-1,0.26865816116333
26,2,2,66,27,27,1,0.850973606109619,-1,1,1,1,0.369198799133301
26,2,2,67,-0,0,1,0.702739238739014,1,1,1,-1,0.600973606109619
26,2,2,68,-9,9,0,0.58554482460022,-1,1,1,1,0.452739238739014
26,2,2,69,81,81,1,0.535429716110229,-1,-1,1,-1,0.33554482460022
26,2,2,70,-9,9,0,0.636137962341309,1,1,-1,-1,0.285429716110229
26,2,2,71,3,3,0,0.7347571849823,-1,-1,1,1,0.386137962341309
26,2,2,72,-9,9,0,0.55107569694519,1,-1,-1,-1,0.4847571849823
26,2,2,73,9,9,1,0.901278734207153,-1,-1,-1,1,0.30107569694519
26,2,2,74,-27,27,0,0.919390678405762,1,1,-1,-1,0.651278734207153
26,2,2,75,81,81,1,0.500977754592896,-1,-1,1,1,0.669390678405762
26,2,2,76,-3,3,0,0.652599811553955,1,1,-1,-1,0.250977754592896
26,2,2,77,27,27,1,0.517892122268677,-1,-1,1,1,0.402599811553955
26,2,2,78,-81,81,0,0.517188787460327,1,1,-1,-1,0.267892122268677
26,2,2,79,81,81,1,0.500981092453003,-1,-1,1,1,0.267188787460327
26,2,2,80,-0,0,0,0.618614196777344,1,1,-1,-1,0.250981092453003
26,2,2,81,3,3,0,0.702589273452759,-1,-1,1,1,0.368614196777344
26,2,2,82,-27,27,0,0.502388954162598,1,-1,-1,-1,0.452589273452759
26,2,2,83,81,81,1,0.501981258392334,-1,-1,-1,1,0.252388954162598
26,2,2,84,-3,3,0,0.485826253890991,1,1,-1,-1,0.251981258392334
26,2,2,85,81,81,1,0.501931428909302,-1,-1,1,1,0.235826253890991
26,2,2,86,3,3,0,0.50118350982666,1,1,-1,-1,0.251931428909302
26,2,2,87,-27,27,0,0.668586492538452,1,-1,1,1,0.25118350982666
26,2,2,88,-9,9,0,0.485494613647461,-1,-1,-1,1,0.418586492538452
26,2,2,89,3,3,1,0.485978364944458,-1,-1,-1,-1,0.235494613647461
26,2,2,90,-3,3,1,0.602133274078369,1,1,-1,-1,0.235978364944458
26,2,2,91,9,9,1,0.383833646774292,-1,1,1,1,0.352133274078369
26,2,2,92,-81,81,0,0.534398555755615,1,1,1,-1,0.133833646774292
26,2,2,93,0,0,0,0.535283803939819,-1,-1,1,1,0.284398555755615
26,2,2,94,-27,27,0,0.802506923675537,1,-1,-1,-1,0.285283803939819
26,2,2,95,81,81,1,0.485371828079224,-1,-1,-1,1,0.552506923675537
26,2,2,96,-0,0,1,0.48433518409729,1,1,-1,-1,0.235371828079224
26,2,2,97,0,0,0,0.618653297424316,-1,1,1,1,0.23433518409729
26,2,2,98,9,9,1,0.517669439315796,1,-1,1,-1,0.368653297424316
26,2,2,99,-81,81,0,0.584783554077148,1,1,-1,1,0.267669439315796
26,2,3,2,-27,27,0,0.567752122879028,1,1,-1,-1,0.401164054870605
26,2,3,3,27,27,1,0.568098306655884,-1,-1,1,1,0.317752122879028
26,2,3,4,-9,9,0,0.417702674865723,1,1,-1,-1,0.318098306655884
26,2,3,5,27,27,1,0.552459239959717,-1,-1,1,1,0.167702674865723
26,2,3,6,27,27,1,0.601473808288574,1,1,-1,-1,0.302459239959717
26,2,3,7,-0,0,1,0.767789363861084,1,1,1,1,0.351473808288574
26,2,3,8,9,9,0,0.834295749664307,-1,1,1,1,0.517789363861084
26,2,3,9,-3,3,1,0.768029928207397,1,-1,1,-1,0.584295749664307
26,2,3,10,3,3,1,0.651484727859497,-1,1,-1,1,0.518029928207397
26,2,3,14,27,27,1,0.383848428726196,1,1,1,1,0.184355020523071
26,2,3,15,-0,0,1,0.568661212921143,1,1,1,1,0.133848428726196
26,2,3,16,3,3,1,0.569192886352539,-1,1,1,1,0.318661212921143
26,2,3,17,3,3,1,0.485991477966309,1,1,1,-1,0.319192886352539
26,2,3,18,-81,81,0,0.583814382553101,1,1,1,1,0.235991477966309
26,2,3,19,27,27,1,0.668242454528809,-1,-1,1,1,0.333814382553101
26,2,3,20,-3,3,0,0.801127672195435,1,1,-1,-1,0.418242454528809
26,2,3,21,0,0,0,0.61867094039917,-1,-1,1,1,0.551127672195435
26,2,3,22,-81,81,0,0.534457206726074,1,-1,-1,-1,0.36867094039917
26,2,3,23,81,81,1,0.601582765579224,-1,-1,-1,1,0.284457206726074
26,2,3,24,-27,27,0,0.552724123001099,1,1,-1,-1,0.351582765579224
26,2,3,25,0,0,1,0.868354797363281,-1,-1,1,1,0.302724123001099
26,2,3,26,-3,3,0,0.685919761657715,1,1,-1,-1,0.618354797363281
26,2,3,27,9,9,1,0.652486324310303,-1,-1,1,1,0.435919761657715
26,2,3,28,9,9,1,0.635795831680298,1,1,-1,-1,0.402486324310303
26,2,3,29,-0,0,0,0.552212238311768,1,1,1,1,0.385795831680298
26,2,3,30,-3,3,1,1.05233573913574,-1,-1,1,1,0.302212238311768
26,2,3,31,-81,81,0,0.568408012390137,-1,1,-1,-1,0.802335739135742
26,2,3,32,3,3,1,0.950504064559937,-1,-1,1,-1,0.318408012390137
26,2,3,33,-27,27,0,1.10092353820801,1,1,-1,-1,0.700504064559937
26,2,3,34,27,27,1,0.585289001464844,-1,-1,1,1,0.850923538208008
26,2,3,35,0,0,1,0.402143239974976,1,1,-1,-1,0.335289001464844
26,2,3,36,27,27,1,0.55230712890625,1,1,1,1,0.152143239974976
26,2,3,37,-81,81,0,0.567932844161987,1,1,1,1,0.30230712890625
26,2,3,38,9,9,1,0.717194557189941,-1,-1,1,1,0.317932844161987
26,2,3,39,81,81,1,0.551931858062744,1,1,-1,-1,0.467194557189941
26,2,3,40,-3,3,0,0.552493333816528,1,1,1,1,0.301931858062744
26,2,3,41,27,27,1,0.751445770263672,-1,-1,1,1,0.302493333816528
26,2,3,42,-9,9,0,1.06804966926575,1,1,-1,-1,0.501445770263672
26,2,3,43,81,81,1,0.617629051208496,-1,-1,1,1,0.818049669265747
26,2,3,44,-81,81,0,0.617784976959229,1,1,-1,-1,0.367629051208496
26,2,3,45,9,9,0,0.51875376701355,-1,-1,1,1,0.367784976959229
26,2,3,46,27,27,1,0.550977945327759,1,-1,-1,-1,0.26875376701355
26,2,3,47,-27,27,0,0.617187261581421,1,1,-1,1,0.300977945327759
26,2,3,48,9,9,1,0.636154174804688,-1,-1,1,1,0.367187261581421
26,2,3,49,-9,9,1,0.784379243850708,1,1,-1,-1,0.386154174804688
26,2,3,50,3,3,0,0.850950956344604,-1,1,1,1,0.534379243850708
26,2,3,51,-81,81,0,0.567677974700928,1,-1,1,-1,0.600950956344604
26,2,3,55,81,81,1,0.467790365219116,1,-1,1,-1,0.502846956253052
26,2,3,56,-3,3,1,0.567196130752563,1,1,-1,1,0.217790365219116
26,2,3,57,-81,81,0,0.535495281219482,-1,1,1,1,0.317196130752563
26,2,3,58,27,27,1,0.501070976257324,-1,-1,1,-1,0.285495281219482
26,2,3,59,-0,0,0,0.751107215881348,1,1,-1,-1,0.251070976257324
26,2,3,60,-3,3,0,0.667866945266724,-1,-1,1,1,0.501107215881348
26,2,3,61,27,27,1,0.384681940078735,-1,-1,-1,-1,0.417866945266724
26,2,3,62,-9,9,1,0.55191969871521,1,1,-1,-1,0.134681940078735
26,2,3,63,27,27,1,0.535148143768311,-1,1,1,1,0.30191969871521
26,2,3,64,-3,3,0,0.500934362411499,1,1,1,-1,0.285148143768311
26,2,3,65,81,81,1,0.73412013053894,-1,-1,1,1,0.250934362411499
26,2,3,66,81,81,1,0.568240404129028,1,1,-1,-1,0.48412013053894
26,2,3,67,-27,27,0,0.584303140640259,1,1,1,1,0.318240404129028
26,2,3,68,0,0,1,0.535438776016235,-1,-1,1,1,0.334303140640259
26,2,3,69,-3,3,0,1.05050444602966,1,1,-1,-1,0.285438776016235
26,2,3,70,9,9,1,0.517165184020996,-1,-1,1,1,0.800504446029663
26,2,3,71,9,9,1,0.700536489486694,1,1,-1,-1,0.267165184020996
26,2,3,72,-3,3,0,0.533830165863037,1,1,1,1,0.450536489486694
26,2,3,73,-9,9,0,0.533885717391968,-1,-1,1,1,0.283830165863037
26,2,3,74,-0,0,0,0.550946235656738,-1,-1,-1,-1,0.283885717391968
26,2,3,75,-0,0,0,0.568266153335571,-1,-1,-1,-1,0.300946235656738
26,2,3,76,9,9,1,0.56765341758728,-1,-1,-1,-1,0.318266153335571
26,2,3,77,3,3,1,0.450957775115967,1,1,-1,-1,0.31765341758728
26,2,3,78,-81,81,0,0.517230987548828,1,1,1,1,0.200957775115967
26,2,3,79,81,81,1,0.535865306854248,-1,-1,1,1,0.267230987548828
26,2,3,80,-81,81,0,0.517685651779175,1,1,-1,-1,0.285865306854248
26,2,3,81,0,0,1,0.584319114685059,-1,-1,1,1,0.267685651779175
26,2,3,82,-9,9,0,0.500516414642334,1,1,-1,-1,0.334319114685059
26,2,3,83,9,9,1,0.735226631164551,-1,-1,1,1,0.250516414642334
26,2,3,84,-27,27,0,0.469093799591064,1,1,-1,-1,0.485226631164551
26,2,3,85,27,27,1,0.519128084182739,-1,-1,1,1,0.219093799591064
26,2,3,86,-81,81,0,0.417186737060547,1,1,-1,-1,0.269128084182739
26,2,3,87,81,81,1,0.517634391784668,-1,-1,1,1,0.167186737060547
26,2,3,88,-9,9,0,0.502199649810791,1,1,-1,-1,0.267634391784668
26,2,3,89,81,81,1,0.652445316314697,-1,-1,1,1,0.252199649810791
26,2,3,90,-3,3,0,0.517936229705811,1,1,-1,-1,0.402445316314697
26,2,3,91,81,81,1,0.533999919891357,-1,-1,1,1,0.267936229705811
26,2,3,92,-81,81,0,0.585710763931274,1,1,-1,-1,0.283999919891357
26,2,3,93,9,9,1,0.535943746566772,-1,-1,1,1,0.335710763931274
26,2,3,94,-27,27,0,0.502202987670898,1,1,-1,-1,0.285943746566772
26,2,3,95,-27,27,0,0.51765513420105,-1,-1,1,1,0.252202987670898
26,2,3,96,81,81,1,0.702070951461792,-1,-1,-1,-1,0.26765513420105
26,2,3,97,-3,3,0,0.501001119613647,1,1,-1,-1,0.452070951461792
26,2,3,98,3,3,1,0.835741281509399,-1,-1,1,1,0.251001119613647
26,2,3,99,-3,3,0,0.51889181137085,1,1,-1,-1,0.585741281509399
26,2,4,2,-81,81,0,0.668715953826904,-1,-1,-1,-1,0.35117769241333
26,2,4,3,-3,3,1,0.884320974349976,-1,-1,-1,-1,0.418715953826904
26,2,4,4,-9,9,0,0.602426052093506,-1,1,-1,-1,0.634320974349976
26,2,4,5,-81,81,0,0.935750722885132,-1,-1,1,-1,0.352426052093506
26,2,4,6,-0,0,1,0.768635749816895,-1,-1,-1,-1,0.685750722885132
26,2,4,7,-3,3,0,0.935356140136719,-1,1,-1,-1,0.518635749816895
26,2,4,8,0,0,1,0.833849906921387,-1,-1,1,-1,0.685356140136719
26,2,4,9,-81,81,0,0.502544641494751,1,1,-1,-1,0.583849906921387
26,2,4,10,-3,3,1,0.567720651626587,-1,-1,1,1,0.252544641494751
26,2,4,11,0,0,1,1.05214977264404,-1,1,-1,-1,0.317720651626587
26,2,4,12,81,81,1,0.550480842590332,1,1,1,-1,0.802149772644043
26,2,4,13,27,27,1,0.551413059234619,1,1,1,1,0.300480842590332
26,2,4,14,9,9,1,0.852331638336182,1,1,1,1,0.301413059234619
26,2,4,15,-0,0,0,0.718574047088623,1,1,1,1,0.602331638336182
26,2,4,16,-9,9,0,0.401840686798096,-1,-1,1,1,0.468574047088623
26,2,4,17,-0,0,1,0.418172836303711,-1,-1,-1,-1,0.151840686798096
26,2,4,18,3,3,1,0.534421682357788,-1,1,-1,-1,0.168172836303711
26,2,4,19,81,81,1,0.552546739578247,1,1,1,-1,0.284421682357788
26,2,4,20,-27,27,0,0.567923545837402,1,1,1,1,0.302546739578247
26,2,4,21,-0,0,0,0.567640781402588,-1,-1,1,1,0.317923545837402
26,2,4,22,27,27,1,0.467184543609619,-1,-1,-1,-1,0.317640781402588
26,2,4,23,0,0,0,0.735978364944458,1,1,-1,-1,0.217184543609619
26,2,4,24,9,9,1,0.518253087997437,1,-1,1,1,0.485978364944458
26,2,4,25,9,9,0,0.585488080978394,1,1,-1,1,0.268253087997437
26,2,4,26,0,0,1,0.652689456939697,1,-1,1,1,0.335488080978394
26,2,4,27,81,81,1,0.485270977020264,1,1,-1,1,0.402689456939697
26,2,4,28,-81,81,0,0.567590951919556,1,1,1,1,0.235270977020264
26,2,4,29,-81,81,0,0.585379838943481,-1,-1,1,1,0.317590951919556
26,2,4,30,-3,3,0,0.68611478805542,-1,-1,-1,-1,0.335379838943481
26,2,4,31,-3,3,0,0.518851518630981,-1,-1,-1,-1,0.43611478805542
26,2,4,32,9,9,0,0.652050971984863,-1,-1,-1,-1,0.268851518630981
26,2,4,33,3,3,0,0.53444504737854,1,-1,-1,-1,0.402050971984863
26,2,4,34,-27,27,0,0.434284925460815,1,-1,-1,1,0.28444504737854
26,2,4,35,81,81,1,0.484397411346436,-1,-1,-1,1,0.184284925460815
26,2,4,36,27,27,1,0.601956605911255,1,1,-1,-1,0.234397411346436
26,2,4,37,-27,27,0,0.501069307327271,1,1,1,1,0.351956605911255
26,2,4,38,9,9,0,0.785427331924438,-1,-1,1,1,0.251069307327271
26,2,4,39,-27,27,0,0.80271577835083,1,-1,-1,-1,0.535427331924438
26,2,4,40,27,27,1,0.501160383224487,-1,-1,-1,1,0.55271577835083
26,2,4,41,3,3,1,0.552336692810059,1,1,-1,-1,0.251160383224487
26,2,4,42,-27,27,0,0.517150163650513,1,1,1,1,0.302336692810059
26,2,4,43,-0,0,1,1.05242514610291,-1,-1,1,1,0.267150163650513
26,2,4,44,-27,27,0,0.552653074264526,-1,1,-1,-1,0.802425146102905
26,2,4,45,81,81,1,0.51724910736084,-1,-1,1,-1,0.302653074264526
26,2,4,46,81,81,1,0.500545740127563,1,1,-1,-1,0.26724910736084
26,2,4,47,-0,0,1,0.567682981491089,1,1,1,1,0.250545740127563
26,2,4,48,9,9,1,0.685232400894165,-1,1,1,1,0.317682981491089
26,2,4,49,-27,27,0,0.652759790420532,1,1,1,-1,0.435232400894165
26,2,4,50,81,81,1,0.535492658615112,-1,-1,1,1,0.402759790420532
26,2,4,51,-3,3,1,0.66815185546875,1,1,-1,-1,0.285492658615112
26,2,4,52,-9,9,0,0.584271669387817,-1,1,1,1,0.41815185546875
26,2,4,53,-27,27,0,0.351623058319092,-1,-1,1,-1,0.334271669387817
26,2,4,54,-3,3,0,0.533847093582153,-1,-1,-1,-1,0.101623058319092
26,2,4,55,9,9,0,0.769209623336792,-1,-1,-1,-1,0.283847093582153
26,2,4,56,-81,81,0,0.518802881240845,1,-1,-1,-1,0.519209623336792
26,2,4,57,27,27,1,0.517682075500488,-1,-1,-1,1,0.268802881240845
26,2,4,58,9,9,1,0.434311151504517,1,1,-1,-1,0.267682075500488
26,2,4,59,-3,3,1,0.818757772445679,1,1,1,1,0.184311151504517
26,2,4,60,9,9,0,1.13470077514648,-1,1,1,1,0.568757772445679
26,2,4,61,81,81,1,0.569390296936035,1,-1,1,-1,0.884700775146484
26,2,4,62,27,27,1,0.517926692962646,1,1,-1,1,0.319390296936035
26,2,4,63,-27,27,0,0.535785675048828,1,1,1,1,0.267926692962646
26,2,4,64,-27,27,0,0.552549600601196,-1,-1,1,1,0.285785675048828
26,2,4,65,-81,81,0,0.41933798789978,-1,-1,-1,-1,0.302549600601196
26,2,4,66,-27,27,0,0.552611112594604,-1,-1,-1,-1,0.16933798789978
26,2,4,67,-81,81,0,0.584285259246826,-1,-1,-1,-1,0.302611112594604
26,2,4,68,27,27,1,0.467648267745972,-1,-1,-1,-1,0.334285259246826
26,2,4,69,-81,81,0,0.552217721939087,1,1,-1,-1,0.217648267745972
26,2,4,70,-3,3,1,0.567667245864868,-1,-1,1,1,0.302217721939087
26,2,4,71,27,27,1,0.518953561782837,-1,1,-1,-1,0.317667245864868
26,2,4,72,3,3,0,0.85102391242981,1,1,1,-1,0.268953561782837
26,2,4,73,-27,27,0,0.718689680099487,1,-1,1,1,0.60102391242981
26,2,4,74,-3,3,0,0.450947523117065,-1,-1,-1,1,0.468689680099487
26,2,4,75,27,27,1,0.417927980422974,-1,-1,-1,-1,0.200947523117065
26,2,4,76,3,3,0,0.951463460922241,1,1,-1,-1,0.167927980422974
26,2,4,77,27,27,1,0.517803430557251,1,-1,1,1,0.701463460922241
26,2,4,78,3,3,1,0.767213106155396,1,1,-1,1,0.267803430557251
26,2,4,79,-3,3,0,0.93430495262146,1,1,1,1,0.517213106155396
26,2,4,80,-3,3,0,0.900487422943115,-1,-1,1,1,0.68430495262146
26,2,4,81,9,9,1,0.8510422706604,-1,-1,-1,-1,0.650487422943115
26,2,4,82,-81,81,0,0.502753019332886,1,1,-1,-1,0.6010422706604
26,2,4,83,-9,9,0,0.517690181732178,-1,-1,1,1,0.252753019332886
26,2,4,84,-81,81,0,0.568915128707886,-1,-1,-1,-1,0.267690181732178
26,2,4,85,-3,3,0,0.519150972366333,-1,-1,-1,-1,0.318915128707886
26,2,4,86,-9,9,0,1.01912808418274,-1,-1,-1,-1,0.269150972366333
26,2,4,87,0,0,0,0.584718465805054,-1,-1,-1,-1,0.769128084182739
26,2,4,88,9,9,1,0.467850685119629,1,-1,-1,-1,0.334718465805054
26,2,4,89,-9,9,0,0.517689943313599,1,1,-1,1,0.217850685119629
26,2,4,90,-81,81,0,0.585450172424316,-1,-1,1,1,0.267689943313599
26,2,4,91,3,3,0,0.302459955215454,-1,-1,-1,-1,0.335450172424316
26,2,4,92,-9,9,0,0.417666912078857,1,-1,-1,-1,0.0524599552154541
26,2,4,93,-3,3,1,0.700528144836426,-1,-1,-1,1,0.167666912078857
26,2,4,94,3,3,0,0.701118946075439,-1,1,-1,-1,0.450528144836426
26,2,4,95,-81,81,0,0.952740669250488,1,-1,1,-1,0.451118946075439
26,2,4,96,-9,9,0,0.569159507751465,-1,-1,-1,1,0.702740669250488
26,2,4,97,-81,81,0,0.551777124404907,-1,-1,-1,-1,0.319159507751465
26,2,4,98,9,9,1,0.434278249740601,-1,-1,-1,-1,0.301777124404907
26,2,4,99,-9,9,0,0.484346389770508,1,1,-1,-1,0.184278249740601
26,2,5,2,9,9,1,1.46855139732361,1,1,1,-1,1.0357038974762
26,2,5,3,-81,81,0,0.518826961517334,1,1,1,1,1.21855139732361
26,2,5,4,81,81,1,0.667681932449341,-1,-1,1,1,0.268826961517334
26,2,5,5,27,27,1,0.569226264953613,1,1,-1,-1,0.417681932449341
26,2,5,6,-3,3,1,0.469439744949341,1,1,1,1,0.319226264953613
26,2,5,7,-9,9,0,0.552602529525757,-1,1,1,1,0.219439744949341
26,2,5,8,81,81,1,0.569217205047607,-1,-1,1,-1,0.302602529525757
26,2,5,9,9,9,1,0.517668008804321,1,1,-1,-1,0.319217205047607
26,2,5,10,-27,27,0,0.536075592041016,1,1,1,1,0.267668008804321
26,2,5,11,3,3,1,0.552593231201172,-1,-1,1,1,0.286075592041016
26,2,5,12,-9,9,0,0.535850048065186,1,1,-1,-1,0.302593231201172
26,2,5,13,-9,9,0,0.485814332962036,-1,-1,1,1,0.285850048065186
26,2,5,14,0,0,0,0.633898735046387,-1,-1,-1,-1,0.235814332962036
26,2,5,15,81,81,1,0.51764702796936,1,-1,-1,-1,0.383898735046387
26,2,5,16,81,81,1,1.03427672386169,1,1,-1,1,0.26764702796936
26,2,5,17,-0,0,1,0.533863306045532,1,1,1,1,0.784276723861694
26,2,5,18,3,3,1,0.602702856063843,-1,1,1,1,0.283863306045532
26,2,5,19,3,3,1,0.635455846786499,1,1,1,-1,0.352702856063843
26,2,5,20,9,9,1,0.552823305130005,1,1,1,1,0.385455846786499
26,2,5,21,-27,27,0,0.535782814025879,1,1,1,1,0.302823305130005
26,2,5,22,3,3,1,0.502023935317993,-1,-1,1,1,0.285782814025879
26,2,5,23,27,27,1,0.517807006835938,1,1,-1,-1,0.252023935317993
26,2,5,24,-3,3,1,0.551610469818115,1,1,1,1,0.267807006835938
26,2,5,25,0,0,1,0.551001310348511,-1,1,1,1,0.301610469818115
26,2,5,26,-9,9,0,0.86874532699585,1,1,1,-1,0.301001310348511
26,2,5,27,-81,81,0,0.902260065078735,-1,-1,1,1,0.61874532699585
26,2,5,28,27,27,1,0.484732627868652,-1,-1,-1,-1,0.652260065078735
26,2,5,29,-0,0,1,0.535002708435059,1,1,-1,-1,0.234732627868652
26,2,5,30,0,0,1,0.283865690231323,-1,1,1,1,0.285002708435059
26,2,5,31,81,81,1,0.500478029251099,1,1,1,-1,0.0338656902313232
26,2,5,32,-3,3,0,0.935976028442383,1,1,1,1,0.250478029251099
26,2,5,33,81,81,1,0.484338521957397,-1,-1,1,1,0.685976028442383
26,2,5,34,-81,81,0,0.551340579986572,1,1,-1,-1,0.234338521957397
26,2,5,35,27,27,1,0.951969623565674,-1,-1,1,1,0.301340579986572
26,2,5,36,0,0,0,0.501932144165039,1,1,-1,-1,0.701969623565674
26,2,5,37,-27,27,0,0.400515079498291,1,-1,1,1,0.251932144165039
26,2,5,38,3,3,0,0.417172908782959,-1,-1,-1,1,0.150515079498291
26,2,5,39,9,9,0,0.601845026016235,1,-1,-1,-1,0.167172908782959
26,2,5,40,-9,9,0,1.08380126953125,1,-1,-1,1,0.351845026016235
26,2,5,41,27,27,1,0.50210976600647,-1,-1,-1,1,0.83380126953125
26,2,5,42,-3,3,0,0.451262235641479,1,1,-1,-1,0.25210976600647
26,2,5,43,-9,9,0,0.567615032196045,-1,-1,1,1,0.201262235641479
26,2,5,44,-81,81,0,1.10241627693176,-1,-1,-1,-1,0.317615032196045
26,2,5,48,-3,3,0,0.550489187240601,-1,-1,-1,-1,0.217652797698975
26,2,5,49,27,27,1,0.601070165634155,-1,-1,-1,-1,0.300489187240601
26,2,5,50,-3,3,1,0.651107788085938,1,1,-1,-1,0.351070165634155
26,2,5,51,27,27,1,0.535420417785645,-1,1,1,1,0.401107788085938
26,2,5,52,9,9,1,0.43449330329895,1,1,1,-1,0.285420417785645
26,2,5,53,-9,9,1,0.852698564529419,1,1,1,1,0.18449330329895
26,2,5,54,3,3,1,0.501904010772705,-1,1,1,1,0.602698564529419
26,2,5,55,-0,0,0,0.503016233444214,1,1,1,-1,0.251904010772705
26,2,5,56,0,0,1,0.518397092819214,-1,-1,1,1,0.253016233444214
26,2,5,57,3,3,1,0.55140233039856,1,1,-1,-1,0.268397092819214
26,2,5,58,3,3,1,0.50098729133606,1,1,1,1,0.30140233039856
26,2,5,59,-81,81,0,0.501194000244141,1,1,1,1,0.25098729133606
26,2,5,60,27,27,1,0.483886480331421,-1,-1,1,1,0.251194000244141
26,2,5,61,0,0,0,0.502319574356079,1,1,-1,-1,0.233886480331421
26,2,5,62,-27,27,0,0.701444387435913,1,-1,1,1,0.252319574356079
26,2,5,63,-81,81,0,0.534295558929443,-1,-1,-1,1,0.451444387435913
26,2,5,64,-9,9,0,0.535175800323486,-1,-1,-1,-1,0.284295558929443
26,2,5,65,-81,81,0,0.500539541244507,-1,-1,-1,-1,0.285175800323486
26,2,5,66,-9,9,1,0.56718921661377,-1,-1,-1,-1,0.250539541244507
26,2,5,67,-3,3,0,0.501116991043091,-1,1,-1,-1,0.31718921661377
26,2,5,68,3,3,0,0.567706823348999,-1,-1,1,-1,0.251116991043091
26,2,5,69,9,9,0,1.08443713188171,1,-1,-1,-1,0.317706823348999
26,2,5,70,3,3,1,0.634278059005737,1,-1,-1,1,0.834437131881714
26,2,5,71,-9,9,0,0.251087188720703,1,1,-1,1,0.384278059005737
26,2,5,72,-3,3,0,0.668758630752563,-1,-1,1,1,0.00108718872070312
26,2,5,73,9,9,1,0.752099990844727,-1,-1,-1,-1,0.418758630752563
26,2,5,74,-27,27,0,0.483829021453857,1,1,-1,-1,0.502099990844727
26,2,5,75,-27,27,0,0.585891008377075,-1,-1,1,1,0.233829021453857
26,2,5,76,9,9,1,0.568081855773926,-1,-1,-1,-1,0.335891008377075
26,2,5,77,9,9,1,0.550956010818481,1,1,-1,-1,0.318081855773926
26,2,5,78,81,81,1,0.53394627571106,1,1,1,1,0.300956010818481
26,2,5,79,-27,27,0,0.535579204559326,1,1,1,1,0.28394627571106
26,2,5,80,-27,27,0,0.685893535614014,-1,-1,1,1,0.285579204559326
26,2,5,81,3,3,1,0.518603563308716,-1,-1,-1,-1,0.435893535614014
26,2,5,82,3,3,1,0.517189502716064,1,1,-1,-1,0.268603563308716
26,2,5,83,-27,27,0,0.367630481719971,1,1,1,1,0.267189502716064
26,2,5,84,3,3,0,0.484281301498413,-1,-1,1,1,0.117630481719971
26,2,5,85,-81,81,0,0.534402132034302,1,-1,-1,-1,0.234281301498413
26,2,5,86,-81,81,0,0.585876941680908,-1,-1,-1,1,0.284402132034302
26,2,5,87,0,0,0,0.368197917938232,-1,-1,-1,-1,0.335876941680908
26,2,5,88,-27,27,0,0.567678689956665,1,-1,-1,-1,0.118197917938232
26,2,5,89,81,81,1,0.500961065292358,-1,-1,-1,1,0.317678689956665
26,2,5,90,81,81,1,0.618256092071533,1,1,-1,-1,0.250961065292358
26,2,5,91,-81,81,0,0.56946325302124,1,1,1,1,0.368256092071533
26,2,5,92,81,81,0,0.719170331954956,-1,-1,1,1,0.31946325302124
26,2,5,93,-27,27,0,0.552533388137817,1,-1,-1,-1,0.469170331954956
26,2,5,94,3,3,1,0.568906307220459,-1,-1,-1,1,0.302533388137817
26,2,5,95,-81,81,0,0.535864114761353,1,1,-1,-1,0.318906307220459
26,2,5,96,81,81,1,0.65251088142395,-1,-1,1,1,0.285864114761353
26,2,5,97,27,27,1,0.968770980834961,1,1,-1,-1,0.40251088142395
26,2,5,98,-9,9,0,0.602627992630005,1,1,1,1,0.718770980834961
26,2,5,99,-0,0,1,0.652408123016357,-1,-1,1,1,0.352627992630005
26,2,6,2,-0,0,1,0.718403816223145,1,1,-1,-1,0.334784030914307
26,2,6,3,-3,3,1,0.434779167175293,-1,1,1,1,0.468403816223145
26,2,6,4,-0,0,0,0.433830738067627,-1,1,1,-1,0.184779167175293
26,2,6,5,-3,3,0,0.517612218856812,-1,-1,1,-1,0.183830738067627
26,2,6,6,-9,9,0,0.535509824752808,-1,-1,-1,-1,0.267612218856812
26,2,6,7,3,3,0,0.517605066299438,-1,-1,-1,-1,0.285509824752808
26,2,6,8,-3,3,0,0.7020583152771,1,-1,-1,-1,0.267605066299438
26,2,6,9,-9,9,0,0.536041736602783,-1,-1,-1,1,0.4520583152771
26,2,6,10,-81,81,0,0.535832166671753,-1,-1,-1,-1,0.286041736602783
26,2,6,11,-3,3,0,0.567197799682617,-1,-1,-1,-1,0.285832166671753
26,2,6,12,-9,9,0,0.535344123840332,-1,-1,-1,-1,0.317197799682617
26,2,6,13,-27,27,0,0.63566517829895,-1,-1,-1,-1,0.285344123840332
26,2,6,14,81,81,1,0.533887147903442,-1,-1,-1,-1,0.38566517829895
26,2,6,15,3,3,0,0.96765398979187,1,1,-1,-1,0.283887147903442
26,2,6,16,9,9,1,0.701624631881714,1,-1,1,1,0.71765398979187
26,2,6,17,3,3,1,0.617621421813965,1,1,-1,1,0.451624631881714
26,2,6,18,81,81,1,0.65217399597168,1,1,1,1,0.367621421813965
26,2,6,19,3,3,1,0.602757692337036,1,1,1,1,0.40217399597168
26,2,6,20,27,27,1,0.535806655883789,1,1,1,1,0.352757692337036
26,2,6,21,81,81,1,0.48538875579834,1,1,1,1,0.285806655883789
26,2,6,22,81,81,1,0.534327745437622,1,1,1,1,0.23538875579834
26,2,6,23,-27,27,0,0.534576177597046,1,1,1,1,0.284327745437622
26,2,6,24,-0,0,1,0.836114168167114,-1,-1,1,1,0.284576177597046
26,2,6,25,-9,9,0,0.550956249237061,-1,1,-1,-1,0.586114168167114
26,2,6,26,81,81,1,0.48494029045105,-1,-1,1,-1,0.300956249237061
26,2,6,27,9,9,1,0.585440874099731,1,1,-1,-1,0.23494029045105
26,2,6,28,3,3,0,0.68586540222168,1,1,1,1,0.335440874099731
26,2,6,29,-27,27,0,0.486063957214355,1,-1,1,1,0.43586540222168
26,2,6,30,9,9,1,0.700515985488892,-1,-1,-1,1,0.236063957214355
26,2,6,31,-0,0,0,0.567194700241089,1,1,-1,-1,0.450515985488892
26,2,6,32,9,9,1,0.701017141342163,-1,-1,1,1,0.317194700241089
26,2,6,33,81,81,1,0.850500106811523,1,1,-1,-1,0.451017141342163
26,2,6,34,0,0,1,0.450529098510742,1,1,1,1,0.600500106811523
26,2,6,35,3,3,1,0.485245943069458,1,1,1,1,0.200529098510742
26,2,6,36,9,9,1,0.519731521606445,1,1,1,1,0.235245943069458
26,2,6,37,3,3,0,0.86882209777832,1,1,1,1,0.269731521606445
26,2,6,38,-81,81,0,0.619283437728882,1,-1,1,1,0.61882209777832
26,2,6,39,-27,27,0,0.517144918441772,-1,-1,-1,1,0.369283437728882
26,2,6,40,-3,3,0,0.517793416976929,-1,-1,-1,-1,0.267144918441772
26,2,6,41,3,3,0,0.717616081237793,-1,-1,-1,-1,0.267793416976929
26,2,6,42,-81,81,0,0.686155080795288,1,-1,-1,-1,0.467616081237793
26,2,6,43,-9,9,0,0.600988149642944,-1,-1,-1,1,0.436155080795288
26,2,6,44,-81,81,0,0.483879089355469,-1,-1,-1,-1,0.350988149642944
26,2,6,45,-9,9,0,0.50052285194397,-1,-1,-1,-1,0.233879089355469
26,2,6,46,3,3,0,0.519487142562866,-1,-1,-1,-1,0.25052285194397
26,2,6,47,9,9,0,0.334721565246582,1,-1,-1,-1,0.269487142562866
26,2,6,48,27,27,1,0.385319948196411,1,-1,-1,1,0.084721565246582
26,2,6,49,81,81,1,0.502815723419189,1,1,-1,1,0.135319948196411
26,2,6,50,27,27,1,0.402054071426392,1,1,1,1,0.252815723419189
26,2,6,51,-81,81,0,0.536068677902222,1,1,1,1,0.152054071426392
26,2,6,52,-27,27,0,0.500478267669678,-1,-1,1,1,0.286068677902222
26,2,6,53,-3,3,0,0.452219247817993,-1,-1,-1,-1,0.250478267669678
26,2,6,54,-27,27,0,0.468136787414551,-1,-1,-1,-1,0.202219247817993
26,2,6,55,-3,3,1,0.517646074295044,-1,-1,-1,-1,0.218136787414551
26,2,6,56,-81,81,0,0.568944692611694,-1,1,-1,-1,0.267646074295044
26,2,6,57,9,9,1,0.500940084457397,-1,-1,1,-1,0.318944692611694
26,2,6,58,-0,0,0,0.585713148117065,1,1,-1,-1,0.250940084457397
26,2,6,59,-27,27,0,0.551107168197632,-1,-1,1,1,0.335713148117065
26,2,6,60,-3,3,1,0.650963306427002,-1,-1,-1,-1,0.301107168197632
26,2,6,61,-81,81,0,0.533831596374512,-1,1,-1,-1,0.400963306427002
26,2,6,62,-3,3,0,0.419243097305298,-1,-1,1,-1,0.283831596374512
26,2,6,63,-3,3,0,0.434277772903442,-1,-1,-1,-1,0.169243097305298
26,2,6,64,3,3,0,0.367166042327881,-1,-1,-1,-1,0.184277772903442
26,2,6,65,0,0,0,0.534509897232056,1,-1,-1,-1,0.117166042327881
26,2,6,66,-27,27,0,0.519039869308472,1,-1,-1,1,0.284509897232056
26,2,6,67,-81,81,0,0.551001787185669,-1,-1,-1,1,0.269039869308472
26,2,6,68,-9,9,0,0.684327840805054,-1,-1,-1,-1,0.301001787185669
26,2,6,69,-0,0,1,1.00199675559998,-1,-1,-1,-1,0.434327840805054
26,2,6,70,-81,81,0,0.701999187469482,-1,1,-1,-1,0.751996755599976
26,2,6,71,27,27,1,0.952728986740112,-1,-1,1,-1,0.451999187469482
26,2,6,72,-9,9,0,1.15057992935181,1,1,-1,-1,0.702728986740112
26,2,6,73,-9,9,0,0.717840194702148,-1,-1,1,1,0.900579929351807
26,2,6,74,-9,9,0,0.535223245620728,-1,-1,-1,-1,0.467840194702148
26,2,6,75,-81,81,0,0.602096557617188,-1,-1,-1,-1,0.285223245620728
26,2,6,76,-0,0,1,0.551333904266357,-1,-1,-1,-1,0.352096557617188
26,2,6,77,-27,27,0,0.569520950317383,-1,1,-1,-1,0.301333904266357
26,2,6,78,-81,81,0,0.535826206207275,-1,-1,1,-1,0.319520950317383
26,2,6,79,27,27,1,0.552335023880005,-1,-1,-1,-1,0.285826206207275
26,2,6,80,3,3,0,0.484366893768311,1,1,-1,-1,0.302335023880005
26,2,6,81,0,0,0,0.701118946075439,1,-1,1,1,0.234366893768311
26,2,6,82,-81,81,0,0.534296035766602,1,-1,-1,1,0.451118946075439
26,2,6,83,-81,81,0,0.535871267318726,-1,-1,-1,1,0.284296035766602
26,2,6,84,81,81,1,0.518744468688965,-1,-1,-1,-1,0.285871267318726
26,2,6,85,9,9,1,0.685254096984863,1,1,-1,-1,0.268744468688965
26,2,6,86,-27,27,0,0.517677545547485,1,1,1,1,0.435254096984863
26,2,6,87,-27,27,0,0.651904821395874,-1,-1,1,1,0.267677545547485
26,2,6,88,-9,9,0,0.535859107971191,-1,-1,-1,-1,0.401904821395874
26,2,6,89,-27,27,0,0.600512742996216,-1,-1,-1,-1,0.285859107971191
26,2,6,90,-0,0,1,0.519339561462402,-1,-1,-1,-1,0.350512742996216
26,2,6,91,-9,9,0,0.702541351318359,-1,1,-1,-1,0.269339561462402
26,2,6,92,9,9,1,0.33432674407959,-1,-1,1,-1,0.452541351318359
26,2,6,93,27,27,1,0.501904726028442,1,1,-1,-1,0.0843267440795898
26,2,6,94,27,27,1,0.40253472328186,1,1,1,1,0.251904726028442
26,2,6,95,27,27,1,0.452364206314087,1,1,1,1,0.15253472328186
26,2,6,96,-3,3,0,0.518500089645386,1,1,1,1,0.202364206314087
26,2,6,97,-9,9,0,0.502223491668701,-1,-1,1,1,0.268500089645386
26,2,6,98,-27,27,0,0.501070737838745,-1,-1,-1,-1,0.252223491668701
26,2,6,99,-27,27,0,0.467159748077393,-1,-1,-1,-1,0.251070737838745
26,3,1,2,81,81,1,0.601150274276733,1,1,-1,-1,0.352235317230225
26,3,1,3,81,81,1,0.535999298095703,1,1,1,1,0.351150274276733
26,3,1,4,-27,27,0,0.601115465164185,1,1,1,1,0.285999298095703
26,3,1,5,-9,9,1,0.617778539657593,-1,-1,1,1,0.351115465164185
26,3,1,6,81,81,1,0.552060604095459,-1,1,-1,-1,0.367778539657593
26,3,1,7,-9,9,0,0.518887042999268,1,1,1,-1,0.302060604095459
26,3,1,8,3,3,0,0.533849716186523,-1,-1,1,1,0.268887042999268
26,3,1,9,-27,27,0,0.502508878707886,1,-1,-1,-1,0.283849716186523
26,3,1,10,0,0,0,0.735897541046143,-1,-1,-1,1,0.252508878707886
26,3,1,11,81,81,1,0.568973302841187,1,-1,-1,-1,0.485897541046143
26,3,1,12,3,3,0,0.701183319091797,1,1,-1,1,0.318973302841187
26,3,1,13,-9,9,0,0.584595441818237,1,-1,1,1,0.451183319091797
26,3,1,14,3,3,0,0.750536918640137,-1,-1,-1,1,0.334595441818237
26,3,1,15,-3,3,1,1.18452334403992,1,-1,-1,-1,0.500536918640137
26,3,1,16,-27,27,0,0.552695035934448,-1,1,-1,1,0.934523344039917
26,3,1,17,-3,3,1,0.568918704986572,-1,-1,1,-1,0.302695035934448
26,3,1,18,0,0,1,0.667691469192505,-1,1,-1,-1,0.318918704986572
26,3,1,19,81,81,1,0.567688703536987,1,1,1,-1,0.417691469192505
26,3,1,20,-9,9,0,0.584703207015991,1,1,1,1,0.317688703536987
26,3,1,21,9,9,0,0.5682692527771,-1,-1,1,1,0.334703207015991
26,3,1,22,81,81,1,0.535346031188965,1,-1,-1,-1,0.3182692527771
26,3,1,23,3,3,1,0.519317388534546,1,1,-1,1,0.285346031188965
26,3,1,24,9,9,1,0.584312200546265,1,1,1,1,0.269317388534546
26,3,1,25,81,81,1,0.519376277923584,1,1,1,1,0.334312200546265
26,3,1,26,-0,0,1,0.617663860321045,1,1,1,1,0.269376277923584
26,3,1,27,-0,0,1,0.867196798324585,-1,1,1,1,0.367663860321045
26,3,1,28,81,81,1,0.552732467651367,-1,1,1,-1,0.617196798324585
26,3,1,29,3,3,0,0.619687795639038,1,1,1,-1,0.302732467651367
26,3,1,30,81,81,1,0.601171493530273,1,-1,1,1,0.369687795639038
26,3,1,31,-3,3,1,0.501742124557495,1,1,-1,1,0.351171493530273
26,3,1,32,-27,27,0,0.534764528274536,-1,1,1,1,0.251742124557495
26,3,1,33,3,3,0,0.567212581634521,-1,-1,1,-1,0.284764528274536
26,3,1,34,3,3,0,0.484498023986816,1,-1,-1,-1,0.317212581634521
26,3,1,35,-27,27,0,0.552132606506348,1,-1,-1,1,0.234498023986816
26,3,1,36,-27,27,0,0.518088102340698,-1,-1,-1,1,0.302132606506348
26,3,1,37,-81,81,0,0.567776441574097,-1,-1,-1,-1,0.268088102340698
26,3,1,38,-0,0,0,0.519440174102783,-1,-1,-1,-1,0.317776441574097
26,3,1,39,3,3,0,0.502199649810791,-1,-1,-1,-1,0.269440174102783
26,3,1,40,-81,81,0,0.500490665435791,1,-1,-1,-1,0.252199649810791
26,3,1,41,27,27,1,0.536332130432129,-1,-1,-1,1,0.250490665435791
26,3,1,42,27,27,1,0.517856597900391,1,1,-1,-1,0.286332130432129
26,3,1,43,3,3,1,0.48655104637146,1,1,1,1,0.267856597900391
26,3,1,44,27,27,1,0.483907699584961,1,1,1,1,0.23655104637146
26,3,1,45,-27,27,0,0.468690872192383,1,1,1,1,0.233907699584961
26,3,1,46,3,3,1,0.601064920425415,-1,-1,1,1,0.218690872192383
26,3,1,47,81,81,1,0.550548076629639,1,1,-1,-1,0.351064920425415
26,3,1,48,9,9,1,0.585098505020142,1,1,1,1,0.300548076629639
26,3,1,49,3,3,1,0.502007246017456,1,1,1,1,0.335098505020142
26,3,1,50,0,0,1,0.501142263412476,1,1,1,1,0.252007246017456
26,3,1,51,-27,27,0,0.535445928573608,1,1,1,1,0.251142263412476
26,3,1,52,27,27,1,0.585631847381592,-1,-1,1,1,0.285445928573608
26,3,1,53,9,9,1,0.56868314743042,1,1,-1,-1,0.335631847381592
26,3,1,54,3,3,1,0.869470357894897,1,1,1,1,0.31868314743042
26,3,1,55,-27,27,0,0.51932168006897,1,1,1,1,0.619470357894897
26,3,1,56,9,9,0,1.06916403770447,-1,-1,1,1,0.26932168006897
26,3,1,57,-81,81,0,0.519393444061279,1,-1,-1,-1,0.819164037704468
26,3,1,58,27,27,1,0.619784832000732,-1,-1,-1,1,0.269393444061279
26,3,1,59,9,9,1,0.585579633712769,1,1,-1,-1,0.369784832000732
26,3,1,60,0,0,1,0.935918807983398,1,1,1,1,0.335579633712769
26,3,1,61,81,81,1,0.518902540206909,1,1,1,1,0.685918807983398
26,3,1,62,3,3,1,0.819423913955688,1,1,1,1,0.268902540206909
26,3,1,63,9,9,1,1.00110721588135,1,1,1,1,0.569423913955688
26,3,1,64,-81,81,0,0.56968092918396,1,1,1,1,0.751107215881348
26,3,1,65,-9,9,0,0.60254168510437,-1,-1,1,1,0.31968092918396
26,3,1,66,-9,9,0,0.584332942962646,-1,-1,-1,-1,0.35254168510437
26,3,1,67,-3,3,1,0.435729265213013,-1,-1,-1,-1,0.334332942962646
26,3,1,68,-81,81,0,0.551125764846802,-1,1,-1,-1,0.185729265213013
26,3,1,69,9,9,0,0.533826589584351,-1,-1,1,-1,0.301125764846802
26,3,1,70,9,9,0,0.534924030303955,1,-1,-1,-1,0.283826589584351
26,3,1,71,27,27,1,0.517245531082153,1,-1,-1,1,0.284924030303955
26,3,1,72,81,81,1,0.467148303985596,1,1,-1,1,0.267245531082153
26,3,1,73,-27,27,0,0.518052577972412,1,1,1,1,0.217148303985596
26,3,1,74,-27,27,0,0.433813333511353,-1,-1,1,1,0.268052577972412
26,3,1,75,9,9,1,0.501129388809204,-1,-1,-1,-1,0.183813333511353
26,3,1,76,-81,81,0,0.552531003952026,1,1,-1,-1,0.251129388809204
26,3,1,77,-81,81,0,0.55270528793335,-1,-1,1,1,0.302531003952026
26,3,1,78,-0,0,0,0.485716819763184,-1,-1,-1,-1,0.30270528793335
26,3,1,79,0,0,0,0.50114917755127,-1,-1,-1,-1,0.235716819763184
26,3,1,80,-9,9,0,0.268539428710938,1,-1,-1,-1,0.25114917755127
26,3,1,81,-0,0,0,0.50234842300415,-1,-1,-1,1,0.0185394287109375
26,3,1,82,-9,9,0,0.50048565864563,-1,-1,-1,-1,0.25234842300415
26,3,1,83,3,3,0,0.60254693031311,-1,-1,-1,-1,0.25048565864563
26,3,1,84,81,81,1,0.518510341644287,1,-1,-1,-1,0.35254693031311
26,3,1,85,27,27,1,0.500475406646729,1,1,-1,1,0.268510341644287
26,3,1,86,27,27,1,0.502769231796265,1,1,1,1,0.250475406646729
26,3,1,87,-9,9,1,0.569284439086914,1,1,1,1,0.252769231796265
26,3,1,88,3,3,1,0.469241619110107,-1,1,1,1,0.319284439086914
26,3,1,89,-27,27,0,0.486078023910522,1,1,1,-1,0.219241619110107
26,3,1,90,9,9,0,0.467814445495605,-1,-1,1,1,0.236078023910522
26,3,1,91,27,27,1,0.484448671340942,1,-1,-1,-1,0.217814445495605
26,3,1,92,27,27,1,0.585892677307129,1,1,-1,1,0.234448671340942
26,3,1,93,3,3,1,0.467234134674072,1,1,1,1,0.335892677307129
26,3,1,94,3,3,1,0.317178249359131,1,1,1,1,0.217234134674072
26,3,1,95,-3,3,1,0.335839986801147,1,1,1,1,0.0671782493591309
26,3,1,96,0,0,1,0.41716480255127,-1,1,1,1,0.0858399868011475
26,3,1,97,-9,9,1,0.517712593078613,1,1,1,-1,0.16716480255127
26,3,1,98,9,9,1,0.601024627685547,-1,1,1,1,0.267712593078613
26,3,1,99,-81,81,0,0.502678871154785,1,1,1,-1,0.351024627685547
26,3,2,2,-3,3,1,0.552697658538818,1,1,1,1,0.869172811508179
26,3,2,3,0,0,1,0.46947979927063,-1,1,1,1,0.302697658538818
26,3,2,4,-0,0,1,0.30280327796936,1,1,1,-1,0.21947979927063
26,3,2,5,27,27,1,0.551146745681763,-1,1,1,1,0.0528032779693604
26,3,2,6,-27,27,0,0.483845949172974,1,1,1,-1,0.301146745681763
26,3,2,7,3,3,1,0.536046028137207,-1,-1,1,1,0.233845949172974
26,3,2,8,-27,27,0,0.569320440292358,1,1,-1,-1,0.286046028137207
26,3,2,9,9,9,1,0.552442312240601,-1,-1,1,1,0.319320440292358
26,3,2,10,-9,9,0,0.569368362426758,1,1,-1,-1,0.302442312240601
26,3,2,11,9,9,1,0.500511407852173,-1,-1,1,1,0.319368362426758
26,3,2,12,-9,9,0,0.51825213432312,1,1,-1,-1,0.250511407852173
26,3,2,13,81,81,1,0.584630250930786,-1,-1,1,1,0.26825213432312
26,3,2,14,-81,81,0,0.519505977630615,1,1,-1,-1,0.334630250930786
26,3,2,15,27,27,1,0.96854043006897,-1,-1,1,1,0.269505977630615
26,3,2,16,-81,81,0,0.551023244857788,1,1,-1,-1,0.71854043006897
26,3,2,17,27,27,1,0.651653051376343,-1,-1,1,1,0.301023244857788
26,3,2,18,-3,3,1,0.602464437484741,1,1,-1,-1,0.401653051376343
26,3,2,19,3,3,0,0.535850763320923,-1,1,1,1,0.352464437484741
26,3,2,20,-9,9,1,0.552295684814453,1,-1,1,-1,0.285850763320923
26,3,2,21,27,27,1,0.502038955688477,-1,1,-1,1,0.302295684814453
26,3,2,22,-9,9,1,0.651003122329712,1,1,1,-1,0.252038955688477
26,3,2,23,0,0,1,0.952546119689941,-1,1,1,1,0.401003122329712
26,3,2,24,-9,9,0,0.433838844299316,1,1,1,-1,0.702546119689941
26,3,2,25,-9,9,0,1.21715998649597,-1,-1,1,1,0.183838844299316
26,3,2,26,81,81,1,0.518199682235718,-1,-1,-1,-1,0.967159986495972
26,3,2,27,3,3,1,0.583835363388062,1,1,-1,-1,0.268199682235718
26,3,2,28,-81,81,0,0.501397371292114,1,1,1,1,0.333835363388062
26,3,2,29,3,3,1,0.535761117935181,-1,-1,1,1,0.251397371292114
26,3,2,30,-27,27,0,0.535814523696899,1,1,-1,-1,0.285761117935181
26,3,2,31,27,27,1,0.535455942153931,-1,-1,1,1,0.285814523696899
26,3,2,32,-9,9,0,0.500924348831177,1,1,-1,-1,0.285455942153931
26,3,2,33,3,3,1,0.534334421157837,-1,-1,1,1,0.250924348831177
26,3,2,34,-9,9,0,0.502383947372437,1,1,-1,-1,0.284334421157837
26,3,2,35,81,81,1,0.602101802825928,-1,-1,1,1,0.252383947372437
26,3,2,36,-9,9,1,0.901139497756958,1,1,-1,-1,0.352101802825928
26,3,2,37,3,3,0,0.652019023895264,-1,1,1,1,0.651139497756958
26,3,2,38,-81,81,0,0.486062526702881,1,-1,1,-1,0.402019023895264
26,3,2,39,9,9,1,0.517945051193237,-1,-1,-1,1,0.236062526702881
26,3,2,40,81,81,1,0.533879041671753,1,1,-1,-1,0.267945051193237
26,3,2,41,81,81,1,0.501393556594849,1,1,1,1,0.283879041671753
26,3,2,42,-3,3,1,0.618032693862915,1,1,1,1,0.251393556594849
26,3,2,43,9,9,0,0.917176961898804,-1,1,1,1,0.368032693862915
26,3,2,44,0,0,0,0.983848333358765,1,-1,1,-1,0.667176961898804
26,3,2,45,-3,3,1,0.73469352722168,1,-1,-1,1,0.733848333358765
26,3,2,46,81,81,1,0.500572443008423,-1,1,-1,1,0.48469352722168
26,3,2,47,3,3,1,0.652776956558228,1,1,1,-1,0.250572443008423
26,3,2,48,-9,9,1,0.751816272735596,1,1,1,1,0.402776956558228
26,3,2,49,27,27,1,0.517823934555054,-1,1,1,1,0.501816272735596
26,3,2,50,-3,3,1,0.51716160774231,1,1,1,-1,0.267823934555054
26,3,2,51,27,27,1,0.501107931137085,-1,1,1,1,0.26716160774231
26,3,2,52,-0,0,1,0.500956773757935,1,1,1,-1,0.251107931137085
26,3,2,53,3,3,1,0.56980037689209,-1,1,1,1,0.250956773757935
26,3,2,54,-3,3,1,0.551235437393188,1,1,1,-1,0.31980037689209
26,3,2,55,9,9,1,0.834642648696899,-1,1,1,1,0.301235437393188
26,3,2,56,-0,0,0,0.984294176101685,1,1,1,-1,0.584642648696899
26,3,2,57,0,0,0,0.650949001312256,-1,-1,1,1,0.734294176101685
26,3,2,58,-27,27,0,0.452138423919678,1,-1,-1,-1,0.400949001312256
26,3,2,59,27,27,1,0.518831729888916,-1,-1,-1,1,0.202138423919678
26,3,2,60,-81,81,0,0.500486612319946,1,1,-1,-1,0.268831729888916
26,3,2,61,81,81,1,0.55267071723938,-1,-1,1,1,0.250486612319946
26,3,2,62,-0,0,1,0.551110982894897,1,1,-1,-1,0.30267071723938
26,3,2,63,81,81,1,0.518533229827881,-1,1,1,1,0.301110982894897
26,3,2,64,-81,81,0,0.517602682113647,1,1,1,-1,0.268533229827881
26,3,2,65,3,3,0,1.21935701370239,-1,-1,1,1,0.267602682113647
26,3,2,66,-27,27,0,0.585530042648315,1,-1,-1,-1,0.969357013702393
26,3,2,67,3,3,0,0.536041498184204,-1,-1,-1,1,0.335530042648315
26,3,2,68,-81,81,0,0.502675533294678,1,-1,-1,-1,0.286041498184204
26,3,2,69,-9,9,0,0.686056852340698,-1,-1,-1,1,0.252675533294678
26,3,2,70,0,0,0,1.00133061408997,-1,-1,-1,-1,0.436056852340698
26,3,2,71,-27,27,0,0.535967111587524,1,-1,-1,-1,0.751330614089966
26,3,2,72,-9,9,0,0.501195907592773,-1,-1,-1,1,0.285967111587524
26,3,2,73,-81,81,0,0.519053220748901,-1,-1,-1,-1,0.251195907592773
26,3,2,74,9,9,1,0.517793416976929,-1,-1,-1,-1,0.269053220748901
26,3,2,75,-3,3,0,0.451086521148682,1,1,-1,-1,0.267793416976929
26,3,2,76,81,81,1,0.517917633056641,-1,-1,1,1,0.201086521148682
26,3,2,77,81,81,1,0.551030397415161,1,1,-1,-1,0.267917633056641
26,3,2,78,-27,27,0,0.584467887878418,1,1,1,1,0.301030397415161
26,3,2,79,3,3,1,0.502822399139404,-1,-1,1,1,0.334467887878418
26,3,2,80,27,27,1,0.519392728805542,1,1,-1,-1,0.252822399139404
26,3,2,81,-0,0,1,0.383849382400513,1,1,1,1,0.269392728805542
26,3,2,82,81,81,1,0.517796754837036,-1,1,1,1,0.133849382400513
26,3,2,83,3,3,1,0.535751819610596,1,1,1,-1,0.267796754837036
26,3,2,84,-27,27,0,0.569424867630005,1,1,1,1,0.285751819610596
26,3,2,85,27,27,1,0.517215013504028,-1,-1,1,1,0.319424867630005
26,3,2,86,-3,3,1,0.552385568618774,1,1,-1,-1,0.267215013504028
26,3,2,87,27,27,1,0.552765130996704,-1,1,1,1,0.302385568618774
26,3,2,88,-3,3,0,0.61713719367981,1,1,1,-1,0.302765130996704
26,3,2,89,9,9,1,0.501135110855103,-1,-1,1,1,0.36713719367981
26,3,2,90,-3,3,1,0.402310848236084,1,1,-1,-1,0.251135110855103
26,3,2,91,81,81,1,0.451590061187744,-1,1,1,1,0.152310848236084
26,3,2,92,-0,0,1,0.484514713287354,1,1,1,-1,0.201590061187744
26,3,2,93,81,81,1,0.500513076782227,-1,1,1,1,0.234514713287354
26,3,2,94,-81,81,0,0.417148590087891,1,1,1,-1,0.250513076782227
26,3,2,95,9,9,1,0.500552177429199,-1,-1,1,1,0.167148590087891
26,3,2,96,-9,9,0,0.350551128387451,1,1,-1,-1,0.250552177429199
26,3,2,97,27,27,1,0.567154884338379,-1,-1,1,1,0.100551128387451
26,3,2,98,-27,27,0,0.518582820892334,1,1,-1,-1,0.317154884338379
26,3,2,99,27,27,1,0.485628366470337,-1,-1,1,1,0.268582820892334
26,3,3,2,9,9,1,1.05235385894775,1,-1,1,1,0.134741067886353
26,3,3,3,27,27,1,0.485657930374146,1,1,-1,1,0.802353858947754
26,3,3,4,27,27,1,0.569051265716553,1,1,1,1,0.235657930374146
26,3,3,5,-81,81,0,0.43474006652832,1,1,1,1,0.319051265716553
26,3,3,6,-9,9,0,0.483816862106323,-1,-1,1,1,0.18474006652832
26,3,3,7,-3,3,1,0.568599700927734,-1,-1,-1,-1,0.233816862106323
26,3,3,8,27,27,1,0.484383583068848,-1,1,-1,-1,0.318599700927734
26,3,3,9,0,0,1,0.635185718536377,1,1,1,-1,0.234383583068848
26,3,3,10,3,3,1,0.384428977966309,1,1,1,1,0.385185718536377
26,3,3,11,-9,9,1,0.584514617919922,1,1,1,1,0.134428977966309
26,3,3,12,27,27,1,0.552080392837524,-1,1,1,1,0.334514617919922
26,3,3,13,3,3,1,0.617911815643311,1,1,1,-1,0.302080392837524
26,3,3,14,0,0,1,0.435801982879639,1,1,1,1,0.367911815643311
26,3,3,15,3,3,1,0.551090002059937,1,1,1,1,0.185801982879639
26,3,3,16,3,3,1,0.5694420337677,1,1,1,1,0.301090002059937
26,3,3,17,-3,3,0,0.517178297042847,1,1,1,1,0.3194420337677
26,3,3,18,-3,3,1,0.501352787017822,-1,-1,1,1,0.267178297042847
26,3,3,19,-0,0,1,0.534691095352173,-1,1,-1,-1,0.251352787017822
26,3,3,20,-9,9,0,0.40122389793396,-1,1,1,-1,0.284691095352173
26,3,3,21,-3,3,1,0.551128387451172,-1,-1,1,-1,0.15122389793396
26,3,3,22,-3,3,1,0.485790252685547,-1,1,-1,-1,0.301128387451172
26,3,3,23,81,81,1,0.602661609649658,-1,1,1,-1,0.235790252685547
26,3,3,24,27,27,1,0.318462133407593,1,1,1,-1,0.352661609649658
26,3,3,25,9,9,1,0.569189071655273,1,1,1,1,0.0684621334075928
26,3,3,26,-0,0,1,0.485336542129517,1,1,1,1,0.319189071655273
26,3,3,27,-9,9,0,0.483841896057129,-1,1,1,1,0.235336542129517
26,3,3,28,-27,27,0,0.65216851234436,-1,-1,1,-1,0.233841896057129
26,3,3,29,-9,9,0,0.500481843948364,-1,-1,-1,-1,0.40216851234436
26,3,3,30,9,9,1,0.484436988830566,-1,-1,-1,-1,0.250481843948364
26,3,3,31,81,81,1,0.501169204711914,1,1,-1,-1,0.234436988830566
26,3,3,32,3,3,1,0.652214527130127,1,1,1,1,0.251169204711914
26,3,3,33,9,9,1,0.569502353668213,1,1,1,1,0.402214527130127
26,3,3,34,27,27,1,0.517204761505127,1,1,1,1,0.319502353668213
26,3,3,35,27,27,1,0.467865228652954,1,1,1,1,0.267204761505127
26,3,3,36,0,0,1,0.867605447769165,1,1,1,1,0.217865228652954
26,3,3,37,81,81,1,0.518129587173462,1,1,1,1,0.617605447769165
26,3,3,38,81,81,1,0.502393960952759,1,1,1,1,0.268129587173462
26,3,3,39,-81,81,0,0.517777442932129,1,1,1,1,0.252393960952759
26,3,3,40,-81,81,0,0.517825841903687,-1,-1,1,1,0.267777442932129
26,3,3,41,-3,3,0,0.502161979675293,-1,-1,-1,-1,0.267825841903687
26,3,3,42,-9,9,1,0.767659902572632,-1,-1,-1,-1,0.252161979675293
26,3,3,43,-27,27,0,0.436070680618286,-1,1,-1,-1,0.517659902572632
26,3,3,44,-27,27,0,0.517791271209717,-1,-1,1,-1,0.186070680618286
26,3,3,45,-3,3,1,0.667876482009888,-1,-1,-1,-1,0.267791271209717
26,3,3,46,0,0,0,0.485689401626587,-1,1,-1,-1,0.417876482009888
26,3,3,47,-9,9,0,0.435945272445679,1,-1,1,-1,0.235689401626587
26,3,3,48,-9,9,0,0.318924188613892,-1,-1,-1,1,0.185945272445679
26,3,3,49,81,81,1,0.536022663116455,-1,-1,-1,-1,0.0689241886138916
26,3,3,50,3,3,1,0.551160573959351,1,1,-1,-1,0.286022663116455
26,3,3,51,9,9,1,0.518620491027832,1,1,1,1,0.301160573959351
26,3,3,52,3,3,1,0.584859371185303,1,1,1,1,0.268620491027832
26,3,3,53,27,27,1,0.452550172805786,1,1,1,1,0.334859371185303
26,3,3,54,-27,27,0,0.500547409057617,1,1,1,1,0.202550172805786
26,3,3,55,81,81,1,0.451045751571655,-1,-1,1,1,0.250547409057617
26,3,3,56,3,3,1,0.568882465362549,1,1,-1,-1,0.201045751571655
26,3,3,57,9,9,1,0.552722692489624,1,1,1,1,0.318882465362549
26,3,3,58,-0,0,1,0.486106157302856,1,1,1,1,0.302722692489624
26,3,3,62,-27,27,0,0.45240592956543,-1,-1,-1,-1,0.269412755966187
26,3,3,63,-27,27,0,0.46861457824707,-1,-1,-1,-1,0.20240592956543
26,3,3,64,-27,27,0,0.535873413085938,-1,-1,-1,-1,0.21861457824707
26,3,3,65,-9,9,0,0.568692445755005,-1,-1,-1,-1,0.285873413085938
26,3,3,66,3,3,0,0.284823656082153,-1,-1,-1,-1,0.318692445755005
26,3,3,67,27,27,1,0.417963981628418,1,-1,-1,-1,0.0348236560821533
26,3,3,68,0,0,1,0.517768144607544,1,1,-1,1,0.167963981628418
26,3,3,69,81,81,1,0.536128520965576,1,1,1,1,0.267768144607544
26,3,3,70,9,9,1,0.569084644317627,1,1,1,1,0.286128520965576
26,3,3,71,81,81,1,0.468147754669189,1,1,1,1,0.319084644317627
26,3,3,72,9,9,1,0.534774541854858,1,1,1,1,0.218147754669189
26,3,3,73,3,3,1,0.368412971496582,1,1,1,1,0.284774541854858
26,3,3,74,-27,27,0,0.452384471893311,1,1,1,1,0.118412971496582
26,3,3,75,-81,81,0,0.567624568939209,-1,-1,1,1,0.202384471893311
26,3,3,76,-81,81,0,0.551990747451782,-1,-1,-1,-1,0.317624568939209
26,3,3,77,-81,81,0,0.485984563827515,-1,-1,-1,-1,0.301990747451782
26,3,3,78,-81,81,0,0.46782660484314,-1,-1,-1,-1,0.235984563827515
26,3,3,79,-81,81,0,0.583816289901733,-1,-1,-1,-1,0.21782660484314
26,3,3,80,-27,27,0,0.517179489135742,-1,-1,-1,-1,0.333816289901733
26,3,3,81,81,81,1,0.500480651855469,-1,-1,-1,-1,0.267179489135742
26,3,3,82,27,27,1,0.534470081329346,1,1,-1,-1,0.250480651855469
26,3,3,83,-0,0,1,0.667813301086426,1,1,1,1,0.284470081329346
26,3,3,84,-27,27,0,0.352702379226685,-1,1,1,1,0.417813301086426
26,3,3,85,-3,3,1,0.485893964767456,-1,-1,1,-1,0.102702379226685
26,3,3,86,81,81,1,0.551932096481323,-1,1,-1,-1,0.235893964767456
26,3,3,87,27,27,1,0.535429716110229,1,1,1,-1,0.301932096481323
26,3,3,88,27,27,1,0.535631895065308,1,1,1,1,0.285429716110229
26,3,3,89,81,81,1,0.534731149673462,1,1,1,1,0.285631895065308
26,3,3,90,81,81,1,0.467681169509888,1,1,1,1,0.284731149673462
26,3,3,91,3,3,1,0.584359645843506,1,1,1,1,0.217681169509888
26,3,3,92,9,9,1,0.535989284515381,1,1,1,1,0.334359645843506
26,3,3,93,-9,9,0,0.536026000976562,1,1,1,1,0.285989284515381
26,3,3,94,-0,0,0,0.535320997238159,-1,-1,1,1,0.286026000976562
26,3,3,95,-9,9,0,0.502536535263062,-1,-1,-1,-1,0.285320997238159
26,3,3,96,-3,3,0,0.683872938156128,-1,-1,-1,-1,0.252536535263062
26,3,3,97,-81,81,0,0.502547740936279,-1,-1,-1,-1,0.433872938156128
26,3,3,98,3,3,0,0.718703031539917,-1,-1,-1,-1,0.252547740936279
26,3,3,99,3,3,1,0.967792987823486,1,-1,-1,-1,0.468703031539917
26,3,4,2,-0,0,1,0.484913110733032,-1,-1,-1,-1,0.318670511245728
26,3,4,3,0,0,0,0.469293594360352,-1,1,-1,-1,0.234913110733032
26,3,4,4,-81,81,0,0.768026113510132,1,-1,1,-1,0.219293594360352
26,3,4,5,81,81,1,0.483816623687744,-1,-1,-1,1,0.518026113510132
26,3,4,6,-81,81,0,0.518702268600464,1,1,-1,-1,0.233816623687744
26,3,4,7,27,27,1,0.484442710876465,-1,-1,1,1,0.268702268600464
26,3,4,8,-3,3,0,0.71720027923584,1,1,-1,-1,0.234442710876465
26,3,4,9,3,3,1,0.58583927154541,-1,-1,1,1,0.46720027923584
26,3,4,10,-27,27,0,0.483808994293213,1,1,-1,-1,0.33583927154541
26,3,4,11,-3,3,1,0.569083690643311,-1,-1,1,1,0.233808994293213
26,3,4,12,-3,3,0,0.583822250366211,-1,1,-1,-1,0.319083690643311
26,3,4,13,9,9,1,0.434503078460693,-1,-1,1,-1,0.333822250366211
26,3,4,14,9,9,1,0.384512186050415,1,1,-1,-1,0.184503078460693
26,3,4,15,-9,9,0,0.568594217300415,1,1,1,1,0.134512186050415
26,3,4,16,9,9,1,0.602017402648926,-1,-1,1,1,0.318594217300415
26,3,4,17,-27,27,0,0.569464921951294,1,1,-1,-1,0.352017402648926
26,3,4,18,81,81,1,0.585704803466797,-1,-1,1,1,0.319464921951294
26,3,4,19,-3,3,1,0.951645135879517,1,1,-1,-1,0.335704803466797
26,3,4,20,-0,0,1,0.984624862670898,-1,1,1,1,0.701645135879517
26,3,4,21,9,9,1,0.517258882522583,-1,1,1,-1,0.734624862670898
26,3,4,22,81,81,1,0.518136024475098,1,1,1,-1,0.267258882522583
26,3,4,23,-0,0,1,0.601157426834106,1,1,1,1,0.268136024475098
26,3,4,24,27,27,1,0.651388645172119,-1,1,1,1,0.351157426834106
26,3,4,25,-0,0,1,0.568039655685425,1,1,1,-1,0.401388645172119
26,3,4,26,27,27,1,0.468697309494019,-1,1,1,1,0.318039655685425
26,3,4,27,-81,81,0,0.485985517501831,1,1,1,-1,0.218697309494019
26,3,4,28,3,3,0,0.683806180953979,-1,-1,1,1,0.235985517501831
26,3,4,29,-3,3,1,0.417784929275513,1,-1,-1,-1,0.433806180953979
26,3,4,30,27,27,1,0.485964059829712,-1,1,-1,1,0.167784929275513
26,3,4,31,9,9,0,0.684456348419189,1,1,1,-1,0.235964059829712
26,3,4,32,9,9,1,0.401506662368774,1,-1,1,1,0.434456348419189
26,3,4,33,-3,3,0,0.651139259338379,1,1,-1,1,0.151506662368774
26,3,4,34,3,3,1,0.502222061157227,-1,-1,1,1,0.401139259338379
26,3,4,35,-27,27,0,0.88493800163269,1,1,-1,-1,0.252222061157227
26,3,4,36,81,81,1,0.550486326217651,-1,-1,1,1,0.63493800163269
26,3,4,37,-81,81,0,0.533867597579956,1,1,-1,-1,0.300486326217651
26,3,4,38,9,9,1,0.384431123733521,-1,-1,1,1,0.283867597579956
26,3,4,39,-81,81,0,0.51887321472168,1,1,-1,-1,0.134431123733521
26,3,4,40,81,81,1,0.485678911209106,-1,-1,1,1,0.26887321472168
26,3,4,41,-27,27,0,0.51870584487915,1,1,-1,-1,0.235678911209106
26,3,4,42,0,0,1,0.48445200920105,-1,-1,1,1,0.26870584487915
26,3,4,43,-81,81,0,0.584779500961304,1,1,-1,-1,0.23445200920105
26,3,4,44,-81,81,0,0.534486532211304,-1,-1,1,1,0.334779500961304
26,3,4,45,27,27,1,0.535588979721069,-1,-1,-1,-1,0.284486532211304
26,3,4,46,-9,9,0,0.551165819168091,1,1,-1,-1,0.285588979721069
26,3,4,51,3,3,1,0.56781268119812,-1,-1,1,1,0.418057203292847
26,3,4,52,-9,9,0,0.784482002258301,1,1,-1,-1,0.31781268119812
26,3,4,53,27,27,1,0.484700202941895,-1,-1,1,1,0.534482002258301
26,3,4,54,81,81,1,0.500506401062012,1,1,-1,-1,0.234700202941895
26,3,4,55,3,3,1,0.48530125617981,1,1,1,1,0.250506401062012
26,3,4,56,-81,81,0,0.767834424972534,1,1,1,1,0.23530125617981
26,3,4,57,9,9,1,0.602107048034668,-1,-1,1,1,0.517834424972534
26,3,4,58,9,9,0,0.802809238433838,1,1,-1,-1,0.352107048034668
26,3,4,59,-27,27,0,0.485923767089844,1,-1,1,1,0.552809238433838
26,3,4,60,27,27,1,0.484692573547363,-1,-1,-1,1,0.235923767089844
26,3,4,61,-9,9,0,0.517967939376831,1,1,-1,-1,0.234692573547363
26,3,4,62,81,81,1,0.552062034606934,-1,-1,1,1,0.267967939376831
26,3,4,63,-3,3,0,0.65112566947937,1,1,-1,-1,0.302062034606934
26,3,4,64,3,3,0,0.467871904373169,-1,-1,1,1,0.40112566947937
26,3,4,65,-0,0,0,0.568149328231812,1,-1,-1,-1,0.217871904373169
26,3,4,66,3,3,1,0.501691818237305,-1,-1,-1,1,0.318149328231812
26,3,4,67,-9,9,1,0.585464000701904,1,1,-1,-1,0.251691818237305
26,3,4,68,81,81,1,0.501157283782959,-1,1,1,1,0.335464000701904
26,3,4,69,-27,27,0,0.501112937927246,1,1,1,-1,0.251157283782959
26,3,4,70,-9,9,0,0.468254804611206,-1,-1,1,1,0.251112937927246
26,3,4,71,-9,9,0,0.534454584121704,-1,-1,-1,-1,0.218254804611206
26,3,4,72,81,81,1,0.501171350479126,-1,-1,-1,-1,0.284454584121704
26,3,4,73,27,27,1,0.484492778778076,1,1,-1,-1,0.251171350479126
26,3,4,74,-27,27,0,0.600542783737183,1,1,1,1,0.234492778778076
26,3,4,75,27,27,1,0.535455703735352,-1,-1,1,1,0.350542783737183
26,3,4,76,27,27,1,0.502400636672974,1,1,-1,-1,0.285455703735352
26,3,4,77,-81,81,0,0.567152976989746,1,1,1,1,0.252400636672974
26,3,4,78,3,3,1,0.369091033935547,-1,-1,1,1,0.317152976989746
26,3,4,79,-3,3,0,0.468797445297241,1,1,-1,-1,0.119091033935547
26,3,4,80,0,0,1,0.36878514289856,-1,-1,1,1,0.218797445297241
26,3,4,81,-9,9,1,0.717802762985229,1,1,-1,-1,0.11878514289856
26,3,4,82,3,3,1,0.885919570922852,-1,1,1,1,0.467802762985229
26,3,4,83,-27,27,0,0.517781734466553,1,1,1,-1,0.635919570922852
26,3,4,84,0,0,0,0.619512319564819,-1,-1,1,1,0.267781734466553
26,3,4,85,-0,0,0,0.517895936965942,1,-1,-1,-1,0.369512319564819
26,3,4,86,3,3,1,0.502691984176636,-1,-1,-1,1,0.267895936965942
26,3,4,87,-81,81,0,0.70272159576416,1,1,-1,-1,0.252691984176636
26,3,4,88,-9,9,0,0.519296407699585,-1,-1,1,1,0.45272159576416
26,3,4,89,-3,3,0,0.501847982406616,-1,-1,-1,-1,0.269296407699585
26,3,4,90,-9,9,0,0.568615674972534,-1,-1,-1,-1,0.251847982406616
26,3,4,91,3,3,0,0.63553786277771,-1,-1,-1,-1,0.318615674972534
26,3,4,92,-3,3,0,1.03445172309875,1,-1,-1,-1,0.38553786277771
26,3,4,93,81,81,1,0.551182985305786,-1,-1,-1,1,0.784451723098755
26,3,4,94,-81,81,0,1.1010947227478,1,1,-1,-1,0.301182985305786
26,3,4,95,27,27,1,0.502431869506836,-1,-1,1,1,0.851094722747803
26,3,4,96,27,27,1,0.583817720413208,1,1,-1,-1,0.252431869506836
26,3,4,97,-0,0,1,0.400497913360596,1,1,1,1,0.333817720413208
26,3,4,98,-27,27,0,0.535486221313477,-1,1,1,1,0.150497913360596
26,3,4,99,-9,9,0,0.418598890304565,-1,-1,1,-1,0.285486221313477
26,3,5,4,-3,3,0,0.584504365921021,1,1,-1,-1,0.284245252609253
26,3,5,5,9,9,1,1.03443551063538,-1,-1,1,1,0.334504365921021
26,3,5,6,-9,9,0,0.53425121307373,1,1,-1,-1,0.784435510635376
26,3,5,7,-81,81,0,0.468829870223999,-1,-1,1,1,0.28425121307373
26,3,5,8,-9,9,1,0.418895483016968,-1,-1,-1,-1,0.218829870223999
26,3,5,9,27,27,1,0.517714738845825,-1,1,-1,-1,0.168895483016968
26,3,5,10,-9,9,1,0.569196462631226,1,1,1,-1,0.267714738845825
26,3,5,11,-3,3,0,0.435754060745239,-1,1,1,1,0.319196462631226
26,3,5,12,-3,3,0,0.617160797119141,-1,-1,1,-1,0.185754060745239
26,3,5,13,-81,81,0,0.384472131729126,-1,-1,-1,-1,0.367160797119141
26,3,5,14,-27,27,0,0.419172525405884,-1,-1,-1,-1,0.134472131729126
26,3,5,15,-3,3,1,0.467792749404907,-1,-1,-1,-1,0.169172525405884
26,3,5,16,-27,27,0,0.467164993286133,-1,1,-1,-1,0.217792749404907
26,3,5,17,27,27,1,0.551149845123291,-1,-1,1,-1,0.217164993286133
26,3,5,18,-3,3,0,0.684473037719727,1,1,-1,-1,0.301149845123291
26,3,5,19,3,3,1,0.751890182495117,-1,-1,1,1,0.434473037719727
26,3,5,20,-81,81,0,0.534499645233154,1,1,-1,-1,0.501890182495117
26,3,5,21,-0,0,0,0.602385520935059,-1,-1,1,1,0.284499645233154
26,3,5,22,81,81,1,0.551443338394165,-1,-1,-1,-1,0.352385520935059
26,3,5,23,9,9,1,0.617631912231445,1,1,-1,-1,0.301443338394165
26,3,5,24,-27,27,0,0.702423334121704,1,1,1,1,0.367631912231445
26,3,5,25,-3,3,0,0.352191925048828,-1,-1,1,1,0.452423334121704
26,3,5,26,-0,0,0,0.583862781524658,-1,-1,-1,-1,0.102191925048828
26,3,5,27,-9,9,0,0.501096248626709,-1,-1,-1,-1,0.333862781524658
26,3,5,28,0,0,0,0.46824312210083,-1,-1,-1,-1,0.251096248626709
26,3,5,29,81,81,1,0.550598859786987,1,-1,-1,-1,0.21824312210083
26,3,5,30,3,3,1,0.951116561889648,1,1,-1,1,0.300598859786987
26,3,5,31,81,81,1,0.534452438354492,1,1,1,1,0.701116561889648
26,3,5,32,-27,27,0,0.502252817153931,1,1,1,1,0.284452438354492
26,3,5,33,-9,9,0,0.702979803085327,-1,-1,1,1,0.252252817153931
26,3,5,34,-27,27,0,0.634925842285156,-1,-1,-1,-1,0.452979803085327
26,3,5,35,3,3,0,0.550474166870117,-1,-1,-1,-1,0.384925842285156
26,3,5,36,27,27,1,0.569308280944824,1,-1,-1,-1,0.300474166870117
26,3,5,37,81,81,1,0.584940671920776,1,1,-1,1,0.319308280944824
26,3,5,38,-3,3,0,0.568686008453369,1,1,1,1,0.334940671920776
26,3,5,39,27,27,1,0.48589825630188,-1,-1,1,1,0.318686008453369
26,3,5,40,-3,3,0,0.450965881347656,1,1,-1,-1,0.23589825630188
26,3,5,41,9,9,1,0.552215337753296,-1,-1,1,1,0.200965881347656
26,3,5,42,81,81,1,0.901350259780884,1,1,-1,-1,0.302215337753296
26,3,5,43,-27,27,0,0.501153230667114,1,1,1,1,0.651350259780884
26,3,5,44,9,9,1,0.486008405685425,-1,-1,1,1,0.251153230667114
26,3,5,45,0,0,0,0.517225742340088,1,1,-1,-1,0.236008405685425
26,3,5,46,3,3,0,0.551550149917603,1,-1,1,1,0.267225742340088
26,3,5,47,3,3,1,1.03541445732117,1,-1,-1,1,0.301550149917603
26,3,5,48,-81,81,0,0.383836507797241,1,1,-1,1,0.785414457321167
26,3,5,49,9,9,1,0.53467321395874,-1,-1,1,1,0.133836507797241
26,3,5,50,-3,3,0,0.917153835296631,1,1,-1,-1,0.28467321395874
26,3,5,51,9,9,0,0.534692287445068,-1,-1,1,1,0.667153835296631
26,3,5,52,-27,27,0,0.551114559173584,1,-1,-1,-1,0.284692287445068
26,3,5,53,9,9,0,0.500534057617188,-1,-1,-1,1,0.301114559173584
26,3,5,54,-27,27,0,0.585561513900757,1,-1,-1,-1,0.250534057617188
26,3,5,55,-0,0,0,0.785880565643311,-1,-1,-1,1,0.335561513900757
26,3,5,56,-0,0,0,0.600486278533936,-1,-1,-1,-1,0.535880565643311
26,3,5,57,27,27,1,0.585494041442871,-1,-1,-1,-1,0.350486278533936
26,3,5,58,27,27,1,0.651987552642822,1,1,-1,-1,0.335494041442871
26,3,5,59,3,3,0,0.535532236099243,1,1,1,1,0.401987552642822
26,3,5,60,3,3,0,0.635434865951538,1,-1,1,1,0.285532236099243
26,3,5,61,-9,9,0,0.501956462860107,1,-1,-1,1,0.385434865951538
26,3,5,62,3,3,0,0.601107597351074,-1,-1,-1,1,0.251956462860107
26,3,5,63,81,81,1,0.635249376296997,1,-1,-1,-1,0.351107597351074
26,3,5,64,0,0,0,0.55113959312439,1,1,-1,1,0.385249376296997
26,3,5,65,-81,81,0,0.533892631530762,1,-1,1,1,0.30113959312439
26,3,5,66,-9,9,0,0.569515705108643,-1,-1,-1,1,0.283892631530762
26,3,5,67,81,81,1,0.535766839981079,-1,-1,-1,-1,0.319515705108643
26,3,5,68,-3,3,0,0.567870140075684,1,1,-1,-1,0.285766839981079
26,3,5,69,81,81,1,0.568763256072998,-1,-1,1,1,0.317870140075684
26,3,5,70,27,27,1,0.501083135604858,1,1,-1,-1,0.318763256072998
26,3,5,71,27,27,1,0.450954914093018,1,1,1,1,0.251083135604858
26,3,5,72,9,9,1,0.851042509078979,1,1,1,1,0.200954914093018
26,3,5,73,-81,81,0,0.586073398590088,1,1,1,1,0.601042509078979
26,3,5,74,-9,9,0,0.552231550216675,-1,-1,1,1,0.336073398590088
26,3,5,75,3,3,0,0.750989198684692,-1,-1,-1,-1,0.302231550216675
26,3,5,76,81,81,1,0.519241809844971,1,-1,-1,-1,0.500989198684692
26,3,5,77,81,81,1,0.568575620651245,1,1,-1,1,0.269241809844971
26,3,5,78,-81,81,0,0.584523439407349,1,1,1,1,0.318575620651245
26,3,5,79,-9,9,0,0.517168521881104,-1,-1,1,1,0.334523439407349
26,3,5,80,-27,27,0,0.567769050598145,-1,-1,-1,-1,0.267168521881104
26,3,5,81,81,81,1,0.552462577819824,-1,-1,-1,-1,0.317769050598145
26,3,5,82,-9,9,0,0.435637474060059,1,1,-1,-1,0.302462577819824
26,3,5,83,-81,81,0,0.60052752494812,-1,-1,1,1,0.185637474060059
26,3,5,84,-9,9,0,0.618597984313965,-1,-1,-1,-1,0.35052752494812
26,3,5,85,27,27,1,0.535678863525391,-1,-1,-1,-1,0.368597984313965
26,3,5,86,27,27,1,0.619282007217407,1,1,-1,-1,0.285678863525391
26,3,5,87,-0,0,1,1.00249052047729,1,1,1,1,0.369282007217407
26,3,5,88,27,27,1,0.551178932189941,-1,1,1,1,0.752490520477295
26,3,5,89,-9,9,0,0.467224597930908,1,1,1,-1,0.301178932189941
26,3,5,90,27,27,1,0.517824411392212,-1,-1,1,1,0.217224597930908
26,3,5,91,-27,27,0,0.651376247406006,1,1,-1,-1,0.267824411392212
26,3,5,92,0,0,0,0.767855644226074,-1,-1,1,1,0.401376247406006
26,3,5,93,-0,0,0,0.384443283081055,1,-1,-1,-1,0.517855644226074
26,3,5,94,-0,0,0,0.819300413131714,-1,-1,-1,1,0.134443283081055
26,3,5,95,9,9,0,0.567803382873535,-1,-1,-1,-1,0.569300413131714
26,3,5,96,3,3,0,0.519160985946655,1,-1,-1,-1,0.317803382873535
26,3,5,97,-81,81,0,0.535790205001831,1,-1,-1,1,0.269160985946655
26,3,5,98,-9,9,0,0.58551549911499,-1,-1,-1,1,0.285790205001831
26,3,5,99,81,81,1,0.484350919723511,-1,-1,-1,-1,0.33551549911499
26,3,6,2,-9,9,0,0.501425743103027,-1,-1,1,1,0.384706497192383
26,3,6,3,-9,9,1,0.550484895706177,-1,-1,-1,-1,0.251425743103027
26,3,6,4,9,9,1,0.436093330383301,-1,1,-1,-1,0.300484895706177
26,3,6,5,9,9,1,0.98582124710083,1,1,1,-1,0.186093330383301
26,3,6,6,-81,81,0,0.735968828201294,1,1,1,1,0.73582124710083
26,3,6,7,-0,0,1,0.719047784805298,-1,-1,1,1,0.485968828201294
26,3,6,8,3,3,1,0.435875177383423,-1,1,-1,-1,0.469047784805298
26,3,6,9,3,3,1,0.469365119934082,1,1,1,-1,0.185875177383423
26,3,6,10,-0,0,0,0.467834711074829,1,1,1,1,0.219365119934082
26,3,6,11,-3,3,0,0.536071538925171,-1,-1,1,1,0.217834711074829
26,3,6,12,-9,9,0,0.534618854522705,-1,-1,-1,-1,0.286071538925171
26,3,6,13,-0,0,0,0.685669183731079,-1,-1,-1,-1,0.284618854522705
26,3,6,14,81,81,1,0.500499486923218,-1,-1,-1,-1,0.435669183731079
26,3,6,15,9,9,0,0.901199340820312,1,1,-1,-1,0.250499486923218
26,3,6,16,81,81,1,0.467901468276978,1,-1,1,1,0.651199340820312
26,3,6,17,3,3,1,0.583832025527954,1,1,-1,1,0.217901468276978
26,3,6,18,-3,3,0,0.500568151473999,1,1,1,1,0.333832025527954
26,3,6,19,-81,81,0,0.584330558776855,-1,-1,1,1,0.250568151473999
26,3,6,20,-3,3,0,0.53388237953186,-1,-1,-1,-1,0.334330558776855
26,3,6,21,9,9,0,0.485577583312988,-1,-1,-1,-1,0.28388237953186
26,3,6,22,9,9,0,0.734784126281738,1,-1,-1,-1,0.235577583312988
26,3,6,23,-9,9,0,0.667135715484619,1,-1,-1,1,0.484784126281738
26,3,6,24,-3,3,1,0.667669534683228,-1,-1,-1,1,0.417135715484619
26,3,6,25,81,81,1,0.517776250839233,-1,1,-1,-1,0.417669534683228
26,3,6,26,-81,81,0,0.500500917434692,1,1,1,-1,0.267776250839233
26,3,6,27,-0,0,0,0.519426584243774,-1,-1,1,1,0.250500917434692
26,3,6,28,-9,9,0,0.734532833099365,-1,-1,-1,-1,0.269426584243774
26,3,6,29,27,27,1,0.484561204910278,-1,-1,-1,-1,0.484532833099365
26,3,6,30,27,27,1,0.484481573104858,1,1,-1,-1,0.234561204910278
26,3,6,31,9,9,1,0.401138067245483,1,1,1,1,0.234481573104858
26,3,6,32,81,81,1,0.501108407974243,1,1,1,1,0.151138067245483
26,3,6,33,0,0,1,0.318766355514526,1,1,1,1,0.251108407974243
26,3,6,34,-27,27,0,0.552371263504028,1,1,1,1,0.0687663555145264
26,3,6,35,81,81,1,1.0342915058136,-1,-1,1,1,0.302371263504028
26,3,6,36,0,0,0,1.25126385688782,1,1,-1,-1,0.784291505813599
26,3,6,37,27,27,1,0.634441614151001,1,-1,1,1,1.00126385688782
26,3,6,38,81,81,1,0.601151466369629,1,1,-1,1,0.384441614151001
26,3,6,39,27,27,1,0.48391318321228,1,1,1,1,0.351151466369629
26,3,6,40,3,3,0,0.817765474319458,1,1,1,1,0.23391318321228
26,3,6,41,81,81,1,0.319249391555786,1,-1,1,1,0.567765474319458
26,3,6,42,3,3,1,0.28584885597229,1,1,-1,1,0.0692493915557861
26,3,6,43,3,3,0,0.534529209136963,1,1,1,1,0.03584885597229
26,3,6,44,27,27,1,0.78446626663208,1,-1,1,1,0.284529209136963
26,3,6,45,-9,9,0,0.500983476638794,1,1,-1,1,0.53446626663208
26,3,6,46,-3,3,0,0.433815956115723,-1,-1,1,1,0.250983476638794
26,3,6,47,-27,27,0,0.501408576965332,-1,-1,-1,-1,0.183815956115723
26,3,6,48,81,81,1,0.485876321792603,-1,-1,-1,-1,0.251408576965332
26,3,6,49,0,0,0,0.501258611679077,1,1,-1,-1,0.235876321792603
26,3,6,50,-27,27,0,0.536011219024658,1,-1,1,1,0.251258611679077
26,3,6,51,-3,3,0,0.550475597381592,-1,-1,-1,1,0.286011219024658
26,3,6,52,81,81,1,0.569297790527344,-1,-1,-1,-1,0.300475597381592
26,3,6,53,9,9,1,0.401159286499023,1,1,-1,-1,0.319297790527344
26,3,6,54,3,3,0,0.369281768798828,1,1,1,1,0.151159286499023
26,3,6,55,-27,27,0,0.417185306549072,1,-1,1,1,0.119281768798828
26,3,6,56,-3,3,0,0.435996294021606,-1,-1,-1,1,0.167185306549072
26,3,6,57,-9,9,1,0.450515031814575,-1,-1,-1,-1,0.185996294021606
26,3,6,58,-27,27,0,0.56850266456604,-1,1,-1,-1,0.200515031814575
26,3,6,59,-27,27,0,0.550582885742188,-1,-1,1,-1,0.31850266456604
26,3,6,60,-27,27,0,0.551992177963257,-1,-1,-1,-1,0.300582885742188
26,3,6,61,3,3,0,0.418497800827026,-1,-1,-1,-1,0.301992177963257
26,3,6,62,-27,27,0,0.467154979705811,1,-1,-1,-1,0.168497800827026
26,3,6,63,9,9,1,0.335611820220947,-1,-1,-1,1,0.217154979705811
26,3,6,64,3,3,1,0.801132678985596,1,1,-1,-1,0.0856118202209473
26,3,6,65,81,81,1,0.552756071090698,1,1,1,1,0.551132678985596
26,3,6,66,9,9,1,0.483913898468018,1,1,1,1,0.302756071090698
26,3,6,67,9,9,1,0.417752027511597,1,1,1,1,0.233913898468018
26,3,6,68,27,27,1,0.501856088638306,1,1,1,1,0.167752027511597
26,3,6,69,9,9,1,0.38567852973938,1,1,1,1,0.251856088638306
26,3,6,70,27,27,1,0.484395027160645,1,1,1,1,0.13567852973938
26,3,6,71,81,81,1,0.501024723052979,1,1,1,1,0.234395027160645
26,3,6,72,9,9,1,0.467789649963379,1,1,1,1,0.251024723052979
26,3,6,73,3,3,1,0.451128244400024,1,1,1,1,0.217789649963379
26,3,6,74,9,9,0,0.450531482696533,1,1,1,1,0.201128244400024
26,3,6,75,27,27,1,0.535697460174561,1,-1,1,1,0.200531482696533
26,3,6,76,27,27,1,0.41936469078064,1,1,-1,1,0.285697460174561
26,3,6,77,81,81,1,0.500582456588745,1,1,1,1,0.16936469078064
26,3,6,78,81,81,1,0.517150402069092,1,1,1,1,0.250582456588745
26,3,6,79,81,81,1,0.402949810028076,1,1,1,1,0.267150402069092
26,3,6,80,27,27,1,0.518899202346802,1,1,1,1,0.152949810028076
26,3,6,81,27,27,1,0.535574197769165,1,1,1,1,0.268899202346802
26,3,6,82,-81,81,0,0.785815238952637,1,1,1,1,0.285574197769165
26,3,6,83,-81,81,0,0.501922845840454,-1,-1,1,1,0.535815238952637
26,3,6,84,-27,27,0,0.468612909317017,-1,-1,-1,-1,0.251922845840454
26,3,6,85,-0,0,0,0.719388008117676,-1,-1,-1,-1,0.218612909317017
26,3,6,86,-3,3,0,0.417207479476929,-1,-1,-1,-1,0.469388008117676
26,3,6,87,3,3,0,0.535979032516479,-1,-1,-1,-1,0.167207479476929
26,3,6,88,27,27,1,0.519427061080933,1,-1,-1,-1,0.285979032516479
26,3,6,89,-81,81,0,0.5509352684021,1,1,-1,1,0.269427061080933
26,3,6,90,-9,9,1,0.552348136901855,-1,-1,1,1,0.3009352684021
26,3,6,91,-0,0,0,0.551107168197632,-1,1,-1,-1,0.302348136901855
26,3,6,92,9,9,1,0.583843231201172,-1,-1,1,-1,0.301107168197632
26,3,6,93,27,27,1,0.552653551101685,1,1,-1,-1,0.333843231201172
26,3,6,94,0,0,1,0.467166423797607,1,1,1,1,0.302653551101685
26,3,6,95,3,3,1,0.467746496200562,1,1,1,1,0.217166423797607
26,3,6,96,81,81,1,0.552706956863403,1,1,1,1,0.217746496200562
26,3,6,97,3,3,1,0.434544324874878,1,1,1,1,0.302706956863403
26,3,6,98,81,81,1,0.735673427581787,1,1,1,1,0.184544324874878
26,3,6,99,3,3,1,0.551985740661621,1,1,1,1,0.485673427581787
27,1,1,2,-9,9,1,1.1685311794281,-1,-1,1,-1,0.967899799346924
27,1,1,3,-27,27,0,0.835937261581421,-1,1,-1,-1,0.918531179428101
27,1,1,4,-9,9,0,0.76724910736084,-1,-1,1,-1,0.585937261581421
27,1,1,5,3,3,0,0.785272121429443,-1,-1,-1,-1,0.51724910736084
27,1,1,6,27,27,1,0.768607616424561,1,-1,-1,-1,0.535272121429443
27,1,1,7,-9,9,0,0.919036626815796,1,1,-1,1,0.518607616424561
27,1,1,8,-9,9,0,0.90098237991333,-1,-1,1,1,0.669036626815796
27,1,1,9,-3,3,0,0.669506788253784,-1,-1,-1,-1,0.65098237991333
27,1,1,10,-0,0,1,0.58485746383667,-1,-1,-1,-1,0.419506788253784
27,1,1,11,-3,3,0,0.735498189926147,-1,1,-1,-1,0.33485746383667
27,1,1,12,-3,3,0,0.767605781555176,-1,-1,1,-1,0.485498189926147
27,1,1,13,-27,27,1,0.917805433273315,-1,-1,-1,-1,0.517605781555176
27,1,1,14,-9,9,0,0.736072540283203,-1,1,-1,-1,0.667805433273315
27,1,1,15,-9,9,1,0.65103816986084,-1,-1,1,-1,0.486072540283203
27,1,1,16,-81,81,0,0.801702260971069,-1,1,-1,-1,0.40103816986084
27,1,1,17,-0,0,0,0.717712163925171,-1,-1,1,-1,0.551702260971069
27,1,1,18,-27,27,0,0.619142293930054,-1,-1,-1,-1,0.467712163925171
27,1,1,19,-0,0,0,0.617630958557129,-1,-1,-1,-1,0.369142293930054
27,1,1,20,27,27,1,0.63606071472168,-1,-1,-1,-1,0.367630958557129
27,1,1,21,3,3,1,0.850569486618042,1,1,-1,-1,0.38606071472168
27,1,1,22,9,9,1,0.734277486801147,1,1,1,1,0.600569486618042
27,1,1,23,3,3,1,0.867873191833496,1,1,1,1,0.484277486801147
27,1,1,24,0,0,1,1.00094628334045,1,1,1,1,0.617873191833496
27,1,1,25,-27,27,0,0.634811162948608,1,1,1,1,0.750946283340454
27,1,1,26,-27,27,0,0.801537752151489,-1,-1,1,1,0.384811162948608
27,1,1,27,-3,3,1,0.751046657562256,-1,-1,-1,-1,0.551537752151489
27,1,1,28,-9,9,0,0.785539865493774,-1,1,-1,-1,0.501046657562256
27,1,1,29,27,27,1,0.917669773101807,-1,-1,1,-1,0.535539865493774
27,1,1,30,3,3,0,0.800467014312744,1,1,-1,-1,0.667669773101807
27,1,1,31,81,81,1,0.785499572753906,1,-1,1,1,0.550467014312744
27,1,1,32,81,81,1,0.618257999420166,1,1,-1,1,0.535499572753906
27,1,1,33,81,81,1,0.667903661727905,1,1,1,1,0.368257999420166
27,1,1,34,9,9,1,0.702263116836548,1,1,1,1,0.417903661727905
27,1,1,35,81,81,1,0.667598962783813,1,1,1,1,0.452263116836548
27,1,1,36,27,27,1,0.718305110931396,1,1,1,1,0.417598962783813
27,1,1,37,81,81,1,0.735294818878174,1,1,1,1,0.468305110931396
27,1,1,38,3,3,0,0.883826017379761,1,1,1,1,0.485294818878174
27,1,1,39,27,27,1,0.785572528839111,1,-1,1,1,0.633826017379761
27,1,1,40,0,0,1,0.718050003051758,1,1,-1,1,0.535572528839111
27,1,1,41,-0,0,0,0.717694044113159,1,1,1,1,0.468050003051758
27,1,1,42,-3,3,1,0.667196989059448,-1,-1,1,1,0.467694044113159
27,1,1,43,-3,3,0,0.71721887588501,-1,1,-1,-1,0.417196989059448
27,1,1,44,-81,81,0,0.63592267036438,-1,-1,1,-1,0.46721887588501
27,1,1,45,-9,9,0,0.61715841293335,-1,-1,-1,-1,0.38592267036438
27,1,1,46,27,27,1,0.68614935874939,-1,-1,-1,-1,0.36715841293335
27,1,1,47,81,81,1,0.667773246765137,1,1,-1,-1,0.43614935874939
27,1,1,48,0,0,1,0.75053596496582,1,1,1,1,0.417773246765137
27,1,1,49,-81,81,0,0.600564956665039,1,1,1,1,0.50053596496582
27,1,1,50,-3,3,0,0.702404022216797,-1,-1,1,1,0.350564956665039
27,1,1,51,-9,9,0,0.901121139526367,-1,-1,-1,-1,0.452404022216797
27,1,1,52,-27,27,0,0.617173433303833,-1,-1,-1,-1,0.651121139526367
27,1,1,53,-0,0,1,0.651095867156982,-1,-1,-1,-1,0.367173433303833
27,1,1,54,-27,27,0,0.750967741012573,-1,1,-1,-1,0.401095867156982
27,1,1,55,-3,3,1,0.952812194824219,-1,-1,1,-1,0.500967741012573
27,1,1,56,-3,3,0,0.685360193252563,-1,1,-1,-1,0.702812194824219
27,1,1,57,-81,81,0,0.785701990127563,-1,-1,1,-1,0.435360193252563
27,1,1,58,-27,27,0,0.600962162017822,-1,-1,-1,-1,0.535701990127563
27,1,1,59,-81,81,0,0.534280061721802,-1,-1,-1,-1,0.350962162017822
27,1,1,60,-9,9,0,0.533856153488159,-1,-1,-1,-1,0.284280061721802
27,1,1,61,81,81,1,0.65254020690918,-1,-1,-1,-1,0.283856153488159
27,1,1,62,3,3,1,0.652377367019653,1,1,-1,-1,0.40254020690918
27,1,1,63,3,3,1,0.618199110031128,1,1,1,1,0.402377367019653
27,1,1,64,27,27,1,0.819152593612671,1,1,1,1,0.368199110031128
27,1,1,65,27,27,1,0.584985017776489,1,1,1,1,0.569152593612671
27,1,1,66,3,3,1,1.0522301197052,1,1,1,1,0.334985017776489
27,1,1,67,9,9,1,0.700924158096313,1,1,1,1,0.8022301197052
27,1,1,68,9,9,1,0.668802976608276,1,1,1,1,0.450924158096313
27,1,1,69,-9,9,0,0.719468593597412,1,1,1,1,0.418802976608276
27,1,1,70,-81,81,0,0.617679119110107,-1,-1,1,1,0.469468593597412
27,1,1,71,27,27,1,0.683815002441406,-1,-1,-1,-1,0.367679119110107
27,1,1,72,27,27,1,0.56945013999939,1,1,-1,-1,0.433815002441406
27,1,1,73,-9,9,0,0.850491046905518,1,1,1,1,0.31945013999939
27,1,1,74,-81,81,0,0.600510120391846,-1,-1,1,1,0.600491046905518
27,1,1,75,-3,3,0,0.601024389266968,-1,-1,-1,-1,0.350510120391846
27,1,1,76,-81,81,0,0.533841848373413,-1,-1,-1,-1,0.351024389266968
27,1,1,77,-3,3,1,0.61914587020874,-1,-1,-1,-1,0.283841848373413
27,1,1,78,-0,0,0,0.818462371826172,-1,1,-1,-1,0.36914587020874
27,1,1,79,-0,0,1,0.834744691848755,-1,-1,1,-1,0.568462371826172
27,1,1,80,-81,81,0,0.569054126739502,-1,1,-1,-1,0.584744691848755
27,1,1,81,81,81,1,0.569341897964478,-1,-1,1,-1,0.319054126739502
27,1,1,82,-0,0,0,0.701079845428467,1,1,-1,-1,0.319341897964478
27,1,1,83,-3,3,1,0.633890151977539,-1,-1,1,1,0.451079845428467
27,1,1,84,-27,27,0,0.500997304916382,-1,1,-1,-1,0.383890151977539
27,1,1,85,-9,9,0,0.602432727813721,-1,-1,1,-1,0.250997304916382
27,1,1,86,-27,27,0,0.56768798828125,-1,-1,-1,-1,0.352432727813721
27,1,1,87,-9,9,1,0.768489360809326,-1,-1,-1,-1,0.31768798828125
27,1,1,88,-81,81,0,0.568674325942993,-1,1,-1,-1,0.518489360809326
27,1,1,89,-81,81,0,0.601904153823853,-1,-1,1,-1,0.318674325942993
27,1,1,90,-27,27,0,0.551044225692749,-1,-1,-1,-1,0.351904153823853
27,1,1,91,-9,9,0,0.601927757263184,-1,-1,-1,-1,0.301044225692749
27,1,1,92,-27,27,0,0.567685604095459,-1,-1,-1,-1,0.351927757263184
27,1,1,93,9,9,0,0.702106237411499,-1,-1,-1,-1,0.317685604095459
27,1,1,94,81,81,1,0.651746034622192,1,-1,-1,-1,0.452106237411499
27,1,1,95,-81,81,0,0.567838191986084,1,1,-1,1,0.401746034622192
27,1,1,96,-9,9,0,0.584316968917847,-1,-1,1,1,0.317838191986084
27,1,1,97,-3,3,1,0.61919903755188,-1,-1,-1,-1,0.334316968917847
27,1,1,98,-81,81,0,0.702515840530396,-1,1,-1,-1,0.36919903755188
27,1,1,99,-9,9,1,0.633837699890137,-1,-1,1,-1,0.452515840530396
27,1,2,2,-27,27,0,0.485156059265137,-1,-1,1,1,0.367862701416016
27,1,2,3,27,27,1,0.535427331924438,-1,-1,-1,-1,0.235156059265137
27,1,2,4,-9,9,1,0.534586429595947,1,1,-1,-1,0.285427331924438
27,1,2,5,0,0,1,0.535568475723267,-1,1,1,1,0.284586429595947
27,1,2,6,27,27,1,0.952736616134644,1,1,1,-1,0.285568475723267
27,1,2,7,-9,9,1,0.550928592681885,1,1,1,1,0.702736616134644
27,1,2,8,3,3,1,0.602150917053223,-1,1,1,1,0.300928592681885
27,1,2,9,-3,3,1,0.902495384216309,1,1,1,-1,0.352150917053223
27,1,2,10,9,9,0,0.78568434715271,-1,1,1,1,0.652495384216309
27,1,2,11,27,27,1,0.785964965820312,1,-1,1,-1,0.53568434715271
27,1,2,12,0,0,1,0.669065475463867,1,1,-1,1,0.535964965820312
27,1,2,13,-3,3,1,0.619101524353027,1,1,1,1,0.419065475463867
27,1,2,14,-27,27,0,0.584883689880371,-1,1,1,1,0.369101524353027
27,1,2,15,-27,27,0,0.969287157058716,-1,-1,1,-1,0.334883689880371
27,1,2,16,-27,27,0,0.734299659729004,-1,-1,-1,-1,0.719287157058716
27,1,2,17,81,81,1,0.867630004882812,-1,-1,-1,-1,0.484299659729004
27,1,2,18,9,9,0,0.819072961807251,1,1,-1,-1,0.617630004882812
27,1,2,19,-3,3,0,0.769412755966187,1,-1,1,1,0.569072961807251
27,1,2,20,9,9,1,0.71764874458313,-1,-1,-1,1,0.519412755966187
27,1,2,21,-27,27,0,0.602083206176758,1,1,-1,-1,0.46764874458313
27,1,2,22,-9,9,0,0.668614149093628,-1,-1,1,1,0.352083206176758
27,1,2,23,-3,3,0,0.634269714355469,-1,-1,-1,-1,0.418614149093628
27,1,2,24,-27,27,0,0.550505638122559,-1,-1,-1,-1,0.384269714355469
27,1,2,25,-3,3,1,1.05295944213867,-1,-1,-1,-1,0.300505638122559
27,1,2,26,0,0,0,0.617785930633545,-1,1,-1,-1,0.802959442138672
27,1,2,27,-81,81,0,0.617673635482788,1,-1,1,-1,0.367785930633545
27,1,2,28,-81,81,0,0.567873477935791,-1,-1,-1,1,0.367673635482788
27,1,2,29,-27,27,0,0.534312963485718,-1,-1,-1,-1,0.317873477935791
27,1,2,30,-3,3,0,0.635058164596558,-1,-1,-1,-1,0.284312963485718
27,1,2,31,3,3,1,0.702079772949219,-1,-1,-1,-1,0.385058164596558
27,1,2,32,27,27,1,0.602613210678101,1,1,-1,-1,0.452079772949219
27,1,2,33,-81,81,0,0.735927581787109,1,1,1,1,0.352613210678101
27,1,2,34,0,0,0,0.584585666656494,-1,-1,1,1,0.485927581787109
27,1,2,35,-27,27,0,0.568736553192139,1,-1,-1,-1,0.334585666656494
27,1,2,36,9,9,1,0.58515739440918,-1,-1,-1,1,0.318736553192139
27,1,2,37,81,81,1,0.633845329284668,1,1,-1,-1,0.33515739440918
27,1,2,38,-9,9,0,0.818852186203003,1,1,1,1,0.383845329284668
27,1,2,39,-81,81,0,0.900925874710083,-1,-1,1,1,0.568852186203003
27,1,2,40,81,81,1,0.535906314849854,-1,-1,-1,-1,0.650925874710083
27,1,2,41,3,3,0,0.583823204040527,1,1,-1,-1,0.285906314849854
27,1,2,42,27,27,1,1.00093817710876,1,-1,1,1,0.333823204040527
27,1,2,43,-81,81,0,0.551788091659546,1,1,-1,1,0.750938177108765
27,1,2,44,-27,27,0,0.651515960693359,-1,-1,1,1,0.301788091659546
27,1,2,45,81,81,1,0.550957441329956,-1,-1,-1,-1,0.401515960693359
27,1,2,46,0,0,1,0.584384202957153,1,1,-1,-1,0.300957441329956
27,1,2,47,-81,81,0,0.8009352684021,1,1,1,1,0.334384202957153
27,1,2,48,-9,9,1,0.73465895652771,-1,-1,1,1,0.5509352684021
27,1,2,49,9,9,1,0.569915294647217,-1,1,-1,-1,0.48465895652771
27,1,2,50,-81,81,0,0.519270181655884,1,1,1,-1,0.319915294647217
27,1,2,51,27,27,1,0.584467172622681,-1,-1,1,1,0.269270181655884
27,1,2,52,-9,9,0,0.685235738754272,1,1,-1,-1,0.334467172622681
27,1,2,53,-3,3,0,0.58444619178772,-1,-1,1,1,0.435235738754272
27,1,2,54,-3,3,0,1.03553533554077,-1,-1,-1,-1,0.33444619178772
27,1,2,55,-27,27,0,0.635273456573486,-1,-1,-1,-1,0.785535335540771
27,1,2,56,27,27,1,0.585951089859009,-1,-1,-1,-1,0.385273456573486
27,1,2,57,-81,81,0,0.552009344100952,1,1,-1,-1,0.335951089859009
27,1,2,58,81,81,1,0.65156102180481,-1,-1,1,1,0.302009344100952
27,1,2,59,-81,81,0,0.585933446884155,1,1,-1,-1,0.40156102180481
27,1,2,60,-3,3,0,0.73561429977417,-1,-1,1,1,0.335933446884155
27,1,2,61,9,9,0,1.00214219093323,-1,-1,-1,-1,0.48561429977417
27,1,2,62,-27,27,0,0.635807037353516,1,-1,-1,-1,0.752142190933228
27,1,2,63,-81,81,0,0.517143249511719,-1,-1,-1,1,0.385807037353516
27,1,2,64,3,3,1,0.868612051010132,-1,-1,-1,-1,0.267143249511719
27,1,2,65,-27,27,0,0.533874988555908,1,1,-1,-1,0.618612051010132
27,1,2,66,-9,9,0,0.55217432975769,-1,-1,1,1,0.283874988555908
27,1,2,67,27,27,1,0.551849842071533,-1,-1,-1,-1,0.30217432975769
27,1,2,68,-81,81,0,0.585390090942383,1,1,-1,-1,0.301849842071533
27,1,2,69,3,3,1,1.00269103050232,-1,-1,1,1,0.335390090942383
27,1,2,70,-81,81,0,0.836109161376953,1,1,-1,-1,0.752691030502319
27,1,2,71,3,3,1,0.969016075134277,-1,-1,1,1,0.586109161376953
27,1,2,72,-3,3,1,0.801989316940308,1,1,-1,-1,0.719016075134277
27,1,2,73,27,27,1,0.619223833084106,-1,1,1,1,0.551989316940308
27,1,2,74,-0,0,1,0.834293365478516,1,1,1,-1,0.369223833084106
27,1,2,75,-3,3,0,0.601961135864258,-1,1,1,1,0.584293365478516
27,1,2,76,-9,9,0,0.551161766052246,-1,-1,1,-1,0.351961135864258
27,1,2,77,-9,9,0,0.568588495254517,-1,-1,-1,-1,0.301161766052246
27,1,2,78,-9,9,0,0.584317922592163,-1,-1,-1,-1,0.318588495254517
27,1,2,79,-81,81,0,0.618903875350952,-1,-1,-1,-1,0.334317922592163
27,1,2,80,0,0,0,0.750965118408203,-1,-1,-1,-1,0.368903875350952
27,1,2,81,81,81,1,0.568164587020874,1,-1,-1,-1,0.500965118408203
27,1,2,82,3,3,0,0.751100063323975,1,1,-1,1,0.318164587020874
27,1,2,83,3,3,1,0.618994235992432,1,-1,1,1,0.501100063323975
27,1,2,84,-9,9,1,0.584337949752808,1,1,-1,1,0.368994235992432
27,1,2,85,-0,0,1,0.934583902359009,-1,1,1,1,0.334337949752808
27,1,2,86,27,27,1,0.568723917007446,-1,1,1,-1,0.684583902359009
27,1,2,87,-81,81,0,0.533880472183228,1,1,1,-1,0.318723917007446
27,1,2,88,-9,9,1,0.735069036483765,-1,-1,1,1,0.283880472183228
27,1,2,89,-3,3,0,0.817172050476074,-1,1,-1,-1,0.485069036483765
27,1,2,90,-0,0,0,0.751028776168823,-1,-1,1,-1,0.567172050476074
27,1,2,91,-9,9,0,0.517825126647949,-1,-1,-1,-1,0.501028776168823
27,1,2,92,81,81,1,0.550943851470947,-1,-1,-1,-1,0.267825126647949
27,1,2,93,9,9,1,0.552445411682129,1,1,-1,-1,0.300943851470947
27,1,2,94,-81,81,0,0.585221767425537,1,1,1,1,0.302445411682129
27,1,2,95,-9,9,0,0.619503974914551,-1,-1,1,1,0.335221767425537
27,1,2,96,-0,0,0,0.852506637573242,-1,-1,-1,-1,0.369503974914551
27,1,2,97,0,0,0,0.517833232879639,-1,-1,-1,-1,0.602506637573242
27,1,2,98,9,9,1,0.550944089889526,1,-1,-1,-1,0.267833232879639
27,1,2,99,3,3,1,0.601094722747803,1,1,-1,1,0.300944089889526
27,1,3,2,-3,3,1,0.552862644195557,-1,1,1,-1,0.619130849838257
27,1,3,3,-27,27,0,0.485800504684448,-1,1,1,-1,0.302862644195557
27,1,3,4,-9,9,0,0.536067485809326,-1,-1,1,-1,0.235800504684448
27,1,3,5,-9,9,0,0.518724203109741,-1,-1,-1,-1,0.286067485809326
27,1,3,6,9,9,1,0.517215490341187,-1,-1,-1,-1,0.268724203109741
27,1,3,7,81,81,0,0.586180210113525,1,1,-1,-1,0.267215490341187
27,1,3,8,9,9,1,0.5175940990448,1,-1,1,1,0.336180210113525
27,1,3,9,81,81,1,0.535873174667358,1,1,-1,1,0.2675940990448
27,1,3,10,0,0,0,0.551113605499268,1,1,1,1,0.285873174667358
27,1,3,11,81,81,1,0.533841133117676,1,-1,1,1,0.301113605499268
27,1,3,12,-81,81,0,0.567191600799561,1,1,-1,1,0.283841133117676
27,1,3,13,81,81,1,0.585088014602661,-1,-1,1,1,0.317191600799561
27,1,3,14,81,81,1,0.600990056991577,1,1,-1,-1,0.335088014602661
27,1,3,15,27,27,1,0.601357460021973,1,1,1,1,0.350990056991577
27,1,3,16,9,9,0,0.535850524902344,1,1,1,1,0.351357460021973
27,1,3,17,9,9,1,0.902737379074097,1,-1,1,1,0.285850524902344
27,1,3,18,3,3,0,0.517677068710327,1,1,-1,1,0.652737379074097
27,1,3,19,-27,27,0,0.467706441879272,1,-1,1,1,0.267677068710327
27,1,3,20,27,27,0,0.500952959060669,-1,-1,-1,1,0.217706441879272
27,1,3,21,-9,9,0,0.450981378555298,1,-1,-1,-1,0.250952959060669
27,1,3,22,-27,27,0,0.433905124664307,-1,-1,-1,1,0.200981378555298
27,1,3,23,81,81,1,0.684898614883423,-1,-1,-1,-1,0.183905124664307
27,1,3,24,81,81,1,0.483829021453857,1,1,-1,-1,0.434898614883423
27,1,3,25,27,27,1,0.550538063049316,1,1,1,1,0.233829021453857
27,1,3,26,-81,81,0,0.51860237121582,1,1,1,1,0.300538063049316
27,1,3,27,-0,0,0,1.0504789352417,-1,-1,1,1,0.26860237121582
27,1,3,28,-3,3,0,0.569330930709839,-1,-1,-1,-1,0.800478935241699
27,1,3,29,-9,9,0,0.60178279876709,-1,-1,-1,-1,0.319330930709839
27,1,3,30,-27,27,0,0.450959205627441,-1,-1,-1,-1,0.35178279876709
27,1,3,31,-3,3,1,0.735183954238892,-1,-1,-1,-1,0.200959205627441
27,1,3,32,-0,0,1,0.583872318267822,-1,1,-1,-1,0.485183954238892
27,1,3,33,-9,9,1,0.56891131401062,-1,1,1,-1,0.333872318267822
27,1,3,34,-0,0,1,0.518954277038574,-1,1,1,-1,0.31891131401062
27,1,3,35,-27,27,0,0.551173686981201,-1,1,1,-1,0.268954277038574
27,1,3,36,-9,9,0,0.517644882202148,-1,-1,1,-1,0.301173686981201
27,1,3,37,-81,81,0,0.533841609954834,-1,-1,-1,-1,0.267644882202148
27,1,3,38,-81,81,0,0.535657167434692,-1,-1,-1,-1,0.283841609954834
27,1,3,39,81,81,1,0.534486055374146,-1,-1,-1,-1,0.285657167434692
27,1,3,40,81,81,1,0.533810377120972,1,1,-1,-1,0.284486055374146
27,1,3,41,27,27,1,0.750534296035767,1,1,1,1,0.283810377120972
27,1,3,42,3,3,1,0.550926923751831,1,1,1,1,0.500534296035767
27,1,3,43,9,9,1,0.567607164382935,1,1,1,1,0.300926923751831
27,1,3,44,-3,3,0,0.650502920150757,1,1,1,1,0.317607164382935
27,1,3,45,-27,27,0,0.569226980209351,-1,-1,1,1,0.400502920150757
27,1,3,46,-9,9,0,0.501374483108521,-1,-1,-1,-1,0.319226980209351
27,1,3,47,27,27,1,0.335808277130127,-1,-1,-1,-1,0.251374483108521
27,1,3,48,3,3,0,0.800485134124756,1,1,-1,-1,0.085808277130127
27,1,3,49,3,3,0,0.619230508804321,1,-1,1,1,0.550485134124756
27,1,3,50,0,0,0,0.634315729141235,1,-1,-1,1,0.369230508804321
27,1,3,51,-81,81,0,0.767957448959351,1,-1,-1,1,0.384315729141235
27,1,3,52,-3,3,1,1.10221314430237,-1,-1,-1,1,0.517957448959351
27,1,3,53,27,27,1,0.701120138168335,-1,1,-1,-1,0.852213144302368
27,1,3,54,-0,0,1,0.601990461349487,1,1,1,-1,0.451120138168335
27,1,3,55,-3,3,0,0.517646074295044,-1,1,1,1,0.351990461349487
27,1,3,56,-27,27,0,0.517171144485474,-1,-1,1,-1,0.267646074295044
27,1,3,57,-3,3,1,0.634358882904053,-1,-1,-1,-1,0.267171144485474
27,1,3,58,-3,3,1,0.534319877624512,-1,1,-1,-1,0.384358882904053
27,1,3,59,81,81,1,0.468884944915771,-1,1,1,-1,0.284319877624512
27,1,3,60,27,27,1,0.636082887649536,1,1,1,-1,0.218884944915771
27,1,3,61,27,27,1,0.450951099395752,1,1,1,1,0.386082887649536
27,1,3,62,81,81,1,0.617192983627319,1,1,1,1,0.200951099395752
27,1,3,63,81,81,1,0.601862907409668,1,1,1,1,0.367192983627319
27,1,3,64,-3,3,0,0.685336112976074,1,1,1,1,0.351862907409668
27,1,3,65,-9,9,0,0.634419918060303,-1,-1,1,1,0.435336112976074
27,1,3,66,-27,27,0,0.569132328033447,-1,-1,-1,-1,0.384419918060303
27,1,3,67,3,3,1,0.784322261810303,-1,-1,-1,-1,0.319132328033447
27,1,3,68,3,3,1,0.567947149276733,1,1,-1,-1,0.534322261810303
27,1,3,69,81,81,1,0.602128505706787,1,1,1,1,0.317947149276733
27,1,3,70,9,9,1,0.76861310005188,1,1,1,1,0.352128505706787
27,1,3,71,-9,9,0,0.55214524269104,1,1,1,1,0.51861310005188
27,1,3,72,-27,27,0,0.534284353256226,-1,-1,1,1,0.30214524269104
27,1,3,73,-3,3,0,0.46720290184021,-1,-1,-1,-1,0.284284353256226
27,1,3,74,-0,0,1,0.552363395690918,-1,-1,-1,-1,0.21720290184021
27,1,3,75,-27,27,0,1.05054974555969,-1,1,-1,-1,0.302363395690918
27,1,3,76,-81,81,0,0.535454273223877,-1,-1,1,-1,0.800549745559692
27,1,3,77,81,81,1,0.534418106079102,-1,-1,-1,-1,0.285454273223877
27,1,3,78,-0,0,1,0.702165842056274,1,1,-1,-1,0.284418106079102
27,1,3,79,9,9,1,0.685503721237183,-1,1,1,1,0.452165842056274
27,1,3,80,3,3,0,0.56761622428894,1,1,1,-1,0.435503721237183
27,1,3,81,3,3,1,0.584471464157104,1,-1,1,1,0.31761622428894
27,1,3,82,3,3,0,0.617601871490479,1,1,-1,1,0.334471464157104
27,1,3,83,27,27,1,0.552708148956299,1,-1,1,1,0.367601871490479
27,1,3,84,81,81,1,0.569260358810425,1,1,-1,1,0.302708148956299
27,1,3,85,27,27,1,0.500970125198364,1,1,1,1,0.319260358810425
27,1,3,86,27,27,1,0.550946235656738,1,1,1,1,0.250970125198364
27,1,3,87,9,9,0,0.602086305618286,1,1,1,1,0.300946235656738
27,1,3,88,9,9,1,0.769241094589233,1,-1,1,1,0.352086305618286
27,1,3,89,-27,27,0,0.452313184738159,1,1,-1,1,0.519241094589233
27,1,3,90,-81,81,0,0.534310340881348,-1,-1,1,1,0.202313184738159
27,1,3,91,-9,9,0,0.534307718276978,-1,-1,-1,-1,0.284310340881348
27,1,3,92,-9,9,0,0.583832979202271,-1,-1,-1,-1,0.284307718276978
27,1,3,93,9,9,1,0.586539030075073,-1,-1,-1,-1,0.333832979202271
27,1,3,94,3,3,0,0.535950899124146,1,1,-1,-1,0.336539030075073
27,1,3,95,9,9,1,0.585440158843994,1,-1,1,1,0.285950899124146
27,1,3,96,0,0,1,0.768080949783325,1,1,-1,1,0.335440158843994
27,1,3,97,-3,3,1,0.567641019821167,1,1,1,1,0.518080949783325
27,1,3,98,-0,0,0,0.468677759170532,-1,1,1,1,0.317641019821167
27,1,3,99,-3,3,1,0.550955533981323,-1,-1,1,-1,0.218677759170532
27,1,4,2,-9,9,0,0.468609094619751,-1,1,-1,-1,0.386169195175171
27,1,4,3,9,9,1,0.535639762878418,-1,-1,1,-1,0.218609094619751
27,1,4,4,-9,9,0,0.801971912384033,1,1,-1,-1,0.285639762878418
27,1,4,5,-81,81,0,0.552215814590454,-1,-1,1,1,0.551971912384033
27,1,4,6,-81,81,0,0.602195024490356,-1,-1,-1,-1,0.302215814590454
27,1,4,7,81,81,1,0.600513696670532,-1,-1,-1,-1,0.352195024490356
27,1,4,8,-9,9,0,0.585495233535767,1,1,-1,-1,0.350513696670532
27,1,4,9,27,27,1,0.602023839950562,-1,-1,1,1,0.335495233535767
27,1,4,10,81,81,1,0.568966388702393,1,1,-1,-1,0.352023839950562
27,1,4,11,-3,3,1,0.584463119506836,1,1,1,1,0.318966388702393
27,1,4,12,-81,81,0,0.519359588623047,-1,1,1,1,0.334463119506836
27,1,4,13,81,81,1,0.701028108596802,-1,-1,1,-1,0.269359588623047
27,1,4,14,-9,9,0,0.518453598022461,1,1,-1,-1,0.451028108596802
27,1,4,15,9,9,1,0.619267225265503,-1,-1,1,1,0.268453598022461
27,1,4,16,3,3,0,0.636013984680176,1,1,-1,-1,0.369267225265503
27,1,4,17,3,3,0,0.383861064910889,1,-1,1,1,0.386013984680176
27,1,4,18,-0,0,0,0.484439849853516,1,-1,-1,1,0.133861064910889
27,1,4,19,27,27,1,0.550992727279663,-1,-1,-1,1,0.234439849853516
27,1,4,20,-9,9,1,1.01962399482727,1,1,-1,-1,0.300992727279663
27,1,4,21,27,27,1,0.502795696258545,-1,1,1,1,0.769623994827271
27,1,4,22,81,81,1,0.567175388336182,1,1,1,-1,0.252795696258545
27,1,4,23,-9,9,0,0.752650260925293,1,1,1,1,0.317175388336182
27,1,4,24,-0,0,1,0.551506519317627,-1,-1,1,1,0.502650260925293
27,1,4,25,27,27,1,0.535928964614868,-1,1,-1,-1,0.301506519317627
27,1,4,26,-81,81,0,0.518561124801636,1,1,1,-1,0.285928964614868
27,1,4,27,81,81,1,0.567694425582886,-1,-1,1,1,0.268561124801636
27,1,4,28,3,3,1,1.00174856185913,1,1,-1,-1,0.317694425582886
27,1,4,29,-9,9,0,0.570245981216431,1,1,1,1,0.751748561859131
27,1,4,30,0,0,1,0.585196733474731,-1,-1,1,1,0.320245981216431
27,1,4,31,-81,81,0,0.569527149200439,1,1,-1,-1,0.335196733474731
27,1,4,32,81,81,1,0.569210290908813,-1,-1,1,1,0.319527149200439
27,1,4,33,-3,3,0,0.668826341629028,1,1,-1,-1,0.319210290908813
27,1,4,34,3,3,1,0.619248151779175,-1,-1,1,1,0.418826341629028
27,1,4,35,-81,81,0,0.535391092300415,1,1,-1,-1,0.369248151779175
27,1,4,36,27,27,1,0.650503158569336,-1,-1,1,1,0.285391092300415
27,1,4,37,-9,9,0,0.569399118423462,1,1,-1,-1,0.400503158569336
27,1,4,38,9,9,0,0.618853092193604,-1,-1,1,1,0.319399118423462
27,1,4,39,-3,3,1,0.500977039337158,1,-1,-1,-1,0.368853092193604
27,1,4,40,81,81,1,0.635747194290161,-1,1,-1,1,0.250977039337158
27,1,4,41,-81,81,0,0.601255178451538,1,1,1,-1,0.385747194290161
27,1,4,42,0,0,0,1.03544211387634,-1,-1,1,1,0.351255178451538
27,1,4,43,-3,3,0,0.585951328277588,1,-1,-1,-1,0.785442113876343
27,1,4,44,0,0,0,0.51822304725647,-1,-1,-1,1,0.335951328277588
27,1,4,45,-0,0,1,0.60048508644104,1,-1,-1,-1,0.26822304725647
27,1,4,46,27,27,1,0.551034927368164,-1,1,-1,1,0.35048508644104
27,1,4,47,-9,9,0,0.63389778137207,1,1,1,-1,0.301034927368164
27,1,4,48,27,27,1,0.569509029388428,-1,-1,1,1,0.38389778137207
27,1,4,49,27,27,1,0.534303903579712,1,1,-1,-1,0.319509029388428
27,1,4,50,-0,0,0,0.535939693450928,1,1,1,1,0.284303903579712
27,1,4,51,27,27,1,0.551155805587769,-1,-1,1,1,0.285939693450928
27,1,4,52,-3,3,1,0.552738428115845,1,1,-1,-1,0.301155805587769
27,1,4,53,9,9,1,0.601902008056641,-1,1,1,1,0.302738428115845
27,1,4,54,-81,81,0,0.550470113754272,1,1,1,-1,0.351902008056641
27,1,4,55,9,9,1,0.551042795181274,-1,-1,1,1,0.300470113754272
27,1,4,56,3,3,0,0.534618377685547,1,1,-1,-1,0.301042795181274
27,1,4,57,-27,27,0,0.501005172729492,1,-1,1,1,0.284618377685547
27,1,4,58,3,3,1,0.550938844680786,-1,-1,-1,1,0.251005172729492
27,1,4,59,-9,9,0,0.535749912261963,1,1,-1,-1,0.300938844680786
27,1,4,60,27,27,1,0.552152156829834,-1,-1,1,1,0.285749912261963
27,1,4,61,-81,81,0,0.517189741134644,1,1,-1,-1,0.302152156829834
27,1,4,62,27,27,1,0.535046815872192,-1,-1,1,1,0.267189741134644
27,1,4,63,-9,9,1,0.585386753082275,1,1,-1,-1,0.285046815872192
27,1,4,64,27,27,1,0.602699995040894,-1,1,1,1,0.335386753082275
27,1,4,65,-3,3,1,0.569279193878174,1,1,1,-1,0.352699995040894
27,1,4,66,81,81,1,0.550507783889771,-1,1,1,1,0.319279193878174
27,1,4,67,-9,9,0,0.769341230392456,1,1,1,-1,0.300507783889771
27,1,4,68,3,3,1,0.567163467407227,-1,-1,1,1,0.519341230392456
27,1,4,69,-27,27,1,0.902100801467896,1,1,-1,-1,0.317163467407227
27,1,4,70,-81,81,0,0.534300327301025,-1,1,1,1,0.652100801467896
27,1,4,71,81,81,1,0.50054931640625,-1,-1,1,-1,0.284300327301025
27,1,4,72,-3,3,0,0.485438108444214,1,1,-1,-1,0.25054931640625
27,1,4,73,9,9,1,0.585326671600342,-1,-1,1,1,0.235438108444214
27,1,4,74,-27,27,0,0.53464412689209,1,1,-1,-1,0.335326671600342
27,1,4,75,3,3,1,0.551912546157837,-1,-1,1,1,0.28464412689209
27,1,4,76,-3,3,0,0.534527063369751,1,1,-1,-1,0.301912546157837
27,1,4,77,3,3,1,0.569406032562256,-1,-1,1,1,0.284527063369751
27,1,4,78,-27,27,0,0.567970037460327,1,1,-1,-1,0.319406032562256
27,1,4,79,27,27,1,0.617139101028442,-1,-1,1,1,0.317970037460327
27,1,4,80,-0,0,0,0.652788639068604,1,1,-1,-1,0.367139101028442
27,1,4,81,-3,3,1,0.569317102432251,-1,-1,1,1,0.402788639068604
27,1,4,82,0,0,1,0.685429334640503,-1,1,-1,-1,0.319317102432251
27,1,4,83,-27,27,0,0.56715726852417,1,1,1,-1,0.435429334640503
27,1,4,84,3,3,0,0.534346342086792,-1,-1,1,1,0.31715726852417
27,1,4,85,-81,81,0,0.550987243652344,1,-1,-1,-1,0.284346342086792
27,1,4,86,27,27,1,0.667623519897461,-1,-1,-1,1,0.300987243652344
27,1,4,87,-27,27,0,0.634382009506226,1,1,-1,-1,0.417623519897461
27,1,4,88,81,81,1,0.518178939819336,-1,-1,1,1,0.384382009506226
27,1,4,89,-27,27,0,0.669448137283325,1,1,-1,-1,0.268178939819336
27,1,4,90,0,0,0,0.585376501083374,-1,-1,1,1,0.419448137283325
27,1,4,91,-0,0,0,0.501055479049683,1,-1,-1,-1,0.335376501083374
27,1,4,92,-9,9,0,0.467690944671631,-1,-1,-1,1,0.251055479049683
27,1,4,93,3,3,0,0.500550985336304,-1,-1,-1,-1,0.217690944671631
27,1,4,94,-81,81,0,0.501443386077881,1,-1,-1,-1,0.250550985336304
27,1,4,95,9,9,1,0.58584189414978,-1,-1,-1,1,0.251443386077881
27,1,4,96,-27,27,0,0.584927320480347,1,1,-1,-1,0.33584189414978
27,1,4,97,9,9,1,0.735839366912842,-1,-1,1,1,0.334927320480347
27,1,4,98,-3,3,0,0.651354312896729,1,1,-1,-1,0.485839366912842
27,1,4,99,-9,9,0,0.502722263336182,-1,-1,1,1,0.401354312896729
27,1,5,2,-81,81,0,0.534300088882446,1,-1,1,1,0.551737070083618
27,1,5,3,9,9,1,0.717622995376587,-1,-1,-1,1,0.284300088882446
27,1,5,4,-0,0,0,0.417640686035156,1,1,-1,-1,0.467622995376587
27,1,5,5,27,27,1,0.534574031829834,-1,-1,1,1,0.167640686035156
27,1,5,6,-0,0,1,0.584310293197632,1,1,-1,-1,0.284574031829834
27,1,5,7,9,9,1,0.534827947616577,-1,1,1,1,0.334310293197632
27,1,5,8,9,9,1,0.567169904708862,1,1,1,-1,0.284827947616577
27,1,5,12,-27,27,0,0.551610946655273,-1,-1,1,1,0.317167520523071
27,1,5,13,9,9,1,0.55248498916626,-1,-1,-1,-1,0.301610946655273
27,1,5,14,-81,81,0,0.685564279556274,1,1,-1,-1,0.30248498916626
27,1,5,15,81,81,1,0.501466989517212,-1,-1,1,1,0.435564279556274
27,1,5,16,-27,27,0,0.484366178512573,1,1,-1,-1,0.251466989517212
27,1,5,17,9,9,1,0.550933599472046,-1,-1,1,1,0.234366178512573
27,1,5,18,-3,3,1,0.569131374359131,1,1,-1,-1,0.300933599472046
27,1,5,19,-27,27,0,0.651942253112793,-1,1,1,1,0.319131374359131
27,1,5,20,27,27,1,0.535301685333252,-1,-1,1,-1,0.401942253112793
27,1,5,21,-9,9,0,0.535582304000854,1,1,-1,-1,0.285301685333252
27,1,5,22,81,81,1,0.619234085083008,-1,-1,1,1,0.285582304000854
27,1,5,23,3,3,1,0.602614641189575,1,1,-1,-1,0.369234085083008
27,1,5,24,-0,0,0,0.533924579620361,1,1,1,1,0.352614641189575
27,1,5,25,0,0,1,0.53514575958252,-1,-1,1,1,0.283924579620361
27,1,5,26,-9,9,0,0.602321863174438,1,1,-1,-1,0.28514575958252
27,1,5,27,27,27,1,0.517712593078613,-1,-1,1,1,0.352321863174438
27,1,5,28,3,3,1,0.50248384475708,1,1,-1,-1,0.267712593078613
27,1,5,29,-81,81,0,0.585603713989258,1,1,1,1,0.25248384475708
27,1,5,30,9,9,1,0.501559257507324,-1,-1,1,1,0.335603713989258
27,1,5,31,-27,27,0,0.718817949295044,1,1,-1,-1,0.251559257507324
27,1,5,32,-81,81,0,0.485926389694214,-1,-1,1,1,0.468817949295044
27,1,5,33,3,3,0,0.583842277526855,-1,-1,-1,-1,0.235926389694214
27,1,5,34,3,3,1,0.534495830535889,1,-1,-1,-1,0.333842277526855
27,1,5,35,-27,27,0,0.535410642623901,1,1,-1,1,0.284495830535889
27,1,5,36,27,27,1,0.517617702484131,-1,-1,1,1,0.285410642623901
27,1,5,37,-27,27,0,0.600951910018921,1,1,-1,-1,0.267617702484131
27,1,5,38,81,81,1,0.450940847396851,-1,-1,1,1,0.350951910018921
27,1,5,39,-0,0,0,0.502399206161499,1,1,-1,-1,0.200940847396851
27,1,5,40,81,81,1,0.502286672592163,-1,-1,1,1,0.252399206161499
27,1,5,41,-3,3,1,0.502084493637085,1,1,-1,-1,0.252286672592163
27,1,5,42,9,9,1,0.485383272171021,-1,1,1,1,0.252084493637085
27,1,5,43,-9,9,0,0.468539953231812,1,1,1,-1,0.235383272171021
27,1,5,44,0,0,1,0.467816114425659,-1,-1,1,1,0.218539953231812
27,1,5,45,-27,27,0,0.501620531082153,1,1,-1,-1,0.217816114425659
27,1,5,46,3,3,1,0.601104974746704,-1,-1,1,1,0.251620531082153
27,1,5,47,-3,3,1,0.450992822647095,1,1,-1,-1,0.351104974746704
27,1,5,48,9,9,0,0.386041164398193,-1,1,1,1,0.200992822647095
27,1,5,49,-9,9,0,0.485713720321655,1,-1,1,-1,0.136041164398193
27,1,5,50,27,27,1,0.519213199615479,-1,-1,-1,1,0.235713720321655
27,1,5,51,-27,27,0,0.484627246856689,1,1,-1,-1,0.269213199615479
27,1,5,52,-3,3,0,0.468186616897583,-1,-1,1,1,0.234627246856689
27,1,5,53,-9,9,0,0.536009073257446,-1,-1,-1,-1,0.218186616897583
27,1,5,54,0,0,0,0.584277629852295,-1,-1,-1,-1,0.286009073257446
27,1,5,55,0,0,0,0.534331083297729,1,-1,-1,-1,0.334277629852295
27,1,5,56,-3,3,0,0.552706003189087,1,-1,-1,1,0.284331083297729
27,1,5,57,81,81,1,0.519279479980469,-1,-1,-1,1,0.302706003189087
27,1,5,58,-81,81,0,0.519299983978271,1,1,-1,-1,0.269279479980469
27,1,5,59,81,81,1,0.502392053604126,-1,-1,1,1,0.269299983978271
27,1,5,60,81,81,1,0.502171993255615,1,1,-1,-1,0.252392053604126
27,1,5,61,-3,3,0,0.567633152008057,1,1,1,1,0.252171993255615
27,1,5,62,27,27,1,0.484500885009766,-1,-1,1,1,0.317633152008057
27,1,5,63,-27,27,0,0.467741012573242,1,1,-1,-1,0.234500885009766
27,1,5,64,3,3,0,0.568856477737427,-1,-1,1,1,0.217741012573242
27,1,5,65,3,3,0,0.519055604934692,1,-1,-1,-1,0.318856477737427
27,1,5,66,-3,3,0,0.535914182662964,1,-1,-1,1,0.269055604934692
27,1,5,67,27,27,1,0.502585887908936,-1,-1,-1,1,0.285914182662964
27,1,5,68,-9,9,0,0.469275712966919,1,1,-1,-1,0.252585887908936
27,1,5,69,81,81,1,0.535400867462158,-1,-1,1,1,0.219275712966919
27,1,5,70,-0,0,1,0.585204362869263,1,1,-1,-1,0.285400867462158
27,1,5,71,81,81,1,0.534364700317383,-1,1,1,1,0.335204362869263
27,1,5,72,-81,81,0,0.518958330154419,1,1,1,-1,0.284364700317383
27,1,5,73,-27,27,0,0.5009765625,-1,-1,1,1,0.268958330154419
27,1,5,74,9,9,1,0.534362077713013,-1,-1,-1,-1,0.2509765625
27,1,5,75,-81,81,0,0.484286308288574,1,1,-1,-1,0.284362077713013
27,1,5,76,27,27,1,0.484327077865601,-1,-1,1,1,0.234286308288574
27,1,5,77,-3,3,0,0.518135070800781,1,1,-1,-1,0.234327077865601
27,1,5,78,9,9,1,0.485806941986084,-1,-1,1,1,0.268135070800781
27,1,5,79,-0,0,0,0.534339427947998,1,1,-1,-1,0.235806941986084
27,1,5,80,3,3,1,0.517700433731079,-1,-1,1,1,0.284339427947998
27,1,5,81,-81,81,0,0.534467220306396,1,1,-1,-1,0.267700433731079
27,1,5,82,9,9,0,0.552225351333618,-1,-1,1,1,0.284467220306396
27,1,5,83,-9,9,0,0.469258308410645,1,-1,-1,-1,0.302225351333618
27,1,5,84,-27,27,0,0.500537633895874,-1,-1,-1,1,0.219258308410645
27,1,5,85,3,3,0,0.569190263748169,-1,-1,-1,-1,0.250537633895874
27,1,5,86,-3,3,0,0.501030206680298,1,-1,-1,-1,0.319190263748169
27,1,5,87,81,81,1,0.551815748214722,-1,-1,-1,1,0.251030206680298
27,1,5,88,-81,81,1,0.535767078399658,1,1,-1,-1,0.301815748214722
27,1,5,89,0,0,0,0.517152070999146,-1,1,1,1,0.285767078399658
27,1,5,90,-81,81,0,0.519139051437378,1,-1,1,-1,0.267152070999146
27,1,5,91,27,27,1,0.503212213516235,-1,-1,-1,1,0.269139051437378
27,1,5,92,27,27,1,0.46923828125,1,1,-1,-1,0.253212213516235
27,1,5,93,-27,27,0,0.402501106262207,1,1,1,1,0.21923828125
27,1,5,94,-3,3,1,0.751506805419922,-1,-1,1,1,0.152501106262207
27,1,5,95,9,9,1,0.518839836120605,-1,1,-1,-1,0.501506805419922
27,1,5,96,-81,81,0,0.552303314208984,1,1,1,-1,0.268839836120605
27,1,5,97,81,81,1,0.700528144836426,-1,-1,1,1,0.302303314208984
27,1,5,98,-3,3,0,0.752442836761475,1,1,-1,-1,0.450528144836426
27,1,5,99,9,9,1,0.634296178817749,-1,-1,1,1,0.502442836761475
27,1,6,2,-0,0,0,0.469077587127686,1,-1,-1,1,0.451326131820679
27,1,6,3,-9,9,0,0.469123125076294,-1,-1,-1,1,0.219077587127686
27,1,6,4,-3,3,0,0.484765291213989,-1,-1,-1,-1,0.219123125076294
27,1,6,5,9,9,1,0.569231748580933,-1,-1,-1,-1,0.234765291213989
27,1,6,6,27,27,1,0.600538730621338,1,1,-1,-1,0.319231748580933
27,1,6,7,-9,9,0,0.569311857223511,1,1,1,1,0.350538730621338
27,1,6,8,-9,9,0,0.450473546981812,-1,-1,1,1,0.319311857223511
27,1,6,9,-3,3,0,0.651366949081421,-1,-1,-1,-1,0.200473546981812
27,1,6,10,-81,81,0,0.519323110580444,-1,-1,-1,-1,0.401366949081421
27,1,6,11,-27,27,0,0.534332036972046,-1,-1,-1,-1,0.269323110580444
27,1,6,12,9,9,1,0.635739088058472,-1,-1,-1,-1,0.284332036972046
27,1,6,13,3,3,1,0.56779146194458,1,1,-1,-1,0.385739088058472
27,1,6,14,3,3,1,0.751005411148071,1,1,1,1,0.31779146194458
27,1,6,15,27,27,1,0.502236127853394,1,1,1,1,0.501005411148071
27,1,6,16,81,81,1,0.50214672088623,1,1,1,1,0.252236127853394
27,1,6,17,-3,3,1,0.850478410720825,1,1,1,1,0.25214672088623
27,1,6,18,27,27,1,0.533817291259766,-1,1,1,1,0.600478410720825
27,1,6,19,-3,3,0,0.568697929382324,1,1,1,-1,0.283817291259766
27,1,6,20,27,27,1,0.60217809677124,-1,-1,1,1,0.318697929382324
27,1,6,21,-3,3,1,0.519338130950928,1,1,-1,-1,0.35217809677124
27,1,6,22,-0,0,1,0.684595584869385,-1,1,1,1,0.269338130950928
27,1,6,23,0,0,0,0.668723821640015,-1,1,1,-1,0.434595584869385
27,1,6,24,-27,27,0,0.485239267349243,1,-1,1,-1,0.418723821640015
27,1,6,25,-3,3,0,0.700518131256104,-1,-1,-1,1,0.235239267349243
27,1,6,26,3,3,1,0.48432469367981,-1,-1,-1,-1,0.450518131256104
27,1,6,27,-9,9,0,0.452044725418091,1,1,-1,-1,0.23432469367981
27,1,6,28,27,27,1,0.485726356506348,-1,-1,1,1,0.202044725418091
27,1,6,29,27,27,1,0.468717336654663,1,1,-1,-1,0.235726356506348
27,1,6,30,-0,0,0,0.519355535507202,1,1,1,1,0.218717336654663
27,1,6,31,81,81,1,0.485463380813599,-1,-1,1,1,0.269355535507202
27,1,6,32,0,0,1,0.517146587371826,1,1,-1,-1,0.235463380813599
27,1,6,33,-3,3,0,0.569192886352539,1,1,1,1,0.267146587371826
27,1,6,34,-81,81,0,0.468945980072021,-1,-1,1,1,0.319192886352539
27,1,6,35,9,9,1,0.519338130950928,-1,-1,-1,-1,0.218945980072021
27,1,6,36,-27,27,0,0.467680215835571,1,1,-1,-1,0.269338130950928
27,1,6,37,27,27,1,0.484333276748657,-1,-1,1,1,0.217680215835571
27,1,6,38,-9,9,0,0.469308137893677,1,1,-1,-1,0.234333276748657
27,1,6,39,3,3,1,0.401838541030884,-1,-1,1,1,0.219308137893677
27,1,6,40,81,81,1,0.535699129104614,1,1,-1,-1,0.151838541030884
27,1,6,41,-81,81,0,0.367817640304565,1,1,1,1,0.285699129104614
27,1,6,42,3,3,0,0.536037683486938,-1,-1,1,1,0.117817640304565
27,1,6,43,-27,27,0,0.518838882446289,1,-1,-1,-1,0.286037683486938
27,1,6,44,3,3,1,0.517746925354004,-1,-1,-1,1,0.268838882446289
27,1,6,45,-81,81,0,0.452574729919434,1,1,-1,-1,0.267746925354004
27,1,6,46,-9,9,0,0.617615461349487,-1,-1,1,1,0.202574729919434
27,1,6,47,0,0,0,1.01763939857483,-1,-1,-1,-1,0.367615461349487
27,1,6,48,81,81,1,0.502252578735352,1,-1,-1,-1,0.767639398574829
27,1,6,49,81,81,1,0.483837366104126,1,1,-1,1,0.252252578735352
27,1,6,50,-81,81,0,0.450551271438599,1,1,1,1,0.233837366104126
27,1,6,51,27,27,1,0.500511646270752,-1,-1,1,1,0.200551271438599
27,1,6,52,0,0,0,0.500530958175659,1,1,-1,-1,0.250511646270752
27,1,6,53,81,81,1,0.535630702972412,1,-1,1,1,0.250530958175659
27,1,6,54,27,27,1,0.669450283050537,1,1,-1,1,0.285630702972412
27,1,6,55,-3,3,1,0.369376182556152,1,1,1,1,0.419450283050537
27,1,6,56,-9,9,0,0.519192218780518,-1,1,1,1,0.119376182556152
27,1,6,57,9,9,0,0.584801197052002,-1,-1,1,-1,0.269192218780518
27,1,6,58,27,27,1,0.500491619110107,1,-1,-1,-1,0.334801197052002
27,1,6,59,27,27,1,0.485214233398438,1,1,-1,1,0.250491619110107
27,1,6,60,9,9,0,0.569087982177734,1,1,1,1,0.235214233398438
27,1,6,61,-3,3,0,0.602438926696777,1,-1,1,1,0.319087982177734
27,1,6,62,-27,27,0,0.467614650726318,-1,-1,-1,1,0.352438926696777
27,1,6,63,-9,9,0,0.552221775054932,-1,-1,-1,-1,0.217614650726318
27,1,6,64,-27,27,0,0.417667388916016,-1,-1,-1,-1,0.302221775054932
27,1,6,65,-81,81,0,0.486092567443848,-1,-1,-1,-1,0.167667388916016
27,1,6,66,-3,3,0,0.585424184799194,-1,-1,-1,-1,0.236092567443848
27,1,6,67,81,81,1,0.484322071075439,-1,-1,-1,-1,0.335424184799194
27,1,6,68,-81,81,0,0.502710819244385,1,1,-1,-1,0.234322071075439
27,1,6,69,-9,9,0,0.617595911026001,-1,-1,1,1,0.252710819244385
27,1,6,70,-9,9,0,0.551024436950684,-1,-1,-1,-1,0.367595911026001
27,1,6,71,27,27,1,0.467643022537231,-1,-1,-1,-1,0.301024436950684
27,1,6,72,9,9,1,0.534336805343628,1,1,-1,-1,0.217643022537231
27,1,6,73,-81,81,0,0.535690784454346,1,1,1,1,0.284336805343628
27,1,6,74,-9,9,0,0.567627191543579,-1,-1,1,1,0.285690784454346
27,1,6,75,81,81,1,0.584892272949219,-1,-1,-1,-1,0.317627191543579
27,1,6,76,-3,3,0,0.533826589584351,1,1,-1,-1,0.334892272949219
27,1,6,77,-9,9,0,0.5343177318573,-1,-1,1,1,0.283826589584351
27,1,6,78,-3,3,1,0.717605829238892,-1,-1,-1,-1,0.2843177318573
27,1,6,79,-81,81,0,0.500577688217163,-1,1,-1,-1,0.467605829238892
27,1,6,80,3,3,1,0.585898160934448,-1,-1,1,-1,0.250577688217163
27,1,6,81,9,9,1,0.667628765106201,1,1,-1,-1,0.335898160934448
27,1,6,82,3,3,1,0.535208940505981,1,1,1,1,0.417628765106201
27,1,6,83,-0,0,1,0.533811569213867,1,1,1,1,0.285208940505981
27,1,6,84,-81,81,0,0.552415132522583,-1,1,1,1,0.283811569213867
27,1,6,85,9,9,1,0.552075386047363,-1,-1,1,-1,0.302415132522583
27,1,6,86,3,3,1,0.818933725357056,1,1,-1,-1,0.302075386047363
27,1,6,87,-81,81,0,0.517644166946411,1,1,1,1,0.568933725357056
27,1,6,88,-27,27,0,0.550967931747437,-1,-1,1,1,0.267644166946411
27,1,6,89,81,81,1,0.552810430526733,-1,-1,-1,-1,0.300967931747437
27,1,6,90,-81,81,0,0.585826873779297,1,1,-1,-1,0.302810430526733
27,1,6,91,-9,9,0,0.484329223632812,-1,-1,1,1,0.335826873779297
27,1,6,92,27,27,1,0.468711137771606,-1,-1,-1,-1,0.234329223632812
27,1,6,93,3,3,1,0.551169157028198,1,1,-1,-1,0.218711137771606
27,1,6,94,81,81,1,0.502077102661133,1,1,1,1,0.301169157028198
27,1,6,95,-0,0,0,0.58550500869751,1,1,1,1,0.252077102661133
27,1,6,96,9,9,1,0.619400978088379,-1,-1,1,1,0.33550500869751
27,1,6,97,27,27,1,0.501133918762207,1,1,-1,-1,0.369400978088379
27,1,6,98,27,27,1,0.467240333557129,1,1,1,1,0.251133918762207
27,1,6,99,0,0,0,0.550477027893066,1,1,1,1,0.217240333557129
27,2,1,2,-27,27,0,0.619450092315674,1,-1,1,-1,0.384584188461304
27,2,1,3,-27,27,0,0.569175243377686,-1,-1,-1,1,0.369450092315674
27,2,1,4,-3,3,0,0.568708896636963,-1,-1,-1,-1,0.319175243377686
27,2,1,5,-27,27,0,0.568951606750488,-1,-1,-1,-1,0.318708896636963
27,2,1,6,-81,81,0,0.601033210754395,-1,-1,-1,-1,0.318951606750488
27,2,1,7,81,81,1,0.550974130630493,-1,-1,-1,-1,0.351033210754395
27,2,1,8,-0,0,0,0.584341287612915,1,1,-1,-1,0.300974130630493
27,2,1,9,3,3,0,0.58545184135437,-1,-1,1,1,0.334341287612915
27,2,1,10,27,27,1,0.718073606491089,1,-1,-1,-1,0.33545184135437
27,2,1,11,-27,27,0,0.568167924880981,1,1,-1,1,0.468073606491089
27,2,1,12,3,3,0,0.935225248336792,-1,-1,1,1,0.318167924880981
27,2,1,13,9,9,1,0.567614078521729,1,-1,-1,-1,0.685225248336792
27,2,1,14,81,81,1,0.502487421035767,1,1,-1,1,0.317614078521729
27,2,1,15,3,3,0,0.500508785247803,1,1,1,1,0.252487421035767
27,2,1,16,-81,81,0,0.53520393371582,1,-1,1,1,0.250508785247803
27,2,1,17,9,9,1,0.702652215957642,-1,-1,-1,1,0.28520393371582
27,2,1,18,-3,3,0,0.500994920730591,1,1,-1,-1,0.452652215957642
27,2,1,19,81,81,1,0.518758058547974,-1,-1,1,1,0.250994920730591
27,2,1,20,-3,3,0,0.501109600067139,1,1,-1,-1,0.268758058547974
27,2,1,21,81,81,1,0.502142906188965,-1,-1,1,1,0.251109600067139
27,2,1,22,-81,81,0,0.469376802444458,1,1,-1,-1,0.252142906188965
27,2,1,23,27,27,1,0.485311031341553,-1,-1,1,1,0.219376802444458
27,2,1,24,9,9,1,0.485666751861572,1,1,-1,-1,0.235311031341553
27,2,1,25,-81,81,0,0.419349908828735,1,1,1,1,0.235666751861572
27,2,1,26,-9,9,0,0.367958068847656,-1,-1,1,1,0.169349908828735
27,2,1,27,-3,3,0,0.519092321395874,-1,-1,-1,-1,0.117958068847656
27,2,1,28,9,9,0,0.602423191070557,-1,-1,-1,-1,0.269092321395874
27,2,1,29,-9,9,0,0.385687828063965,1,-1,-1,-1,0.352423191070557
27,2,1,30,-0,0,0,0.533903360366821,-1,-1,-1,1,0.135687828063965
27,2,1,31,-27,27,0,0.500545978546143,-1,-1,-1,-1,0.283903360366821
27,2,1,32,3,3,0,0.46716046333313,-1,-1,-1,-1,0.250545978546143
27,2,1,33,-9,9,0,0.467195987701416,1,-1,-1,-1,0.21716046333313
27,2,1,34,-27,27,0,0.485629558563232,-1,-1,-1,1,0.217195987701416
27,2,1,35,81,81,1,0.533882617950439,-1,-1,-1,-1,0.235629558563232
27,2,1,36,-3,3,0,0.552063465118408,1,1,-1,-1,0.283882617950439
27,2,1,37,81,81,1,0.51934027671814,-1,-1,1,1,0.302063465118408
27,2,1,38,27,27,1,0.550985813140869,1,1,-1,-1,0.26934027671814
27,2,1,39,0,0,0,0.534754037857056,1,1,1,1,0.300985813140869
27,2,1,40,-27,27,0,0.467663288116455,1,-1,1,1,0.284754037857056
27,2,1,41,-9,9,0,0.48430871963501,-1,-1,-1,1,0.217663288116455
27,2,1,42,27,27,1,0.55098295211792,-1,-1,-1,-1,0.23430871963501
27,2,1,43,9,9,0,0.468877792358398,1,1,-1,-1,0.30098295211792
27,2,1,44,3,3,0,0.467197895050049,1,-1,1,1,0.218877792358398
27,2,1,45,-9,9,0,0.584785938262939,1,-1,-1,1,0.217197895050049
27,2,1,46,-9,9,0,0.567612171173096,-1,-1,-1,1,0.334785938262939
27,2,1,47,-3,3,0,0.535183191299438,-1,-1,-1,-1,0.317612171173096
27,2,1,48,0,0,0,0.50203275680542,-1,-1,-1,-1,0.285183191299438
27,2,1,49,81,81,1,0.517633676528931,1,-1,-1,-1,0.25203275680542
27,2,1,50,81,81,1,0.467879056930542,1,1,-1,1,0.267633676528931
27,2,1,51,81,81,1,0.585976123809814,1,1,1,1,0.217879056930542
27,2,1,52,27,27,1,0.51861572265625,1,1,1,1,0.335976123809814
27,2,1,53,-3,3,0,0.501117706298828,1,1,1,1,0.26861572265625
27,2,1,54,-0,0,1,0.518615484237671,-1,-1,1,1,0.251117706298828
27,2,1,55,-3,3,0,0.433816194534302,-1,1,-1,-1,0.268615484237671
27,2,1,56,-27,27,0,0.502658843994141,-1,-1,1,-1,0.183816194534302
27,2,1,57,81,81,1,0.484431028366089,-1,-1,-1,-1,0.252658843994141
27,2,1,58,-3,3,0,0.450541257858276,1,1,-1,-1,0.234431028366089
27,2,1,59,-0,0,0,0.735374212265015,-1,-1,1,1,0.200541257858276
27,2,1,60,-9,9,0,0.400975227355957,-1,-1,-1,-1,0.485374212265015
27,2,1,61,-81,81,0,0.352177858352661,-1,-1,-1,-1,0.150975227355957
27,2,1,62,27,27,1,0.50123119354248,-1,-1,-1,-1,0.102177858352661
27,2,1,63,-3,3,0,0.535929918289185,1,1,-1,-1,0.25123119354248
27,2,1,64,-81,81,0,0.567622184753418,-1,-1,1,1,0.285929918289185
27,2,1,65,27,27,1,0.485724687576294,-1,-1,-1,-1,0.317622184753418
27,2,1,66,81,81,1,0.468999147415161,1,1,-1,-1,0.235724687576294
27,2,1,67,27,27,1,0.500972509384155,1,1,1,1,0.218999147415161
27,2,1,68,-81,81,0,0.485401153564453,1,1,1,1,0.250972509384155
27,2,1,69,9,9,1,0.56991720199585,-1,-1,1,1,0.235401153564453
27,2,1,70,9,9,1,0.519173383712769,1,1,-1,-1,0.31991720199585
27,2,1,71,27,27,1,0.551784038543701,1,1,1,1,0.269173383712769
27,2,1,72,27,27,1,0.517228603363037,1,1,1,1,0.301784038543701
27,2,1,73,-3,3,1,0.584356784820557,1,1,1,1,0.267228603363037
27,2,1,74,3,3,1,0.601101160049438,-1,1,1,1,0.334356784820557
27,2,1,75,-9,9,0,0.567849636077881,1,1,1,-1,0.351101160049438
27,2,1,76,-3,3,0,0.534337520599365,-1,-1,1,1,0.317849636077881
27,2,1,77,-3,3,0,0.501015663146973,-1,-1,-1,-1,0.284337520599365
27,2,1,78,81,81,1,0.486192226409912,-1,-1,-1,-1,0.251015663146973
27,2,1,79,-0,0,0,0.46803092956543,1,1,-1,-1,0.236192226409912
27,2,1,80,-27,27,0,0.518098115921021,-1,-1,1,1,0.21803092956543
27,2,1,81,0,0,1,0.501507997512817,-1,-1,-1,-1,0.268098115921021
27,2,1,82,0,0,0,1.35172367095947,1,1,-1,-1,0.251507997512817
27,2,1,83,-27,27,0,0.451197624206543,1,-1,1,1,1.10172367095947
27,2,1,84,-9,9,0,0.485970973968506,-1,-1,-1,1,0.201197624206543
27,2,1,85,-0,0,0,0.501826763153076,-1,-1,-1,-1,0.235970973968506
27,2,1,86,-9,9,0,0.535231113433838,-1,-1,-1,-1,0.251826763153076
27,2,1,87,-3,3,0,0.519280910491943,-1,-1,-1,-1,0.285231113433838
27,2,1,88,-81,81,0,0.467735767364502,-1,-1,-1,-1,0.269280910491943
27,2,1,89,-9,9,0,0.519239187240601,-1,-1,-1,-1,0.217735767364502
27,2,1,90,9,9,1,0.502336740493774,-1,-1,-1,-1,0.269239187240601
27,2,1,91,0,0,0,0.501380681991577,1,1,-1,-1,0.252336740493774
27,2,1,92,-3,3,1,0.469363689422607,1,-1,1,1,0.251380681991577
27,2,1,93,81,81,1,0.483878612518311,-1,1,-1,1,0.219363689422607
27,2,1,94,27,27,1,0.452352046966553,1,1,1,-1,0.233878612518311
27,2,1,95,-81,81,0,0.484619855880737,1,1,1,1,0.202352046966553
27,2,1,96,27,27,1,0.46935248374939,-1,-1,1,1,0.234619855880737
27,2,1,97,9,9,1,0.500966310501099,1,1,-1,-1,0.21935248374939
27,2,1,98,3,3,1,0.668710231781006,1,1,1,1,0.250966310501099
27,2,1,99,-9,9,1,0.450568199157715,1,1,1,1,0.418710231781006
27,2,2,2,-27,27,0,0.467162370681763,1,1,-1,1,0.267863273620605
27,2,2,3,9,9,1,0.519214630126953,-1,-1,1,1,0.217162370681763
27,2,2,4,-81,81,0,0.502224922180176,1,1,-1,-1,0.269214630126953
27,2,2,5,27,27,1,0.452471494674683,-1,-1,1,1,0.252224922180176
27,2,2,6,-3,3,1,0.485583305358887,1,1,-1,-1,0.202471494674683
27,2,2,7,27,27,1,0.451028108596802,-1,1,1,1,0.235583305358887
27,2,2,8,3,3,1,0.483880758285522,1,1,1,-1,0.201028108596802
27,2,2,9,9,9,1,0.469216108322144,1,1,1,1,0.233880758285522
27,2,2,10,-27,27,0,0.467781782150269,1,1,1,1,0.219216108322144
27,2,2,11,81,81,1,0.501424789428711,-1,-1,1,1,0.217781782150269
27,2,2,12,-81,81,0,0.48651385307312,1,1,-1,-1,0.251424789428711
27,2,2,13,81,81,1,0.502579927444458,-1,-1,1,1,0.23651385307312
27,2,2,14,-81,81,0,0.517709970474243,1,1,-1,-1,0.252579927444458
27,2,2,15,0,0,1,0.517650842666626,-1,-1,1,1,0.267709970474243
27,2,2,16,9,9,1,0.533864736557007,1,1,-1,-1,0.267650842666626
27,2,2,17,27,27,1,0.534643650054932,1,1,1,1,0.283864736557007
27,2,2,18,-3,3,1,0.517159700393677,1,1,1,1,0.284643650054932
27,2,2,19,0,0,0,0.550474166870117,-1,1,1,1,0.267159700393677
27,2,2,20,-81,81,1,0.469389200210571,1,-1,1,-1,0.300474166870117
27,2,2,21,-3,3,0,0.602744579315186,-1,1,-1,1,0.219389200210571
27,2,2,22,81,81,1,0.467888355255127,-1,-1,1,-1,0.352744579315186
27,2,2,23,9,9,0,0.500983715057373,1,1,-1,-1,0.217888355255127
27,2,2,24,-0,0,0,0.484293699264526,1,-1,1,1,0.250983715057373
27,2,2,25,81,81,1,0.518766403198242,-1,-1,-1,1,0.234293699264526
27,2,2,26,0,0,1,0.51761269569397,1,1,-1,-1,0.268766403198242
27,2,2,27,-3,3,0,0.417637825012207,1,1,1,1,0.26761269569397
27,2,2,28,-0,0,1,0.501029014587402,-1,-1,1,1,0.167637825012207
27,2,2,29,9,9,0,0.50281810760498,-1,1,-1,-1,0.251029014587402
27,2,2,30,-0,0,0,0.585101127624512,1,-1,1,-1,0.25281810760498
27,2,2,31,3,3,1,0.685539245605469,-1,-1,-1,1,0.335101127624512
27,2,2,32,9,9,0,0.484365463256836,1,1,-1,-1,0.435539245605469
27,2,2,33,-0,0,1,0.552549600601196,1,-1,1,1,0.234365463256836
27,2,2,34,-81,81,0,0.551111221313477,-1,1,-1,1,0.302549600601196
27,2,2,35,81,81,1,0.536026000976562,-1,-1,1,-1,0.301111221313477
27,2,2,36,-0,0,0,0.719126224517822,1,1,-1,-1,0.286026000976562
27,2,2,37,0,0,1,0.484272241592407,-1,-1,1,1,0.469126224517822
27,2,2,38,-9,9,0,0.46955394744873,1,1,-1,-1,0.234272241592407
27,2,2,39,0,0,1,0.501950025558472,-1,-1,1,1,0.21955394744873
27,2,2,40,-81,81,0,0.533855199813843,1,1,-1,-1,0.251950025558472
27,2,2,41,3,3,1,0.551063299179077,-1,-1,1,1,0.283855199813843
27,2,2,42,-3,3,0,0.585311889648438,1,1,-1,-1,0.301063299179077
27,2,2,43,-3,3,0,0.552583932876587,-1,-1,1,1,0.335311889648438
27,2,2,44,27,27,1,0.584270477294922,-1,-1,-1,-1,0.302583932876587
27,2,2,45,-3,3,0,0.567770957946777,1,1,-1,-1,0.334270477294922
27,2,2,46,27,27,1,0.53564190864563,-1,-1,1,1,0.317770957946777
27,2,2,47,3,3,0,0.40095329284668,1,1,-1,-1,0.28564190864563
27,2,2,48,-3,3,0,0.583902359008789,1,-1,1,1,0.15095329284668
27,2,2,49,27,27,1,0.550500392913818,-1,-1,-1,1,0.333902359008789
27,2,2,50,-81,81,0,0.467654705047607,1,1,-1,-1,0.300500392913818
27,2,2,51,9,9,0,0.552439212799072,-1,-1,1,1,0.217654705047607
27,2,2,52,-9,9,0,0.483831167221069,1,-1,-1,-1,0.302439212799072
27,2,2,53,27,27,1,0.467249631881714,-1,-1,-1,1,0.233831167221069
27,2,2,54,-3,3,0,0.535861015319824,1,1,-1,-1,0.217249631881714
27,2,2,55,9,9,0,0.4838547706604,-1,-1,1,1,0.285861015319824
27,2,2,56,27,27,1,0.483824253082275,1,-1,-1,-1,0.2338547706604
27,2,2,57,-81,81,0,0.435798406600952,1,1,-1,1,0.233824253082275
27,2,2,58,-81,81,1,0.569165229797363,-1,-1,1,1,0.185798406600952
27,2,2,59,3,3,1,0.602687120437622,-1,1,-1,-1,0.319165229797363
27,2,2,60,-9,9,0,0.535815238952637,1,1,1,-1,0.352687120437622
27,2,2,61,-81,81,0,0.485334157943726,-1,-1,1,1,0.285815238952637
27,2,2,62,3,3,0,0.535989284515381,-1,-1,-1,-1,0.235334157943726
27,2,2,63,-3,3,0,0.485520839691162,1,-1,-1,-1,0.285989284515381
27,2,2,64,27,27,1,0.402639389038086,-1,-1,-1,1,0.235520839691162
27,2,2,65,-81,81,0,0.502616167068481,1,1,-1,-1,0.152639389038086
27,2,2,66,27,27,1,0.467201948165894,-1,-1,1,1,0.252616167068481
27,2,2,67,-81,81,0,0.484409809112549,1,1,-1,-1,0.217201948165894
27,2,2,68,27,27,1,0.453489065170288,-1,-1,1,1,0.234409809112549
27,2,2,69,-27,27,0,0.385242223739624,1,1,-1,-1,0.203489065170288
27,2,2,70,9,9,0,0.56867790222168,-1,-1,1,1,0.135242223739624
27,2,2,71,-27,27,0,0.450513124465942,1,-1,-1,-1,0.31867790222168
27,2,2,72,27,27,1,0.31836724281311,-1,-1,-1,1,0.200513124465942
27,2,2,73,-27,27,0,0.434361457824707,1,1,-1,-1,0.0683672428131104
27,2,2,74,9,9,0,0.41855001449585,-1,-1,1,1,0.184361457824707
27,2,2,75,-9,9,0,0.383848667144775,1,-1,-1,-1,0.16855001449585
27,2,2,76,81,81,1,0.536226511001587,-1,-1,-1,1,0.133848667144775
27,2,2,77,-0,0,0,0.469505310058594,1,1,-1,-1,0.286226511001587
27,2,2,78,-9,9,1,0.535720109939575,-1,-1,1,1,0.219505310058594
27,2,2,79,27,27,1,0.652642250061035,-1,1,-1,-1,0.285720109939575
27,2,2,80,-3,3,0,0.419225692749023,1,1,1,-1,0.402642250061035
27,2,2,81,81,81,1,0.502675294876099,-1,-1,1,1,0.169225692749023
27,2,2,82,-3,3,0,0.602340936660767,1,1,-1,-1,0.252675294876099
27,2,2,83,81,81,1,0.484360694885254,-1,-1,1,1,0.352340936660767
27,2,2,84,-3,3,0,0.46897554397583,1,1,-1,-1,0.234360694885254
27,2,2,85,9,9,1,0.617627620697021,-1,-1,1,1,0.21897554397583
27,2,2,86,-81,81,0,0.45213508605957,1,1,-1,-1,0.367627620697021
27,2,2,87,3,3,1,0.485638618469238,-1,-1,1,1,0.20213508605957
27,2,2,88,-9,9,0,0.468651294708252,1,1,-1,-1,0.235638618469238
27,2,2,89,-3,3,1,0.317830324172974,-1,-1,1,1,0.218651294708252
27,2,2,90,-27,27,0,0.418687582015991,-1,1,-1,-1,0.0678303241729736
27,2,2,91,9,9,0,0.500996589660645,-1,-1,1,-1,0.168687582015991
27,2,2,92,-9,9,0,0.450504064559937,1,-1,-1,-1,0.250996589660645
27,2,2,93,-9,9,0,0.469279289245605,-1,-1,-1,1,0.200504064559937
27,2,2,94,27,27,1,0.534314155578613,-1,-1,-1,-1,0.219279289245605
27,2,2,95,-27,27,0,0.485701084136963,1,1,-1,-1,0.284314155578613
27,2,2,96,27,27,1,0.433876752853394,-1,-1,1,1,0.235701084136963
27,2,2,97,9,9,1,0.517187356948853,1,1,-1,-1,0.183876752853394
27,2,2,98,-81,81,0,0.518018960952759,1,1,1,1,0.267187356948853
27,2,2,99,9,9,0,0.451001644134521,-1,-1,1,1,0.268018960952759
27,2,3,2,27,27,1,0.502495050430298,-1,1,1,1,0.284541845321655
27,2,3,3,3,3,1,0.586045980453491,1,1,1,-1,0.252495050430298
27,2,3,4,27,27,1,0.452305793762207,1,1,1,1,0.336045980453491
27,2,3,5,-3,3,0,0.334585666656494,1,1,1,1,0.202305793762207
27,2,3,6,-3,3,0,0.535784244537354,-1,-1,1,1,0.0845856666564941
27,2,3,7,27,27,1,0.451034784317017,-1,-1,-1,-1,0.285784244537354
27,2,3,8,3,3,0,0.469361305236816,1,1,-1,-1,0.201034784317017
27,2,3,9,3,3,0,0.535876512527466,1,-1,1,1,0.219361305236816
27,2,3,10,3,3,1,0.368427753448486,1,-1,-1,1,0.285876512527466
27,2,3,11,81,81,1,0.418940782546997,1,1,-1,1,0.118427753448486
27,2,3,12,27,27,1,0.367188692092896,1,1,1,1,0.168940782546997
27,2,3,13,3,3,0,0.484345674514771,1,1,1,1,0.117188692092896
27,2,3,14,9,9,0,0.485096454620361,1,-1,1,1,0.234345674514771
27,2,3,15,9,9,1,0.502878189086914,1,-1,-1,1,0.235096454620361
27,2,3,16,81,81,1,0.519421815872192,1,1,-1,1,0.252878189086914
27,2,3,17,3,3,0,0.535977602005005,1,1,1,1,0.269421815872192
27,2,3,18,0,0,1,0.46927809715271,1,-1,1,1,0.285977602005005
27,2,3,19,27,27,1,0.5343017578125,1,1,-1,1,0.21927809715271
27,2,3,20,9,9,1,0.535619258880615,1,1,1,1,0.2843017578125
27,2,3,21,3,3,0,0.367164850234985,1,1,1,1,0.285619258880615
27,2,3,22,81,81,1,0.468682527542114,1,-1,1,1,0.117164850234985
27,2,3,23,27,27,1,0.717147588729858,1,1,-1,1,0.218682527542114
27,2,3,24,27,27,1,0.385477542877197,1,1,1,1,0.467147588729858
27,2,3,25,-0,0,0,0.367628335952759,1,1,1,1,0.135477542877197
27,2,3,26,-3,3,0,0.402669191360474,-1,-1,1,1,0.117628335952759
27,2,3,27,-81,81,0,0.584352493286133,-1,-1,-1,-1,0.152669191360474
27,2,3,28,9,9,0,0.486177444458008,-1,-1,-1,-1,0.334352493286133
27,2,3,29,-0,0,1,0.519125938415527,1,-1,-1,-1,0.236177444458008
27,2,3,30,-27,27,0,0.384976625442505,-1,1,-1,1,0.269125938415527
27,2,3,31,-0,0,0,0.400960922241211,-1,-1,1,-1,0.134976625442505
27,2,3,32,-9,9,0,0.418095111846924,-1,-1,-1,-1,0.150960922241211
27,2,3,33,-27,27,0,0.30095362663269,-1,-1,-1,-1,0.168095111846924
27,2,3,34,81,81,1,0.45115327835083,-1,-1,-1,-1,0.0509536266326904
27,2,3,35,81,81,1,0.452758312225342,1,1,-1,-1,0.20115327835083
27,2,3,36,0,0,0,0.517703294754028,1,1,1,1,0.202758312225342
27,2,3,37,-81,81,0,0.300981044769287,1,-1,1,1,0.267703294754028
27,2,3,38,-81,81,0,0.317671298980713,-1,-1,-1,1,0.0509810447692871
27,2,3,39,-9,9,0,0.40112042427063,-1,-1,-1,-1,0.0676712989807129
27,2,3,40,-27,27,0,0.502251148223877,-1,-1,-1,-1,0.15112042427063
27,2,3,41,-27,27,0,0.486316442489624,-1,-1,-1,-1,0.252251148223877
27,2,3,42,-0,0,0,0.501410961151123,-1,-1,-1,-1,0.236316442489624
27,2,3,43,-0,0,0,0.500971078872681,-1,-1,-1,-1,0.251410961151123
27,2,3,44,-81,81,0,0.485332489013672,-1,-1,-1,-1,0.250971078872681
27,2,3,45,-9,9,0,0.519130229949951,-1,-1,-1,-1,0.235332489013672
27,2,3,46,-27,27,0,0.335475921630859,-1,-1,-1,-1,0.269130229949951
27,2,3,47,-27,27,0,0.367606639862061,-1,-1,-1,-1,0.0854759216308594
27,2,3,48,81,81,1,0.400503873825073,-1,-1,-1,-1,0.117606639862061
27,2,3,49,9,9,1,0.650515794754028,1,1,-1,-1,0.150503873825073
27,2,3,50,-81,81,0,0.400937795639038,1,1,1,1,0.400515794754028
27,2,3,51,-27,27,0,0.369173288345337,-1,-1,1,1,0.150937795639038
27,2,3,52,-0,0,0,0.38427996635437,-1,-1,-1,-1,0.119173288345337
27,2,3,53,-81,81,0,0.501945734024048,-1,-1,-1,-1,0.13427996635437
27,2,3,54,-3,3,0,0.452268362045288,-1,-1,-1,-1,0.251945734024048
27,2,3,55,-9,9,0,0.368067979812622,-1,-1,-1,-1,0.202268362045288
27,2,3,56,-81,81,0,0.26915431022644,-1,-1,-1,-1,0.118067979812622
27,2,3,57,27,27,1,0.419186115264893,-1,-1,-1,-1,0.0191543102264404
27,2,3,58,9,9,0,0.452790975570679,1,1,-1,-1,0.169186115264893
27,2,3,59,-9,9,1,0.467626333236694,1,-1,1,1,0.202790975570679
27,2,3,60,-27,27,0,0.469138860702515,-1,1,-1,1,0.217626333236694
27,2,3,61,-27,27,0,0.50274395942688,-1,-1,1,-1,0.219138860702515
27,2,3,62,-81,81,0,0.351916074752808,-1,-1,-1,-1,0.25274395942688
27,2,3,63,3,3,1,0.318652868270874,-1,-1,-1,-1,0.101916074752808
27,2,3,64,9,9,1,0.367621660232544,1,1,-1,-1,0.068652868270874
27,2,3,65,0,0,0,0.383856773376465,1,1,1,1,0.117621660232544
27,2,3,66,81,81,1,0.467674970626831,1,-1,1,1,0.133856773376465
27,2,3,67,9,9,0,0.417206048965454,1,1,-1,1,0.217674970626831
27,2,3,68,3,3,0,0.434290409088135,1,-1,1,1,0.167206048965454
27,2,3,69,-9,9,0,0.468778133392334,1,-1,-1,1,0.184290409088135
27,2,3,70,-27,27,0,0.417654275894165,-1,-1,-1,1,0.218778133392334
27,2,3,71,-3,3,0,0.467198610305786,-1,-1,-1,-1,0.167654275894165
27,2,3,72,-3,3,0,0.46860933303833,-1,-1,-1,-1,0.217198610305786
27,2,3,73,-9,9,0,0.652809858322144,-1,-1,-1,-1,0.21860933303833
27,2,3,74,-0,0,0,0.518585205078125,-1,-1,-1,-1,0.402809858322144
27,2,3,75,-9,9,0,0.502513408660889,-1,-1,-1,-1,0.268585205078125
27,2,3,76,-81,81,0,0.352017164230347,-1,-1,-1,-1,0.252513408660889
27,2,3,77,-3,3,0,0.334782123565674,-1,-1,-1,-1,0.102017164230347
27,2,3,78,-9,9,0,0.402525186538696,-1,-1,-1,-1,0.0847821235656738
27,2,3,79,-81,81,0,0.450721263885498,-1,-1,-1,-1,0.152525186538696
27,2,3,80,-3,3,0,0.435510396957397,-1,-1,-1,-1,0.200721263885498
27,2,3,81,3,3,1,0.418656587600708,-1,-1,-1,-1,0.185510396957397
27,2,3,82,9,9,1,0.434308528900146,1,1,-1,-1,0.168656587600708
27,2,3,83,9,9,0,0.400984764099121,1,1,1,1,0.184308528900146
27,2,3,84,27,27,1,0.483858346939087,1,-1,1,1,0.150984764099121
27,2,3,85,81,81,1,0.468616962432861,1,1,-1,1,0.233858346939087
27,2,3,86,27,27,1,0.468705654144287,1,1,1,1,0.218616962432861
27,2,3,87,-3,3,0,0.450925350189209,1,1,1,1,0.218705654144287
27,2,3,88,-0,0,1,0.384402275085449,-1,-1,1,1,0.200925350189209
27,2,3,92,-81,81,0,0.502471446990967,-1,-1,-1,-1,0.235112190246582
27,2,3,93,-3,3,0,0.518540620803833,-1,-1,-1,-1,0.252471446990967
27,2,3,94,3,3,0,0.467620134353638,-1,-1,-1,-1,0.268540620803833
27,2,3,95,3,3,1,0.500999689102173,1,-1,-1,-1,0.217620134353638
27,2,3,96,9,9,1,0.483870267868042,1,1,-1,1,0.250999689102173
27,2,3,97,81,81,1,0.534613847732544,1,1,1,1,0.233870267868042
27,2,3,98,27,27,1,0.484390020370483,1,1,1,1,0.284613847732544
27,2,3,99,9,9,1,0.552748203277588,1,1,1,1,0.234390020370483
27,2,4,2,3,3,1,0.501638174057007,1,1,-1,-1,0.267850160598755
27,2,4,3,81,81,1,0.502455234527588,1,1,1,1,0.251638174057007
27,2,4,4,-27,27,0,0.368305921554565,1,1,1,1,0.252455234527588
27,2,4,5,27,27,1,0.4005286693573,-1,-1,1,1,0.118305921554565
27,2,4,6,-27,27,0,0.501052141189575,1,1,-1,-1,0.1505286693573
27,2,4,7,-0,0,0,0.500510215759277,-1,-1,1,1,0.251052141189575
27,2,4,8,-81,81,0,0.517685174942017,-1,-1,-1,-1,0.250510215759277
27,2,4,9,3,3,1,0.617646217346191,-1,-1,-1,-1,0.267685174942017
27,2,4,10,9,9,0,0.518781900405884,1,1,-1,-1,0.367646217346191
27,2,4,11,0,0,0,0.450652122497559,1,-1,1,1,0.268781900405884
27,2,4,12,3,3,0,0.869168996810913,1,-1,-1,1,0.200652122497559
27,2,4,13,9,9,1,0.452532052993774,1,-1,-1,1,0.619168996810913
27,2,4,14,27,27,1,0.451863050460815,1,1,-1,1,0.202532052993774
27,2,4,15,-81,81,0,0.317221164703369,1,1,1,1,0.201863050460815
27,2,4,16,3,3,1,0.618704795837402,-1,-1,1,1,0.0672211647033691
27,2,4,17,81,81,1,0.534340858459473,1,1,-1,-1,0.368704795837402
27,2,4,18,9,9,1,0.619118690490723,1,1,1,1,0.284340858459473
27,2,4,19,27,27,1,0.552523136138916,1,1,1,1,0.369118690490723
27,2,4,20,0,0,1,0.452096223831177,1,1,1,1,0.302523136138916
27,2,4,21,81,81,1,0.517810821533203,1,1,1,1,0.202096223831177
27,2,4,22,-3,3,0,0.385170221328735,1,1,1,1,0.267810821533203
27,2,4,23,-3,3,1,0.435528755187988,-1,-1,1,1,0.135170221328735
27,2,4,24,-81,81,0,0.36794638633728,-1,1,-1,-1,0.185528755187988
27,2,4,25,-3,3,0,0.517958879470825,-1,-1,1,-1,0.11794638633728
27,2,4,26,-27,27,0,0.486015558242798,-1,-1,-1,-1,0.267958879470825
27,2,4,27,-81,81,0,0.467664003372192,-1,-1,-1,-1,0.236015558242798
27,2,4,28,-9,9,0,0.401814937591553,-1,-1,-1,-1,0.217664003372192
27,2,4,29,-27,27,0,0.500533580780029,-1,-1,-1,-1,0.151814937591553
27,2,4,30,-27,27,0,0.484267234802246,-1,-1,-1,-1,0.250533580780029
27,2,4,31,-3,3,0,0.534450054168701,-1,-1,-1,-1,0.234267234802246
27,2,4,32,-81,81,0,0.467216968536377,-1,-1,-1,-1,0.284450054168701
27,2,4,33,81,81,1,0.584657669067383,-1,-1,-1,-1,0.217216968536377
27,2,4,34,-81,81,0,0.485633134841919,1,1,-1,-1,0.334657669067383
27,2,4,35,-9,9,0,0.533821105957031,-1,-1,1,1,0.235633134841919
27,2,4,36,-27,27,0,0.501817941665649,-1,-1,-1,-1,0.283821105957031
27,2,4,37,-3,3,0,0.433836221694946,-1,-1,-1,-1,0.251817941665649
27,2,4,38,-3,3,0,0.43452262878418,-1,-1,-1,-1,0.183836221694946
27,2,4,39,-9,9,0,0.518960237503052,-1,-1,-1,-1,0.18452262878418
27,2,4,40,0,0,0,0.469209909439087,-1,-1,-1,-1,0.268960237503052
27,2,4,41,81,81,1,0.467243909835815,1,-1,-1,-1,0.219209909439087
27,2,4,42,9,9,1,0.500947237014771,1,1,-1,1,0.217243909835815
27,2,4,43,-9,9,0,0.500993013381958,1,1,1,1,0.250947237014771
27,2,4,44,-3,3,1,0.53553295135498,-1,-1,1,1,0.250993013381958
27,2,4,45,-9,9,1,0.485915422439575,-1,1,-1,-1,0.28553295135498
27,2,4,46,-81,81,0,0.434308290481567,-1,1,1,-1,0.235915422439575
27,2,4,47,-0,0,0,0.500981092453003,-1,-1,1,-1,0.184308290481567
27,2,4,48,-81,81,0,0.46802020072937,-1,-1,-1,-1,0.250981092453003
27,2,4,49,-9,9,0,0.517700672149658,-1,-1,-1,-1,0.21802020072937
27,2,4,50,-81,81,0,0.469062328338623,-1,-1,-1,-1,0.267700672149658
27,2,4,51,-3,3,0,0.500503063201904,-1,-1,-1,-1,0.219062328338623
27,2,4,52,-0,0,0,0.451128721237183,-1,-1,-1,-1,0.250503063201904
27,2,4,53,-81,81,0,0.502699375152588,-1,-1,-1,-1,0.201128721237183
27,2,4,54,-9,9,0,0.517782926559448,-1,-1,-1,-1,0.252699375152588
27,2,4,55,-3,3,0,0.552190542221069,-1,-1,-1,-1,0.267782926559448
27,2,4,56,-0,0,0,0.51719856262207,-1,-1,-1,-1,0.302190542221069
27,2,4,57,-81,81,0,0.418945074081421,-1,-1,-1,-1,0.26719856262207
27,2,4,58,-3,3,0,0.51918625831604,-1,-1,-1,-1,0.168945074081421
27,2,4,59,-3,3,0,0.533858299255371,-1,-1,-1,-1,0.26918625831604
27,2,4,60,-27,27,0,0.534640789031982,-1,-1,-1,-1,0.283858299255371
27,2,4,61,-27,27,0,0.518671989440918,-1,-1,-1,-1,0.284640789031982
27,2,4,62,-27,27,0,0.501749753952026,-1,-1,-1,-1,0.268671989440918
27,2,4,63,3,3,1,0.535439252853394,-1,-1,-1,-1,0.251749753952026
27,2,4,64,9,9,1,0.535482883453369,1,1,-1,-1,0.285439252853394
27,2,4,65,0,0,1,0.617660760879517,1,1,1,1,0.285482883453369
27,2,4,66,81,81,1,0.483884811401367,1,1,1,1,0.367660760879517
27,2,4,67,-27,27,0,0.452587366104126,1,1,1,1,0.233884811401367
27,2,4,68,-27,27,0,0.518772125244141,-1,-1,1,1,0.202587366104126
27,2,4,69,-27,27,0,0.63429594039917,-1,-1,-1,-1,0.268772125244141
27,2,4,70,-3,3,0,0.569454908370972,-1,-1,-1,-1,0.38429594039917
27,2,4,71,-27,27,0,0.569090127944946,-1,-1,-1,-1,0.319454908370972
27,2,4,72,-9,9,0,0.551047325134277,-1,-1,-1,-1,0.319090127944946
27,2,4,73,-9,9,0,0.584361791610718,-1,-1,-1,-1,0.301047325134277
27,2,4,74,-0,0,0,0.469734907150269,-1,-1,-1,-1,0.334361791610718
27,2,4,75,-9,9,1,0.36722731590271,-1,-1,-1,-1,0.219734907150269
27,2,4,76,-0,0,0,0.484293222427368,-1,1,-1,-1,0.11722731590271
27,2,4,77,-9,9,0,0.518825769424438,-1,-1,1,-1,0.234293222427368
27,2,4,78,-27,27,0,0.485956192016602,-1,-1,-1,-1,0.268825769424438
27,2,4,79,-9,9,0,0.451020240783691,-1,-1,-1,-1,0.235956192016602
27,2,4,80,-27,27,0,0.467997312545776,-1,-1,-1,-1,0.201020240783691
27,2,4,81,-3,3,0,0.535650491714478,-1,-1,-1,-1,0.217997312545776
27,2,4,82,9,9,1,0.5172119140625,-1,-1,-1,-1,0.285650491714478
27,2,4,83,-81,81,0,0.502388954162598,1,1,-1,-1,0.2672119140625
27,2,4,84,81,81,1,0.503063201904297,-1,-1,1,1,0.252388954162598
27,2,4,85,3,3,0,0.517182350158691,1,1,-1,-1,0.253063201904297
27,2,4,86,3,3,1,0.700514793395996,1,-1,1,1,0.267182350158691
27,2,4,87,81,81,1,0.552381038665771,1,1,-1,1,0.450514793395996
27,2,4,88,0,0,1,0.568900108337402,1,1,1,1,0.302381038665771
27,2,4,89,-9,9,1,0.567240476608276,1,1,1,1,0.318900108337402
27,2,4,90,81,81,1,0.518729686737061,-1,1,1,1,0.317240476608276
27,2,4,91,27,27,1,0.50097918510437,1,1,1,-1,0.268729686737061
27,2,4,92,3,3,1,0.617634773254395,1,1,1,1,0.25097918510437
27,2,4,93,81,81,1,0.518843412399292,1,1,1,1,0.367634773254395
27,2,4,94,9,9,1,0.486099720001221,1,1,1,1,0.268843412399292
27,2,4,95,27,27,1,0.533851146697998,1,1,1,1,0.236099720001221
27,2,4,96,9,9,1,0.569025993347168,1,1,1,1,0.283851146697998
27,2,4,97,27,27,1,0.450536012649536,1,1,1,1,0.319025993347168
27,2,4,98,-3,3,0,0.435619115829468,1,1,1,1,0.200536012649536
27,2,4,99,-9,9,0,0.400989294052124,-1,-1,1,1,0.185619115829468
27,2,5,2,-0,0,1,0.518924713134766,1,1,-1,-1,0.269744873046875
27,2,5,3,-9,9,0,0.535651445388794,-1,1,1,1,0.268924713134766
27,2,5,4,27,27,1,0.469258069992065,-1,-1,1,-1,0.285651445388794
27,2,5,5,-81,81,0,0.451334238052368,1,1,-1,-1,0.219258069992065
27,2,5,6,3,3,0,0.55095911026001,-1,-1,1,1,0.201334238052368
27,2,5,7,-9,9,0,0.418865442276001,1,-1,-1,-1,0.30095911026001
27,2,5,8,0,0,0,0.450945138931274,-1,-1,-1,1,0.168865442276001
27,2,5,9,-27,27,0,0.450479984283447,1,-1,-1,-1,0.200945138931274
27,2,5,10,9,9,0,0.385578393936157,-1,-1,-1,1,0.200479984283447
27,2,5,11,-9,9,0,0.436055898666382,1,-1,-1,-1,0.135578393936157
27,2,5,12,-81,81,0,0.418701410293579,-1,-1,-1,1,0.186055898666382
27,2,5,13,81,81,1,0.402108907699585,-1,-1,-1,-1,0.168701410293579
27,2,5,14,-9,9,0,0.48533821105957,1,1,-1,-1,0.152108907699585
27,2,5,15,3,3,1,0.485254526138306,-1,-1,1,1,0.23533821105957
27,2,5,16,-9,9,0,0.417236804962158,1,1,-1,-1,0.235254526138306
27,2,5,17,81,81,1,0.468878984451294,-1,-1,1,1,0.167236804962158
27,2,5,18,-3,3,0,0.40198016166687,1,1,-1,-1,0.218878984451294
27,2,5,19,81,81,1,0.368609189987183,-1,-1,1,1,0.15198016166687
27,2,5,20,-3,3,0,0.48385763168335,1,1,-1,-1,0.118609189987183
27,2,5,21,3,3,0,0.269175291061401,-1,-1,1,1,0.23385763168335
27,2,5,22,-9,9,0,0.351942777633667,1,-1,-1,-1,0.0191752910614014
27,2,5,23,-0,0,1,0.468576431274414,-1,-1,-1,1,0.101942777633667
27,2,5,24,81,81,1,0.550971984863281,-1,1,-1,-1,0.218576431274414
27,2,5,25,-0,0,0,0.535615682601929,1,1,1,-1,0.300971984863281
27,2,5,26,9,9,1,0.518779039382935,-1,-1,1,1,0.285615682601929
27,2,5,27,-27,27,0,0.451017379760742,1,1,-1,-1,0.268779039382935
27,2,5,28,-3,3,0,0.519195795059204,-1,-1,1,1,0.201017379760742
27,2,5,29,27,27,1,0.45098090171814,-1,-1,-1,-1,0.269195795059204
27,2,5,30,-81,81,0,0.451030015945435,1,1,-1,-1,0.20098090171814
27,2,5,31,3,3,0,0.484347105026245,-1,-1,1,1,0.201030015945435
27,2,5,32,-3,3,1,0.552191495895386,1,-1,-1,-1,0.234347105026245
27,2,5,33,0,0,0,0.384337186813354,-1,1,-1,1,0.302191495895386
27,2,5,34,27,27,1,0.485557317733765,1,-1,1,-1,0.134337186813354
27,2,5,35,-3,3,1,0.535564661026001,1,1,-1,1,0.235557317733765
27,2,5,36,9,9,1,0.468167781829834,-1,1,1,1,0.285564661026001
27,2,5,37,9,9,1,0.517182111740112,1,1,1,-1,0.218167781829834
27,2,5,38,9,9,1,0.501473903656006,1,1,1,1,0.267182111740112
27,2,5,39,27,27,1,0.502043962478638,1,1,1,1,0.251473903656006
27,2,5,40,-27,27,0,0.469089508056641,1,1,1,1,0.252043962478638
27,2,5,41,81,81,1,0.417758941650391,-1,-1,1,1,0.219089508056641
27,2,5,42,-27,27,0,0.452187061309814,1,1,-1,-1,0.167758941650391
27,2,5,43,-3,3,0,0.535942077636719,-1,-1,1,1,0.202187061309814
27,2,5,44,81,81,1,0.401294231414795,-1,-1,-1,-1,0.285942077636719
27,2,5,45,-3,3,1,0.584344625473022,1,1,-1,-1,0.151294231414795
27,2,5,46,0,0,0,0.518814086914062,-1,1,1,1,0.334344625473022
27,2,5,47,-3,3,0,0.483829021453857,1,-1,1,-1,0.268814086914062
27,2,5,48,9,9,1,0.567700147628784,-1,-1,-1,1,0.233829021453857
27,2,5,49,-9,9,0,0.469327211380005,1,1,-1,-1,0.317700147628784
27,2,5,50,81,81,1,0.484284162521362,-1,-1,1,1,0.219327211380005
27,2,5,51,-3,3,1,0.417719125747681,1,1,-1,-1,0.234284162521362
27,2,5,52,81,81,1,0.485098838806152,-1,1,1,1,0.167719125747681
27,2,5,53,9,9,1,0.484292268753052,1,1,1,-1,0.235098838806152
27,2,5,54,-27,27,0,0.552501440048218,1,1,1,1,0.234292268753052
27,2,5,55,3,3,0,0.602672100067139,-1,-1,1,1,0.302501440048218
27,2,5,56,-3,3,0,0.5342857837677,1,-1,-1,-1,0.352672100067139
27,2,5,57,27,27,1,0.384817123413086,-1,-1,-1,1,0.2842857837677
27,2,5,58,-3,3,1,0.518743753433228,1,1,-1,-1,0.134817123413086
27,2,5,59,81,81,1,0.367213726043701,-1,1,1,1,0.268743753433228
27,2,5,60,-3,3,0,0.417654752731323,1,1,1,-1,0.117213726043701
27,2,5,61,81,81,1,0.385018110275269,-1,-1,1,1,0.167654752731323
27,2,5,62,-0,0,1,0.451794385910034,1,1,-1,-1,0.135018110275269
27,2,5,63,81,81,1,0.402801036834717,-1,1,1,1,0.201794385910034
27,2,5,64,-27,27,0,0.517749309539795,1,1,1,-1,0.152801036834717
27,2,5,65,-0,0,0,0.48598313331604,-1,-1,1,1,0.267749309539795
27,2,5,66,27,27,1,0.469294309616089,-1,-1,-1,-1,0.23598313331604
27,2,5,67,81,81,1,0.467692136764526,1,1,-1,-1,0.219294309616089
27,2,5,68,-81,81,0,0.451016902923584,1,1,1,1,0.217692136764526
27,2,5,69,-9,9,0,0.552576303482056,-1,-1,1,1,0.201016902923584
27,2,5,70,27,27,1,0.468096494674683,-1,-1,-1,-1,0.302576303482056
27,2,5,71,-27,27,0,0.468719720840454,1,1,-1,-1,0.218096494674683
27,2,5,72,27,27,1,0.400479793548584,-1,-1,1,1,0.218719720840454
27,2,5,73,-9,9,0,0.369093894958496,1,1,-1,-1,0.150479793548584
27,2,5,74,-81,81,0,0.433874368667603,-1,-1,1,1,0.119093894958496
27,2,5,75,9,9,1,0.617193937301636,-1,-1,-1,-1,0.183874368667603
27,2,5,76,-81,81,0,0.502717971801758,1,1,-1,-1,0.367193937301636
27,2,5,77,-81,81,0,0.334484815597534,-1,-1,1,1,0.252717971801758
27,2,5,78,27,27,1,0.501226663589478,-1,-1,-1,-1,0.0844848155975342
27,2,5,79,-0,0,0,0.501059293746948,1,1,-1,-1,0.251226663589478
27,2,5,80,-27,27,0,0.486105680465698,-1,-1,1,1,0.251059293746948
27,2,5,81,3,3,0,0.402772426605225,-1,-1,-1,-1,0.236105680465698
27,2,5,82,9,9,1,0.517204999923706,1,-1,-1,-1,0.152772426605225
27,2,5,83,-0,0,0,0.352581262588501,1,1,-1,1,0.267204999923706
27,2,5,84,3,3,1,0.434340715408325,-1,-1,1,1,0.102581262588501
27,2,5,85,-9,9,0,0.41782283782959,1,1,-1,-1,0.184340715408325
27,2,5,86,3,3,1,0.418104410171509,-1,-1,1,1,0.16782283782959
27,2,5,90,81,81,1,0.500998258590698,1,1,-1,1,0.33524227142334
27,2,5,91,9,9,0,0.669006109237671,1,1,1,1,0.250998258590698
27,2,5,92,-3,3,1,0.568748235702515,1,-1,1,1,0.419006109237671
27,2,5,93,81,81,1,0.517635107040405,-1,1,-1,1,0.318748235702515
27,2,5,94,27,27,1,0.667819976806641,1,1,1,-1,0.267635107040405
27,2,5,95,-27,27,0,0.517176151275635,1,1,1,1,0.417819976806641
27,2,5,96,-3,3,0,0.502787828445435,-1,-1,1,1,0.267176151275635
27,2,5,97,9,9,1,0.618656873703003,-1,-1,-1,-1,0.252787828445435
27,2,5,98,-27,27,0,0.500499725341797,1,1,-1,-1,0.368656873703003
27,2,5,99,-9,9,0,0.584299325942993,-1,-1,1,1,0.250499725341797
27,2,6,2,9,9,1,0.452593088150024,1,1,1,1,0.317842483520508
27,2,6,3,9,9,1,0.534349679946899,1,1,1,1,0.202593088150024
27,2,6,4,-27,27,0,0.518226861953735,1,1,1,1,0.284349679946899
27,2,6,5,27,27,1,0.484770536422729,-1,-1,1,1,0.268226861953735
27,2,6,6,9,9,1,0.552300453186035,1,1,-1,-1,0.234770536422729
27,2,6,7,27,27,1,0.552234172821045,1,1,1,1,0.302300453186035
27,2,6,8,81,81,1,0.600505352020264,1,1,1,1,0.302234172821045
27,2,6,9,-9,9,0,0.585729598999023,1,1,1,1,0.350505352020264
27,2,6,10,-9,9,0,0.650494813919067,-1,-1,1,1,0.335729598999023
27,2,6,11,-0,0,1,0.502112627029419,-1,-1,-1,-1,0.400494813919067
27,2,6,12,9,9,1,0.567709445953369,-1,1,-1,-1,0.252112627029419
27,2,6,13,-0,0,1,0.53513503074646,1,1,1,-1,0.317709445953369
27,2,6,14,27,27,1,0.502715110778809,-1,1,1,1,0.28513503074646
27,2,6,15,81,81,1,0.519390106201172,1,1,1,-1,0.252715110778809
27,2,6,16,-3,3,0,0.568552017211914,1,1,1,1,0.269390106201172
27,2,6,17,9,9,1,0.619243860244751,-1,-1,1,1,0.318552017211914
27,2,6,18,-81,81,0,0.51763391494751,1,1,-1,-1,0.369243860244751
27,2,6,19,-3,3,1,0.533806562423706,-1,-1,1,1,0.26763391494751
27,2,6,20,9,9,1,0.585486888885498,-1,1,-1,-1,0.283806562423706
27,2,6,21,-3,3,1,0.702005624771118,1,1,1,-1,0.335486888885498
27,2,6,22,-3,3,1,0.618119716644287,-1,1,1,1,0.452005624771118
27,2,6,23,-27,27,0,0.568766117095947,-1,1,1,-1,0.368119716644287
27,2,6,24,81,81,1,0.568913221359253,-1,-1,1,-1,0.318766117095947
27,2,6,25,-3,3,0,0.602449893951416,1,1,-1,-1,0.318913221359253
27,2,6,26,81,81,1,0.519339561462402,-1,-1,1,1,0.352449893951416
27,2,6,27,-9,9,0,0.584296226501465,1,1,-1,-1,0.269339561462402
27,2,6,28,-3,3,0,0.56784725189209,-1,-1,1,1,0.334296226501465
27,2,6,29,81,81,1,0.533860921859741,-1,-1,-1,-1,0.31784725189209
27,2,6,30,27,27,1,0.585768938064575,1,1,-1,-1,0.283860921859741
27,2,6,31,-3,3,0,0.58493709564209,1,1,1,1,0.335768938064575
27,2,6,32,-27,27,0,0.550503492355347,-1,-1,1,1,0.33493709564209
27,2,6,33,3,3,0,0.685279607772827,-1,-1,-1,-1,0.300503492355347
27,2,6,34,-0,0,0,0.485761880874634,1,-1,-1,-1,0.435279607772827
27,2,6,35,81,81,1,0.586081266403198,-1,-1,-1,1,0.235761880874634
27,2,6,36,-3,3,0,0.583930730819702,1,1,-1,-1,0.336081266403198
27,2,6,37,81,81,1,0.535959482192993,-1,-1,1,1,0.333930730819702
27,2,6,38,-27,27,0,0.618627071380615,1,1,-1,-1,0.285959482192993
27,2,6,39,-81,81,0,0.484261035919189,-1,-1,1,1,0.368627071380615
27,2,6,40,27,27,1,0.568824052810669,-1,-1,-1,-1,0.234261035919189
27,2,6,41,-27,27,0,0.602171421051025,1,1,-1,-1,0.318824052810669
27,2,6,42,-3,3,1,0.568664073944092,-1,-1,1,1,0.352171421051025
27,2,6,43,27,27,1,0.602291584014893,-1,1,-1,-1,0.318664073944092
27,2,6,44,-27,27,0,0.502066135406494,1,1,1,-1,0.352291584014893
27,2,6,45,27,27,1,0.535402059555054,-1,-1,1,1,0.252066135406494
27,2,6,46,0,0,0,0.600955247879028,1,1,-1,-1,0.285402059555054
27,2,6,47,81,81,1,0.45261287689209,1,-1,1,1,0.350955247879028
27,2,6,48,3,3,1,0.668893337249756,1,1,-1,1,0.20261287689209
27,2,6,49,-81,81,0,0.500946044921875,1,1,1,1,0.418893337249756
27,2,6,50,0,0,1,0.584299087524414,-1,-1,1,1,0.250946044921875
27,2,6,51,9,9,1,0.585986852645874,1,1,-1,-1,0.334299087524414
27,2,6,52,-3,3,1,0.551042556762695,1,1,1,1,0.335986852645874
27,2,6,53,-3,3,0,0.518984079360962,-1,1,1,1,0.301042556762695
27,2,6,54,9,9,1,0.635555744171143,-1,-1,1,-1,0.268984079360962
27,2,6,55,9,9,1,0.550538539886475,1,1,-1,-1,0.385555744171143
27,2,6,56,27,27,1,0.567640542984009,1,1,1,1,0.300538539886475
27,2,6,57,-27,27,0,0.50242018699646,1,1,1,1,0.317640542984009
27,2,6,58,3,3,1,0.484382390975952,-1,-1,1,1,0.25242018699646
27,2,6,59,0,0,0,0.518986701965332,1,1,-1,-1,0.234382390975952
27,2,6,60,27,27,1,0.50053596496582,1,-1,1,1,0.268986701965332
27,2,6,61,-3,3,1,0.585623741149902,1,1,-1,1,0.25053596496582
27,2,6,62,-9,9,0,0.486048460006714,-1,1,1,1,0.335623741149902
27,2,6,63,-3,3,0,0.535856962203979,-1,-1,1,-1,0.236048460006714
27,2,6,64,-81,81,0,0.502476215362549,-1,-1,-1,-1,0.285856962203979
27,2,6,65,3,3,0,0.550537586212158,-1,-1,-1,-1,0.252476215362549
27,2,6,66,-3,3,0,0.451696157455444,1,-1,-1,-1,0.300537586212158
27,2,6,67,-9,9,0,0.502892255783081,-1,-1,-1,1,0.201696157455444
27,2,6,68,-81,81,0,0.517598152160645,-1,-1,-1,-1,0.252892255783081
27,2,6,69,-9,9,0,0.533874273300171,-1,-1,-1,-1,0.267598152160645
27,2,6,70,-3,3,0,0.517149209976196,-1,-1,-1,-1,0.283874273300171
27,2,6,71,-0,0,1,0.500983238220215,-1,-1,-1,-1,0.267149209976196
27,2,6,72,81,81,1,0.550971031188965,-1,1,-1,-1,0.250983238220215
27,2,6,73,27,27,1,0.55051064491272,1,1,1,-1,0.300971031188965
27,2,6,74,-9,9,0,0.51780366897583,1,1,1,1,0.30051064491272
27,2,6,75,81,81,1,0.534440040588379,-1,-1,1,1,0.26780366897583
27,2,6,76,-27,27,0,0.484334468841553,1,1,-1,-1,0.284440040588379
27,2,6,77,-9,9,1,0.601042985916138,-1,-1,1,1,0.234334468841553
27,2,6,78,-81,81,0,0.602617979049683,-1,1,-1,-1,0.351042985916138
27,2,6,79,-27,27,0,0.535413503646851,-1,-1,1,-1,0.352617979049683
27,2,6,80,81,81,1,0.534536123275757,-1,-1,-1,-1,0.285413503646851
27,2,6,81,3,3,1,0.551852703094482,1,1,-1,-1,0.284536123275757
27,2,6,82,-9,9,0,0.500497102737427,1,1,1,1,0.301852703094482
27,2,6,83,81,81,1,0.467669725418091,-1,-1,1,1,0.250497102737427
27,2,6,84,3,3,0,0.568579912185669,1,1,-1,-1,0.217669725418091
27,2,6,85,-3,3,1,0.55288028717041,1,-1,1,1,0.318579912185669
27,2,6,86,81,81,1,0.500553607940674,-1,1,-1,1,0.30288028717041
27,2,6,87,0,0,1,0.518430471420288,1,1,1,-1,0.250553607940674
27,2,6,88,-27,27,0,0.569111108779907,1,1,1,1,0.268430471420288
27,2,6,89,-0,0,0,0.535884380340576,-1,-1,1,1,0.319111108779907
27,2,6,90,9,9,1,0.650973796844482,-1,-1,-1,-1,0.285884380340576
27,2,6,91,0,0,1,0.468990087509155,1,1,-1,-1,0.400973796844482
27,2,6,92,-81,81,0,0.635846376419067,1,1,1,1,0.218990087509155
27,2,6,93,-81,81,0,0.535261154174805,-1,-1,1,1,0.385846376419067
27,2,6,94,27,27,1,0.652019023895264,-1,-1,-1,-1,0.285261154174805
27,2,6,95,-27,27,0,0.500565767288208,1,1,-1,-1,0.402019023895264
27,2,6,96,-9,9,0,0.602898597717285,-1,-1,1,1,0.250565767288208
27,2,6,97,-0,0,0,0.535768032073975,-1,-1,-1,-1,0.352898597717285
27,2,6,98,-81,81,0,0.518765449523926,-1,-1,-1,-1,0.285768032073975
27,2,6,99,9,9,1,0.533852577209473,-1,-1,-1,-1,0.268765449523926
27,3,1,2,27,27,1,0.500493764877319,-1,-1,-1,-1,0.335753679275513
27,3,1,3,-9,9,1,0.685561418533325,1,1,-1,-1,0.250493764877319
27,3,1,4,27,27,1,0.567665100097656,-1,1,1,1,0.435561418533325
27,3,1,5,-9,9,0,0.552362680435181,1,1,1,-1,0.317665100097656
27,3,1,6,-81,81,0,0.519187211990356,-1,-1,1,1,0.302362680435181
27,3,1,7,81,81,1,0.517830610275269,-1,-1,-1,-1,0.269187211990356
27,3,1,8,0,0,0,0.551044464111328,1,1,-1,-1,0.267830610275269
27,3,1,9,-81,81,0,0.500996828079224,1,-1,1,1,0.301044464111328
27,3,1,10,3,3,0,0.535380840301514,-1,-1,-1,1,0.250996828079224
27,3,1,11,81,81,1,0.502115249633789,1,-1,-1,-1,0.285380840301514
27,3,1,12,81,81,1,0.502440214157104,1,1,-1,1,0.252115249633789
27,3,1,13,-81,81,0,0.502165555953979,1,1,1,1,0.252440214157104
27,3,1,14,-9,9,0,0.533906698226929,-1,-1,1,1,0.252165555953979
27,3,1,15,-27,27,0,0.501151084899902,-1,-1,-1,-1,0.283906698226929
27,3,1,16,-27,27,0,0.467673778533936,-1,-1,-1,-1,0.251151084899902
27,3,1,17,9,9,0,0.469292640686035,-1,-1,-1,-1,0.217673778533936
27,3,1,18,3,3,1,0.535378932952881,1,-1,-1,-1,0.219292640686035
27,3,1,19,81,81,1,0.501885890960693,1,1,-1,1,0.285378932952881
27,3,1,20,0,0,1,0.585479736328125,1,1,1,1,0.251885890960693
27,3,1,21,-9,9,0,0.501267671585083,1,1,1,1,0.335479736328125
27,3,1,22,-3,3,0,0.518785953521729,-1,-1,1,1,0.251267671585083
27,3,1,23,81,81,1,0.650948524475098,-1,-1,-1,-1,0.268785953521729
27,3,1,24,-27,27,0,0.450500011444092,1,1,-1,-1,0.400948524475098
27,3,1,25,9,9,0,0.453641891479492,-1,-1,1,1,0.200500011444092
27,3,1,26,-27,27,0,0.500952005386353,1,-1,-1,-1,0.203641891479492
27,3,1,27,-0,0,0,0.567779302597046,-1,-1,-1,1,0.250952005386353
27,3,1,28,3,3,0,0.51761794090271,-1,-1,-1,-1,0.317779302597046
27,3,1,29,-81,81,0,0.43382716178894,1,-1,-1,-1,0.26761794090271
27,3,1,30,-27,27,0,0.485384225845337,-1,-1,-1,1,0.18382716178894
27,3,1,31,-27,27,0,0.383816003799438,-1,-1,-1,-1,0.235384225845337
27,3,1,32,9,9,0,0.502481698989868,-1,-1,-1,-1,0.133816003799438
27,3,1,33,3,3,0,0.551966667175293,1,-1,-1,-1,0.252481698989868
27,3,1,34,-9,9,0,0.535646915435791,1,-1,-1,1,0.301966667175293
27,3,1,35,-3,3,0,0.517719507217407,-1,-1,-1,1,0.285646915435791
27,3,1,36,27,27,1,0.517168521881104,-1,-1,-1,-1,0.267719507217407
27,3,1,37,3,3,1,0.517636060714722,1,1,-1,-1,0.267168521881104
27,3,1,38,81,81,1,0.552548885345459,1,1,1,1,0.267636060714722
27,3,1,39,27,27,1,0.501922369003296,1,1,1,1,0.302548885345459
27,3,1,40,-27,27,0,0.55097484588623,1,1,1,1,0.251922369003296
27,3,1,41,-9,9,0,0.618925333023071,-1,-1,1,1,0.30097484588623
27,3,1,42,-81,81,0,0.483813047409058,-1,-1,-1,-1,0.368925333023071
27,3,1,43,3,3,1,0.535740375518799,-1,-1,-1,-1,0.233813047409058
27,3,1,44,-81,81,0,0.484607934951782,1,1,-1,-1,0.285740375518799
27,3,1,45,3,3,0,0.417182207107544,-1,-1,1,1,0.234607934951782
27,3,1,46,3,3,0,0.635178089141846,1,-1,-1,-1,0.167182207107544
27,3,1,47,0,0,1,0.450518131256104,1,-1,-1,1,0.385178089141846
27,3,1,48,-81,81,0,0.450512886047363,1,1,-1,1,0.200518131256104
27,3,1,49,-81,81,0,0.452444076538086,-1,-1,1,1,0.200512886047363
27,3,1,50,-3,3,0,0.500522136688232,-1,-1,-1,-1,0.202444076538086
27,3,1,51,81,81,1,0.483854532241821,-1,-1,-1,-1,0.250522136688232
27,3,1,52,-3,3,0,0.667184829711914,1,1,-1,-1,0.233854532241821
27,3,1,53,-27,27,0,0.467144966125488,-1,-1,1,1,0.417184829711914
27,3,1,54,3,3,0,0.40252423286438,-1,-1,-1,-1,0.217144966125488
27,3,1,55,-0,0,1,0.417198419570923,1,-1,-1,-1,0.15252423286438
27,3,1,56,3,3,1,0.852068901062012,-1,1,-1,1,0.167198419570923
27,3,1,57,27,27,1,0.552087306976318,1,1,1,-1,0.602068901062012
27,3,1,58,3,3,1,0.535835027694702,1,1,1,1,0.302087306976318
27,3,1,59,27,27,1,0.517199993133545,1,1,1,1,0.285835027694702
27,3,1,60,-3,3,0,0.500520706176758,1,1,1,1,0.267199993133545
27,3,1,61,-3,3,0,0.48380708694458,-1,-1,1,1,0.250520706176758
27,3,1,62,-3,3,1,0.617884874343872,-1,-1,-1,-1,0.23380708694458
27,3,1,63,0,0,0,0.53591251373291,-1,1,-1,-1,0.367884874343872
27,3,1,64,0,0,0,0.485920190811157,1,-1,1,-1,0.28591251373291
27,3,1,65,0,0,1,0.585638284683228,1,-1,-1,1,0.235920190811157
27,3,1,66,81,81,1,0.501874685287476,1,1,-1,1,0.335638284683228
27,3,1,67,-81,81,0,0.50255823135376,1,1,1,1,0.251874685287476
27,3,1,68,9,9,1,0.51891016960144,-1,-1,1,1,0.25255823135376
27,3,1,69,81,81,1,0.500967502593994,1,1,-1,-1,0.26891016960144
27,3,1,70,-27,27,0,0.519627332687378,1,1,1,1,0.250967502593994
27,3,1,71,0,0,0,0.583878040313721,-1,-1,1,1,0.269627332687378
27,3,1,72,-3,3,0,0.484823226928711,1,-1,-1,-1,0.333878040313721
27,3,1,73,9,9,1,0.534588813781738,-1,-1,-1,1,0.234823226928711
27,3,1,74,-27,27,0,0.485824584960938,1,1,-1,-1,0.284588813781738
27,3,1,75,-27,27,0,0.50053596496582,-1,-1,1,1,0.235824584960938
27,3,1,76,-3,3,0,0.552137136459351,-1,-1,-1,-1,0.25053596496582
27,3,1,77,-9,9,0,0.519212007522583,-1,-1,-1,-1,0.302137136459351
27,3,1,78,9,9,1,0.502012252807617,-1,-1,-1,-1,0.269212007522583
27,3,1,79,-81,81,0,0.551844835281372,1,1,-1,-1,0.252012252807617
27,3,1,80,81,81,1,0.518611907958984,-1,-1,1,1,0.301844835281372
27,3,1,81,9,9,0,0.433901309967041,1,1,-1,-1,0.268611907958984
27,3,1,82,-27,27,0,0.518545389175415,1,-1,1,1,0.183901309967041
27,3,1,83,9,9,1,0.517695426940918,-1,-1,-1,1,0.268545389175415
27,3,1,84,27,27,1,0.467167377471924,1,1,-1,-1,0.267695426940918
27,3,1,85,-0,0,0,0.485387802124023,1,1,1,1,0.217167377471924
27,3,1,86,3,3,0,0.483889818191528,-1,-1,1,1,0.235387802124023
27,3,1,87,27,27,1,0.484358549118042,1,-1,-1,-1,0.233889818191528
27,3,1,88,-3,3,1,0.702561855316162,1,1,-1,1,0.234358549118042
27,3,1,89,-27,27,0,0.501366376876831,-1,1,1,1,0.452561855316162
27,3,1,90,81,81,1,0.485734939575195,-1,-1,1,-1,0.251366376876831
27,3,1,91,-81,81,0,0.502334833145142,1,1,-1,-1,0.235734939575195
27,3,1,92,-27,27,0,0.500970125198364,-1,-1,1,1,0.252334833145142
27,3,1,93,9,9,1,0.486194133758545,-1,-1,-1,-1,0.250970125198364
27,3,1,94,9,9,0,0.534291744232178,1,1,-1,-1,0.236194133758545
27,3,1,95,-9,9,0,0.517843961715698,1,-1,1,1,0.284291744232178
27,3,1,96,-9,9,0,0.552757263183594,-1,-1,-1,1,0.267843961715698
27,3,1,97,-9,9,0,0.53429102897644,-1,-1,-1,-1,0.302757263183594
27,3,1,98,0,0,0,0.484330415725708,-1,-1,-1,-1,0.28429102897644
27,3,1,99,-9,9,0,0.51862621307373,1,-1,-1,-1,0.234330415725708
27,3,2,2,3,3,1,0.55226993560791,1,1,1,1,0.317884206771851
27,3,2,3,-27,27,0,0.501097679138184,1,1,1,1,0.30226993560791
27,3,2,4,-9,9,0,0.518621921539307,-1,-1,1,1,0.251097679138184
27,3,2,5,-27,27,1,0.334298372268677,-1,-1,-1,-1,0.268621921539307
27,3,2,6,-81,81,0,0.517691135406494,-1,1,-1,-1,0.0842983722686768
27,3,2,7,-3,3,1,0.500936031341553,-1,-1,1,-1,0.267691135406494
27,3,2,8,81,81,1,0.73553729057312,-1,1,-1,-1,0.250936031341553
27,3,2,9,3,3,1,0.584415912628174,1,1,1,-1,0.48553729057312
27,3,2,10,0,0,1,0.501796722412109,1,1,1,1,0.334415912628174
27,3,2,11,9,9,1,0.60107684135437,1,1,1,1,0.251796722412109
27,3,2,12,81,81,1,0.451923608779907,1,1,1,1,0.35107684135437
27,3,2,13,81,81,1,0.435824871063232,1,1,1,1,0.201923608779907
27,3,2,14,3,3,0,0.667645931243896,1,1,1,1,0.185824871063232
27,3,2,15,9,9,1,0.536102533340454,1,-1,1,1,0.417645931243896
27,3,2,16,3,3,1,0.902686834335327,1,1,-1,1,0.286102533340454
27,3,2,17,27,27,1,0.502235889434814,1,1,1,1,0.652686834335327
27,3,2,18,3,3,1,0.585410833358765,1,1,1,1,0.252235889434814
27,3,2,19,-9,9,1,0.584272861480713,1,1,1,1,0.335410833358765
27,3,2,20,-3,3,1,0.450476408004761,-1,1,1,1,0.334272861480713
27,3,2,21,-0,0,1,0.36919093132019,-1,1,1,-1,0.200476408004761
27,3,2,22,-3,3,1,0.685489177703857,-1,1,1,-1,0.11919093132019
27,3,2,23,-3,3,0,0.451944828033447,-1,1,1,-1,0.435489177703857
27,3,2,24,9,9,0,0.534258842468262,-1,-1,1,-1,0.201944828033447
27,3,2,25,9,9,1,0.552664756774902,1,-1,-1,-1,0.284258842468262
27,3,2,26,27,27,1,0.55257248878479,1,1,-1,1,0.302664756774902
27,3,2,27,27,27,1,0.502370834350586,1,1,1,1,0.30257248878479
27,3,2,28,81,81,1,0.450998306274414,1,1,1,1,0.252370834350586
27,3,2,29,81,81,1,0.502295017242432,1,1,1,1,0.200998306274414
27,3,2,30,3,3,1,0.634849786758423,1,1,1,1,0.252295017242432
27,3,2,31,-81,81,0,0.519013166427612,1,1,1,1,0.384849786758423
27,3,2,32,-3,3,0,0.518608331680298,-1,-1,1,1,0.269013166427612
27,3,2,33,-0,0,0,0.50248908996582,-1,-1,-1,-1,0.268608331680298
27,3,2,34,81,81,1,0.502686262130737,-1,-1,-1,-1,0.25248908996582
27,3,2,35,27,27,1,0.317164659500122,1,1,-1,-1,0.252686262130737
27,3,2,39,81,81,1,0.586071491241455,1,1,1,1,0.251390218734741
27,3,2,40,-9,9,0,0.600513458251953,1,1,1,1,0.336071491241455
27,3,2,41,-3,3,0,0.500496625900269,-1,-1,1,1,0.350513458251953
27,3,2,42,-9,9,0,0.552576065063477,-1,-1,-1,-1,0.250496625900269
27,3,2,43,9,9,1,0.517197847366333,-1,-1,-1,-1,0.302576065063477
27,3,2,44,27,27,1,0.517809867858887,1,1,-1,-1,0.267197847366333
27,3,2,45,3,3,1,0.534283638000488,1,1,1,1,0.267809867858887
27,3,2,46,3,3,1,0.483896493911743,1,1,1,1,0.284283638000488
27,3,2,47,81,81,1,0.517927646636963,1,1,1,1,0.233896493911743
27,3,2,48,0,0,0,0.568071365356445,1,1,1,1,0.267927646636963
27,3,2,49,3,3,0,0.550992488861084,1,-1,1,1,0.318071365356445
27,3,2,50,27,27,1,0.53610372543335,1,-1,-1,1,0.300992488861084
27,3,2,51,81,81,1,0.485750198364258,1,1,-1,1,0.28610372543335
27,3,2,52,27,27,1,0.483832120895386,1,1,1,1,0.235750198364258
27,3,2,53,3,3,0,0.484687328338623,1,1,1,1,0.233832120895386
27,3,2,54,27,27,1,0.418972969055176,1,-1,1,1,0.234687328338623
27,3,2,55,9,9,0,0.501659870147705,1,1,-1,1,0.168972969055176
27,3,2,56,81,81,1,0.518731594085693,1,-1,1,1,0.251659870147705
27,3,2,57,81,81,1,0.584293842315674,1,1,-1,1,0.268731594085693
27,3,2,58,27,27,1,0.550496101379395,1,1,1,1,0.334293842315674
27,3,2,59,9,9,0,0.536067247390747,1,1,1,1,0.300496101379395
27,3,2,60,9,9,1,0.53440260887146,1,-1,1,1,0.286067247390747
27,3,2,61,81,81,1,0.485487937927246,1,1,-1,1,0.28440260887146
27,3,2,62,-27,27,0,0.51870584487915,1,1,1,1,0.235487937927246
27,3,2,63,-0,0,0,0.585067272186279,-1,-1,1,1,0.26870584487915
27,3,2,64,9,9,0,0.517701625823975,-1,-1,-1,-1,0.335067272186279
27,3,2,65,-9,9,0,0.518577098846436,1,-1,-1,-1,0.267701625823975
27,3,2,66,27,27,1,0.502327919006348,-1,-1,-1,1,0.268577098846436
27,3,2,67,0,0,0,0.651087284088135,1,1,-1,-1,0.252327919006348
27,3,2,68,81,81,1,0.518435478210449,1,-1,1,1,0.401087284088135
27,3,2,69,3,3,1,0.51866888999939,1,1,-1,1,0.268435478210449
27,3,2,70,0,0,1,0.535089731216431,1,1,1,1,0.26866888999939
27,3,2,71,9,9,1,0.550973653793335,1,1,1,1,0.285089731216431
27,3,2,72,-27,27,0,0.48561692237854,1,1,1,1,0.300973653793335
27,3,2,73,9,9,0,0.517642259597778,-1,-1,1,1,0.23561692237854
27,3,2,74,27,27,1,0.518738985061646,1,-1,-1,-1,0.267642259597778
27,3,2,75,-81,81,0,0.452091217041016,1,1,-1,1,0.268738985061646
27,3,2,76,-81,81,0,0.501927375793457,-1,-1,1,1,0.202091217041016
27,3,2,77,-27,27,0,0.518824338912964,-1,-1,-1,-1,0.251927375793457
27,3,2,78,3,3,1,0.618519306182861,-1,-1,-1,-1,0.268824338912964
27,3,2,79,27,27,1,0.484405755996704,1,1,-1,-1,0.368519306182861
27,3,2,80,81,81,1,0.352566242218018,1,1,1,1,0.234405755996704
27,3,2,81,-3,3,0,0.667137861251831,1,1,1,1,0.102566242218018
27,3,2,82,9,9,1,0.617162704467773,-1,-1,1,1,0.417137861251831
27,3,2,83,-9,9,0,0.583872318267822,1,1,-1,-1,0.367162704467773
27,3,2,84,-9,9,0,0.568111419677734,-1,-1,1,1,0.333872318267822
27,3,2,85,-81,81,0,0.517650365829468,-1,-1,-1,-1,0.318111419677734
27,3,2,86,-81,81,0,0.518250942230225,-1,-1,-1,-1,0.267650365829468
27,3,2,87,-9,9,0,0.667613983154297,-1,-1,-1,-1,0.268250942230225
27,3,2,88,-0,0,0,0.535876750946045,-1,-1,-1,-1,0.417613983154297
27,3,2,89,-0,0,0,0.533893346786499,-1,-1,-1,-1,0.285876750946045
27,3,2,90,-27,27,0,0.519023895263672,-1,-1,-1,-1,0.283893346786499
27,3,2,91,-9,9,0,0.701931715011597,-1,-1,-1,-1,0.269023895263672
27,3,2,92,9,9,1,0.652004718780518,-1,-1,-1,-1,0.451931715011597
27,3,2,93,0,0,1,0.552556037902832,1,1,-1,-1,0.402004718780518
27,3,2,94,27,27,1,0.534279584884644,1,1,1,1,0.302556037902832
27,3,2,95,27,27,1,0.550966262817383,1,1,1,1,0.284279584884644
27,3,2,96,27,27,1,0.567778348922729,1,1,1,1,0.300966262817383
27,3,2,97,0,0,0,0.684406757354736,1,1,1,1,0.317778348922729
27,3,2,98,3,3,1,0.51854133605957,1,-1,1,1,0.434406757354736
27,3,2,99,3,3,1,0.602506399154663,1,1,-1,1,0.26854133605957
27,3,3,2,-27,27,0,0.50127911567688,1,-1,1,1,0.385760307312012
27,3,3,3,3,3,1,0.53386116027832,-1,-1,-1,1,0.25127911567688
27,3,3,4,-0,0,0,0.618994474411011,1,1,-1,-1,0.28386116027832
27,3,3,5,3,3,1,0.618791818618774,-1,-1,1,1,0.368994474411011
27,3,3,6,-81,81,0,0.551115989685059,1,1,-1,-1,0.368791818618774
27,3,3,7,3,3,1,0.569029092788696,-1,-1,1,1,0.301115989685059
27,3,3,8,-81,81,0,0.584501028060913,1,1,-1,-1,0.319029092788696
27,3,3,9,27,27,1,0.602214813232422,-1,-1,1,1,0.334501028060913
27,3,3,10,81,81,1,0.617677688598633,1,1,-1,-1,0.352214813232422
27,3,3,11,-81,81,0,0.752719163894653,1,1,1,1,0.367677688598633
27,3,3,12,27,27,1,0.585843324661255,-1,-1,1,1,0.502719163894653
27,3,3,13,-0,0,1,0.686054706573486,1,1,-1,-1,0.335843324661255
27,3,3,14,0,0,0,0.635463237762451,-1,1,1,1,0.436054706573486
27,3,3,15,-3,3,0,0.668968915939331,1,-1,1,-1,0.385463237762451
27,3,3,16,27,27,1,0.467607021331787,-1,-1,-1,1,0.418968915939331
27,3,3,17,-27,27,0,0.634317398071289,1,1,-1,-1,0.217607021331787
27,3,3,18,3,3,1,0.584558248519897,-1,-1,1,1,0.384317398071289
27,3,3,19,81,81,1,0.568772077560425,1,1,-1,-1,0.334558248519897
27,3,3,20,-81,81,0,0.552192211151123,1,1,1,1,0.318772077560425
27,3,3,21,81,81,1,0.517200946807861,-1,-1,1,1,0.302192211151123
27,3,3,22,9,9,1,0.584811925888062,1,1,-1,-1,0.267200946807861
27,3,3,23,-3,3,0,0.584280490875244,1,1,1,1,0.334811925888062
27,3,3,24,0,0,1,0.602245092391968,-1,-1,1,1,0.334280490875244
27,3,3,25,-3,3,1,0.53429126739502,1,1,-1,-1,0.352245092391968
27,3,3,26,81,81,1,0.618304967880249,-1,1,1,1,0.28429126739502
27,3,3,27,-3,3,0,0.635483741760254,1,1,1,-1,0.368304967880249
27,3,3,28,-0,0,0,0.550474882125854,-1,-1,1,1,0.385483741760254
27,3,3,29,27,27,1,0.518706321716309,-1,-1,-1,-1,0.300474882125854
27,3,3,30,-81,81,0,0.485826015472412,1,1,-1,-1,0.268706321716309
27,3,3,31,3,3,0,0.535313606262207,-1,-1,1,1,0.235826015472412
27,3,3,32,-27,27,0,0.567619323730469,1,-1,-1,-1,0.285313606262207
27,3,3,33,27,27,1,0.500553369522095,-1,-1,-1,1,0.317619323730469
27,3,3,34,-9,9,0,0.552227735519409,1,1,-1,-1,0.250553369522095
27,3,3,35,81,81,1,0.534415245056152,-1,-1,1,1,0.302227735519409
27,3,3,36,-9,9,0,0.585540056228638,1,1,-1,-1,0.284415245056152
27,3,3,37,27,27,1,0.717822313308716,-1,-1,1,1,0.335540056228638
27,3,3,38,81,81,1,0.500943660736084,1,1,-1,-1,0.467822313308716
27,3,3,39,3,3,0,0.585214853286743,1,1,1,1,0.250943660736084
27,3,3,40,9,9,1,0.600969552993774,1,-1,1,1,0.335214853286743
27,3,3,41,-81,81,0,0.535905838012695,1,1,-1,1,0.350969552993774
27,3,3,42,81,81,1,0.533837080001831,-1,-1,1,1,0.285905838012695
27,3,3,43,-27,27,0,0.485265016555786,1,1,-1,-1,0.283837080001831
27,3,3,44,9,9,1,0.552772521972656,-1,-1,1,1,0.235265016555786
27,3,3,45,-27,27,0,0.585395336151123,1,1,-1,-1,0.302772521972656
27,3,3,46,27,27,1,0.53382682800293,-1,-1,1,1,0.335395336151123
27,3,3,47,-9,9,0,0.56766676902771,1,1,-1,-1,0.28382682800293
27,3,3,48,27,27,1,0.550555944442749,-1,-1,1,1,0.31766676902771
27,3,3,49,-3,3,0,0.636098146438599,1,1,-1,-1,0.300555944442749
27,3,3,50,9,9,0,0.584362030029297,-1,-1,1,1,0.386098146438599
27,3,3,51,-3,3,0,0.534349203109741,1,-1,-1,-1,0.334362030029297
27,3,3,52,-3,3,0,0.469444274902344,-1,-1,-1,1,0.284349203109741
27,3,3,53,-0,0,0,0.584607839584351,-1,-1,-1,-1,0.219444274902344
27,3,3,54,-81,81,0,0.551162242889404,-1,-1,-1,-1,0.334607839584351
27,3,3,55,81,81,1,0.569462060928345,-1,-1,-1,-1,0.301162242889404
27,3,3,56,-3,3,0,0.585180044174194,1,1,-1,-1,0.319462060928345
27,3,3,57,-9,9,0,0.502032041549683,-1,-1,1,1,0.335180044174194
27,3,3,58,-27,27,0,0.485955238342285,-1,-1,-1,-1,0.252032041549683
27,3,3,59,9,9,1,0.700484991073608,-1,-1,-1,-1,0.235955238342285
27,3,3,60,81,81,1,0.518772602081299,1,1,-1,-1,0.450484991073608
27,3,3,61,-0,0,0,0.601094961166382,1,1,1,1,0.268772602081299
27,3,3,62,9,9,0,0.70164942741394,-1,-1,1,1,0.351094961166382
27,3,3,63,-0,0,1,0.551090002059937,1,-1,-1,-1,0.45164942741394
27,3,3,64,9,9,0,0.485573768615723,-1,1,-1,1,0.301090002059937
27,3,3,65,-27,27,0,0.617830991744995,1,-1,1,-1,0.235573768615723
27,3,3,66,3,3,1,0.568896770477295,-1,-1,-1,1,0.367830991744995
27,3,3,67,9,9,0,0.601985692977905,1,1,-1,-1,0.318896770477295
27,3,3,68,-9,9,0,0.567966938018799,1,-1,1,1,0.351985692977905
27,3,3,69,3,3,1,0.517165660858154,-1,-1,-1,1,0.317966938018799
27,3,3,70,-81,81,0,0.569267272949219,1,1,-1,-1,0.267165660858154
27,3,3,71,27,27,1,0.701873779296875,-1,-1,1,1,0.319267272949219
27,3,3,72,-9,9,0,0.734302759170532,1,1,-1,-1,0.451873779296875
27,3,3,73,-9,9,0,0.767170906066895,-1,-1,1,1,0.484302759170532
27,3,3,74,3,3,1,0.569042444229126,-1,-1,-1,-1,0.517170906066895
27,3,3,75,-27,27,0,0.635838508605957,1,1,-1,-1,0.319042444229126
27,3,3,76,-9,9,1,0.634293794631958,-1,-1,1,1,0.385838508605957
27,3,3,77,9,9,1,0.519239902496338,-1,1,-1,-1,0.384293794631958
27,3,3,78,-81,81,0,0.60104775428772,1,1,1,-1,0.269239902496338
27,3,3,79,27,27,1,0.519319772720337,-1,-1,1,1,0.35104775428772
27,3,3,80,-27,27,0,0.552460432052612,1,1,-1,-1,0.269319772720337
27,3,3,81,9,9,1,0.535906553268433,-1,-1,1,1,0.302460432052612
27,3,3,82,-27,27,0,0.535475492477417,1,1,-1,-1,0.285906553268433
27,3,3,83,81,81,1,0.534497022628784,-1,-1,1,1,0.285475492477417
27,3,3,84,-0,0,0,0.551810264587402,1,1,-1,-1,0.284497022628784
27,3,3,85,3,3,0,0.569510221481323,-1,-1,1,1,0.301810264587402
27,3,3,86,-9,9,1,0.501998424530029,1,-1,-1,-1,0.319510221481323
27,3,3,87,3,3,0,0.51940131187439,-1,1,-1,1,0.251998424530029
27,3,3,88,-9,9,0,0.567138195037842,1,-1,1,-1,0.26940131187439
27,3,3,89,9,9,1,0.769327163696289,-1,-1,-1,1,0.317138195037842
27,3,3,90,-3,3,1,0.652234554290771,1,1,-1,-1,0.519327163696289
27,3,3,91,27,27,1,0.651980638504028,-1,1,1,1,0.402234554290771
27,3,3,92,-81,81,0,0.518861293792725,1,1,1,-1,0.401980638504028
27,3,3,93,0,0,1,0.719235181808472,-1,-1,1,1,0.268861293792725
27,3,3,94,-27,27,0,0.519418478012085,1,1,-1,-1,0.469235181808472
27,3,3,95,3,3,0,0.519562005996704,-1,-1,1,1,0.269418478012085
27,3,3,96,-81,81,0,0.485503196716309,1,-1,-1,-1,0.269562005996704
27,3,3,97,81,81,1,0.500954866409302,-1,-1,-1,1,0.235503196716309
27,3,3,98,-3,3,0,0.534270763397217,1,1,-1,-1,0.250954866409302
27,3,3,99,9,9,1,0.569148302078247,-1,-1,1,1,0.284270763397217
27,3,4,2,9,9,1,0.567673921585083,1,1,1,-1,0.284529209136963
27,3,4,3,81,81,1,0.535543918609619,1,1,1,1,0.317673921585083
27,3,4,4,-3,3,0,0.585771799087524,1,1,1,1,0.285543918609619
27,3,4,5,9,9,1,0.51761269569397,-1,-1,1,1,0.335771799087524
27,3,4,6,-81,81,0,0.535965919494629,1,1,-1,-1,0.26761269569397
27,3,4,7,27,27,1,0.601593017578125,-1,-1,1,1,0.285965919494629
27,3,4,8,9,9,1,0.618402004241943,1,1,-1,-1,0.351593017578125
27,3,4,9,-27,27,0,0.517155885696411,1,1,1,1,0.368402004241943
27,3,4,10,-0,0,0,0.567174911499023,-1,-1,1,1,0.267155885696411
27,3,4,11,81,81,1,0.600962400436401,-1,-1,-1,-1,0.317174911499023
27,3,4,12,3,3,0,0.600499391555786,1,1,-1,-1,0.350962400436401
27,3,4,13,-81,81,0,0.502711296081543,1,-1,1,1,0.350499391555786
27,3,4,14,81,81,1,0.451228380203247,-1,-1,-1,1,0.252711296081543
27,3,4,15,-27,27,0,0.501855850219727,1,1,-1,-1,0.201228380203247
27,3,4,16,3,3,1,0.485207080841064,-1,-1,1,1,0.251855850219727
27,3,4,17,9,9,1,0.534339904785156,1,1,-1,-1,0.235207080841064
27,3,4,18,-27,27,0,0.536103010177612,1,1,1,1,0.284339904785156
27,3,4,19,-27,27,0,0.51715087890625,-1,-1,1,1,0.286103010177612
27,3,4,20,-27,27,0,0.484344720840454,-1,-1,-1,-1,0.26715087890625
27,3,4,21,3,3,1,0.51935076713562,-1,-1,-1,-1,0.234344720840454
27,3,4,22,-3,3,1,0.534314870834351,1,1,-1,-1,0.26935076713562
27,3,4,23,3,3,1,0.617169380187988,-1,1,1,1,0.284314870834351
27,3,4,24,-0,0,1,0.500941753387451,1,1,1,-1,0.367169380187988
27,3,4,25,27,27,1,0.602260112762451,-1,1,1,1,0.250941753387451
27,3,4,26,-27,27,0,0.568654298782349,1,1,1,-1,0.352260112762451
27,3,4,27,27,27,1,0.568986654281616,-1,-1,1,1,0.318654298782349
27,3,4,28,0,0,0,0.534287452697754,1,1,-1,-1,0.318986654281616
27,3,4,29,0,0,0,0.618795394897461,1,-1,1,1,0.284287452697754
27,3,4,30,9,9,1,0.467682361602783,1,-1,-1,1,0.368795394897461
27,3,4,31,-27,27,0,0.467163801193237,1,1,-1,1,0.217682361602783
27,3,4,32,-3,3,0,0.601417303085327,-1,-1,1,1,0.217163801193237
27,3,4,33,0,0,0,0.585843801498413,-1,-1,-1,-1,0.351417303085327
27,3,4,34,3,3,1,0.73572301864624,1,-1,-1,-1,0.335843801498413
27,3,4,35,81,81,1,0.533814191818237,1,1,-1,1,0.48572301864624
27,3,4,36,9,9,1,0.551522254943848,1,1,1,1,0.283814191818237
27,3,4,37,-3,3,1,0.601917266845703,1,1,1,1,0.301522254943848
27,3,4,38,-81,81,0,0.50212836265564,-1,1,1,1,0.351917266845703
27,3,4,39,-9,9,1,0.519081115722656,-1,-1,1,-1,0.25212836265564
27,3,4,40,81,81,1,0.402756929397583,-1,1,-1,-1,0.269081115722656
27,3,4,41,-9,9,0,0.551305770874023,1,1,1,-1,0.152756929397583
27,3,4,42,-3,3,0,0.736738443374634,-1,-1,1,1,0.301305770874023
27,3,4,43,27,27,1,0.535739660263062,-1,-1,-1,-1,0.486738443374634
27,3,4,44,-9,9,0,0.517205476760864,1,1,-1,-1,0.285739660263062
27,3,4,45,-0,0,1,0.5177321434021,-1,-1,1,1,0.267205476760864
27,3,4,46,81,81,1,0.517208337783813,-1,1,-1,-1,0.2677321434021
27,3,4,47,81,81,1,0.502581357955933,1,1,1,-1,0.267208337783813
27,3,4,48,-9,9,0,0.434381484985352,1,1,1,1,0.252581357955933
27,3,4,49,27,27,1,0.402817964553833,-1,-1,1,1,0.184381484985352
27,3,4,50,-3,3,1,0.534632444381714,1,1,-1,-1,0.152817964553833
27,3,4,51,9,9,0,0.784752130508423,-1,1,1,1,0.284632444381714
27,3,4,52,-27,27,0,0.50052809715271,1,-1,1,-1,0.534752130508423
27,3,4,53,3,3,1,0.518500804901123,-1,-1,-1,1,0.25052809715271
27,3,4,54,-81,81,0,0.518682956695557,1,1,-1,-1,0.268500804901123
27,3,4,55,-9,9,0,0.486070871353149,-1,-1,1,1,0.268682956695557
27,3,4,56,-3,3,0,0.485400915145874,-1,-1,-1,-1,0.236070871353149
27,3,4,57,3,3,0,1.23427104949951,-1,-1,-1,-1,0.235400915145874
27,3,4,58,81,81,1,0.450488328933716,1,-1,-1,-1,0.984271049499512
27,3,4,59,-3,3,0,0.685523509979248,1,1,-1,1,0.200488328933716
27,3,4,60,0,0,0,0.501031398773193,-1,-1,1,1,0.435523509979248
27,3,4,61,81,81,1,0.41886830329895,1,-1,-1,-1,0.251031398773193
27,3,4,62,-27,27,0,0.434966325759888,1,1,-1,1,0.16886830329895
27,3,4,63,81,81,1,0.433830499649048,-1,-1,1,1,0.184966325759888
27,3,4,64,-0,0,1,0.535442113876343,1,1,-1,-1,0.183830499649048
27,3,4,65,-3,3,0,0.519340038299561,-1,1,1,1,0.285442113876343
27,3,4,66,9,9,1,0.484339714050293,-1,-1,1,-1,0.269340038299561
27,3,4,67,81,81,1,0.369133949279785,1,1,-1,-1,0.234339714050293
27,3,4,68,27,27,1,0.535452127456665,1,1,1,1,0.119133949279785
27,3,4,69,-27,27,0,0.517202854156494,1,1,1,1,0.285452127456665
27,3,4,70,0,0,0,0.534369945526123,-1,-1,1,1,0.267202854156494
27,3,4,71,-27,27,0,0.535107851028442,1,-1,-1,-1,0.284369945526123
27,3,4,72,81,81,1,0.485864639282227,-1,-1,-1,1,0.285107851028442
27,3,4,73,-9,9,0,0.602577686309814,1,1,-1,-1,0.235864639282227
27,3,4,74,-27,27,0,0.568767309188843,-1,-1,1,1,0.352577686309814
27,3,4,75,-9,9,0,0.501139640808105,-1,-1,-1,-1,0.318767309188843
27,3,4,76,81,81,1,0.434585571289062,-1,-1,-1,-1,0.251139640808105
27,3,4,77,9,9,1,0.551839351654053,1,1,-1,-1,0.184585571289062
27,3,4,78,-9,9,0,0.5177001953125,1,1,1,1,0.301839351654053
27,3,4,79,9,9,1,0.486216068267822,-1,-1,1,1,0.2677001953125
27,3,4,80,-3,3,0,0.417620420455933,1,1,-1,-1,0.236216068267822
27,3,4,81,-3,3,0,0.567949056625366,-1,-1,1,1,0.167620420455933
27,3,4,82,0,0,1,0.48479962348938,-1,-1,-1,-1,0.317949056625366
27,3,4,83,27,27,1,0.417757272720337,1,1,-1,-1,0.23479962348938
27,3,4,84,81,81,1,0.386077642440796,1,1,1,1,0.167757272720337
27,3,4,85,81,81,1,0.418358325958252,1,1,1,1,0.136077642440796
27,3,4,86,27,27,1,0.535907506942749,1,1,1,1,0.168358325958252
27,3,4,87,3,3,1,0.417634725570679,1,1,1,1,0.285907506942749
27,3,4,88,-9,9,0,0.401150941848755,1,1,1,1,0.167634725570679
27,3,4,89,-27,27,0,0.451016187667847,-1,-1,1,1,0.151150941848755
27,3,4,90,0,0,0,0.501015663146973,-1,-1,-1,-1,0.201016187667847
27,3,4,91,81,81,1,0.401274681091309,1,-1,-1,-1,0.251015663146973
27,3,4,92,9,9,1,0.651153326034546,1,1,-1,1,0.151274681091309
27,3,4,93,-9,9,0,0.435795545578003,1,1,1,1,0.401153326034546
27,3,4,94,-3,3,0,0.418939352035522,-1,-1,1,1,0.185795545578003
27,3,4,95,-81,81,0,0.46855640411377,-1,-1,-1,-1,0.168939352035522
27,3,4,96,9,9,1,0.368644952774048,-1,-1,-1,-1,0.21855640411377
27,3,4,97,-81,81,0,0.350522518157959,1,1,-1,-1,0.118644952774048
27,3,4,98,-27,27,0,0.385302066802979,-1,-1,1,1,0.100522518157959
27,3,4,99,-3,3,1,0.618686437606812,-1,-1,-1,-1,0.135302066802979
27,3,5,2,-81,81,0,0.385953903198242,1,1,1,1,0.268046617507935
27,3,5,3,27,27,1,0.452073812484741,-1,-1,1,1,0.135953903198242
27,3,5,4,-27,27,0,0.435654878616333,1,1,-1,-1,0.202073812484741
27,3,5,5,-3,3,0,0.452479124069214,-1,-1,1,1,0.185654878616333
27,3,5,6,3,3,1,0.452395915985107,-1,-1,-1,-1,0.202479124069214
27,3,5,7,-9,9,1,0.60204029083252,1,1,-1,-1,0.202395915985107
27,3,5,8,-3,3,0,0.502376794815063,-1,1,1,1,0.35204029083252
27,3,5,9,9,9,1,0.502309799194336,-1,-1,1,-1,0.252376794815063
27,3,5,10,-9,9,0,0.500973701477051,1,1,-1,-1,0.252309799194336
27,3,5,11,0,0,1,0.517664670944214,-1,-1,1,1,0.250973701477051
27,3,5,12,81,81,1,0.436041355133057,1,1,-1,-1,0.267664670944214
27,3,5,13,-27,27,0,0.350544691085815,1,1,1,1,0.186041355133057
27,3,5,14,3,3,1,0.48431658744812,-1,-1,1,1,0.100544691085815
27,3,5,15,-9,9,0,0.467161655426025,1,1,-1,-1,0.23431658744812
27,3,5,16,3,3,1,0.534305572509766,-1,-1,1,1,0.217161655426025
27,3,5,17,-3,3,1,0.452249050140381,1,1,-1,-1,0.284305572509766
27,3,5,18,3,3,1,0.402175426483154,-1,1,1,1,0.202249050140381
27,3,5,19,-9,9,0,0.450994968414307,1,1,1,-1,0.152175426483154
27,3,5,20,-81,81,0,0.618725061416626,-1,-1,1,1,0.200994968414307
27,3,5,21,-27,27,0,0.417667150497437,-1,-1,-1,-1,0.368725061416626
27,3,5,22,27,27,1,0.469422817230225,-1,-1,-1,-1,0.167667150497437
27,3,5,23,0,0,0,0.46883225440979,1,1,-1,-1,0.219422817230225
27,3,5,24,-3,3,0,0.435801029205322,1,-1,1,1,0.21883225440979
27,3,5,25,9,9,1,0.469321012496948,-1,-1,-1,1,0.185801029205322
27,3,5,26,-81,81,0,0.384504795074463,1,1,-1,-1,0.219321012496948
27,3,5,27,-27,27,0,0.435677051544189,-1,-1,1,1,0.134504795074463
27,3,5,28,-81,81,0,0.485356330871582,-1,-1,-1,-1,0.185677051544189
27,3,5,29,-0,0,1,0.484307289123535,-1,-1,-1,-1,0.235356330871582
27,3,5,30,-81,81,0,0.483802795410156,-1,1,-1,-1,0.234307289123535
27,3,5,31,9,9,1,0.502576589584351,-1,-1,1,-1,0.233802795410156
27,3,5,32,0,0,0,0.43430495262146,1,1,-1,-1,0.252576589584351
27,3,5,33,-3,3,0,0.485243320465088,1,-1,1,1,0.18430495262146
27,3,5,34,3,3,0,0.534299612045288,-1,-1,-1,1,0.235243320465088
27,3,5,35,-27,27,0,0.452581167221069,1,-1,-1,-1,0.284299612045288
27,3,5,36,-81,81,0,0.417837142944336,-1,-1,-1,1,0.202581167221069
27,3,5,37,9,9,1,0.467658758163452,-1,-1,-1,-1,0.167837142944336
27,3,5,38,-0,0,0,0.401096105575562,1,1,-1,-1,0.217658758163452
27,3,5,39,27,27,1,0.435416698455811,-1,-1,1,1,0.151096105575562
27,3,5,40,-3,3,1,0.485783576965332,1,1,-1,-1,0.185416698455811
27,3,5,41,27,27,1,0.418769121170044,-1,1,1,1,0.235783576965332
27,3,5,42,-0,0,1,0.367852687835693,1,1,1,-1,0.168769121170044
27,3,5,43,27,27,1,0.451098918914795,-1,1,1,1,0.117852687835693
27,3,5,44,3,3,0,0.451077222824097,1,1,1,-1,0.201098918914795
27,3,5,45,81,81,1,0.534348964691162,1,-1,1,1,0.201077222824097
27,3,5,46,-3,3,0,0.519410848617554,1,1,-1,1,0.284348964691162
27,3,5,47,27,27,1,0.469254732131958,-1,-1,1,1,0.269410848617554
27,3,5,48,-9,9,0,0.368458271026611,1,1,-1,-1,0.219254732131958
27,3,5,49,0,0,1,0.73431658744812,-1,-1,1,1,0.118458271026611
27,3,5,50,-3,3,0,0.467140436172485,1,1,-1,-1,0.48431658744812
27,3,5,51,9,9,1,0.452621698379517,-1,-1,1,1,0.217140436172485
27,3,5,52,9,9,1,0.434417724609375,1,1,-1,-1,0.202621698379517
27,3,5,53,-3,3,0,0.301713943481445,1,1,1,1,0.184417724609375
27,3,5,54,-9,9,0,0.468674659729004,-1,-1,1,1,0.0517139434814453
27,3,5,55,81,81,1,0.450963497161865,-1,-1,-1,-1,0.218674659729004
27,3,5,56,-27,27,1,0.484375476837158,1,1,-1,-1,0.200963497161865
27,3,5,57,-3,3,0,0.401086807250977,-1,1,1,1,0.234375476837158
27,3,5,58,3,3,0,0.517192125320435,-1,-1,1,-1,0.151086807250977
27,3,5,59,-81,81,0,0.450535774230957,1,-1,-1,-1,0.267192125320435
27,3,5,60,27,27,1,0.485973834991455,-1,-1,-1,1,0.200535774230957
27,3,5,61,-9,9,0,0.517160892486572,1,1,-1,-1,0.235973834991455
27,3,5,62,-9,9,0,0.452662467956543,-1,-1,1,1,0.267160892486572
27,3,5,63,9,9,1,0.500974893569946,-1,-1,-1,-1,0.202662467956543
27,3,5,64,-27,27,0,0.451011419296265,1,1,-1,-1,0.250974893569946
27,3,5,65,27,27,1,0.469415903091431,-1,-1,1,1,0.201011419296265
27,3,5,66,-0,0,0,0.551491022109985,1,1,-1,-1,0.219415903091431
27,3,5,67,9,9,0,0.452455759048462,-1,-1,1,1,0.301491022109985
27,3,5,68,81,81,1,0.485869646072388,1,-1,-1,-1,0.202455759048462
27,3,5,69,-81,81,0,0.485644578933716,1,1,-1,1,0.235869646072388
27,3,5,70,-27,27,0,0.48647141456604,-1,-1,1,1,0.235644578933716
27,3,5,71,3,3,1,0.50214409828186,-1,-1,-1,-1,0.23647141456604
27,3,5,72,9,9,0,0.384832382202148,1,1,-1,-1,0.25214409828186
27,3,5,73,-81,81,0,0.3182053565979,1,-1,1,1,0.134832382202148
27,3,5,74,81,81,1,0.452447414398193,-1,-1,-1,1,0.0682053565979004
27,3,5,75,-81,81,0,0.484860897064209,1,1,-1,-1,0.202447414398193
27,3,5,76,81,81,1,0.435348033905029,-1,-1,1,1,0.234860897064209
27,3,5,77,-27,27,0,0.434292793273926,1,1,-1,-1,0.185348033905029
27,3,5,78,3,3,1,0.618151903152466,-1,-1,1,1,0.184292793273926
27,3,5,79,-27,27,0,0.367731809616089,1,1,-1,-1,0.368151903152466
27,3,5,80,81,81,1,0.333861827850342,-1,-1,1,1,0.117731809616089
27,3,5,81,-81,81,0,0.468189716339111,1,1,-1,-1,0.0838618278503418
27,3,5,82,27,27,1,0.418880939483643,-1,-1,1,1,0.218189716339111
27,3,5,83,-0,0,1,0.451940774917603,1,1,-1,-1,0.168880939483643
27,3,5,84,0,0,0,0.451943397521973,-1,1,1,1,0.201940774917603
27,3,5,85,-3,3,1,0.517642974853516,1,-1,1,-1,0.201943397521973
27,3,5,86,3,3,1,0.601109504699707,-1,1,-1,1,0.267642974853516
27,3,5,87,-81,81,0,0.450953960418701,1,1,1,-1,0.351109504699707
27,3,5,88,9,9,1,0.485681772232056,-1,-1,1,1,0.200953960418701
27,3,5,89,-81,81,0,0.436130046844482,1,1,-1,-1,0.235681772232056
27,3,5,90,9,9,1,0.500601291656494,-1,-1,1,1,0.186130046844482
27,3,5,91,-3,3,0,0.601415395736694,1,1,-1,-1,0.250601291656494
27,3,5,92,0,0,1,0.619461536407471,-1,-1,1,1,0.351415395736694
27,3,5,93,-27,27,0,0.502533197402954,1,1,-1,-1,0.369461536407471
27,3,5,94,27,27,1,0.483865022659302,-1,-1,1,1,0.252533197402954
27,3,5,95,9,9,1,0.701932907104492,1,1,-1,-1,0.233865022659302
27,3,5,96,9,9,1,0.634331941604614,1,1,1,1,0.451932907104492
27,3,5,97,-27,27,0,0.619210481643677,1,1,1,1,0.384331941604614
27,3,5,98,-81,81,0,0.568898677825928,-1,-1,1,1,0.369210481643677
27,3,5,99,81,81,1,0.51885986328125,-1,-1,-1,-1,0.318898677825928
27,3,6,2,27,27,1,0.483863830566406,1,1,-1,-1,0.251938819885254
27,3,6,3,81,81,1,0.385765552520752,1,1,1,1,0.233863830566406
27,3,6,4,9,9,1,0.48433256149292,1,1,1,1,0.135765552520752
27,3,6,5,-27,27,0,0.469002962112427,1,1,1,1,0.23433256149292
27,3,6,6,-81,81,0,0.469092845916748,-1,-1,1,1,0.219002962112427
27,3,6,7,-3,3,1,0.468813180923462,-1,-1,-1,-1,0.219092845916748
27,3,6,8,-3,3,0,0.467186450958252,-1,1,-1,-1,0.218813180923462
27,3,6,9,-3,3,1,0.419090270996094,-1,-1,1,-1,0.217186450958252
27,3,6,10,-0,0,1,0.401153326034546,-1,1,-1,-1,0.169090270996094
27,3,6,11,0,0,1,0.501400947570801,-1,1,1,-1,0.151153326034546
27,3,6,12,0,0,1,0.485040426254272,1,1,1,-1,0.251400947570801
27,3,6,13,9,9,1,0.367177724838257,1,1,1,1,0.235040426254272
27,3,6,14,-81,81,0,0.502012252807617,1,1,1,1,0.117177724838257
27,3,6,15,3,3,1,0.485373497009277,-1,-1,1,1,0.252012252807617
27,3,6,16,9,9,1,0.519125938415527,1,1,-1,-1,0.235373497009277
27,3,6,17,-81,81,0,0.400510311126709,1,1,1,1,0.269125938415527
27,3,6,18,-0,0,1,0.485469818115234,-1,-1,1,1,0.150510311126709
27,3,6,19,81,81,1,0.385767698287964,-1,1,-1,-1,0.235469818115234
27,3,6,20,27,27,1,0.434449672698975,1,1,1,-1,0.135767698287964
27,3,6,21,-27,27,0,0.467156887054443,1,1,1,1,0.184449672698975
27,3,6,22,-3,3,0,0.484872102737427,-1,-1,1,1,0.217156887054443
27,3,6,23,-9,9,0,0.468623876571655,-1,-1,-1,-1,0.234872102737427
27,3,6,24,-0,0,0,0.435932397842407,-1,-1,-1,-1,0.218623876571655
27,3,6,25,3,3,1,0.517164468765259,-1,-1,-1,-1,0.185932397842407
27,3,6,26,27,27,1,0.367982387542725,1,1,-1,-1,0.267164468765259
27,3,6,27,-27,27,0,0.368575096130371,1,1,1,1,0.117982387542725
27,3,6,28,-3,3,1,0.50197696685791,-1,-1,1,1,0.118575096130371
27,3,6,29,-9,9,0,0.585994958877563,-1,1,-1,-1,0.25197696685791
27,3,6,30,-81,81,0,0.367632627487183,-1,-1,1,-1,0.335994958877563
27,3,6,31,-27,27,0,0.650955200195312,-1,-1,-1,-1,0.117632627487183
27,3,6,32,-3,3,1,0.434580564498901,-1,-1,-1,-1,0.400955200195312
27,3,6,33,-3,3,1,0.418301820755005,-1,1,-1,-1,0.184580564498901
27,3,6,34,-9,9,0,0.485683917999268,-1,1,1,-1,0.168301820755005
27,3,6,35,-27,27,0,0.367635726928711,-1,-1,1,-1,0.235683917999268
27,3,6,36,81,81,1,0.450525045394897,-1,-1,-1,-1,0.117635726928711
27,3,6,37,27,27,1,0.50183629989624,1,1,-1,-1,0.200525045394897
27,3,6,38,3,3,1,0.468194484710693,1,1,1,1,0.25183629989624
27,3,6,39,-27,27,0,0.451018810272217,1,1,1,1,0.218194484710693
27,3,6,40,-81,81,0,0.369118213653564,-1,-1,1,1,0.201018810272217
27,3,6,41,9,9,1,0.467616319656372,-1,-1,-1,-1,0.119118213653564
27,3,6,42,3,3,1,0.534306764602661,1,1,-1,-1,0.217616319656372
27,3,6,43,3,3,1,0.368103504180908,1,1,1,1,0.284306764602661
27,3,6,44,9,9,1,0.717618227005005,1,1,1,1,0.118103504180908
27,3,6,45,27,27,1,0.40276312828064,1,1,1,1,0.467618227005005
27,3,6,46,-0,0,1,0.419157743453979,1,1,1,1,0.15276312828064
27,3,6,47,-3,3,1,0.43432354927063,-1,1,1,1,0.169157743453979
27,3,6,48,-9,9,0,0.419288396835327,-1,1,1,-1,0.18432354927063
27,3,6,49,-81,81,0,0.483843326568604,-1,-1,1,-1,0.169288396835327
27,3,6,50,-81,81,0,0.585315942764282,-1,-1,-1,-1,0.233843326568604
27,3,6,51,-81,81,0,0.450947523117065,-1,-1,-1,-1,0.335315942764282
27,3,6,52,-0,0,1,0.552456378936768,-1,-1,-1,-1,0.200947523117065
27,3,6,53,-81,81,0,0.584377527236938,-1,1,-1,-1,0.302456378936768
27,3,6,54,-3,3,0,0.500494718551636,-1,-1,1,-1,0.334377527236938
27,3,6,55,-9,9,0,0.40269660949707,-1,-1,-1,-1,0.250494718551636
27,3,6,56,-9,9,0,0.400479793548584,-1,-1,-1,-1,0.15269660949707
27,3,6,57,-27,27,0,0.400975227355957,-1,-1,-1,-1,0.150479793548584
27,3,6,58,-3,3,0,0.467622518539429,-1,-1,-1,-1,0.150975227355957
27,3,6,59,-9,9,1,0.418156385421753,-1,-1,-1,-1,0.217622518539429
27,3,6,60,-9,9,1,0.652610778808594,-1,1,-1,-1,0.168156385421753
27,3,6,61,-9,9,0,0.368225812911987,-1,1,1,-1,0.402610778808594
27,3,6,62,-3,3,0,0.267656326293945,-1,-1,1,-1,0.118225812911987
27,3,6,63,3,3,1,0.367167234420776,-1,-1,-1,-1,0.0176563262939453
27,3,6,64,-9,9,0,0.334316253662109,1,1,-1,-1,0.117167234420776
27,3,6,65,-27,27,0,0.450564622879028,-1,-1,1,1,0.0843162536621094
27,3,6,66,0,0,0,0.302757263183594,-1,-1,-1,-1,0.200564622879028
27,3,6,67,81,81,1,0.300531148910522,1,-1,-1,-1,0.0527572631835938
27,3,6,68,27,27,1,0.552651643753052,1,1,-1,1,0.0505311489105225
27,3,6,69,27,27,1,0.485055446624756,1,1,1,1,0.302651643753052
27,3,6,70,81,81,1,0.284274578094482,1,1,1,1,0.235055446624756
27,3,6,71,-27,27,0,0.402035713195801,1,1,1,1,0.0342745780944824
27,3,6,72,-27,27,0,0.467170000076294,-1,-1,1,1,0.152035713195801
27,3,6,73,-9,9,0,0.485135793685913,-1,-1,-1,-1,0.217170000076294
27,3,6,74,-27,27,0,0.468843460083008,-1,-1,-1,-1,0.235135793685913
27,3,6,75,3,3,0,0.434287071228027,-1,-1,-1,-1,0.218843460083008
27,3,6,76,-0,0,0,0.401415586471558,1,-1,-1,-1,0.184287071228027
27,3,6,77,-27,27,0,0.400957107543945,-1,-1,-1,1,0.151415586471558
27,3,6,78,9,9,1,0.435214996337891,-1,-1,-1,-1,0.150957107543945
27,3,6,79,3,3,1,0.43431830406189,1,1,-1,-1,0.185214996337891
27,3,6,80,81,81,1,0.417650938034058,1,1,1,1,0.18431830406189
27,3,6,81,-27,27,0,0.350522756576538,1,1,1,1,0.167650938034058
27,3,6,82,-9,9,0,0.435360908508301,-1,-1,1,1,0.100522756576538
27,3,6,83,81,81,1,0.369371652603149,-1,-1,-1,-1,0.185360908508301
27,3,6,84,-0,0,1,0.567665815353394,1,1,-1,-1,0.119371652603149
27,3,6,85,-27,27,0,0.367663860321045,-1,1,1,1,0.317665815353394
27,3,6,86,81,81,1,0.351934909820557,-1,-1,1,-1,0.117663860321045
27,3,6,87,-3,3,1,0.484307527542114,1,1,-1,-1,0.101934909820557
27,3,6,88,-9,9,0,0.469215154647827,-1,1,1,1,0.234307527542114
27,3,6,89,-27,27,0,0.417651891708374,-1,-1,1,-1,0.219215154647827
27,3,6,90,-9,9,1,0.385411739349365,-1,-1,-1,-1,0.167651891708374
27,3,6,91,-9,9,0,0.452850341796875,-1,1,-1,-1,0.135411739349365
27,3,6,92,-81,81,0,0.46761155128479,-1,-1,1,-1,0.202850341796875
27,3,6,93,-3,3,0,0.500526189804077,-1,-1,-1,-1,0.21761155128479
27,3,6,94,-0,0,0,0.451837062835693,-1,-1,-1,-1,0.250526189804077
27,3,6,95,-81,81,0,0.40049934387207,-1,-1,-1,-1,0.201837062835693
27,3,6,96,-81,81,0,0.417210102081299,-1,-1,-1,-1,0.15049934387207
27,3,6,97,9,9,1,0.552603244781494,-1,-1,-1,-1,0.167210102081299
27,3,6,98,-81,81,0,0.451116323471069,1,1,-1,-1,0.302603244781494
27,3,6,99,-3,3,0,0.334752082824707,-1,-1,1,1,0.201116323471069
28,1,1,2,3,3,1,0.901902437210083,1,-1,1,-1,1.11834216117859
28,1,1,3,-9,9,0,0.935493230819702,1,1,-1,1,0.651902437210083
28,1,1,4,-81,81,0,1.06765675544739,-1,-1,1,1,0.685493230819702
28,1,1,5,-27,27,0,0.800516843795776,-1,-1,-1,-1,0.817656755447388
28,1,1,6,-27,27,0,0.950536727905273,-1,-1,-1,-1,0.550516843795776
28,1,1,7,3,3,1,0.800958633422852,-1,-1,-1,-1,0.700536727905273
28,1,1,8,-9,9,1,0.801784753799438,1,1,-1,-1,0.550958633422852
28,1,1,9,-3,3,1,0.885191679000854,-1,1,1,1,0.551784753799438
28,1,1,10,-3,3,0,0.717637777328491,-1,1,1,-1,0.635191679000854
28,1,1,11,3,3,1,0.983823776245117,-1,-1,1,-1,0.467637777328491
28,1,1,12,27,27,1,0.734284162521362,1,1,-1,-1,0.733823776245117
28,1,1,13,9,9,1,0.784348726272583,1,1,1,1,0.484284162521362
28,1,1,14,27,27,1,0.601707220077515,1,1,1,1,0.534348726272583
28,1,1,15,9,9,1,0.885551452636719,1,1,1,1,0.351707220077515
28,1,1,16,27,27,1,0.567232608795166,1,1,1,1,0.635551452636719
28,1,1,17,9,9,1,0.884949207305908,1,1,1,1,0.317232608795166
28,1,1,18,9,9,1,0.717641592025757,1,1,1,1,0.634949207305908
28,1,1,19,27,27,1,0.617693901062012,1,1,1,1,0.467641592025757
28,1,1,20,-27,27,0,0.600990295410156,1,1,1,1,0.367693901062012
28,1,1,21,-3,3,1,0.6854407787323,-1,-1,1,1,0.350990295410156
28,1,1,22,81,81,1,0.602867603302002,-1,1,-1,-1,0.4354407787323
28,1,1,23,9,9,1,0.784441471099854,1,1,1,-1,0.352867603302002
28,1,1,24,81,81,1,0.668142795562744,1,1,1,1,0.534441471099854
28,1,1,25,3,3,0,0.884256601333618,1,1,1,1,0.418142795562744
28,1,1,26,0,0,0,1.0693027973175,1,-1,1,1,0.634256601333618
28,1,1,27,81,81,1,0.752287864685059,1,-1,-1,1,0.819302797317505
28,1,1,28,0,0,1,0.683839559555054,1,1,-1,1,0.502287864685059
28,1,1,29,81,81,1,0.718988656997681,1,1,1,1,0.433839559555054
28,1,1,30,27,27,1,0.65095067024231,1,1,1,1,0.468988656997681
28,1,1,31,9,9,1,0.835490226745605,1,1,1,1,0.40095067024231
28,1,1,32,0,0,0,0.869019746780396,1,1,1,1,0.585490226745605
28,1,1,33,0,0,0,0.852077722549438,1,-1,1,1,0.619019746780396
28,1,1,34,9,9,0,0.867606401443481,1,-1,-1,1,0.602077722549438
28,1,1,35,9,9,1,0.569220542907715,1,-1,-1,1,0.617606401443481
28,1,1,36,27,27,1,0.684309005737305,1,1,-1,1,0.319220542907715
28,1,1,37,27,27,1,0.617631435394287,1,1,1,1,0.434309005737305
28,1,1,38,27,27,1,0.800962924957275,1,1,1,1,0.367631435394287
28,1,1,39,3,3,1,0.68564248085022,1,1,1,1,0.550962924957275
28,1,1,40,3,3,0,0.80230712890625,1,1,1,1,0.43564248085022
28,1,1,41,3,3,1,0.917598485946655,1,-1,1,1,0.55230712890625
28,1,1,42,81,81,1,0.717661380767822,1,1,-1,1,0.667598485946655
28,1,1,43,81,81,1,0.819238901138306,1,1,1,1,0.467661380767822
28,1,1,44,81,81,1,0.635781526565552,1,1,1,1,0.569238901138306
28,1,1,45,3,3,1,0.852502584457397,1,1,1,1,0.385781526565552
28,1,1,46,-3,3,0,0.735253810882568,1,1,1,1,0.602502584457397
28,1,1,47,-81,81,0,0.617615222930908,-1,-1,1,1,0.485253810882568
28,1,1,48,-81,81,0,0.551125049591064,-1,-1,-1,-1,0.367615222930908
28,1,1,49,-9,9,0,0.750527620315552,-1,-1,-1,-1,0.301125049591064
28,1,1,50,81,81,1,0.702089309692383,-1,-1,-1,-1,0.500527620315552
28,1,1,51,81,81,1,0.735437154769897,1,1,-1,-1,0.452089309692383
28,1,1,52,27,27,1,0.617745876312256,1,1,1,1,0.485437154769897
28,1,1,53,0,0,0,0.934268236160278,1,1,1,1,0.367745876312256
28,1,1,54,-27,27,0,0.58538556098938,1,-1,1,1,0.684268236160278
28,1,1,55,-9,9,0,0.767652034759521,-1,-1,-1,1,0.33538556098938
28,1,1,56,9,9,1,0.619220018386841,-1,-1,-1,-1,0.517652034759521
28,1,1,57,3,3,0,0.617235898971558,1,1,-1,-1,0.369220018386841
28,1,1,58,0,0,1,0.733829975128174,1,-1,1,1,0.367235898971558
28,1,1,59,9,9,1,0.68516993522644,1,1,-1,1,0.483829975128174
28,1,1,60,0,0,1,0.800943851470947,1,1,1,1,0.43516993522644
28,1,1,61,0,0,1,0.784322023391724,1,1,1,1,0.550943851470947
28,1,1,62,-27,27,0,0.852739572525024,1,1,1,1,0.534322023391724
28,1,1,63,81,81,1,0.685671091079712,-1,-1,1,1,0.602739572525024
28,1,1,64,9,9,1,0.650977373123169,1,1,-1,-1,0.435671091079712
28,1,1,65,81,81,1,0.633897304534912,1,1,1,1,0.400977373123169
28,1,1,66,81,81,1,0.617608070373535,1,1,1,1,0.383897304534912
28,1,1,67,27,27,1,0.702494859695435,1,1,1,1,0.367608070373535
28,1,1,68,3,3,1,0.818761348724365,1,1,1,1,0.452494859695435
28,1,1,69,27,27,1,0.585700511932373,1,1,1,1,0.568761348724365
28,1,1,70,9,9,1,0.800523519515991,1,1,1,1,0.335700511932373
28,1,1,71,3,3,1,0.685364007949829,1,1,1,1,0.550523519515991
28,1,1,72,3,3,1,0.602075815200806,1,1,1,1,0.435364007949829
28,1,1,73,-81,81,0,0.552241563796997,1,1,1,1,0.352075815200806
28,1,1,74,-81,81,0,0.652593374252319,-1,-1,1,1,0.302241563796997
28,1,1,75,-27,27,0,0.619322299957275,-1,-1,-1,-1,0.402593374252319
28,1,1,76,-9,9,0,0.61764931678772,-1,-1,-1,-1,0.369322299957275
28,1,1,77,-9,9,0,0.585946798324585,-1,-1,-1,-1,0.36764931678772
28,1,1,78,-81,81,0,0.618515729904175,-1,-1,-1,-1,0.335946798324585
28,1,1,79,-0,0,1,0.635584115982056,-1,-1,-1,-1,0.368515729904175
28,1,1,80,-3,3,0,0.584378719329834,-1,1,-1,-1,0.385584115982056
28,1,1,81,-81,81,0,0.585665941238403,-1,-1,1,-1,0.334378719329834
28,1,1,82,-3,3,0,0.78387188911438,-1,-1,-1,-1,0.335665941238403
28,1,1,83,-3,3,0,0.768983840942383,-1,-1,-1,-1,0.53387188911438
28,1,1,84,9,9,1,0.603189468383789,-1,-1,-1,-1,0.518983840942383
28,1,1,85,27,27,1,0.585229396820068,1,1,-1,-1,0.353189468383789
28,1,1,86,-81,81,0,0.61871337890625,1,1,1,1,0.335229396820068
28,1,1,87,-81,81,0,0.63597297668457,-1,-1,1,1,0.36871337890625
28,1,1,88,-0,0,0,0.735877990722656,-1,-1,-1,-1,0.38597297668457
28,1,1,89,-27,27,0,0.651824712753296,-1,-1,-1,-1,0.485877990722656
28,1,1,90,3,3,1,0.785912752151489,-1,-1,-1,-1,0.401824712753296
28,1,1,91,3,3,1,0.752439022064209,1,1,-1,-1,0.535912752151489
28,1,1,92,-27,27,0,0.685389280319214,1,1,1,1,0.502439022064209
28,1,1,93,-27,27,0,0.602692604064941,-1,-1,1,1,0.435389280319214
28,1,1,94,81,81,1,0.652578830718994,-1,-1,-1,-1,0.352692604064941
28,1,1,95,-9,9,0,0.783879995346069,1,1,-1,-1,0.402578830718994
28,1,1,96,-27,27,0,0.584312915802002,-1,-1,1,1,0.533879995346069
28,1,1,97,-0,0,1,0.669423341751099,-1,-1,-1,-1,0.334312915802002
28,1,1,98,9,9,1,0.635563373565674,-1,1,-1,-1,0.419423341751099
28,1,1,99,-3,3,1,0.88516902923584,1,1,1,-1,0.385563373565674
28,1,2,2,81,81,1,0.68428635597229,1,1,1,1,1.15302324295044
28,1,2,3,9,9,1,0.851001262664795,1,1,1,1,0.43428635597229
28,1,2,4,-27,27,0,0.617717027664185,1,1,1,1,0.601001262664795
28,1,2,5,-3,3,0,0.800544500350952,-1,-1,1,1,0.367717027664185
28,1,2,6,81,81,1,0.767763614654541,-1,-1,-1,-1,0.550544500350952
28,1,2,7,27,27,1,0.718310356140137,1,1,-1,-1,0.517763614654541
28,1,2,8,-81,81,0,0.702496528625488,1,1,1,1,0.468310356140137
28,1,2,9,81,81,1,0.836183547973633,-1,-1,1,1,0.452496528625488
28,1,2,10,-3,3,0,0.783849716186523,1,1,-1,-1,0.586183547973633
28,1,2,11,-3,3,1,0.983865261077881,-1,-1,1,1,0.533849716186523
28,1,2,12,81,81,1,0.800978183746338,-1,1,-1,-1,0.733865261077881
28,1,2,13,-27,27,0,0.7526535987854,1,1,1,-1,0.550978183746338
28,1,2,14,27,27,1,0.701642274856567,-1,-1,1,1,0.5026535987854
28,1,2,15,-27,27,0,0.868942737579346,1,1,-1,-1,0.451642274856567
28,1,2,16,81,81,1,0.650969266891479,-1,-1,1,1,0.618942737579346
28,1,2,17,-0,0,0,0.80049729347229,1,1,-1,-1,0.400969266891479
28,1,2,18,9,9,0,0.86931848526001,-1,-1,1,1,0.55049729347229
28,1,2,19,3,3,1,0.818217277526855,1,-1,-1,-1,0.61931848526001
28,1,2,20,3,3,1,0.702622175216675,1,1,-1,1,0.568217277526855
28,1,2,21,-3,3,1,0.985669851303101,1,1,1,1,0.452622175216675
28,1,2,22,27,27,1,0.800528764724731,-1,1,1,1,0.735669851303101
28,1,2,23,-3,3,1,0.902622699737549,1,1,1,-1,0.550528764724731
28,1,2,24,9,9,1,0.785975933074951,-1,1,1,1,0.652622699737549
28,1,2,25,-9,9,0,0.867681503295898,1,1,1,-1,0.535975933074951
28,1,2,26,3,3,0,0.917152166366577,-1,-1,1,1,0.617681503295898
28,1,2,27,9,9,1,0.869575262069702,1,-1,-1,-1,0.667152166366577
28,1,2,28,3,3,1,0.702145338058472,1,1,-1,1,0.619575262069702
28,1,2,29,-0,0,1,0.767648458480835,1,1,1,1,0.452145338058472
28,1,2,30,-27,27,0,0.702641248703003,-1,1,1,1,0.517648458480835
28,1,2,31,81,81,1,0.917239189147949,-1,-1,1,-1,0.452641248703003
28,1,2,32,-27,27,0,1.01763987541199,1,1,-1,-1,0.667239189147949
28,1,2,33,-81,81,0,0.650956153869629,-1,-1,1,1,0.767639875411987
28,1,2,34,3,3,0,0.667658805847168,-1,-1,-1,-1,0.400956153869629
28,1,2,35,-81,81,0,0.73568320274353,1,-1,-1,-1,0.417658805847168
28,1,2,36,27,27,1,0.685231924057007,-1,-1,-1,1,0.48568320274353
28,1,2,40,3,3,0,0.850970506668091,-1,-1,1,1,0.417661190032959
28,1,2,41,-9,9,0,0.834291934967041,1,-1,-1,-1,0.600970506668091
28,1,2,42,-9,9,0,0.834445953369141,-1,-1,-1,1,0.584291934967041
28,1,2,43,-3,3,0,0.735404491424561,-1,-1,-1,-1,0.584445953369141
28,1,2,44,3,3,1,0.685809135437012,-1,-1,-1,-1,0.485404491424561
28,1,2,45,-9,9,0,0.918028116226196,1,1,-1,-1,0.435809135437012
28,1,2,46,3,3,0,0.617795705795288,-1,-1,1,1,0.668028116226196
28,1,2,47,-81,81,0,0.617677688598633,1,-1,-1,-1,0.367795705795288
28,1,2,48,27,27,1,0.635644674301147,-1,-1,-1,1,0.367677688598633
28,1,2,49,-27,27,0,0.617153644561768,1,1,-1,-1,0.385644674301147
28,1,2,50,27,27,1,0.583838701248169,-1,-1,1,1,0.367153644561768
28,1,2,51,-81,81,0,0.868582725524902,1,1,-1,-1,0.333838701248169
28,1,2,52,0,0,1,0.684324979782104,-1,-1,1,1,0.618582725524902
28,1,2,53,-27,27,0,0.802484750747681,1,1,-1,-1,0.434324979782104
28,1,2,54,9,9,1,0.734496831893921,-1,-1,1,1,0.552484750747681
28,1,2,55,-9,9,1,0.635441541671753,1,1,-1,-1,0.484496831893921
28,1,2,56,-27,27,0,0.668803215026855,-1,1,1,1,0.385441541671753
28,1,2,57,27,27,1,0.650964975357056,-1,-1,1,-1,0.418803215026855
28,1,2,58,9,9,1,0.617617845535278,1,1,-1,-1,0.400964975357056
28,1,2,59,-81,81,0,0.669284105300903,1,1,1,1,0.367617845535278
28,1,2,60,27,27,1,0.719426870346069,-1,-1,1,1,0.419284105300903
28,1,2,61,-0,0,0,0.783828258514404,1,1,-1,-1,0.469426870346069
28,1,2,62,0,0,0,0.95154333114624,-1,-1,1,1,0.533828258514404
28,1,2,63,-27,27,0,0.817614793777466,1,-1,-1,-1,0.70154333114624
28,1,2,64,3,3,1,0.617631196975708,-1,-1,-1,1,0.567614793777466
28,1,2,65,-3,3,0,0.752477884292603,1,1,-1,-1,0.367631196975708
28,1,2,66,-81,81,0,0.6009521484375,-1,-1,1,1,0.502477884292603
28,1,2,67,27,27,1,0.617887020111084,-1,-1,-1,-1,0.3509521484375
28,1,2,68,-27,27,0,0.868770122528076,1,1,-1,-1,0.367887020111084
28,1,2,69,0,0,0,0.835410594940186,-1,-1,1,1,0.618770122528076
28,1,2,70,-3,3,1,1.01774406433105,1,-1,-1,-1,0.585410594940186
28,1,2,71,-27,27,0,0.584331512451172,-1,1,-1,1,0.767744064331055
28,1,2,72,9,9,1,0.602186441421509,-1,-1,1,-1,0.334331512451172
28,1,2,73,-9,9,1,0.619698524475098,1,1,-1,-1,0.352186441421509
28,1,2,74,81,81,1,0.635960102081299,-1,1,1,1,0.369698524475098
28,1,2,75,-81,81,0,0.567210674285889,1,1,1,-1,0.385960102081299
28,1,2,76,9,9,1,0.635630130767822,-1,-1,1,1,0.317210674285889
28,1,2,77,-27,27,0,0.75104022026062,1,1,-1,-1,0.385630130767822
28,1,2,78,-81,81,0,0.701569080352783,-1,-1,1,1,0.50104022026062
28,1,2,79,-9,9,0,0.669215202331543,-1,-1,-1,-1,0.451569080352783
28,1,2,80,9,9,0,0.717188835144043,-1,-1,-1,-1,0.419215202331543
28,1,2,81,-9,9,0,0.650487899780273,1,-1,-1,-1,0.467188835144043
28,1,2,82,-0,0,1,0.685523986816406,-1,-1,-1,1,0.400487899780273
28,1,2,83,3,3,1,0.651164293289185,-1,1,-1,-1,0.435523986816406
28,1,2,84,-0,0,0,0.569368124008179,1,1,1,-1,0.401164293289185
28,1,2,85,81,81,1,0.567662239074707,-1,-1,1,1,0.319368124008179
28,1,2,86,-0,0,1,0.667166233062744,1,1,-1,-1,0.317662239074707
28,1,2,87,81,81,1,0.602057933807373,-1,1,1,1,0.417166233062744
28,1,2,88,-9,9,1,0.500982046127319,1,1,1,-1,0.352057933807373
28,1,2,89,9,9,1,0.685588836669922,-1,1,1,1,0.250982046127319
28,1,2,90,-81,81,0,0.586055278778076,1,1,1,-1,0.435588836669922
28,1,2,91,27,27,1,0.652065992355347,-1,-1,1,1,0.336055278778076
28,1,2,92,-9,9,0,0.618642807006836,1,1,-1,-1,0.402065992355347
28,1,2,93,81,81,1,0.617632389068604,-1,-1,1,1,0.368642807006836
28,1,2,94,-81,81,0,0.552563190460205,1,1,-1,-1,0.367632389068604
28,1,2,95,3,3,0,1.15230512619019,-1,-1,1,1,0.302563190460205
28,1,2,96,-0,0,0,0.617227077484131,1,-1,-1,-1,0.902305126190186
28,1,2,97,-9,9,1,0.517160177230835,-1,-1,-1,1,0.367227077484131
28,1,2,98,0,0,0,0.585094690322876,-1,1,-1,-1,0.267160177230835
28,1,2,99,9,9,1,0.600526332855225,1,-1,1,-1,0.335094690322876
28,1,3,2,-3,3,0,1.26919507980347,1,1,1,1,0.452537059783936
28,1,3,3,81,81,1,0.752626419067383,-1,-1,1,1,1.01919507980347
28,1,3,4,3,3,1,0.8024001121521,1,1,-1,-1,0.502626419067383
28,1,3,5,-27,27,0,0.669289588928223,1,1,1,1,0.5524001121521
28,1,3,6,-81,81,0,0.702735185623169,-1,-1,1,1,0.419289588928223
28,1,3,7,-81,81,0,0.600491046905518,-1,-1,-1,-1,0.452735185623169
28,1,3,8,-81,81,0,0.617774963378906,-1,-1,-1,-1,0.350491046905518
28,1,3,9,-9,9,0,0.817182302474976,-1,-1,-1,-1,0.367774963378906
28,1,3,10,-27,27,0,0.650994539260864,-1,-1,-1,-1,0.567182302474976
28,1,3,11,-0,0,1,0.701941013336182,-1,-1,-1,-1,0.400994539260864
28,1,3,12,27,27,1,0.685681819915771,-1,1,-1,-1,0.451941013336182
28,1,3,13,27,27,1,0.718284606933594,1,1,1,-1,0.435681819915771
28,1,3,14,-3,3,1,0.618973255157471,1,1,1,1,0.468284606933594
28,1,3,15,-9,9,0,0.769436120986938,-1,1,1,1,0.368973255157471
28,1,3,16,3,3,0,1.16951990127563,-1,-1,1,-1,0.519436120986938
28,1,3,17,3,3,1,0.700996160507202,1,-1,-1,-1,0.919519901275635
28,1,3,18,9,9,1,0.635814189910889,1,1,-1,1,0.450996160507202
28,1,3,19,9,9,1,0.618861675262451,1,1,1,1,0.385814189910889
28,1,3,20,-0,0,0,0.636142730712891,1,1,1,1,0.368861675262451
28,1,3,21,9,9,1,0.60094952583313,-1,-1,1,1,0.386142730712891
28,1,3,22,81,81,1,0.817834615707397,1,1,-1,-1,0.35094952583313
28,1,3,23,3,3,1,1.08573913574219,1,1,1,1,0.567834615707397
28,1,3,24,-27,27,0,0.769394397735596,1,1,1,1,0.835739135742188
28,1,3,25,-3,3,1,0.818413734436035,-1,-1,1,1,0.519394397735596
28,1,3,26,-9,9,0,0.602060794830322,-1,1,-1,-1,0.568413734436035
28,1,3,27,-9,9,0,0.835855722427368,-1,-1,1,-1,0.352060794830322
28,1,3,28,81,81,1,0.717159032821655,-1,-1,-1,-1,0.585855722427368
28,1,3,29,0,0,1,0.867644071578979,1,1,-1,-1,0.467159032821655
28,1,3,30,81,81,1,0.602451086044312,1,1,1,1,0.617644071578979
28,1,3,31,-3,3,0,1.00233268737793,1,1,1,1,0.352451086044312
28,1,3,32,-3,3,1,0.785274982452393,-1,-1,1,1,0.75233268737793
28,1,3,33,0,0,1,0.83521842956543,-1,1,-1,-1,0.535274982452393
28,1,3,34,-0,0,0,1.00237488746643,1,1,1,-1,0.58521842956543
28,1,3,35,9,9,1,0.667150974273682,-1,-1,1,1,0.752374887466431
28,1,3,36,81,81,1,0.636008977890015,1,1,-1,-1,0.417150974273682
28,1,3,37,-9,9,0,1.06915974617004,1,1,1,1,0.386008977890015
28,1,3,38,27,27,1,0.651015520095825,-1,-1,1,1,0.819159746170044
28,1,3,39,-27,27,0,0.617882490158081,1,1,-1,-1,0.401015520095825
28,1,3,40,3,3,1,0.650512933731079,-1,-1,1,1,0.367882490158081
28,1,3,41,81,81,1,0.683840036392212,1,1,-1,-1,0.400512933731079
28,1,3,42,-27,27,0,1.13428831100464,1,1,1,1,0.433840036392212
28,1,3,43,27,27,1,0.650608777999878,-1,-1,1,1,0.884288311004639
28,1,3,44,-81,81,0,0.685527801513672,1,1,-1,-1,0.400608777999878
28,1,3,45,-3,3,1,0.718549013137817,-1,-1,1,1,0.435527801513672
28,1,3,46,-81,81,0,0.702626943588257,-1,1,-1,-1,0.468549013137817
28,1,3,47,-9,9,0,0.852653980255127,-1,-1,1,-1,0.452626943588257
28,1,3,48,-3,3,1,0.685257196426392,-1,-1,-1,-1,0.602653980255127
28,1,3,49,-0,0,0,1.05191206932068,-1,1,-1,-1,0.435257196426392
28,1,3,50,-27,27,0,0.669271945953369,-1,-1,1,-1,0.801912069320679
28,1,3,51,-3,3,0,0.802551984786987,-1,-1,-1,-1,0.419271945953369
28,1,3,52,3,3,0,0.869037866592407,-1,-1,-1,-1,0.552551984786987
28,1,3,53,-3,3,1,0.80187201499939,1,-1,-1,-1,0.619037866592407
28,1,3,54,-3,3,1,0.834344863891602,-1,1,-1,1,0.55187201499939
28,1,3,55,27,27,1,0.717220306396484,-1,1,1,-1,0.584344863891602
28,1,3,56,-81,81,0,0.735377788543701,1,1,1,-1,0.467220306396484
28,1,3,57,3,3,1,0.702540159225464,-1,-1,1,1,0.485377788543701
28,1,3,58,9,9,1,0.651828050613403,1,1,-1,-1,0.452540159225464
28,1,3,59,-81,81,0,0.618399381637573,1,1,1,1,0.401828050613403
28,1,3,60,81,81,1,0.700491189956665,-1,-1,1,1,0.368399381637573
28,1,3,61,-9,9,0,0.567647218704224,1,1,-1,-1,0.450491189956665
28,1,3,62,3,3,0,1.10244870185852,-1,-1,1,1,0.317647218704224
28,1,3,63,9,9,1,0.684301853179932,1,-1,-1,-1,0.852448701858521
28,1,3,64,-9,9,0,0.600939989089966,1,1,-1,1,0.434301853179932
28,1,3,65,27,27,1,0.80256199836731,-1,-1,1,1,0.350939989089966
28,1,3,66,-0,0,0,0.550506114959717,1,1,-1,-1,0.55256199836731
28,1,3,67,81,81,1,0.735591173171997,-1,-1,1,1,0.300506114959717
28,1,3,68,-3,3,1,1.00224304199219,1,1,-1,-1,0.485591173171997
28,1,3,69,-27,27,0,0.650949239730835,-1,1,1,1,0.752243041992188
28,1,3,70,9,9,1,0.683853149414062,-1,-1,1,-1,0.400949239730835
28,1,3,71,-0,0,0,0.717617988586426,1,1,-1,-1,0.433853149414062
28,1,3,72,-27,27,0,0.633837223052979,-1,-1,1,1,0.467617988586426
28,1,3,73,-27,27,0,0.567160844802856,-1,-1,-1,-1,0.383837223052979
28,1,3,74,0,0,0,0.634265184402466,-1,-1,-1,-1,0.317160844802856
28,1,3,75,-3,3,0,1.03587031364441,1,-1,-1,-1,0.384265184402466
28,1,3,76,-9,9,0,0.667886257171631,-1,-1,-1,1,0.785870313644409
28,1,3,77,-3,3,0,0.684325218200684,-1,-1,-1,-1,0.417886257171631
28,1,3,78,81,81,1,0.735290765762329,-1,-1,-1,-1,0.434325218200684
28,1,3,79,27,27,1,0.583870887756348,1,1,-1,-1,0.485290765762329
28,1,3,80,27,27,1,0.669281959533691,1,1,1,1,0.333870887756348
28,1,3,81,9,9,1,0.617178916931152,1,1,1,1,0.419281959533691
28,1,3,82,9,9,1,0.63430118560791,1,1,1,1,0.367178916931152
28,1,3,83,-9,9,1,0.634487867355347,1,1,1,1,0.38430118560791
28,1,3,84,-81,81,0,0.619032144546509,-1,1,1,1,0.384487867355347
28,1,3,85,-27,27,0,0.668823003768921,-1,-1,1,-1,0.369032144546509
28,1,3,86,0,0,1,0.718823194503784,-1,-1,-1,-1,0.418823003768921
28,1,3,87,81,81,1,0.651020288467407,1,1,-1,-1,0.468823194503784
28,1,3,88,-81,81,0,0.668601751327515,1,1,1,1,0.401020288467407
28,1,3,89,-3,3,1,0.668636560440063,-1,-1,1,1,0.418601751327515
28,1,3,90,-81,81,0,0.583817720413208,-1,1,-1,-1,0.418636560440063
28,1,3,91,9,9,1,0.668470859527588,-1,-1,1,-1,0.333817720413208
28,1,3,92,-27,27,0,0.635079145431519,1,1,-1,-1,0.418470859527588
28,1,3,93,-27,27,0,0.567646265029907,-1,-1,1,1,0.385079145431519
28,1,3,94,81,81,1,0.90052318572998,-1,-1,-1,-1,0.317646265029907
28,1,3,95,27,27,1,0.61847996711731,1,1,-1,-1,0.65052318572998
28,1,3,96,9,9,1,0.819095611572266,1,1,1,1,0.36847996711731
28,1,3,97,0,0,1,0.802138328552246,1,1,1,1,0.569095611572266
28,1,3,98,-27,27,0,0.602652072906494,1,1,1,1,0.552138328552246
28,1,3,99,9,9,1,0.71851634979248,-1,-1,1,1,0.352652072906494
28,1,4,2,-81,81,0,0.75214958190918,-1,-1,1,1,0.534594297409058
28,1,4,3,-27,27,0,0.96940016746521,-1,-1,-1,-1,0.50214958190918
28,1,4,4,-81,81,0,0.750545024871826,-1,-1,-1,-1,0.71940016746521
28,1,4,5,-81,81,0,0.602104902267456,-1,-1,-1,-1,0.500545024871826
28,1,4,6,-27,27,0,0.585199594497681,-1,-1,-1,-1,0.352104902267456
28,1,4,7,9,9,1,0.685919761657715,-1,-1,-1,-1,0.335199594497681
28,1,4,8,81,81,1,0.651022434234619,1,1,-1,-1,0.435919761657715
28,1,4,9,9,9,1,0.651277542114258,1,1,1,1,0.401022434234619
28,1,4,10,0,0,1,0.685149908065796,1,1,1,1,0.401277542114258
28,1,4,11,81,81,1,0.568085908889771,1,1,1,1,0.435149908065796
28,1,4,12,-81,81,0,0.585773468017578,1,1,1,1,0.318085908889771
28,1,4,13,-9,9,0,0.586589336395264,-1,-1,1,1,0.335773468017578
28,1,4,14,-3,3,1,0.769382953643799,-1,-1,-1,-1,0.336589336395264
28,1,4,15,27,27,1,0.584323167800903,-1,1,-1,-1,0.519382953643799
28,1,4,16,-27,27,0,0.55222225189209,1,1,1,-1,0.334323167800903
28,1,4,17,-81,81,0,0.618746280670166,-1,-1,1,1,0.30222225189209
28,1,4,18,-27,27,0,0.701724767684937,-1,-1,-1,-1,0.368746280670166
28,1,4,19,27,27,1,0.567826986312866,-1,-1,-1,-1,0.451724767684937
28,1,4,20,9,9,1,0.651918411254883,1,1,-1,-1,0.317826986312866
28,1,4,21,3,3,1,0.65229606628418,1,1,1,1,0.401918411254883
28,1,4,22,3,3,1,0.667157411575317,1,1,1,1,0.40229606628418
28,1,4,23,-27,27,0,1.03603148460388,1,1,1,1,0.417157411575317
28,1,4,24,-3,3,0,0.836095094680786,-1,-1,1,1,0.786031484603882
28,1,4,25,-81,81,0,0.851944208145142,-1,-1,-1,-1,0.586095094680786
28,1,4,26,81,81,1,0.652037143707275,-1,-1,-1,-1,0.601944208145142
28,1,4,27,-3,3,0,0.917198657989502,1,1,-1,-1,0.402037143707275
28,1,4,28,81,81,1,0.651118993759155,-1,-1,1,1,0.667198657989502
28,1,4,29,-0,0,1,0.719663143157959,1,1,-1,-1,0.401118993759155
28,1,4,30,-27,27,0,0.602683067321777,-1,1,1,1,0.469663143157959
28,1,4,31,-81,81,0,0.635896444320679,-1,-1,1,-1,0.352683067321777
28,1,4,32,-9,9,0,0.852388858795166,-1,-1,-1,-1,0.385896444320679
28,1,4,33,81,81,1,0.63590407371521,-1,-1,-1,-1,0.602388858795166
28,1,4,34,-9,9,0,0.669286012649536,1,1,-1,-1,0.38590407371521
28,1,4,35,27,27,1,0.65244722366333,-1,-1,1,1,0.419286012649536
28,1,4,36,-81,81,0,0.602622032165527,1,1,-1,-1,0.40244722366333
28,1,4,37,-81,81,0,0.53537130355835,-1,-1,1,1,0.352622032165527
28,1,4,38,-81,81,0,0.552638053894043,-1,-1,-1,-1,0.28537130355835
28,1,4,39,3,3,1,0.617218971252441,-1,-1,-1,-1,0.302638053894043
28,1,4,40,3,3,1,0.635479688644409,1,1,-1,-1,0.367218971252441
28,1,4,41,27,27,1,0.600499391555786,1,1,1,1,0.385479688644409
28,1,4,42,3,3,1,0.585633277893066,1,1,1,1,0.350499391555786
28,1,4,43,9,9,0,0.784293174743652,1,1,1,1,0.335633277893066
28,1,4,44,-81,81,0,0.567692518234253,1,-1,1,1,0.534293174743652
28,1,4,45,9,9,1,0.550954103469849,-1,-1,-1,1,0.317692518234253
28,1,4,46,-3,3,0,0.602413654327393,1,1,-1,-1,0.300954103469849
28,1,4,47,-9,9,0,0.585808753967285,-1,-1,1,1,0.352413654327393
28,1,4,48,27,27,1,0.617199897766113,-1,-1,-1,-1,0.335808753967285
28,1,4,49,27,27,1,0.733872890472412,1,1,-1,-1,0.367199897766113
28,1,4,50,-9,9,0,0.619403839111328,1,1,1,1,0.483872890472412
28,1,4,51,0,0,0,0.586057662963867,-1,-1,1,1,0.369403839111328
28,1,4,52,9,9,1,0.584277153015137,1,-1,-1,-1,0.336057662963867
28,1,4,53,27,27,1,0.535701990127563,1,1,-1,1,0.334277153015137
28,1,4,54,-9,9,0,0.500961780548096,1,1,1,1,0.285701990127563
28,1,4,55,27,27,1,0.567786693572998,-1,-1,1,1,0.250961780548096
28,1,4,56,9,9,1,0.650965690612793,1,1,-1,-1,0.317786693572998
28,1,4,57,9,9,1,0.601913928985596,1,1,1,1,0.400965690612793
28,1,4,58,3,3,1,0.668985605239868,1,1,1,1,0.351913928985596
28,1,4,59,3,3,1,0.583831310272217,1,1,1,1,0.418985605239868
28,1,4,60,9,9,1,0.602235794067383,1,1,1,1,0.333831310272217
28,1,4,61,-3,3,1,0.65184473991394,1,1,1,1,0.352235794067383
28,1,4,62,-9,9,0,0.885376214981079,-1,1,1,1,0.40184473991394
28,1,4,63,3,3,1,0.702143907546997,-1,-1,1,-1,0.635376214981079
28,1,4,64,81,81,1,0.585328102111816,1,1,-1,-1,0.452143907546997
28,1,4,65,-27,27,0,0.617148399353027,1,1,1,1,0.335328102111816
28,1,4,66,27,27,1,0.686087369918823,-1,-1,1,1,0.367148399353027
28,1,4,67,3,3,1,0.902693271636963,1,1,-1,-1,0.436087369918823
28,1,4,68,27,27,1,0.552429914474487,1,1,1,1,0.652693271636963
28,1,4,69,3,3,1,0.652637004852295,1,1,1,1,0.302429914474487
28,1,4,73,-27,27,0,0.552460193634033,1,1,1,1,0.552273750305176
28,1,4,74,-0,0,1,0.552237987518311,-1,-1,1,1,0.302460193634033
28,1,4,75,9,9,1,0.617630004882812,-1,1,-1,-1,0.302237987518311
28,1,4,76,-0,0,1,0.58437967300415,1,1,1,-1,0.367630004882812
28,1,4,77,-9,9,0,0.834305286407471,-1,1,1,1,0.33437967300415
28,1,4,78,9,9,1,0.55107307434082,-1,-1,1,-1,0.584305286407471
28,1,4,79,3,3,1,0.617193222045898,1,1,-1,-1,0.30107307434082
28,1,4,80,-0,0,1,0.702550411224365,1,1,1,1,0.367193222045898
28,1,4,81,-0,0,1,0.685882091522217,-1,1,1,1,0.452550411224365
28,1,4,82,-81,81,0,0.58585786819458,-1,1,1,-1,0.435882091522217
28,1,4,83,3,3,1,0.50113582611084,-1,-1,1,-1,0.33585786819458
28,1,4,84,0,0,0,0.602128744125366,1,1,-1,-1,0.25113582611084
28,1,4,85,-3,3,0,0.534312963485718,1,-1,1,1,0.352128744125366
28,1,4,86,-0,0,1,0.617201805114746,-1,-1,-1,1,0.284312963485718
28,1,4,87,81,81,1,0.585868358612061,-1,1,-1,-1,0.367201805114746
28,1,4,88,-81,81,0,0.61933708190918,1,1,1,-1,0.335868358612061
28,1,4,89,9,9,1,0.569250822067261,-1,-1,1,1,0.36933708190918
28,1,4,90,-3,3,0,0.685305118560791,1,1,-1,-1,0.319250822067261
28,1,4,91,-9,9,0,0.667161226272583,-1,-1,1,1,0.435305118560791
28,1,4,92,-27,27,0,0.552012205123901,-1,-1,-1,-1,0.417161226272583
28,1,4,93,-0,0,1,0.685975551605225,-1,-1,-1,-1,0.302012205123901
28,1,4,94,27,27,1,0.650936841964722,-1,1,-1,-1,0.435975551605225
28,1,4,95,-27,27,0,0.60228419303894,1,1,1,-1,0.400936841964722
28,1,4,96,-81,81,0,0.552616596221924,-1,-1,1,1,0.35228419303894
28,1,4,97,-27,27,0,0.601072072982788,-1,-1,-1,-1,0.302616596221924
28,1,4,98,9,9,1,0.568665981292725,-1,-1,-1,-1,0.351072072982788
28,1,4,99,3,3,1,0.669031858444214,1,1,-1,-1,0.318665981292725
28,1,5,2,27,27,1,0.669055461883545,1,1,1,1,0.884594202041626
28,1,5,3,-9,9,1,0.635846376419067,1,1,1,1,0.419055461883545
28,1,5,4,-0,0,1,0.750992774963379,-1,1,1,1,0.385846376419067
28,1,5,5,3,3,0,1.08550643920898,-1,1,1,-1,0.500992774963379
28,1,5,6,27,27,1,0.76765513420105,1,-1,1,-1,0.835506439208984
28,1,5,7,81,81,1,0.869123697280884,1,1,-1,1,0.51765513420105
28,1,5,8,9,9,1,0.633859157562256,1,1,1,1,0.619123697280884
28,1,5,9,81,81,1,0.618873834609985,1,1,1,1,0.383859157562256
28,1,5,10,-3,3,1,0.717608690261841,1,1,1,1,0.368873834609985
28,1,5,11,-81,81,0,0.718562364578247,-1,1,1,1,0.467608690261841
28,1,5,12,-81,81,0,0.702133893966675,-1,-1,1,-1,0.468562364578247
28,1,5,13,27,27,1,0.652486324310303,-1,-1,-1,-1,0.452133893966675
28,1,5,14,-3,3,0,0.635434150695801,1,1,-1,-1,0.402486324310303
28,1,5,15,-81,81,0,0.601123332977295,-1,-1,1,1,0.385434150695801
28,1,5,16,9,9,1,0.535565853118896,-1,-1,-1,-1,0.351123332977295
28,1,5,17,9,9,1,0.651740312576294,1,1,-1,-1,0.285565853118896
28,1,5,18,-0,0,0,0.718453168869019,1,1,1,1,0.401740312576294
28,1,5,19,-81,81,0,0.601004838943481,-1,-1,1,1,0.468453168869019
28,1,5,20,-3,3,0,0.634405851364136,-1,-1,-1,-1,0.351004838943481
28,1,5,21,-27,27,0,0.618317365646362,-1,-1,-1,-1,0.384405851364136
28,1,5,22,-81,81,0,0.834290027618408,-1,-1,-1,-1,0.368317365646362
28,1,5,23,-9,9,0,0.635799884796143,-1,-1,-1,-1,0.584290027618408
28,1,5,24,-9,9,1,0.602551460266113,-1,-1,-1,-1,0.385799884796143
28,1,5,25,-81,81,0,0.551502227783203,-1,1,-1,-1,0.352551460266113
28,1,5,26,-27,27,0,0.435198307037354,-1,-1,1,-1,0.301502227783203
28,1,5,27,-3,3,1,0.667632579803467,-1,-1,-1,-1,0.185198307037354
28,1,5,28,-3,3,0,0.602485418319702,-1,1,-1,-1,0.417632579803467
28,1,5,29,9,9,1,0.535393714904785,-1,-1,1,-1,0.352485418319702
28,1,5,30,3,3,0,0.536032915115356,1,1,-1,-1,0.285393714904785
28,1,5,31,27,27,1,0.569674968719482,1,-1,1,1,0.286032915115356
28,1,5,32,3,3,1,0.535900354385376,1,1,-1,1,0.319674968719482
28,1,5,33,27,27,1,0.668925285339355,1,1,1,1,0.285900354385376
28,1,5,34,81,81,1,0.633854150772095,1,1,1,1,0.418925285339355
28,1,5,35,9,9,1,0.552098035812378,1,1,1,1,0.383854150772095
28,1,5,36,-3,3,0,0.702075719833374,1,1,1,1,0.302098035812378
28,1,5,37,-27,27,0,0.6009681224823,-1,-1,1,1,0.452075719833374
28,1,5,38,-0,0,0,0.7171790599823,-1,-1,-1,-1,0.3509681224823
28,1,5,39,3,3,1,0.684327840805054,-1,-1,-1,-1,0.4671790599823
28,1,5,40,-81,81,0,0.584403276443481,1,1,-1,-1,0.434327840805054
28,1,5,41,-81,81,0,0.58381724357605,-1,-1,1,1,0.334403276443481
28,1,5,42,-3,3,0,0.65126633644104,-1,-1,-1,-1,0.33381724357605
28,1,5,43,-0,0,0,0.584362030029297,-1,-1,-1,-1,0.40126633644104
28,1,5,44,-9,9,0,0.701902866363525,-1,-1,-1,-1,0.334362030029297
28,1,5,45,-27,27,0,0.433845996856689,-1,-1,-1,-1,0.451902866363525
28,1,5,46,-27,27,0,0.517603158950806,-1,-1,-1,-1,0.183845996856689
28,1,5,47,-81,81,0,0.552256107330322,-1,-1,-1,-1,0.267603158950806
28,1,5,48,3,3,1,0.883881092071533,-1,-1,-1,-1,0.302256107330322
28,1,5,49,9,9,1,0.602471351623535,1,1,-1,-1,0.633881092071533
28,1,5,50,27,27,1,0.569435119628906,1,1,1,1,0.352471351623535
28,1,5,51,27,27,1,0.617655038833618,1,1,1,1,0.319435119628906
28,1,5,52,3,3,0,0.686069250106812,1,1,1,1,0.367655038833618
28,1,5,53,-81,81,0,0.568687915802002,1,-1,1,1,0.436069250106812
28,1,5,54,-81,81,0,0.551031112670898,-1,-1,-1,1,0.318687915802002
28,1,5,55,-0,0,0,0.669415950775146,-1,-1,-1,-1,0.301031112670898
28,1,5,56,-0,0,0,0.567655324935913,-1,-1,-1,-1,0.419415950775146
28,1,5,57,-3,3,1,0.635207891464233,-1,-1,-1,-1,0.317655324935913
28,1,5,58,-27,27,0,0.517696857452393,-1,1,-1,-1,0.385207891464233
28,1,5,59,-81,81,0,0.917811155319214,-1,-1,1,-1,0.267696857452393
28,1,5,60,-3,3,0,0.634294033050537,-1,-1,-1,-1,0.667811155319214
28,1,5,61,27,27,1,0.567682981491089,-1,-1,-1,-1,0.384294033050537
28,1,5,62,-9,9,0,0.668642282485962,1,1,-1,-1,0.317682981491089
28,1,5,63,-27,27,0,0.684420347213745,-1,-1,1,1,0.418642282485962
28,1,5,64,-3,3,1,0.617785215377808,-1,-1,-1,-1,0.434420347213745
28,1,5,65,-81,81,0,0.585453033447266,-1,1,-1,-1,0.367785215377808
28,1,5,66,-81,81,0,0.635796308517456,-1,-1,1,-1,0.335453033447266
28,1,5,67,-9,9,0,0.735750675201416,-1,-1,-1,-1,0.385796308517456
28,1,5,68,-9,9,0,0.533855438232422,-1,-1,-1,-1,0.485750675201416
28,1,5,69,-3,3,0,0.635477781295776,-1,-1,-1,-1,0.283855438232422
28,1,5,70,-27,27,0,0.718604564666748,-1,-1,-1,-1,0.385477781295776
28,1,5,71,-3,3,1,0.652104377746582,-1,-1,-1,-1,0.468604564666748
28,1,5,72,-27,27,0,0.60095739364624,-1,1,-1,-1,0.402104377746582
28,1,5,73,-9,9,0,0.60051417350769,-1,-1,1,-1,0.35095739364624
28,1,5,74,-9,9,0,0.568694591522217,-1,-1,-1,-1,0.35051417350769
28,1,5,75,-3,3,0,0.551129817962646,-1,-1,-1,-1,0.318694591522217
28,1,5,76,-9,9,0,0.502662181854248,-1,-1,-1,-1,0.301129817962646
28,1,5,77,9,9,1,0.550617218017578,-1,-1,-1,-1,0.252662181854248
28,1,5,78,3,3,1,0.550554037094116,1,1,-1,-1,0.300617218017578
28,1,5,79,-0,0,1,0.533886671066284,1,1,1,1,0.300554037094116
28,1,5,80,-9,9,0,0.869398832321167,-1,1,1,1,0.283886671066284
28,1,5,81,-0,0,1,0.569171905517578,-1,-1,1,-1,0.619398832321167
28,1,5,82,0,0,1,0.835726976394653,-1,1,-1,-1,0.319171905517578
28,1,5,83,-3,3,1,0.567766189575195,1,1,1,-1,0.585726976394653
28,1,5,84,0,0,0,0.602863311767578,-1,1,1,1,0.317766189575195
28,1,5,85,27,27,1,0.56917929649353,1,-1,1,-1,0.352863311767578
28,1,5,86,27,27,1,0.634279251098633,1,1,-1,1,0.31917929649353
28,1,5,87,0,0,1,0.567178249359131,1,1,1,1,0.384279251098633
28,1,5,88,9,9,1,0.517682075500488,1,1,1,1,0.317178249359131
28,1,5,89,27,27,1,0.584313154220581,1,1,1,1,0.267682075500488
28,1,5,90,81,81,1,0.56939435005188,1,1,1,1,0.334313154220581
28,1,5,91,81,81,1,0.533828735351562,1,1,1,1,0.31939435005188
28,1,5,92,81,81,1,0.533870220184326,1,1,1,1,0.283828735351562
28,1,5,93,3,3,0,0.835040092468262,1,1,1,1,0.283870220184326
28,1,5,94,9,9,1,0.56716513633728,1,-1,1,1,0.585040092468262
28,1,5,95,9,9,1,0.583886623382568,1,1,-1,1,0.31716513633728
28,1,5,96,9,9,0,0.583886623382568,1,1,1,1,0.333886623382568
28,1,5,97,27,27,1,0.585365772247314,1,-1,1,1,0.333886623382568
28,1,5,98,27,27,1,0.53383994102478,1,1,-1,1,0.335365772247314
28,1,5,99,81,81,1,0.400957345962524,1,1,1,1,0.28383994102478
28,1,6,3,-27,27,0,0.58385968208313,-1,-1,1,1,0.518770456314087
28,1,6,4,-27,27,0,0.602580070495605,-1,-1,-1,-1,0.33385968208313
28,1,6,5,27,27,1,0.583860874176025,-1,-1,-1,-1,0.352580070495605
28,1,6,6,-3,3,0,0.601686716079712,1,1,-1,-1,0.333860874176025
28,1,6,7,3,3,0,0.635295867919922,-1,-1,1,1,0.351686716079712
28,1,6,8,-9,9,0,0.801302194595337,1,-1,-1,-1,0.385295867919922
28,1,6,9,27,27,1,0.584280729293823,-1,-1,-1,1,0.551302194595337
28,1,6,10,-9,9,0,0.636196851730347,1,1,-1,-1,0.334280729293823
28,1,6,11,3,3,1,0.70235538482666,-1,-1,1,1,0.386196851730347
28,1,6,12,-3,3,0,0.635393857955933,1,1,-1,-1,0.45235538482666
28,1,6,13,27,27,1,0.601921319961548,-1,-1,1,1,0.385393857955933
28,1,6,14,-3,3,1,0.70215892791748,1,1,-1,-1,0.351921319961548
28,1,6,15,9,9,1,0.583834886550903,-1,1,1,1,0.45215892791748
28,1,6,16,-0,0,1,1.06956148147583,1,1,1,-1,0.333834886550903
28,1,6,17,9,9,1,0.602045059204102,-1,1,1,1,0.81956148147583
28,1,6,18,-9,9,0,0.750989437103271,1,1,1,-1,0.352045059204102
28,1,6,19,-27,27,0,0.683875799179077,-1,-1,1,1,0.500989437103271
28,1,6,20,0,0,0,0.567833185195923,-1,-1,-1,-1,0.433875799179077
28,1,6,21,-27,27,0,0.567816257476807,1,-1,-1,-1,0.317833185195923
28,1,6,22,27,27,1,0.550979375839233,-1,-1,-1,1,0.317816257476807
28,1,6,26,0,0,1,0.668665885925293,-1,-1,1,1,0.434319734573364
28,1,6,27,-27,27,0,0.552551507949829,1,1,-1,-1,0.418665885925293
28,1,6,28,9,9,1,0.6358482837677,-1,-1,1,1,0.302551507949829
28,1,6,29,-0,0,0,0.584307432174683,1,1,-1,-1,0.3858482837677
28,1,6,30,9,9,1,0.734295129776001,-1,-1,1,1,0.334307432174683
28,1,6,31,81,81,1,0.602388858795166,1,1,-1,-1,0.484295129776001
28,1,6,32,0,0,1,0.651816844940186,1,1,1,1,0.352388858795166
28,1,6,33,-9,9,1,0.702242136001587,1,1,1,1,0.401816844940186
28,1,6,34,81,81,1,0.652721881866455,-1,1,1,1,0.452242136001587
28,1,6,35,-81,81,0,0.635016441345215,1,1,1,-1,0.402721881866455
28,1,6,36,81,81,1,0.636218309402466,-1,-1,1,1,0.385016441345215
28,1,6,37,-27,27,0,0.668666362762451,1,1,-1,-1,0.386218309402466
28,1,6,38,27,27,1,0.600513219833374,-1,-1,1,1,0.418666362762451
28,1,6,39,27,27,1,0.552094697952271,1,1,-1,-1,0.350513219833374
28,1,6,40,-9,9,0,0.651049852371216,1,1,1,1,0.302094697952271
28,1,6,41,9,9,1,0.567690134048462,-1,-1,1,1,0.401049852371216
28,1,6,42,-9,9,0,1.00225424766541,1,1,-1,-1,0.317690134048462
28,1,6,43,9,9,1,0.535079479217529,-1,-1,1,1,0.752254247665405
28,1,6,44,-3,3,0,0.619126319885254,1,1,-1,-1,0.285079479217529
28,1,6,45,81,81,1,0.585783720016479,-1,-1,1,1,0.369126319885254
28,1,6,46,-3,3,0,0.585304975509644,1,1,-1,-1,0.335783720016479
28,1,6,47,-3,3,1,1.33508896827698,-1,-1,1,1,0.335304975509644
28,1,6,48,-3,3,0,0.702073574066162,-1,1,-1,-1,1.08508896827698
28,1,6,49,3,3,1,0.751002550125122,-1,-1,1,-1,0.452073574066162
28,1,6,50,-9,9,0,0.519649267196655,1,1,-1,-1,0.501002550125122
28,1,6,51,9,9,1,0.584322452545166,-1,-1,1,1,0.269649267196655
28,1,6,52,-81,81,0,0.552570819854736,1,1,-1,-1,0.334322452545166
28,1,6,53,81,81,1,0.584278345108032,-1,-1,1,1,0.302570819854736
28,1,6,54,-3,3,1,1.06763863563538,1,1,-1,-1,0.334278345108032
28,1,6,55,0,0,1,0.536009311676025,-1,1,1,1,0.817638635635376
28,1,6,56,-9,9,0,0.56719708442688,1,1,1,-1,0.286009311676025
28,1,6,57,27,27,1,0.552648782730103,-1,-1,1,1,0.31719708442688
28,1,6,58,-3,3,1,0.701024055480957,1,1,-1,-1,0.302648782730103
28,1,6,59,0,0,1,0.652162075042725,-1,1,1,1,0.451024055480957
28,1,6,60,-81,81,0,0.600965976715088,1,1,1,-1,0.402162075042725
28,1,6,61,81,81,1,0.567177295684814,-1,-1,1,1,0.350965976715088
28,1,6,62,3,3,1,0.501796960830688,1,1,-1,-1,0.317177295684814
28,1,6,63,-81,81,0,0.535885572433472,1,1,1,1,0.251796960830688
28,1,6,64,9,9,0,0.635491847991943,-1,-1,1,1,0.285885572433472
28,1,6,65,-27,27,0,0.535311222076416,1,-1,-1,-1,0.385491847991943
28,1,6,66,3,3,1,0.55204701423645,-1,-1,-1,1,0.285311222076416
28,1,6,67,-3,3,0,0.53428316116333,1,1,-1,-1,0.30204701423645
28,1,6,68,-27,27,0,0.518656969070435,-1,-1,1,1,0.28428316116333
28,1,6,69,3,3,1,0.517153978347778,-1,-1,-1,-1,0.268656969070435
28,1,6,70,-3,3,0,0.585907936096191,1,1,-1,-1,0.267153978347778
28,1,6,71,27,27,1,0.935093402862549,-1,-1,1,1,0.335907936096191
28,1,6,72,-3,3,0,0.651013374328613,1,1,-1,-1,0.685093402862549
28,1,6,73,9,9,1,0.850981712341309,-1,-1,1,1,0.401013374328613
28,1,6,74,-81,81,0,0.600525140762329,1,1,-1,-1,0.600981712341309
28,1,6,75,0,0,0,0.600960969924927,-1,-1,1,1,0.350525140762329
28,1,6,76,-81,81,0,1.16878581047058,1,-1,-1,-1,0.350960969924927
28,1,6,77,81,81,1,0.550520420074463,-1,-1,-1,1,0.918785810470581
28,1,6,78,0,0,0,0.619224786758423,1,1,-1,-1,0.300520420074463
28,1,6,79,-3,3,0,0.601914167404175,1,-1,1,1,0.369224786758423
28,1,6,80,0,0,0,0.668893575668335,-1,-1,-1,1,0.351914167404175
28,1,6,81,-27,27,0,0.552406549453735,1,-1,-1,-1,0.418893575668335
28,1,6,82,-81,81,0,0.517592191696167,-1,-1,-1,1,0.302406549453735
28,1,6,83,0,0,1,0.600568532943726,-1,-1,-1,-1,0.267592191696167
28,1,6,84,-27,27,0,0.418546199798584,1,1,-1,-1,0.350568532943726
28,1,6,85,3,3,1,0.602299690246582,-1,-1,1,1,0.168546199798584
28,1,6,86,-81,81,0,0.517182588577271,1,1,-1,-1,0.352299690246582
28,1,6,87,3,3,0,0.550942659378052,-1,-1,1,1,0.267182588577271
28,1,6,88,-9,9,0,0.534273147583008,1,-1,-1,-1,0.300942659378052
28,1,6,89,27,27,1,0.435528755187988,-1,-1,-1,1,0.284273147583008
28,1,6,90,-27,27,0,0.517663240432739,1,1,-1,-1,0.185528755187988
28,1,6,91,81,81,1,0.584377288818359,-1,-1,1,1,0.267663240432739
28,1,6,92,-81,81,0,0.53432822227478,1,1,-1,-1,0.334377288818359
28,1,6,93,-81,81,0,0.602319478988647,-1,-1,1,1,0.28432822227478
28,1,6,94,81,81,1,0.567626953125,-1,-1,-1,-1,0.352319478988647
28,1,6,95,-27,27,0,0.567178010940552,1,1,-1,-1,0.317626953125
28,1,6,96,-81,81,0,0.602080583572388,-1,-1,1,1,0.317178010940552
28,1,6,97,81,81,1,0.601985692977905,-1,-1,-1,-1,0.352080583572388
28,1,6,98,-9,9,0,0.634326696395874,1,1,-1,-1,0.351985692977905
28,2,1,2,-9,9,0,0.918781995773315,-1,-1,1,1,0.552481889724731
28,2,1,3,-81,81,0,0.835775852203369,-1,-1,-1,-1,0.668781995773315
28,2,1,4,-3,3,0,0.651146650314331,-1,-1,-1,-1,0.585775852203369
28,2,1,5,9,9,0,0.735875844955444,-1,-1,-1,-1,0.401146650314331
28,2,1,6,27,27,1,0.735830068588257,1,-1,-1,-1,0.485875844955444
28,2,1,7,9,9,1,0.768815040588379,1,1,-1,1,0.485830068588257
28,2,1,8,9,9,1,0.650490283966064,1,1,1,1,0.518815040588379
28,2,1,9,-81,81,0,0.61916184425354,1,1,1,1,0.400490283966064
28,2,1,10,-3,3,1,0.652581930160522,-1,-1,1,1,0.36916184425354
28,2,1,11,-81,81,0,0.63614296913147,-1,1,-1,-1,0.402581930160522
28,2,1,12,0,0,1,1.05095195770264,-1,-1,1,-1,0.38614296913147
28,2,1,13,0,0,1,0.668577671051025,1,1,-1,-1,0.800951957702637
28,2,1,14,27,27,1,0.635863304138184,1,1,1,1,0.418577671051025
28,2,1,15,0,0,1,0.618088722229004,1,1,1,1,0.385863304138184
28,2,1,16,0,0,1,0.651127576828003,1,1,1,1,0.368088722229004
28,2,1,17,0,0,0,0.835492134094238,1,1,1,1,0.401127576828003
28,2,1,18,27,27,1,0.617155075073242,1,-1,1,1,0.585492134094238
28,2,1,19,0,0,1,0.651584386825562,1,1,-1,1,0.367155075073242
28,2,1,20,9,9,1,0.702598333358765,1,1,1,1,0.401584386825562
28,2,1,21,3,3,1,0.983816623687744,1,1,1,1,0.452598333358765
28,2,1,22,3,3,0,0.635979413986206,1,1,1,1,0.733816623687744
28,2,1,23,27,27,1,0.635825157165527,1,-1,1,1,0.385979413986206
28,2,1,24,3,3,0,0.686059951782227,1,1,-1,1,0.385825157165527
28,2,1,25,27,27,1,0.701833724975586,1,-1,1,1,0.436059951782227
28,2,1,26,0,0,0,0.652331829071045,1,1,-1,1,0.451833724975586
28,2,1,27,27,27,1,0.918979406356812,1,-1,1,1,0.402331829071045
28,2,1,28,-0,0,1,0.601301431655884,1,1,-1,1,0.668979406356812
28,2,1,29,-3,3,0,0.550472497940063,-1,1,1,1,0.351301431655884
28,2,1,30,3,3,1,0.818794012069702,-1,-1,1,-1,0.300472497940063
28,2,1,31,-81,81,0,0.635525226593018,1,1,-1,-1,0.568794012069702
28,2,1,32,-27,27,0,0.819204568862915,-1,-1,1,1,0.385525226593018
28,2,1,33,-9,9,0,0.834712266921997,-1,-1,-1,-1,0.569204568862915
28,2,1,34,-81,81,0,0.602334976196289,-1,-1,-1,-1,0.584712266921997
28,2,1,35,-9,9,0,0.652379274368286,-1,-1,-1,-1,0.352334976196289
28,2,1,36,-3,3,0,0.651966094970703,-1,-1,-1,-1,0.402379274368286
28,2,1,37,81,81,1,0.602388143539429,-1,-1,-1,-1,0.401966094970703
28,2,1,38,81,81,1,0.617769956588745,1,1,-1,-1,0.352388143539429
28,2,1,39,9,9,1,0.668836116790771,1,1,1,1,0.367769956588745
28,2,1,40,-27,27,0,0.552137136459351,1,1,1,1,0.418836116790771
28,2,1,41,-27,27,0,0.651873588562012,-1,-1,1,1,0.302137136459351
28,2,1,42,9,9,1,0.752739191055298,-1,-1,-1,-1,0.401873588562012
28,2,1,43,9,9,1,1.16854906082153,1,1,-1,-1,0.502739191055298
28,2,1,44,27,27,1,0.668710231781006,1,1,1,1,0.918549060821533
28,2,1,45,27,27,1,0.651113986968994,1,1,1,1,0.418710231781006
28,2,1,46,-27,27,0,0.667613744735718,1,1,1,1,0.401113986968994
28,2,1,47,-9,9,0,0.668574571609497,-1,-1,1,1,0.417613744735718
28,2,1,48,9,9,1,0.635827779769897,-1,-1,-1,-1,0.418574571609497
28,2,1,49,81,81,1,0.634478330612183,1,1,-1,-1,0.385827779769897
28,2,1,50,81,81,1,0.601005077362061,1,1,1,1,0.384478330612183
28,2,1,51,81,81,1,0.634460210800171,1,1,1,1,0.351005077362061
28,2,1,52,27,27,1,0.669287443161011,1,1,1,1,0.384460210800171
28,2,1,53,81,81,1,0.952205896377563,1,1,1,1,0.419287443161011
28,2,1,54,-3,3,0,0.701985359191895,1,1,1,1,0.702205896377563
28,2,1,55,-9,9,0,0.58426308631897,-1,-1,1,1,0.451985359191895
28,2,1,56,-81,81,0,0.601970911026001,-1,-1,-1,-1,0.33426308631897
28,2,1,57,-0,0,0,0.717981100082397,-1,-1,-1,-1,0.351970911026001
28,2,1,58,-3,3,0,0.733831167221069,-1,-1,-1,-1,0.467981100082397
28,2,1,59,-27,27,0,0.636107683181763,-1,-1,-1,-1,0.483831167221069
28,2,1,60,-27,27,0,0.885201454162598,-1,-1,-1,-1,0.386107683181763
28,2,1,61,-3,3,0,0.667594432830811,-1,-1,-1,-1,0.635201454162598
28,2,1,62,-3,3,0,0.617607116699219,-1,-1,-1,-1,0.417594432830811
28,2,1,63,-27,27,0,0.652707576751709,-1,-1,-1,-1,0.367607116699219
28,2,1,64,-81,81,0,0.651116847991943,-1,-1,-1,-1,0.402707576751709
28,2,1,65,-9,9,0,0.783855676651001,-1,-1,-1,-1,0.401116847991943
28,2,1,66,-9,9,0,0.635364770889282,-1,-1,-1,-1,0.533855676651001
28,2,1,67,-81,81,0,0.617183685302734,-1,-1,-1,-1,0.385364770889282
28,2,1,68,-81,81,0,0.567174911499023,-1,-1,-1,-1,0.367183685302734
28,2,1,69,3,3,0,0.702602863311768,-1,-1,-1,-1,0.317174911499023
28,2,1,70,81,81,1,0.686104774475098,1,-1,-1,-1,0.452602863311768
28,2,1,71,-9,9,1,0.586093425750732,1,1,-1,1,0.436104774475098
28,2,1,72,-81,81,0,0.618519067764282,-1,1,1,1,0.336093425750732
28,2,1,73,-9,9,0,1.0513219833374,-1,-1,1,-1,0.368519067764282
28,2,1,74,-81,81,0,0.669490337371826,-1,-1,-1,-1,0.801321983337402
28,2,1,75,-9,9,0,0.735459089279175,-1,-1,-1,-1,0.419490337371826
28,2,1,76,-81,81,0,0.718711137771606,-1,-1,-1,-1,0.485459089279175
28,2,1,77,-27,27,0,0.717150688171387,-1,-1,-1,-1,0.468711137771606
28,2,1,78,-27,27,0,0.652291059494019,-1,-1,-1,-1,0.467150688171387
28,2,1,79,-3,3,1,0.7171790599823,-1,-1,-1,-1,0.402291059494019
28,2,1,80,-3,3,0,0.685962677001953,-1,1,-1,-1,0.4671790599823
28,2,1,81,-9,9,0,0.702238798141479,-1,-1,1,-1,0.435962677001953
28,2,1,82,-9,9,0,0.619127988815308,-1,-1,-1,-1,0.452238798141479
28,2,1,83,-9,9,0,0.735990285873413,-1,-1,-1,-1,0.369127988815308
28,2,1,84,-27,27,0,0.619232892990112,-1,-1,-1,-1,0.485990285873413
28,2,1,85,-0,0,0,0.633840799331665,-1,-1,-1,-1,0.369232892990112
28,2,1,86,-27,27,0,0.568573713302612,-1,-1,-1,-1,0.383840799331665
28,2,1,87,-3,3,1,0.785329580307007,-1,-1,-1,-1,0.318573713302612
28,2,1,88,-3,3,0,0.700936079025269,-1,1,-1,-1,0.535329580307007
28,2,1,89,-3,3,1,0.752717018127441,-1,-1,1,-1,0.450936079025269
28,2,1,90,-27,27,0,0.568736791610718,-1,1,-1,-1,0.502717018127441
28,2,1,91,-81,81,0,0.834810495376587,-1,-1,1,-1,0.318736791610718
28,2,1,92,-9,9,0,0.66965913772583,-1,-1,-1,-1,0.584810495376587
28,2,1,93,-3,3,0,0.617927074432373,-1,-1,-1,-1,0.41965913772583
28,2,1,94,-81,81,0,0.633825778961182,-1,-1,-1,-1,0.367927074432373
28,2,1,95,-3,3,1,0.786221027374268,-1,-1,-1,-1,0.383825778961182
28,2,1,96,-3,3,0,0.651123523712158,-1,1,-1,-1,0.536221027374268
28,2,1,97,3,3,0,0.58492112159729,-1,-1,1,-1,0.401123523712158
28,2,1,98,27,27,1,0.634562492370605,1,-1,-1,-1,0.33492112159729
28,2,1,99,81,81,1,0.585517883300781,1,1,-1,1,0.384562492370605
28,2,2,2,27,27,1,0.619325637817383,-1,-1,-1,-1,0.585178136825562
28,2,2,3,81,81,1,0.600989103317261,1,1,-1,-1,0.369325637817383
28,2,2,4,-3,3,1,0.80115008354187,1,1,1,1,0.350989103317261
28,2,2,5,-3,3,1,1.08581757545471,-1,1,1,1,0.55115008354187
28,2,2,6,-81,81,0,0.634307622909546,-1,1,1,-1,0.835817575454712
28,2,2,7,81,81,1,0.651998996734619,-1,-1,1,-1,0.384307622909546
28,2,2,8,-9,9,1,0.684548854827881,1,1,-1,-1,0.401998996734619
28,2,2,9,-27,27,0,0.75239086151123,-1,1,1,1,0.434548854827881
28,2,2,10,0,0,1,0.750478982925415,-1,-1,1,-1,0.50239086151123
28,2,2,11,81,81,1,0.684292793273926,1,1,-1,-1,0.500478982925415
28,2,2,12,-3,3,0,0.767157554626465,1,1,1,1,0.434292793273926
28,2,2,13,81,81,1,0.617606401443481,-1,-1,1,1,0.517157554626465
28,2,2,14,-3,3,1,0.935703754425049,1,1,-1,-1,0.367606401443481
28,2,2,15,-9,9,0,0.65233325958252,-1,1,1,1,0.685703754425049
28,2,2,16,-81,81,0,0.702588319778442,-1,-1,1,-1,0.40233325958252
28,2,2,17,27,27,1,0.818017721176147,-1,-1,-1,-1,0.452588319778442
28,2,2,18,9,9,1,1.01874089241028,1,1,-1,-1,0.568017721176147
28,2,2,19,-3,3,0,1.28597378730774,1,1,1,1,0.768740892410278
28,2,2,20,27,27,1,0.750504732131958,-1,-1,1,1,1.03597378730774
28,2,2,21,-0,0,0,0.718930244445801,1,1,-1,-1,0.500504732131958
28,2,2,22,3,3,1,0.768730640411377,-1,-1,1,1,0.468930244445801
28,2,2,23,-3,3,0,0.984326124191284,1,1,-1,-1,0.518730640411377
28,2,2,24,3,3,0,0.733816385269165,-1,-1,1,1,0.734326124191284
28,2,2,25,-27,27,0,0.635416030883789,1,-1,-1,-1,0.483816385269165
28,2,2,26,27,27,1,0.600979566574097,-1,-1,-1,1,0.385416030883789
28,2,2,27,-81,81,0,0.634493589401245,1,1,-1,-1,0.350979566574097
28,2,2,28,-3,3,0,0.567156076431274,-1,-1,1,1,0.384493589401245
28,2,2,29,0,0,0,0.650938034057617,-1,-1,-1,-1,0.317156076431274
28,2,2,30,-81,81,0,0.950941324234009,1,-1,-1,-1,0.400938034057617
28,2,2,31,-81,81,0,0.569443941116333,-1,-1,-1,1,0.700941324234009
28,2,2,32,81,81,1,0.617152214050293,-1,-1,-1,-1,0.319443941116333
28,2,2,33,-9,9,0,0.900490283966064,1,1,-1,-1,0.367152214050293
28,2,2,34,-9,9,0,0.651067972183228,-1,-1,1,1,0.650490283966064
28,2,2,35,0,0,1,0.70118260383606,-1,-1,-1,-1,0.401067972183228
28,2,2,36,27,27,1,0.785127401351929,1,1,-1,-1,0.45118260383606
28,2,2,37,-27,27,0,0.602064847946167,1,1,1,1,0.535127401351929
28,2,2,38,81,81,1,0.685767889022827,-1,-1,1,1,0.352064847946167
28,2,2,39,-9,9,0,0.667632579803467,1,1,-1,-1,0.435767889022827
28,2,2,40,27,27,1,0.684548854827881,-1,-1,1,1,0.417632579803467
28,2,2,41,0,0,0,0.667601108551025,1,1,-1,-1,0.434548854827881
28,2,2,42,-9,9,0,0.700942993164062,1,-1,1,1,0.417601108551025
28,2,2,43,-81,81,0,0.618898868560791,-1,-1,-1,1,0.450942993164062
28,2,2,44,3,3,1,0.701170206069946,-1,-1,-1,-1,0.368898868560791
28,2,2,45,-9,9,0,0.702482938766479,1,1,-1,-1,0.451170206069946
28,2,2,46,27,27,1,0.601109981536865,-1,-1,1,1,0.452482938766479
28,2,2,47,-3,3,1,0.634469985961914,1,1,-1,-1,0.351109981536865
28,2,2,48,81,81,1,0.619192838668823,-1,1,1,1,0.384469985961914
28,2,2,49,-81,81,0,0.801115751266479,1,1,1,-1,0.369192838668823
28,2,2,50,-27,27,0,0.650516986846924,-1,-1,1,1,0.551115751266479
28,2,2,51,81,81,1,0.602678060531616,-1,-1,-1,-1,0.400516986846924
28,2,2,52,-9,9,0,0.684302091598511,1,1,-1,-1,0.352678060531616
28,2,2,53,3,3,1,0.767779111862183,-1,-1,1,1,0.434302091598511
28,2,2,54,0,0,1,1.01765322685242,1,1,-1,-1,0.517779111862183
28,2,2,55,-27,27,0,0.583820819854736,1,1,1,1,0.767653226852417
28,2,2,56,3,3,0,0.85266637802124,-1,-1,1,1,0.333820819854736
28,2,2,57,-27,27,0,0.617653846740723,1,-1,-1,-1,0.60266637802124
28,2,2,58,9,9,0,0.651116371154785,-1,-1,-1,1,0.367653846740723
28,2,2,59,9,9,1,0.584653854370117,1,-1,-1,-1,0.401116371154785
28,2,2,60,27,27,1,0.552093982696533,1,1,-1,1,0.334653854370117
28,2,2,61,-9,9,0,0.668241024017334,1,1,1,1,0.302093982696533
28,2,2,62,81,81,1,0.619400501251221,-1,-1,1,1,0.418241024017334
28,2,2,63,-27,27,0,0.635011434555054,1,1,-1,-1,0.369400501251221
28,2,2,64,3,3,0,0.802696228027344,-1,-1,1,1,0.385011434555054
28,2,2,65,-27,27,0,0.619013786315918,1,-1,-1,-1,0.552696228027344
28,2,2,66,-81,81,0,0.568784713745117,-1,-1,-1,1,0.369013786315918
28,2,2,67,3,3,1,0.534544467926025,-1,-1,-1,-1,0.318784713745117
28,2,2,68,-9,9,0,0.651125192642212,1,1,-1,-1,0.284544467926025
28,2,2,69,9,9,1,0.635011911392212,-1,-1,1,1,0.401125192642212
28,2,2,70,9,9,1,0.835432291030884,1,1,-1,-1,0.385011911392212
28,2,2,71,-0,0,1,0.902753591537476,1,1,1,1,0.585432291030884
28,2,2,72,3,3,1,0.600536823272705,-1,1,1,1,0.652753591537476
28,2,2,73,-27,27,0,0.752669095993042,1,1,1,-1,0.350536823272705
28,2,2,74,9,9,1,0.669150114059448,-1,-1,1,1,0.502669095993042
28,2,2,75,-27,27,0,0.685890913009644,1,1,-1,-1,0.419150114059448
28,2,2,76,9,9,1,0.735854387283325,-1,-1,1,1,0.435890913009644
28,2,2,77,-81,81,0,0.585933208465576,1,1,-1,-1,0.485854387283325
28,2,2,78,0,0,0,0.719159126281738,-1,-1,1,1,0.335933208465576
28,2,2,79,3,3,1,0.751107931137085,1,-1,-1,-1,0.469159126281738
28,2,2,80,-0,0,0,0.650537729263306,1,1,-1,1,0.501107931137085
28,2,2,81,-27,27,0,0.634360551834106,-1,-1,1,1,0.400537729263306
28,2,2,82,81,81,1,1.23441767692566,-1,-1,-1,-1,0.384360551834106
28,2,2,83,-3,3,0,0.636005163192749,1,1,-1,-1,0.984417676925659
28,2,2,84,27,27,1,0.586019039154053,-1,-1,1,1,0.386005163192749
28,2,2,85,-9,9,0,0.686285734176636,1,1,-1,-1,0.336019039154053
28,2,2,86,3,3,0,0.635967254638672,-1,-1,1,1,0.436285734176636
28,2,2,87,-27,27,0,0.617800951004028,1,-1,-1,-1,0.385967254638672
28,2,2,88,3,3,0,0.71918249130249,-1,-1,-1,1,0.367800951004028
28,2,2,89,0,0,1,0.802720308303833,1,-1,-1,-1,0.46918249130249
28,2,2,90,-9,9,0,0.635911226272583,1,1,-1,1,0.552720308303833
28,2,2,91,0,0,1,0.768572092056274,-1,-1,1,1,0.385911226272583
28,2,2,92,-9,9,0,0.567651271820068,1,1,-1,-1,0.518572092056274
28,2,2,93,9,9,0,0.619275808334351,-1,-1,1,1,0.317651271820068
28,2,2,94,81,81,1,0.567991018295288,1,-1,-1,-1,0.369275808334351
28,2,2,95,9,9,0,0.501117467880249,1,1,-1,1,0.317991018295288
28,2,2,96,-81,81,0,0.533828258514404,1,-1,1,1,0.251117467880249
28,2,2,97,3,3,1,0.91911792755127,-1,-1,-1,1,0.283828258514404
28,2,2,98,27,27,1,0.70238184928894,1,1,-1,-1,0.66911792755127
28,2,2,99,-81,81,0,0.701320171356201,1,1,1,1,0.45238184928894
28,2,3,2,81,81,1,0.584314346313477,-1,-1,-1,-1,0.40165376663208
28,2,3,3,-9,9,0,0.668774366378784,1,1,-1,-1,0.334314346313477
28,2,3,4,-3,3,0,0.983824014663696,-1,-1,1,1,0.418774366378784
28,2,3,5,-3,3,0,0.60316801071167,-1,-1,-1,-1,0.733824014663696
28,2,3,6,-27,27,0,0.56760311126709,-1,-1,-1,-1,0.35316801071167
28,2,3,7,-3,3,0,0.635879278182983,-1,-1,-1,-1,0.31760311126709
28,2,3,8,-0,0,0,0.652288913726807,-1,-1,-1,-1,0.385879278182983
28,2,3,9,27,27,1,0.635962963104248,-1,-1,-1,-1,0.402288913726807
28,2,3,10,81,81,1,0.618737936019897,1,1,-1,-1,0.385962963104248
28,2,3,11,81,81,1,0.617247343063354,1,1,1,1,0.368737936019897
28,2,3,12,0,0,0,0.567988634109497,1,1,1,1,0.367247343063354
28,2,3,13,27,27,1,0.568138599395752,1,-1,1,1,0.317988634109497
28,2,3,14,-3,3,0,0.652307271957397,1,1,-1,1,0.318138599395752
28,2,3,15,-27,27,0,0.600566625595093,-1,-1,1,1,0.402307271957397
28,2,3,16,9,9,1,0.90273904800415,-1,-1,-1,-1,0.350566625595093
28,2,3,17,-0,0,1,0.767847776412964,1,1,-1,-1,0.65273904800415
28,2,3,18,-0,0,0,0.669072151184082,-1,1,1,1,0.517847776412964
28,2,3,19,-9,9,0,0.617628335952759,-1,-1,1,-1,0.419072151184082
28,2,3,20,-3,3,0,0.634459972381592,-1,-1,-1,-1,0.367628335952759
28,2,3,21,-27,27,0,0.585639238357544,-1,-1,-1,-1,0.384459972381592
28,2,3,22,-27,27,0,0.684288024902344,-1,-1,-1,-1,0.335639238357544
28,2,3,23,-27,27,0,0.584388017654419,-1,-1,-1,-1,0.434288024902344
28,2,3,24,-27,27,0,0.651915311813354,-1,-1,-1,-1,0.334388017654419
28,2,3,25,-0,0,0,0.868046045303345,-1,-1,-1,-1,0.401915311813354
28,2,3,26,-0,0,1,0.667858123779297,-1,-1,-1,-1,0.618046045303345
28,2,3,27,-9,9,0,0.668002128601074,-1,1,-1,-1,0.417858123779297
28,2,3,28,-0,0,0,0.635648727416992,-1,-1,1,-1,0.418002128601074
28,2,3,29,-27,27,0,0.602200031280518,-1,-1,-1,-1,0.385648727416992
28,2,3,30,-9,9,0,0.635963916778564,-1,-1,-1,-1,0.352200031280518
28,2,3,31,-81,81,0,0.668865919113159,-1,-1,-1,-1,0.385963916778564
28,2,3,32,-81,81,0,0.601109981536865,-1,-1,-1,-1,0.418865919113159
28,2,3,33,-3,3,0,1.3343026638031,-1,-1,-1,-1,0.351109981536865
28,2,3,34,-9,9,0,0.619121074676514,-1,-1,-1,-1,1.0843026638031
28,2,3,35,-27,27,0,0.652305841445923,-1,-1,-1,-1,0.369121074676514
28,2,3,36,-27,27,0,0.568815946578979,-1,-1,-1,-1,0.402305841445923
28,2,3,37,-9,9,1,0.85256028175354,-1,-1,-1,-1,0.318815946578979
28,2,3,38,-9,9,0,0.635501861572266,-1,1,-1,-1,0.60256028175354
28,2,3,39,-0,0,0,0.602524280548096,-1,-1,1,-1,0.385501861572266
28,2,3,40,-81,81,0,0.58386492729187,-1,-1,-1,-1,0.352524280548096
28,2,3,41,-81,81,0,0.552412271499634,-1,-1,-1,-1,0.33386492729187
28,2,3,42,-3,3,0,0.603070020675659,-1,-1,-1,-1,0.302412271499634
28,2,3,43,-81,81,0,0.601996660232544,-1,-1,-1,-1,0.353070020675659
28,2,3,44,-27,27,0,0.567622423171997,-1,-1,-1,-1,0.351996660232544
28,2,3,45,-81,81,0,0.767204761505127,-1,-1,-1,-1,0.317622423171997
28,2,3,46,9,9,1,0.668688774108887,-1,-1,-1,-1,0.517204761505127
28,2,3,47,9,9,1,0.75052547454834,1,1,-1,-1,0.418688774108887
28,2,3,48,9,9,1,0.652533054351807,1,1,1,1,0.50052547454834
28,2,3,49,3,3,1,0.735909461975098,1,1,1,1,0.402533054351807
28,2,3,50,9,9,1,0.734478950500488,1,1,1,1,0.485909461975098
28,2,3,51,27,27,1,0.618996858596802,1,1,1,1,0.484478950500488
28,2,3,52,81,81,1,0.585319042205811,1,1,1,1,0.368996858596802
28,2,3,53,-3,3,1,0.601936101913452,1,1,1,1,0.335319042205811
28,2,3,54,-27,27,0,0.58455228805542,-1,1,1,1,0.351936101913452
28,2,3,55,-81,81,0,0.552056550979614,-1,-1,1,-1,0.33455228805542
28,2,3,56,-3,3,0,0.734702825546265,-1,-1,-1,-1,0.302056550979614
28,2,3,57,-81,81,0,0.618427991867065,-1,-1,-1,-1,0.484702825546265
28,2,3,58,-9,9,0,0.585781097412109,-1,-1,-1,-1,0.368427991867065
28,2,3,59,-3,3,0,0.802219867706299,-1,-1,-1,-1,0.335781097412109
28,2,3,60,-9,9,0,0.669019460678101,-1,-1,-1,-1,0.552219867706299
28,2,3,61,3,3,0,0.733831405639648,-1,-1,-1,-1,0.419019460678101
28,2,3,62,81,81,1,0.601186275482178,1,-1,-1,-1,0.483831405639648
28,2,3,63,9,9,1,0.586062908172607,1,1,-1,1,0.351186275482178
28,2,3,64,-0,0,1,1.13590979576111,1,1,1,1,0.336062908172607
28,2,3,65,-3,3,1,0.750935792922974,-1,1,1,1,0.885909795761108
28,2,3,66,9,9,1,0.618514537811279,-1,1,1,-1,0.500935792922974
28,2,3,67,81,81,1,0.550535678863525,1,1,1,-1,0.368514537811279
28,2,3,68,3,3,1,0.586045026779175,1,1,1,1,0.300535678863525
28,2,3,69,9,9,1,0.6172194480896,1,1,1,1,0.336045026779175
28,2,3,70,27,27,1,0.552096605300903,1,1,1,1,0.3672194480896
28,2,3,71,0,0,0,0.652214050292969,1,1,1,1,0.302096605300903
28,2,3,72,27,27,1,0.550951480865479,1,-1,1,1,0.402214050292969
28,2,3,73,81,81,1,0.617777109146118,1,1,-1,1,0.300951480865479
28,2,3,74,3,3,1,0.551938772201538,1,1,1,1,0.367777109146118
28,2,3,75,27,27,1,0.58594536781311,1,1,1,1,0.301938772201538
28,2,3,76,27,27,1,0.517151594161987,1,1,1,1,0.33594536781311
28,2,3,77,3,3,1,0.584277391433716,1,1,1,1,0.267151594161987
28,2,3,78,9,9,1,0.584290742874146,1,1,1,1,0.334277391433716
28,2,3,79,81,81,1,0.518015623092651,1,1,1,1,0.334290742874146
28,2,3,80,-3,3,1,0.584287405014038,1,1,1,1,0.268015623092651
28,2,3,81,-9,9,0,0.752660274505615,-1,1,1,1,0.334287405014038
28,2,3,82,-3,3,0,0.601133346557617,-1,-1,1,-1,0.502660274505615
28,2,3,83,-3,3,0,0.68566107749939,-1,-1,-1,-1,0.351133346557617
28,2,3,84,-9,9,0,0.918466806411743,-1,-1,-1,-1,0.43566107749939
28,2,3,85,-3,3,0,0.685806751251221,-1,-1,-1,-1,0.668466806411743
28,2,3,86,-0,0,0,0.634312629699707,-1,-1,-1,-1,0.435806751251221
28,2,3,87,-9,9,0,0.551771879196167,-1,-1,-1,-1,0.384312629699707
28,2,3,88,-3,3,0,0.551117420196533,-1,-1,-1,-1,0.301771879196167
28,2,3,89,-27,27,0,0.551185607910156,-1,-1,-1,-1,0.301117420196533
28,2,3,90,-81,81,0,0.551521062850952,-1,-1,-1,-1,0.301185607910156
28,2,3,91,-81,81,0,0.552858114242554,-1,-1,-1,-1,0.301521062850952
28,2,3,92,-27,27,0,0.585864067077637,-1,-1,-1,-1,0.302858114242554
28,2,3,93,-81,81,0,0.550537824630737,-1,-1,-1,-1,0.335864067077637
28,2,3,94,-27,27,0,0.552673101425171,-1,-1,-1,-1,0.300537824630737
28,2,3,95,-81,81,0,0.567201137542725,-1,-1,-1,-1,0.302673101425171
28,2,3,96,-27,27,0,0.585399866104126,-1,-1,-1,-1,0.317201137542725
28,2,3,97,9,9,1,0.651227712631226,-1,-1,-1,-1,0.335399866104126
28,2,3,98,-81,81,0,0.585524082183838,1,1,-1,-1,0.401227712631226
28,2,3,99,-81,81,0,0.600984811782837,-1,-1,1,1,0.335524082183838
28,2,4,2,9,9,1,0.568986177444458,-1,-1,1,-1,0.701342582702637
28,2,4,3,3,3,1,0.617791891098022,1,1,-1,-1,0.318986177444458
28,2,4,4,-0,0,0,0.752506732940674,1,1,1,1,0.367791891098022
28,2,4,5,9,9,1,0.983813047409058,-1,-1,1,1,0.502506732940674
28,2,4,6,3,3,0,0.700917959213257,1,1,-1,-1,0.733813047409058
28,2,4,7,-0,0,0,0.752298593521118,1,-1,1,1,0.450917959213257
28,2,4,8,-9,9,0,0.785091400146484,-1,-1,-1,1,0.502298593521118
28,2,4,9,-27,27,0,0.517668962478638,-1,-1,-1,-1,0.535091400146484
28,2,4,10,9,9,1,0.567184209823608,-1,-1,-1,-1,0.267668962478638
28,2,4,11,3,3,1,0.918864488601685,1,1,-1,-1,0.317184209823608
28,2,4,12,0,0,1,0.502367258071899,1,1,1,1,0.668864488601685
28,2,4,13,81,81,1,0.551103353500366,1,1,1,1,0.252367258071899
28,2,4,14,-27,27,0,0.601412534713745,1,1,1,1,0.301103353500366
28,2,4,15,0,0,1,0.968676090240479,-1,-1,1,1,0.351412534713745
28,2,4,16,81,81,1,0.551151752471924,1,1,-1,-1,0.718676090240479
28,2,4,17,-27,27,0,0.534276962280273,1,1,1,1,0.301151752471924
28,2,4,18,81,81,1,0.568558931350708,-1,-1,1,1,0.284276962280273
28,2,4,19,81,81,1,0.585947275161743,1,1,-1,-1,0.318558931350708
28,2,4,20,9,9,1,0.568613767623901,1,1,1,1,0.335947275161743
28,2,4,21,-0,0,0,0.584440946578979,1,1,1,1,0.318613767623901
28,2,4,22,-81,81,0,0.483834981918335,-1,-1,1,1,0.334440946578979
28,2,4,23,81,81,1,0.517807722091675,-1,-1,-1,-1,0.233834981918335
28,2,4,24,9,9,1,0.733829975128174,1,1,-1,-1,0.267807722091675
28,2,4,25,-3,3,0,0.969212770462036,1,1,1,1,0.483829975128174
28,2,4,26,81,81,1,0.550517320632935,-1,-1,1,1,0.719212770462036
28,2,4,27,-27,27,0,0.601197242736816,1,1,-1,-1,0.300517320632935
28,2,4,28,81,81,1,0.535717248916626,-1,-1,1,1,0.351197242736816
28,2,4,29,-3,3,1,0.636035919189453,1,1,-1,-1,0.285717248916626
28,2,4,30,-3,3,1,0.936123371124268,-1,1,1,1,0.386035919189453
28,2,4,31,-27,27,0,0.568450450897217,-1,1,1,-1,0.686123371124268
28,2,4,32,-3,3,0,0.551340341567993,-1,-1,1,-1,0.318450450897217
28,2,4,33,0,0,0,0.635626554489136,-1,-1,-1,-1,0.301340341567993
28,2,4,34,27,27,1,0.568977117538452,1,-1,-1,-1,0.385626554489136
28,2,4,35,27,27,1,0.552570104598999,1,1,-1,1,0.318977117538452
28,2,4,36,-3,3,0,0.734696388244629,1,1,1,1,0.302570104598999
28,2,4,37,3,3,1,0.869385957717896,-1,-1,1,1,0.484696388244629
28,2,4,38,-9,9,0,0.502077579498291,1,1,-1,-1,0.619385957717896
28,2,4,39,9,9,1,0.48586106300354,-1,-1,1,1,0.252077579498291
28,2,4,40,81,81,1,0.585762977600098,1,1,-1,-1,0.23586106300354
28,2,4,41,-3,3,1,1.03513550758362,1,1,1,1,0.335762977600098
28,2,4,42,27,27,1,0.51874303817749,-1,1,1,1,0.785135507583618
28,2,4,43,81,81,1,0.534494876861572,1,1,1,-1,0.26874303817749
28,2,4,44,81,81,1,0.619168758392334,1,1,1,1,0.284494876861572
28,2,4,45,81,81,1,0.552226305007935,1,1,1,1,0.369168758392334
28,2,4,46,9,9,1,0.619284629821777,1,1,1,1,0.302226305007935
28,2,4,47,-27,27,0,0.634289026260376,1,1,1,1,0.369284629821777
28,2,4,48,-9,9,0,0.63446307182312,-1,-1,1,1,0.384289026260376
28,2,4,49,27,27,1,0.636378049850464,-1,-1,-1,-1,0.38446307182312
28,2,4,50,3,3,1,0.852590084075928,1,1,-1,-1,0.386378049850464
28,2,4,51,-3,3,0,0.817878484725952,1,1,1,1,0.602590084075928
28,2,4,52,-3,3,0,0.667631864547729,-1,-1,1,1,0.567878484725952
28,2,4,53,-27,27,0,0.517598867416382,-1,-1,-1,-1,0.417631864547729
28,2,4,54,-9,9,0,0.60293173789978,-1,-1,-1,-1,0.267598867416382
28,2,4,55,0,0,1,0.634428977966309,-1,-1,-1,-1,0.35293173789978
28,2,4,56,-27,27,0,0.568523168563843,1,1,-1,-1,0.384428977966309
28,2,4,57,-27,27,0,0.517922639846802,-1,-1,1,1,0.318523168563843
28,2,4,58,-81,81,0,0.56763482093811,-1,-1,-1,-1,0.267922639846802
28,2,4,59,81,81,1,0.585349559783936,-1,-1,-1,-1,0.31763482093811
28,2,4,60,27,27,1,0.583867788314819,1,1,-1,-1,0.335349559783936
28,2,4,61,27,27,1,0.552671670913696,1,1,1,1,0.333867788314819
28,2,4,62,-3,3,0,0.602552652359009,1,1,1,1,0.302671670913696
28,2,4,63,-9,9,0,0.634500980377197,-1,-1,1,1,0.352552652359009
28,2,4,64,-27,27,0,0.550550937652588,-1,-1,-1,-1,0.384500980377197
28,2,4,65,-9,9,0,0.584629058837891,-1,-1,-1,-1,0.300550937652588
28,2,4,66,-3,3,0,0.602503538131714,-1,-1,-1,-1,0.334629058837891
28,2,4,67,-81,81,0,0.586032867431641,-1,-1,-1,-1,0.352503538131714
28,2,4,68,9,9,0,0.651963233947754,-1,-1,-1,-1,0.336032867431641
28,2,4,69,0,0,0,0.719260931015015,1,-1,-1,-1,0.401963233947754
28,2,4,73,-81,81,0,0.517175674438477,-1,-1,-1,1,0.435367822647095
28,2,4,74,81,81,1,0.585280895233154,-1,-1,-1,-1,0.267175674438477
28,2,4,75,9,9,1,0.534290313720703,1,1,-1,-1,0.335280895233154
28,2,4,76,-81,81,0,0.885664701461792,1,1,1,1,0.284290313720703
28,2,4,77,-27,27,0,0.502429485321045,-1,-1,1,1,0.635664701461792
28,2,4,78,3,3,1,0.567174434661865,-1,-1,-1,-1,0.252429485321045
28,2,4,79,0,0,0,0.584324359893799,1,1,-1,-1,0.317174434661865
28,2,4,80,81,81,1,0.536025285720825,1,-1,1,1,0.334324359893799
28,2,4,81,-81,81,0,0.568529605865479,1,1,-1,1,0.286025285720825
28,2,4,82,-9,9,1,0.685741186141968,-1,-1,1,1,0.318529605865479
28,2,4,83,9,9,1,0.869022369384766,-1,1,-1,-1,0.435741186141968
28,2,4,84,3,3,1,0.736030101776123,1,1,1,-1,0.619022369384766
28,2,4,85,81,81,1,0.552051782608032,1,1,1,1,0.486030101776123
28,2,4,86,0,0,0,0.651096343994141,1,1,1,1,0.302051782608032
28,2,4,87,-3,3,0,0.585600852966309,1,-1,1,1,0.401096343994141
28,2,4,88,3,3,1,0.6505446434021,-1,-1,-1,1,0.335600852966309
28,2,4,89,27,27,1,0.652225971221924,1,1,-1,-1,0.4005446434021
28,2,4,90,27,27,1,0.769415855407715,1,1,1,1,0.402225971221924
28,2,4,91,-9,9,1,0.751102924346924,1,1,1,1,0.519415855407715
28,2,4,92,-9,9,0,0.584454536437988,-1,1,1,1,0.501102924346924
28,2,4,93,-27,27,0,0.419451713562012,-1,-1,1,-1,0.334454536437988
28,2,4,94,27,27,1,0.502447366714478,-1,-1,-1,-1,0.169451713562012
28,2,4,95,-9,9,0,0.533860206604004,1,1,-1,-1,0.252447366714478
28,2,4,96,-9,9,0,0.568802833557129,-1,-1,1,1,0.283860206604004
28,2,4,97,3,3,0,0.835659980773926,-1,-1,-1,-1,0.318802833557129
28,2,4,98,-81,81,0,0.619265079498291,1,-1,-1,-1,0.585659980773926
28,2,4,99,-0,0,1,0.668004751205444,-1,-1,-1,1,0.369265079498291
28,2,5,2,-0,0,0,0.902132034301758,1,-1,-1,-1,0.385613679885864
28,2,5,3,27,27,1,0.685408353805542,-1,-1,-1,1,0.652132034301758
28,2,5,4,-81,81,0,0.601956605911255,1,1,-1,-1,0.435408353805542
28,2,5,5,-27,27,0,0.667197465896606,-1,-1,1,1,0.351956605911255
28,2,5,6,81,81,1,0.668196678161621,-1,-1,-1,-1,0.417197465896606
28,2,5,7,81,81,1,0.685415983200073,1,1,-1,-1,0.418196678161621
28,2,5,8,-0,0,0,0.867613792419434,1,1,1,1,0.435415983200073
28,2,5,9,27,27,1,0.619439125061035,-1,-1,1,1,0.617613792419434
28,2,5,10,-27,27,0,0.885858774185181,1,1,-1,-1,0.369439125061035
28,2,5,11,0,0,0,0.635873556137085,-1,-1,1,1,0.635858774185181
28,2,5,12,9,9,0,0.883806943893433,1,-1,-1,-1,0.385873556137085
28,2,5,13,-27,27,0,0.635278463363647,1,-1,-1,1,0.633806943893433
28,2,5,14,-27,27,0,0.685649633407593,-1,-1,-1,1,0.385278463363647
28,2,5,15,-27,27,0,0.685950994491577,-1,-1,-1,-1,0.435649633407593
28,2,5,16,3,3,0,0.769403457641602,-1,-1,-1,-1,0.435950994491577
28,2,5,17,-81,81,0,0.617172956466675,1,-1,-1,-1,0.519403457641602
28,2,5,18,-3,3,0,0.751042366027832,-1,-1,-1,1,0.367172956466675
28,2,5,19,0,0,0,0.918734788894653,-1,-1,-1,-1,0.501042366027832
28,2,5,20,-3,3,0,0.851778745651245,1,-1,-1,-1,0.668734788894653
28,2,5,21,9,9,1,0.634324550628662,-1,-1,-1,1,0.601778745651245
28,2,5,22,3,3,1,0.800994396209717,1,1,-1,-1,0.384324550628662
28,2,5,23,-9,9,0,0.533818960189819,1,1,1,1,0.550994396209717
28,2,5,24,27,27,1,0.584579467773438,-1,-1,1,1,0.283818960189819
28,2,5,25,27,27,1,0.602168798446655,1,1,-1,-1,0.334579467773438
28,2,5,26,-9,9,0,0.701120853424072,1,1,1,1,0.352168798446655
28,2,5,27,81,81,1,0.635925054550171,-1,-1,1,1,0.451120853424072
28,2,5,28,-81,81,0,0.601321935653687,1,1,-1,-1,0.385925054550171
28,2,5,29,3,3,1,0.7356276512146,-1,-1,1,1,0.351321935653687
28,2,5,30,-9,9,0,0.600664138793945,1,1,-1,-1,0.4856276512146
28,2,5,31,3,3,0,0.667599201202393,-1,-1,1,1,0.350664138793945
28,2,5,32,-81,81,0,0.619481801986694,1,-1,-1,-1,0.417599201202393
28,2,5,33,-9,9,0,0.619045257568359,-1,-1,-1,1,0.369481801986694
28,2,5,34,81,81,1,0.584282875061035,-1,-1,-1,-1,0.369045257568359
28,2,5,35,-27,27,0,0.601324081420898,1,1,-1,-1,0.334282875061035
28,2,5,36,3,3,0,1.10111141204834,-1,-1,1,1,0.351324081420898
28,2,5,37,-0,0,0,0.767148017883301,1,-1,-1,-1,0.85111141204834
28,2,5,38,-3,3,0,0.917778253555298,-1,-1,-1,1,0.517148017883301
28,2,5,39,-3,3,0,0.719322681427002,-1,-1,-1,-1,0.667778253555298
28,2,5,40,27,27,1,0.751760244369507,-1,-1,-1,-1,0.469322681427002
28,2,5,41,-0,0,0,0.633893013000488,1,1,-1,-1,0.501760244369507
28,2,5,42,9,9,0,0.685277700424194,-1,-1,1,1,0.383893013000488
28,2,5,43,-9,9,0,0.63556694984436,1,-1,-1,-1,0.435277700424194
28,2,5,44,9,9,0,0.684265375137329,-1,-1,-1,1,0.38556694984436
28,2,5,45,-3,3,1,0.801162719726562,1,-1,-1,-1,0.434265375137329
28,2,5,46,81,81,1,0.83576774597168,-1,1,-1,1,0.551162719726562
28,2,5,47,-9,9,0,0.602014064788818,1,1,1,-1,0.58576774597168
28,2,5,48,81,81,1,0.635938167572021,-1,-1,1,1,0.352014064788818
28,2,5,49,27,27,1,0.617930173873901,1,1,-1,-1,0.385938167572021
28,2,5,50,-0,0,0,0.601581335067749,1,1,1,1,0.367930173873901
28,2,5,51,3,3,1,0.685977935791016,-1,-1,1,1,0.351581335067749
28,2,5,52,27,27,1,0.68514609336853,1,1,-1,-1,0.435977935791016
28,2,5,53,-27,27,0,0.585910797119141,1,1,1,1,0.43514609336853
28,2,5,54,9,9,1,0.58531665802002,-1,-1,1,1,0.335910797119141
28,2,5,55,-81,81,0,0.618768453598022,1,1,-1,-1,0.33531665802002
28,2,5,56,9,9,1,0.652573585510254,-1,-1,1,1,0.368768453598022
28,2,5,57,-3,3,0,0.568457365036011,1,1,-1,-1,0.402573585510254
28,2,5,58,27,27,1,0.568739414215088,-1,-1,1,1,0.318457365036011
28,2,5,59,-81,81,0,0.583828210830688,1,1,-1,-1,0.318739414215088
28,2,5,60,27,27,1,0.66886830329895,-1,-1,1,1,0.333828210830688
28,2,5,61,-3,3,1,0.701974868774414,1,1,-1,-1,0.41886830329895
28,2,5,62,27,27,1,0.567608833312988,-1,1,1,1,0.451974868774414
28,2,5,63,3,3,0,0.652478933334351,1,1,1,-1,0.317608833312988
28,2,5,64,-27,27,0,0.583836317062378,1,-1,1,1,0.402478933334351
28,2,5,65,27,27,1,0.56818699836731,-1,-1,-1,1,0.333836317062378
28,2,5,66,81,81,1,0.602092266082764,1,1,-1,-1,0.31818699836731
28,2,5,67,-9,9,0,0.719231128692627,1,1,1,1,0.352092266082764
28,2,5,68,0,0,1,0.76720666885376,-1,-1,1,1,0.469231128692627
28,2,5,69,0,0,0,0.952809572219849,1,1,-1,-1,0.51720666885376
28,2,5,70,-3,3,1,0.567994594573975,1,-1,1,1,0.702809572219849
28,2,5,71,9,9,1,0.667633295059204,-1,1,-1,1,0.317994594573975
28,2,5,72,-81,81,0,0.53433632850647,1,1,1,-1,0.417633295059204
28,2,5,73,-3,3,0,0.618609666824341,-1,-1,1,1,0.28433632850647
28,2,5,74,9,9,1,0.619375944137573,-1,-1,-1,-1,0.368609666824341
28,2,5,75,0,0,0,0.902589797973633,1,1,-1,-1,0.369375944137573
28,2,5,76,3,3,0,0.684309244155884,1,-1,1,1,0.652589797973633
28,2,5,77,81,81,1,0.56873345375061,1,-1,-1,1,0.434309244155884
28,2,5,78,-3,3,0,0.668461084365845,1,1,-1,1,0.31873345375061
28,2,5,79,9,9,1,0.634416103363037,-1,-1,1,1,0.418461084365845
28,2,5,80,-27,27,0,0.552850961685181,1,1,-1,-1,0.384416103363037
28,2,5,81,81,81,1,0.602439641952515,-1,-1,1,1,0.302850961685181
28,2,5,82,9,9,1,0.584518909454346,1,1,-1,-1,0.352439641952515
28,2,5,83,-9,9,1,0.602757930755615,1,1,1,1,0.334518909454346
28,2,5,84,81,81,1,0.517669200897217,-1,1,1,1,0.352757930755615
28,2,5,85,27,27,1,0.585098505020142,1,1,1,-1,0.267669200897217
28,2,5,86,-81,81,0,0.617683887481689,1,1,1,1,0.335098505020142
28,2,5,87,9,9,1,0.669391393661499,-1,-1,1,1,0.367683887481689
28,2,5,88,-9,9,0,0.603003025054932,1,1,-1,-1,0.419391393661499
28,2,5,89,27,27,0,0.534495115280151,-1,-1,1,1,0.353003025054932
28,2,5,90,9,9,1,0.535485744476318,1,-1,-1,-1,0.284495115280151
28,2,5,91,3,3,1,0.568231105804443,1,1,-1,1,0.285485744476318
28,2,5,92,-81,81,0,0.619455814361572,1,1,1,1,0.318231105804443
28,2,5,93,0,0,0,0.600945234298706,-1,-1,1,1,0.369455814361572
28,2,5,94,-81,81,0,0.600544452667236,1,-1,-1,-1,0.350945234298706
28,2,5,95,3,3,0,0.868964672088623,-1,-1,-1,1,0.350544452667236
28,2,5,96,-9,9,0,0.634448051452637,1,-1,-1,-1,0.618964672088623
28,2,5,97,3,3,0,0.685913324356079,-1,-1,-1,1,0.384448051452637
28,2,5,98,-81,81,0,0.601384401321411,1,-1,-1,-1,0.435913324356079
28,2,5,99,-81,81,0,0.70112681388855,-1,-1,-1,1,0.351384401321411
28,2,6,2,81,81,1,0.569387197494507,-1,-1,-1,-1,0.302469968795776
28,2,6,3,-27,27,0,0.651145458221436,1,1,-1,-1,0.319387197494507
28,2,6,4,9,9,1,0.701943635940552,-1,-1,1,1,0.401145458221436
28,2,6,5,-27,27,0,0.685535669326782,1,1,-1,-1,0.451943635940552
28,2,6,6,-3,3,0,0.735694646835327,-1,-1,1,1,0.435535669326782
28,2,6,7,-0,0,1,0.635604619979858,-1,-1,-1,-1,0.485694646835327
28,2,6,8,3,3,0,0.669351816177368,-1,1,-1,-1,0.385604619979858
28,2,6,9,81,81,1,0.652173042297363,1,-1,1,-1,0.419351816177368
28,2,6,10,27,27,1,0.651169300079346,1,1,-1,1,0.402173042297363
28,2,6,11,-81,81,0,0.635545015335083,1,1,1,1,0.401169300079346
28,2,6,12,-9,9,0,0.701074123382568,-1,-1,1,1,0.385545015335083
28,2,6,13,-27,27,0,0.550511121749878,-1,-1,-1,-1,0.451074123382568
28,2,6,14,27,27,1,0.650951862335205,-1,-1,-1,-1,0.300511121749878
28,2,6,15,81,81,1,0.652460098266602,1,1,-1,-1,0.400951862335205
28,2,6,16,27,27,1,0.600930213928223,1,1,1,1,0.402460098266602
28,2,6,17,27,27,1,0.601968050003052,1,1,1,1,0.350930213928223
28,2,6,18,-81,81,0,0.768416404724121,1,1,1,1,0.351968050003052
28,2,6,19,9,9,1,1.00219130516052,-1,-1,1,1,0.518416404724121
28,2,6,20,27,27,1,0.801170587539673,1,1,-1,-1,0.752191305160522
28,2,6,21,-3,3,0,0.669653654098511,1,1,1,1,0.551170587539673
28,2,6,22,9,9,1,0.617164850234985,-1,-1,1,1,0.419653654098511
28,2,6,23,-3,3,0,0.71898627281189,1,1,-1,-1,0.367164850234985
28,2,6,24,27,27,1,0.602532386779785,-1,-1,1,1,0.46898627281189
28,2,6,25,3,3,0,0.867796182632446,1,1,-1,-1,0.352532386779785
28,2,6,26,0,0,1,1.11801314353943,1,-1,1,1,0.617796182632446
28,2,6,27,3,3,1,0.634423732757568,1,1,-1,1,0.868013143539429
28,2,6,28,81,81,1,0.584463596343994,1,1,1,1,0.384423732757568
28,2,6,29,3,3,0,0.86853289604187,1,1,1,1,0.334463596343994
28,2,6,30,3,3,1,0.718530893325806,1,-1,1,1,0.61853289604187
28,2,6,31,-81,81,0,0.719010591506958,1,1,-1,1,0.468530893325806
28,2,6,32,3,3,0,0.71848464012146,-1,-1,1,1,0.469010591506958
28,2,6,33,9,9,1,0.668736457824707,1,-1,-1,-1,0.46848464012146
28,2,6,34,0,0,0,0.850533485412598,1,1,-1,1,0.418736457824707
28,2,6,35,27,27,1,0.633886337280273,1,-1,1,1,0.600533485412598
28,2,6,36,-81,81,0,0.651098012924194,1,1,-1,1,0.383886337280273
28,2,6,37,-0,0,0,0.851980447769165,-1,-1,1,1,0.401098012924194
28,2,6,38,0,0,0,0.834990262985229,-1,-1,-1,-1,0.601980447769165
28,2,6,39,9,9,0,0.651022911071777,1,-1,-1,-1,0.584990262985229
28,2,6,40,9,9,1,0.583817958831787,1,-1,-1,1,0.401022911071777
28,2,6,41,-0,0,0,0.650493860244751,1,1,-1,1,0.333817958831787
28,2,6,42,-27,27,0,0.600488662719727,-1,-1,1,1,0.400493860244751
28,2,6,43,-3,3,0,0.702253818511963,-1,-1,-1,-1,0.350488662719727
28,2,6,44,81,81,1,0.583890438079834,-1,-1,-1,-1,0.452253818511963
28,2,6,45,27,27,1,0.601020812988281,1,1,-1,-1,0.333890438079834
28,2,6,46,-81,81,0,0.635360240936279,1,1,1,1,0.351020812988281
28,2,6,47,3,3,0,0.802669286727905,-1,-1,1,1,0.385360240936279
28,2,6,48,-81,81,0,0.617623090744019,1,-1,-1,-1,0.552669286727905
28,2,6,49,-81,81,0,0.63442325592041,-1,-1,-1,1,0.367623090744019
28,2,6,50,0,0,0,0.851118803024292,-1,-1,-1,-1,0.38442325592041
28,2,6,51,-3,3,0,0.652574777603149,1,-1,-1,-1,0.601118803024292
28,2,6,52,-9,9,0,0.819198608398438,-1,-1,-1,1,0.402574777603149
28,2,6,53,-3,3,0,0.734369516372681,-1,-1,-1,-1,0.569198608398438
28,2,6,54,-81,81,0,0.601001501083374,-1,-1,-1,-1,0.484369516372681
28,2,6,55,-3,3,0,0.834403514862061,-1,-1,-1,-1,0.351001501083374
28,2,6,56,27,27,1,0.634771347045898,-1,-1,-1,-1,0.584403514862061
28,2,6,57,0,0,1,0.952600479125977,1,1,-1,-1,0.384771347045898
28,2,6,58,-3,3,0,0.919612884521484,1,1,1,1,0.702600479125977
28,2,6,59,-0,0,0,0.817158937454224,-1,-1,1,1,0.669612884521484
28,2,6,60,81,81,1,0.617611885070801,-1,-1,-1,-1,0.567158937454224
28,2,6,61,9,9,1,0.619325399398804,1,1,-1,-1,0.367611885070801
28,2,6,62,-0,0,0,1.03442144393921,1,1,1,1,0.369325399398804
28,2,6,63,-0,0,0,1.102614402771,-1,-1,1,1,0.784421443939209
28,2,6,64,81,81,1,0.602094173431396,-1,-1,-1,-1,0.852614402770996
28,2,6,65,-81,81,0,0.61984395980835,1,1,-1,-1,0.352094173431396
28,2,6,66,-9,9,0,0.702282428741455,-1,-1,1,1,0.36984395980835
28,2,6,67,9,9,1,0.600537538528442,-1,-1,-1,-1,0.452282428741455
28,2,6,68,-81,81,0,0.601100921630859,1,1,-1,-1,0.350537538528442
28,2,6,69,-9,9,0,0.60263466835022,-1,-1,1,1,0.351100921630859
28,2,6,70,9,9,0,0.635394811630249,-1,-1,-1,-1,0.35263466835022
28,2,6,71,9,9,1,0.619375228881836,1,-1,-1,-1,0.385394811630249
28,2,6,72,3,3,1,0.65180778503418,1,1,-1,1,0.369375228881836
28,2,6,73,-27,27,0,0.567935466766357,1,1,1,1,0.40180778503418
28,2,6,74,-9,9,0,0.752125978469849,-1,-1,1,1,0.317935466766357
28,2,6,75,-3,3,0,0.635289907455444,-1,-1,-1,-1,0.502125978469849
28,2,6,76,81,81,1,0.584442615509033,-1,-1,-1,-1,0.385289907455444
28,2,6,77,-27,27,0,0.568576812744141,1,1,-1,-1,0.334442615509033
28,2,6,78,9,9,1,1.08443284034729,-1,-1,1,1,0.318576812744141
28,2,6,79,3,3,1,0.551912546157837,1,1,-1,-1,0.83443284034729
28,2,6,80,9,9,1,0.901104927062988,1,1,1,1,0.301912546157837
28,2,6,81,-27,27,0,0.584456443786621,1,1,1,1,0.651104927062988
28,2,6,82,-27,27,0,0.668791770935059,-1,-1,1,1,0.334456443786621
28,2,6,83,27,27,1,0.583882331848145,-1,-1,-1,-1,0.418791770935059
28,2,6,84,3,3,1,0.702291250228882,1,1,-1,-1,0.333882331848145
28,2,6,85,-9,9,0,0.66777515411377,1,1,1,1,0.452291250228882
28,2,6,86,-3,3,0,0.717202425003052,-1,-1,1,1,0.41777515411377
28,2,6,87,-27,27,0,0.619245052337646,-1,-1,-1,-1,0.467202425003052
28,2,6,88,-81,81,0,0.61929178237915,-1,-1,-1,-1,0.369245052337646
28,2,6,89,3,3,0,0.834288120269775,-1,-1,-1,-1,0.36929178237915
28,2,6,90,9,9,0,0.968816757202148,1,-1,-1,-1,0.584288120269775
28,2,6,91,27,27,1,0.602641820907593,1,-1,-1,1,0.718816757202148
28,2,6,92,-81,81,0,0.617675065994263,1,1,-1,1,0.352641820907593
28,2,6,93,-9,9,0,0.735836267471313,-1,-1,1,1,0.367675065994263
28,2,6,94,9,9,1,0.684268951416016,-1,-1,-1,-1,0.485836267471313
28,2,6,95,3,3,0,0.636864423751831,1,1,-1,-1,0.434268951416016
28,2,6,96,-81,81,0,0.551114320755005,1,-1,1,1,0.386864423751831
28,2,6,97,-9,9,0,0.617611408233643,-1,-1,-1,1,0.301114320755005
28,2,6,98,81,81,1,0.617660284042358,-1,-1,-1,-1,0.367611408233643
28,2,6,99,-27,27,0,0.584573984146118,1,1,-1,-1,0.367660284042358
28,3,1,2,9,9,1,1.23495221138,1,-1,-1,1,0.484579086303711
28,3,1,3,-81,81,0,0.767197370529175,1,1,-1,1,0.984952211380005
28,3,1,4,9,9,1,0.717654943466187,-1,-1,1,1,0.517197370529175
28,3,1,5,-81,81,0,0.667163848876953,1,1,-1,-1,0.467654943466187
28,3,1,6,3,3,0,0.668145179748535,-1,-1,1,1,0.417163848876953
28,3,1,7,-27,27,0,0.917162179946899,1,-1,-1,-1,0.418145179748535
28,3,1,8,27,27,1,0.617214202880859,-1,-1,-1,1,0.667162179946899
28,3,1,9,27,27,1,0.600558042526245,1,1,-1,-1,0.367214202880859
28,3,1,10,-81,81,0,0.683890104293823,1,1,1,1,0.350558042526245
28,3,1,11,-27,27,0,0.634271144866943,-1,-1,1,1,0.433890104293823
28,3,1,12,81,81,1,0.66759181022644,-1,-1,-1,-1,0.384271144866943
28,3,1,13,-0,0,0,0.767751455307007,1,1,-1,-1,0.41759181022644
28,3,1,14,-27,27,0,0.85048246383667,-1,-1,1,1,0.517751455307007
28,3,1,15,-81,81,0,0.600564241409302,-1,-1,-1,-1,0.60048246383667
28,3,1,16,9,9,0,0.850539445877075,-1,-1,-1,-1,0.350564241409302
28,3,1,17,-27,27,0,0.650556325912476,1,-1,-1,-1,0.600539445877075
28,3,1,18,-27,27,0,0.800515413284302,-1,-1,-1,1,0.400556325912476
28,3,1,19,-9,9,0,0.684288501739502,-1,-1,-1,-1,0.550515413284302
28,3,1,20,-0,0,1,0.717142343521118,-1,-1,-1,-1,0.434288501739502
28,3,1,21,-3,3,1,0.934397220611572,-1,1,-1,-1,0.467142343521118
28,3,1,22,-0,0,0,0.800605297088623,-1,1,1,-1,0.684397220611572
28,3,1,23,-27,27,0,0.684346199035645,-1,-1,1,-1,0.550605297088623
28,3,1,24,27,27,1,0.668220996856689,-1,-1,-1,-1,0.434346199035645
28,3,1,25,9,9,0,0.651154279708862,1,1,-1,-1,0.418220996856689
28,3,1,26,9,9,1,0.617164134979248,1,-1,1,1,0.401154279708862
28,3,1,27,3,3,1,0.833851337432861,1,1,-1,1,0.367164134979248
28,3,1,28,3,3,1,0.784767627716064,1,1,1,1,0.583851337432861
28,3,1,29,-3,3,0,0.633928060531616,1,1,1,1,0.534767627716064
28,3,1,30,-3,3,0,0.600507020950317,-1,-1,1,1,0.383928060531616
28,3,1,31,-81,81,0,0.567161083221436,-1,-1,-1,-1,0.350507020950317
28,3,1,32,9,9,0,0.617591619491577,-1,-1,-1,-1,0.317161083221436
28,3,1,33,9,9,0,0.66713809967041,1,-1,-1,-1,0.367591619491577
28,3,1,34,9,9,0,0.66715669631958,1,-1,-1,1,0.41713809967041
28,3,1,35,81,81,1,0.617596864700317,1,-1,-1,1,0.41715669631958
28,3,1,36,-81,81,0,0.550541162490845,1,1,-1,1,0.367596864700317
28,3,1,37,-3,3,0,0.650577068328857,-1,-1,1,1,0.300541162490845
28,3,1,38,-27,27,0,0.66727876663208,-1,-1,-1,-1,0.400577068328857
28,3,1,39,9,9,1,0.733871459960938,-1,-1,-1,-1,0.41727876663208
28,3,1,40,-81,81,0,0.618117332458496,1,1,-1,-1,0.483871459960938
28,3,1,41,9,9,0,0.650535821914673,-1,-1,1,1,0.368117332458496
28,3,1,42,9,9,1,0.750556230545044,1,-1,-1,-1,0.400535821914673
28,3,1,43,-81,81,0,0.600566387176514,1,1,-1,1,0.500556230545044
28,3,1,44,3,3,0,0.51763653755188,-1,-1,1,1,0.350566387176514
28,3,1,45,-9,9,0,0.950558662414551,1,-1,-1,-1,0.26763653755188
28,3,1,46,-0,0,1,0.634297370910645,-1,-1,-1,1,0.700558662414551
28,3,1,47,81,81,1,0.617182970046997,-1,1,-1,-1,0.384297370910645
28,3,1,48,9,9,0,0.667184829711914,1,1,1,-1,0.367182970046997
28,3,1,49,-9,9,1,0.967689275741577,1,-1,1,1,0.417184829711914
28,3,1,50,-3,3,1,0.733880758285522,-1,1,-1,1,0.717689275741577
28,3,1,51,-27,27,0,0.800543308258057,-1,1,1,-1,0.483880758285522
28,3,1,52,3,3,1,0.785580396652222,-1,-1,1,-1,0.550543308258057
28,3,1,53,3,3,1,0.73385214805603,1,1,-1,-1,0.535580396652222
28,3,1,54,-0,0,0,0.700589179992676,1,1,1,1,0.48385214805603
28,3,1,55,-3,3,0,0.717138290405273,-1,-1,1,1,0.450589179992676
28,3,1,56,-27,27,0,0.734292507171631,-1,-1,-1,-1,0.467138290405273
28,3,1,57,-0,0,1,0.800944328308105,-1,-1,-1,-1,0.484292507171631
28,3,1,58,9,9,0,0.650545597076416,-1,1,-1,-1,0.550944328308105
28,3,1,59,-81,81,0,0.567220687866211,1,-1,1,-1,0.400545597076416
28,3,1,60,81,81,1,0.651013612747192,-1,-1,-1,1,0.317220687866211
28,3,1,61,-27,27,0,0.633888244628906,1,1,-1,-1,0.401013612747192
28,3,1,62,-3,3,0,0.751849412918091,-1,-1,1,1,0.383888244628906
28,3,1,63,-0,0,1,0.86789870262146,-1,-1,-1,-1,0.501849412918091
28,3,1,64,3,3,1,0.718596696853638,-1,1,-1,-1,0.61789870262146
28,3,1,65,-0,0,0,0.733852386474609,1,1,1,-1,0.468596696853638
28,3,1,66,-27,27,0,0.567186594009399,-1,-1,1,1,0.483852386474609
28,3,1,67,3,3,1,0.634320497512817,-1,-1,-1,-1,0.317186594009399
28,3,1,68,-27,27,0,0.917210578918457,1,1,-1,-1,0.384320497512817
28,3,1,69,-81,81,0,0.650483369827271,-1,-1,1,1,0.667210578918457
28,3,1,70,3,3,1,0.717199563980103,-1,-1,-1,-1,0.400483369827271
28,3,1,71,27,27,1,0.585387945175171,1,1,-1,-1,0.467199563980103
28,3,1,72,-27,27,1,0.600939989089966,1,1,1,1,0.335387945175171
28,3,1,73,-27,27,0,0.583882331848145,-1,1,1,1,0.350939989089966
28,3,1,74,27,27,1,0.917206525802612,-1,-1,1,-1,0.333882331848145
28,3,1,75,-81,81,0,1.08391237258911,1,1,-1,-1,0.667206525802612
28,3,1,76,-81,81,0,1.05056214332581,-1,-1,1,1,0.833912372589111
28,3,1,77,-3,3,0,0.517933368682861,-1,-1,-1,-1,0.800562143325806
28,3,1,78,-27,27,0,0.717203378677368,-1,-1,-1,-1,0.267933368682861
28,3,1,79,-0,0,1,0.650989770889282,-1,-1,-1,-1,0.467203378677368
28,3,1,80,-9,9,1,0.684255599975586,-1,1,-1,-1,0.400989770889282
28,3,1,81,3,3,0,0.700964450836182,-1,1,1,-1,0.434255599975586
28,3,1,82,27,27,1,0.73436975479126,1,-1,1,-1,0.450964450836182
28,3,1,83,-3,3,0,0.700948476791382,1,1,-1,1,0.48436975479126
28,3,1,84,-27,27,0,0.634343147277832,-1,-1,1,1,0.450948476791382
28,3,1,85,-81,81,0,0.584262132644653,-1,-1,-1,-1,0.384343147277832
28,3,1,86,3,3,1,0.667214870452881,-1,-1,-1,-1,0.334262132644653
28,3,1,87,-81,81,0,0.667662620544434,1,1,-1,-1,0.417214870452881
28,3,1,88,9,9,0,0.668705463409424,-1,-1,1,1,0.417662620544434
28,3,1,89,9,9,0,0.584276914596558,1,-1,-1,-1,0.418705463409424
28,3,1,90,-9,9,0,0.634360074996948,1,-1,-1,1,0.334276914596558
28,3,1,91,-0,0,0,0.71722674369812,-1,-1,-1,1,0.384360074996948
28,3,1,92,-9,9,0,0.633872509002686,-1,-1,-1,-1,0.46722674369812
28,3,1,93,-81,81,0,0.567167282104492,-1,-1,-1,-1,0.383872509002686
28,3,1,94,-9,9,0,0.634312868118286,-1,-1,-1,-1,0.317167282104492
28,3,1,95,-81,81,0,0.484367370605469,-1,-1,-1,-1,0.384312868118286
28,3,1,96,-3,3,1,0.683809995651245,-1,-1,-1,-1,0.234367370605469
28,3,1,97,81,81,1,0.600556135177612,-1,1,-1,-1,0.433809995651245
28,3,1,98,3,3,1,0.767601251602173,1,1,1,-1,0.350556135177612
28,3,1,99,0,0,0,0.817241907119751,1,1,1,1,0.517601251602173
28,3,2,2,27,27,1,0.634311676025391,-1,-1,1,1,0.384568214416504
28,3,2,3,-27,27,0,0.667203426361084,1,1,-1,-1,0.384311676025391
28,3,2,4,9,9,0,0.75160026550293,-1,-1,1,1,0.417203426361084
28,3,2,5,81,81,1,0.633892059326172,1,-1,-1,-1,0.50160026550293
28,3,2,6,-27,27,0,0.600550174713135,1,1,-1,1,0.383892059326172
28,3,2,7,3,3,1,0.800535440444946,-1,-1,1,1,0.350550174713135
28,3,2,8,-3,3,1,0.650518894195557,1,1,-1,-1,0.550535440444946
28,3,2,9,-9,9,0,0.650544166564941,-1,1,1,1,0.400518894195557
28,3,2,10,3,3,1,0.685173511505127,-1,-1,1,-1,0.400544166564941
28,3,2,11,3,3,0,0.800540447235107,1,1,-1,-1,0.435173511505127
28,3,2,12,0,0,1,0.633831262588501,1,-1,1,1,0.550540447235107
28,3,2,13,-3,3,0,0.750504970550537,1,1,-1,1,0.383831262588501
28,3,2,14,0,0,1,0.767590999603271,-1,-1,1,1,0.500504970550537
28,3,2,15,-9,9,1,1.05049514770508,1,1,-1,-1,0.517590999603271
28,3,2,16,9,9,1,1.15096020698547,-1,1,1,1,0.800495147705078
28,3,2,17,81,81,1,0.683908224105835,1,1,1,-1,0.900960206985474
28,3,2,18,-81,81,0,0.717191696166992,1,1,1,1,0.433908224105835
28,3,2,19,-27,27,0,0.867163896560669,-1,-1,1,1,0.467191696166992
28,3,2,20,3,3,1,0.733839273452759,-1,-1,-1,-1,0.617163896560669
28,3,2,21,-81,81,0,0.667225122451782,1,1,-1,-1,0.483839273452759
28,3,2,22,81,81,1,0.65052318572998,-1,-1,1,1,0.417225122451782
28,3,2,23,-81,81,0,0.633828163146973,1,1,-1,-1,0.40052318572998
28,3,2,24,27,27,1,0.717241287231445,-1,-1,1,1,0.383828163146973
28,3,2,25,-3,3,0,0.767183303833008,1,1,-1,-1,0.467241287231445
28,3,2,26,9,9,0,0.667728424072266,-1,-1,1,1,0.517183303833008
28,3,2,27,-27,27,0,0.583842277526855,1,-1,-1,-1,0.417728424072266
28,3,2,28,-9,9,0,0.684334993362427,-1,-1,-1,1,0.333842277526855
28,3,2,29,-3,3,0,0.883851289749146,-1,-1,-1,-1,0.434334993362427
28,3,2,30,81,81,1,0.584758281707764,-1,-1,-1,-1,0.633851289749146
28,3,2,31,-3,3,0,0.734363555908203,1,1,-1,-1,0.334758281707764
28,3,2,32,-27,27,0,0.635179281234741,-1,-1,1,1,0.484363555908203
28,3,2,33,9,9,0,0.667167663574219,-1,-1,-1,-1,0.385179281234741
28,3,2,34,9,9,1,0.600502490997314,1,-1,-1,-1,0.417167663574219
28,3,2,35,-3,3,0,1.15053415298462,1,1,-1,1,0.350502490997314
28,3,2,36,9,9,1,0.650924205780029,-1,-1,1,1,0.900534152984619
28,3,2,37,-0,0,1,0.634331941604614,1,1,-1,-1,0.400924205780029
28,3,2,38,0,0,1,0.600516557693481,-1,1,1,1,0.384331941604614
28,3,2,39,27,27,1,0.650503873825073,1,1,1,-1,0.350516557693481
28,3,2,40,-9,9,0,0.850951194763184,1,1,1,1,0.400503873825073
28,3,2,41,-0,0,1,0.701046466827393,-1,-1,1,1,0.600951194763184
28,3,2,42,-9,9,0,0.733880519866943,-1,1,-1,-1,0.451046466827393
28,3,2,43,81,81,1,0.58385157585144,-1,-1,1,-1,0.483880519866943
28,3,2,44,0,0,1,0.750562429428101,1,1,-1,-1,0.33385157585144
28,3,2,45,-0,0,1,0.767231225967407,1,1,1,1,0.500562429428101
28,3,2,46,-27,27,0,0.633868217468262,-1,1,1,1,0.517231225967407
28,3,2,47,9,9,1,0.667670726776123,-1,-1,1,-1,0.383868217468262
28,3,2,48,-0,0,0,0.7505042552948,1,1,-1,-1,0.417670726776123
28,3,2,49,9,9,1,0.550540447235107,-1,-1,1,1,0.5005042552948
28,3,2,50,-3,3,1,0.785796165466309,1,1,-1,-1,0.300540447235107
28,3,2,51,-27,27,0,0.584345579147339,-1,1,1,1,0.535796165466309
28,3,2,52,3,3,1,0.667649269104004,-1,-1,1,-1,0.334345579147339
28,3,2,53,-81,81,0,0.633838891983032,1,1,-1,-1,0.417649269104004
28,3,2,54,81,81,1,0.567683458328247,-1,-1,1,1,0.383838891983032
28,3,2,55,9,9,1,0.767646551132202,1,1,-1,-1,0.317683458328247
28,3,2,56,-81,81,0,0.650542736053467,1,1,1,1,0.517646551132202
28,3,2,57,3,3,0,0.734309196472168,-1,-1,1,1,0.400542736053467
28,3,2,58,-81,81,0,0.633883237838745,1,-1,-1,-1,0.484309196472168
28,3,2,59,0,0,1,0.767613172531128,-1,-1,-1,1,0.383883237838745
28,3,2,60,-3,3,0,0.850924730300903,1,1,-1,-1,0.517613172531128
28,3,2,61,-27,27,0,0.651480436325073,-1,-1,1,1,0.600924730300903
28,3,2,62,9,9,1,0.667191505432129,-1,-1,-1,-1,0.401480436325073
28,3,2,63,-81,81,0,0.685339212417603,1,1,-1,-1,0.417191505432129
28,3,2,64,3,3,1,0.767229795455933,-1,-1,1,1,0.435339212417603
28,3,2,65,-27,27,0,0.767969131469727,1,1,-1,-1,0.517229795455933
28,3,2,66,9,9,1,0.834251403808594,-1,-1,1,1,0.517969131469727
28,3,2,67,-81,81,0,0.635029554367065,1,1,-1,-1,0.584251403808594
28,3,2,68,-81,81,0,0.63489031791687,-1,-1,1,1,0.385029554367065
28,3,2,69,9,9,1,0.667227268218994,-1,-1,-1,-1,0.38489031791687
28,3,2,70,-3,3,0,0.684275150299072,1,1,-1,-1,0.417227268218994
28,3,2,71,3,3,0,0.700493335723877,-1,-1,1,1,0.434275150299072
28,3,2,72,-81,81,0,0.600939512252808,1,-1,-1,-1,0.450493335723877
28,3,2,73,3,3,0,0.667207002639771,-1,-1,-1,1,0.350939512252808
28,3,2,74,-27,27,0,0.617222547531128,1,-1,-1,-1,0.417207002639771
28,3,2,75,27,27,1,0.650505304336548,-1,-1,-1,1,0.367222547531128
28,3,2,76,-3,3,1,0.667236566543579,1,1,-1,-1,0.400505304336548
28,3,2,77,9,9,1,0.634526014328003,-1,1,1,1,0.417236566543579
28,3,2,78,-9,9,0,1.067218542099,1,1,1,-1,0.384526014328003
28,3,2,79,-27,27,0,0.583886623382568,-1,-1,1,1,0.817218542098999
28,3,2,80,3,3,1,0.5513014793396,-1,-1,-1,-1,0.333886623382568
28,3,2,81,-27,27,0,0.733814001083374,1,1,-1,-1,0.3013014793396
28,3,2,82,3,3,1,0.650969743728638,-1,-1,1,1,0.483814001083374
28,3,2,83,-27,27,0,0.733884334564209,1,1,-1,-1,0.400969743728638
28,3,2,84,81,81,0,0.834985494613647,-1,-1,1,1,0.483884334564209
28,3,2,85,-27,27,0,0.567650318145752,1,-1,-1,-1,0.584985494613647
28,3,2,86,-81,81,0,0.633887767791748,-1,-1,-1,1,0.317650318145752
28,3,2,87,0,0,0,0.667227506637573,-1,-1,-1,-1,0.383887767791748
28,3,2,88,-9,9,0,0.784654140472412,1,-1,-1,-1,0.417227506637573
28,3,2,89,9,9,1,0.667213201522827,-1,-1,-1,1,0.534654140472412
28,3,2,90,-0,0,0,0.667593002319336,1,1,-1,-1,0.417213201522827
28,3,2,91,81,81,1,0.650931358337402,-1,-1,1,1,0.417593002319336
28,3,2,92,-27,27,0,0.550479650497437,1,1,-1,-1,0.400931358337402
28,3,2,93,-3,3,0,0.66720724105835,-1,-1,1,1,0.300479650497437
28,3,2,94,27,27,1,0.684309244155884,-1,-1,-1,-1,0.41720724105835
28,3,2,95,27,27,1,0.683886289596558,1,1,-1,-1,0.434309244155884
28,3,2,96,-27,27,0,0.617165803909302,1,1,1,1,0.433886289596558
28,3,2,97,81,81,1,0.733914613723755,-1,-1,1,1,0.367165803909302
28,3,2,98,-9,9,0,0.601008415222168,1,1,-1,-1,0.483914613723755
28,3,2,99,81,81,1,0.900989532470703,-1,-1,1,1,0.351008415222168
28,3,3,2,-27,27,0,0.700610399246216,-1,-1,1,1,0.569225072860718
28,3,3,3,-27,27,0,0.617146253585815,-1,-1,-1,-1,0.450610399246216
28,3,3,4,27,27,1,0.6672203540802,-1,-1,-1,-1,0.367146253585815
28,3,3,5,-0,0,0,0.767191410064697,1,1,-1,-1,0.4172203540802
28,3,3,6,-81,81,0,0.584593296051025,-1,-1,1,1,0.517191410064697
28,3,3,7,-81,81,0,0.717196464538574,-1,-1,-1,-1,0.334593296051025
28,3,3,8,-81,81,0,0.617212533950806,-1,-1,-1,-1,0.467196464538574
28,3,3,9,-3,3,0,1.48432731628418,-1,-1,-1,-1,0.367212533950806
28,3,3,10,-81,81,0,0.56767725944519,-1,-1,-1,-1,1.23432731628418
28,3,3,11,-0,0,0,1.00054240226746,-1,-1,-1,-1,0.31767725944519
28,3,3,12,-81,81,0,0.617659330368042,-1,-1,-1,-1,0.750542402267456
28,3,3,13,-27,27,0,0.633909225463867,-1,-1,-1,-1,0.367659330368042
28,3,3,14,-0,0,1,0.567665100097656,-1,-1,-1,-1,0.383909225463867
28,3,3,15,-3,3,0,0.833933353424072,-1,1,-1,-1,0.317665100097656
28,3,3,16,-9,9,0,0.651022434234619,-1,-1,1,-1,0.583933353424072
28,3,3,17,-81,81,0,0.583865404129028,-1,-1,-1,-1,0.401022434234619
28,3,3,18,-9,9,0,0.650549173355103,-1,-1,-1,-1,0.333865404129028
28,3,3,19,-81,81,0,0.583871364593506,-1,-1,-1,-1,0.400549173355103
28,3,3,20,3,3,1,0.750494003295898,-1,-1,-1,-1,0.333871364593506
28,3,3,21,81,81,1,0.63386082649231,1,1,-1,-1,0.500494003295898
28,3,3,22,3,3,0,1.23433613777161,1,1,1,1,0.38386082649231
28,3,3,23,0,0,0,0.784350156784058,1,-1,1,1,0.984336137771606
28,3,3,24,27,27,1,0.601093530654907,1,-1,-1,1,0.534350156784058
28,3,3,25,-0,0,1,0.78383731842041,1,1,-1,1,0.351093530654907
28,3,3,26,-81,81,0,0.66766619682312,-1,1,1,1,0.53383731842041
28,3,3,27,-0,0,0,0.700544357299805,-1,-1,1,-1,0.41766619682312
28,3,3,28,-81,81,0,0.567138195037842,-1,-1,-1,-1,0.450544357299805
28,3,3,29,9,9,1,0.751003265380859,-1,-1,-1,-1,0.317138195037842
28,3,3,30,81,81,1,0.667209148406982,1,1,-1,-1,0.501003265380859
28,3,3,31,0,0,0,1.03508257865906,1,1,1,1,0.417209148406982
28,3,3,32,3,3,1,0.701897382736206,1,-1,1,1,0.785082578659058
28,3,3,33,9,9,1,0.700607299804688,1,1,-1,1,0.451897382736206
28,3,3,34,27,27,1,0.635066986083984,1,1,1,1,0.450607299804688
28,3,3,35,0,0,0,0.967697381973267,1,1,1,1,0.385066986083984
28,3,3,36,9,9,0,0.800602674484253,1,-1,1,1,0.717697381973267
28,3,3,37,9,9,1,0.633895635604858,1,-1,-1,1,0.550602674484253
28,3,3,38,-3,3,1,0.684272050857544,1,1,-1,1,0.383895635604858
28,3,3,39,-3,3,1,1.00097060203552,-1,1,1,1,0.434272050857544
28,3,3,40,-3,3,0,0.567146062850952,-1,1,1,-1,0.750970602035522
28,3,3,41,-9,9,0,0.751212120056152,-1,-1,1,-1,0.317146062850952
28,3,3,42,-81,81,0,0.667188882827759,-1,-1,-1,-1,0.501212120056152
28,3,3,43,-81,81,0,0.650935173034668,-1,-1,-1,-1,0.417188882827759
28,3,3,44,-0,0,1,0.650507926940918,-1,-1,-1,-1,0.400935173034668
28,3,3,45,-9,9,0,0.667194366455078,-1,1,-1,-1,0.400507926940918
28,3,3,46,-0,0,0,0.767204284667969,-1,-1,1,-1,0.417194366455078
28,3,3,47,-27,27,0,0.750527620315552,-1,-1,-1,-1,0.517204284667969
28,3,3,48,-3,3,0,0.667598247528076,-1,-1,-1,-1,0.500527620315552
28,3,3,49,-9,9,0,0.733893632888794,-1,-1,-1,-1,0.417598247528076
28,3,3,50,-27,27,0,0.567659616470337,-1,-1,-1,-1,0.483893632888794
28,3,3,51,-3,3,0,0.700562238693237,-1,-1,-1,-1,0.317659616470337
28,3,3,52,-27,27,0,0.583832025527954,-1,-1,-1,-1,0.450562238693237
28,3,3,53,-9,9,0,0.867918014526367,-1,-1,-1,-1,0.333832025527954
28,3,3,54,-9,9,0,0.71720027923584,-1,-1,-1,-1,0.617918014526367
28,3,3,55,-81,81,0,0.567669868469238,-1,-1,-1,-1,0.46720027923584
28,3,3,56,-0,0,0,0.73471736907959,-1,-1,-1,-1,0.317669868469238
28,3,3,57,9,9,1,0.65093731880188,-1,-1,-1,-1,0.48471736907959
28,3,3,58,3,3,0,0.767856121063232,1,1,-1,-1,0.40093731880188
28,3,3,59,27,27,1,0.667189121246338,1,-1,1,1,0.517856121063232
28,3,3,60,-27,27,0,0.668080806732178,1,1,-1,1,0.417189121246338
28,3,3,61,3,3,1,0.767663478851318,-1,-1,1,1,0.418080806732178
28,3,3,62,-27,27,0,0.850518703460693,1,1,-1,-1,0.517663478851318
28,3,3,63,-9,9,0,0.650515079498291,-1,-1,1,1,0.600518703460693
28,3,3,64,-27,27,0,0.568344354629517,-1,-1,-1,-1,0.400515079498291
28,3,3,65,-27,27,0,0.617163896560669,-1,-1,-1,-1,0.318344354629517
28,3,3,66,-27,27,0,0.5505051612854,-1,-1,-1,-1,0.367163896560669
28,3,3,67,9,9,1,0.617672204971313,-1,-1,-1,-1,0.3005051612854
28,3,3,68,-3,3,0,0.784266948699951,1,1,-1,-1,0.367672204971313
28,3,3,69,-9,9,0,0.633876323699951,-1,-1,1,1,0.534266948699951
28,3,3,70,-81,81,1,0.967996835708618,-1,-1,-1,-1,0.383876323699951
28,3,3,71,-9,9,0,0.617153644561768,-1,1,-1,-1,0.717996835708618
28,3,3,72,-3,3,0,0.650500059127808,-1,-1,1,-1,0.367153644561768
28,3,3,73,-9,9,0,0.817195177078247,-1,-1,-1,-1,0.400500059127808
28,3,3,74,3,3,0,0.634557247161865,-1,-1,-1,-1,0.567195177078247
28,3,3,75,3,3,1,0.583871364593506,1,-1,-1,-1,0.384557247161865
28,3,3,76,3,3,1,0.633884429931641,1,1,-1,1,0.333871364593506
28,3,3,77,27,27,1,0.683918476104736,1,1,1,1,0.383884429931641
28,3,3,78,-27,27,0,0.500515937805176,1,1,1,1,0.433918476104736
28,3,3,79,-81,81,0,1.00051140785217,-1,-1,1,1,0.250515937805176
28,3,3,80,-81,81,0,0.600555658340454,-1,-1,-1,-1,0.750511407852173
28,3,3,81,-9,9,0,0.717215299606323,-1,-1,-1,-1,0.350555658340454
28,3,3,82,81,81,1,0.98381233215332,-1,-1,-1,-1,0.467215299606323
28,3,3,83,27,27,1,0.617204427719116,1,1,-1,-1,0.73381233215332
28,3,3,84,81,81,1,0.584269523620605,1,1,1,1,0.367204427719116
28,3,3,85,9,9,1,1.01764440536499,1,1,1,1,0.334269523620605
28,3,3,86,3,3,1,0.633855819702148,1,1,1,1,0.76764440536499
28,3,3,87,3,3,1,0.650942802429199,1,1,1,1,0.383855819702148
28,3,3,88,81,81,1,0.633849382400513,1,1,1,1,0.400942802429199
28,3,3,89,-27,27,0,0.617212533950806,1,1,1,1,0.383849382400513
28,3,3,90,-3,3,1,0.65067720413208,-1,-1,1,1,0.367212533950806
28,3,3,91,-9,9,0,0.634282112121582,-1,1,-1,-1,0.40067720413208
28,3,3,92,-27,27,0,0.6183922290802,-1,-1,1,-1,0.384282112121582
28,3,3,93,27,27,1,0.884663581848145,-1,-1,-1,-1,0.3683922290802
28,3,3,94,9,9,1,0.651044130325317,1,1,-1,-1,0.634663581848145
28,3,3,95,3,3,0,1.0011043548584,1,1,1,1,0.401044130325317
28,3,3,96,81,81,1,0.535377740859985,1,-1,1,1,0.751104354858398
28,3,3,97,81,81,1,0.584320068359375,1,1,-1,1,0.285377740859985
28,3,3,98,-9,9,0,0.700996875762939,1,1,1,1,0.334320068359375
28,3,3,99,27,27,1,0.867157220840454,-1,-1,1,1,0.450996875762939
28,3,4,2,-27,27,0,0.600521564483643,-1,-1,-1,1,0.50117039680481
28,3,4,3,9,9,0,0.733883142471313,-1,-1,-1,-1,0.350521564483643
28,3,4,4,27,27,1,0.750564336776733,1,-1,-1,-1,0.483883142471313
28,3,4,5,-81,81,0,0.817212343215942,1,1,-1,1,0.500564336776733
28,3,4,6,81,81,1,0.65129542350769,-1,-1,1,1,0.567212343215942
28,3,4,7,-9,9,0,0.734344244003296,1,1,-1,-1,0.40129542350769
28,3,4,8,0,0,1,0.867209434509277,-1,-1,1,1,0.484344244003296
28,3,4,9,-3,3,1,0.950497388839722,1,1,-1,-1,0.617209434509277
28,3,4,10,-81,81,0,0.633826494216919,-1,1,1,1,0.700497388839722
28,3,4,11,0,0,0,1.13390350341797,-1,-1,1,-1,0.383826494216919
28,3,4,12,-81,81,0,0.585344076156616,1,-1,-1,-1,0.883903503417969
28,3,4,13,-27,27,0,1.01761198043823,-1,-1,-1,1,0.335344076156616
28,3,4,14,81,81,1,0.601713895797729,-1,-1,-1,-1,0.767611980438232
28,3,4,15,-27,27,0,0.867204666137695,1,1,-1,-1,0.351713895797729
28,3,4,16,81,81,1,0.700953006744385,-1,-1,1,1,0.617204666137695
28,3,4,17,-9,9,0,0.833807945251465,1,1,-1,-1,0.450953006744385
28,3,4,18,9,9,1,0.734541654586792,-1,-1,1,1,0.583807945251465
28,3,4,19,-27,27,0,0.600518465042114,1,1,-1,-1,0.484541654586792
28,3,4,20,-9,9,0,0.633809804916382,-1,-1,1,1,0.350518465042114
28,3,4,21,0,0,1,0.717657089233398,-1,-1,-1,-1,0.383809804916382
28,3,4,22,-0,0,0,0.617161989212036,1,1,-1,-1,0.467657089233398
28,3,4,23,3,3,0,0.834307193756104,-1,-1,1,1,0.367161989212036
28,3,4,24,-9,9,0,0.700528383255005,1,-1,-1,-1,0.584307193756104
28,3,4,25,81,81,1,0.667209386825562,-1,-1,-1,1,0.450528383255005
28,3,4,26,27,27,1,0.917684316635132,1,1,-1,-1,0.417209386825562
28,3,4,27,-81,81,0,0.600544214248657,1,1,1,1,0.667684316635132
28,3,4,28,-9,9,0,0.633827209472656,-1,-1,1,1,0.350544214248657
28,3,4,29,3,3,0,0.617609977722168,-1,-1,-1,-1,0.383827209472656
28,3,4,30,-9,9,0,0.717178344726562,1,-1,-1,-1,0.367609977722168
28,3,4,31,-0,0,0,0.81763219833374,-1,-1,-1,1,0.467178344726562
28,3,4,32,81,81,1,0.567643642425537,-1,-1,-1,-1,0.56763219833374
28,3,4,33,81,81,1,0.617161989212036,1,1,-1,-1,0.317643642425537
28,3,4,34,-81,81,0,0.650517225265503,1,1,1,1,0.367161989212036
28,3,4,35,9,9,1,0.667593002319336,-1,-1,1,1,0.400517225265503
28,3,4,36,27,27,1,0.601009130477905,1,1,-1,-1,0.417593002319336
28,3,4,37,-9,9,0,0.600553035736084,1,1,1,1,0.351009130477905
28,3,4,38,3,3,1,1.1510283946991,-1,-1,1,1,0.350553035736084
28,3,4,39,-9,9,0,0.600534677505493,1,1,-1,-1,0.901028394699097
28,3,4,40,0,0,1,0.600926637649536,-1,-1,1,1,0.350534677505493
28,3,4,41,27,27,1,0.783927440643311,1,1,-1,-1,0.350926637649536
28,3,4,42,-3,3,0,0.600498914718628,1,1,1,1,0.533927440643311
28,3,4,43,81,81,1,1.00095200538635,-1,-1,1,1,0.350498914718628
28,3,4,44,-3,3,0,0.883886575698853,1,1,-1,-1,0.750952005386353
28,3,4,45,81,81,1,0.750498056411743,-1,-1,1,1,0.633886575698853
28,3,4,46,-3,3,0,0.650986671447754,1,1,-1,-1,0.500498056411743
28,3,4,47,-9,9,0,0.85063099861145,-1,-1,1,1,0.400986671447754
28,3,4,48,27,27,1,0.867199420928955,-1,-1,-1,-1,0.60063099861145
28,3,4,49,-27,27,0,0.700517416000366,1,1,-1,-1,0.617199420928955
28,3,4,50,27,27,1,0.584322452545166,-1,-1,1,1,0.450517416000366
28,3,4,51,-81,81,0,0.567222356796265,1,1,-1,-1,0.334322452545166
28,3,4,52,3,3,1,0.717659711837769,-1,-1,1,1,0.317222356796265
28,3,4,53,-3,3,1,0.617184400558472,1,1,-1,-1,0.467659711837769
28,3,4,54,3,3,0,0.700607299804688,-1,1,1,1,0.367184400558472
28,3,4,55,9,9,1,0.517255067825317,1,-1,1,-1,0.450607299804688
28,3,4,56,-9,9,0,0.850487470626831,1,1,-1,1,0.267255067825317
28,3,4,57,-9,9,0,0.717687129974365,-1,-1,1,1,0.600487470626831
28,3,4,58,3,3,0,0.600998401641846,-1,-1,-1,-1,0.467687129974365
28,3,4,59,-0,0,1,0.918892383575439,1,-1,-1,-1,0.350998401641846
28,3,4,60,81,81,1,0.584324359893799,-1,1,-1,1,0.668892383575439
28,3,4,61,3,3,1,1.1005425453186,1,1,1,-1,0.334324359893799
28,3,4,62,81,81,1,0.601079225540161,1,1,1,1,0.850542545318604
28,3,4,63,-3,3,0,0.850996255874634,1,1,1,1,0.351079225540161
28,3,4,64,-9,9,0,0.883850336074829,-1,-1,1,1,0.600996255874634
28,3,4,65,9,9,1,0.650564193725586,-1,-1,-1,-1,0.633850336074829
28,3,4,66,9,9,1,0.667607545852661,1,1,-1,-1,0.400564193725586
28,3,4,67,-27,27,0,0.633906126022339,1,1,1,1,0.417607545852661
28,3,4,68,81,81,1,0.667587041854858,-1,-1,1,1,0.383906126022339
28,3,4,69,27,27,1,0.667656183242798,1,1,-1,-1,0.417587041854858
28,3,4,70,-9,9,0,0.668620347976685,1,1,1,1,0.417656183242798
28,3,4,71,9,9,1,0.617654323577881,-1,-1,1,1,0.418620347976685
28,3,4,72,-81,81,0,0.617212533950806,1,1,-1,-1,0.367654323577881
28,3,4,73,-3,3,0,0.734353303909302,-1,-1,1,1,0.367212533950806
28,3,4,74,27,27,1,0.650927305221558,-1,-1,-1,-1,0.484353303909302
28,3,4,75,3,3,1,1.16836047172546,1,1,-1,-1,0.400927305221558
28,3,4,76,27,27,1,0.700533866882324,1,1,1,1,0.918360471725464
28,3,4,77,-3,3,0,0.66836142539978,1,1,1,1,0.450533866882324
28,3,4,78,27,27,1,0.600532054901123,-1,-1,1,1,0.41836142539978
28,3,4,79,-0,0,1,0.517842769622803,1,1,-1,-1,0.350532054901123
28,3,4,80,3,3,1,0.667248487472534,-1,1,1,1,0.267842769622803
28,3,4,81,-0,0,1,0.717204570770264,1,1,1,-1,0.417248487472534
28,3,4,82,27,27,1,0.60053539276123,-1,1,1,1,0.467204570770264
28,3,4,83,-27,27,0,0.667896509170532,1,1,1,-1,0.35053539276123
28,3,4,84,3,3,0,0.800490140914917,-1,-1,1,1,0.417896509170532
28,3,4,85,-27,27,0,0.717218160629272,1,-1,-1,-1,0.550490140914917
28,3,4,86,81,81,1,0.550541639328003,-1,-1,-1,1,0.467218160629272
28,3,4,87,-3,3,0,0.783912181854248,1,1,-1,-1,0.300541639328003
28,3,4,88,81,81,1,0.650994300842285,-1,-1,1,1,0.533912181854248
28,3,4,89,-9,9,1,1.00057673454285,1,1,-1,-1,0.400994300842285
28,3,4,90,81,81,1,0.600498199462891,-1,1,1,1,0.750576734542847
28,3,4,91,-27,27,0,0.567214965820312,1,1,1,-1,0.350498199462891
28,3,4,92,27,27,1,0.734281778335571,-1,-1,1,1,0.317214965820312
28,3,4,93,-9,9,0,0.667172908782959,1,1,-1,-1,0.484281778335571
28,3,4,94,27,27,1,0.583886623382568,-1,-1,1,1,0.417172908782959
28,3,4,95,-3,3,0,0.650539636611938,1,1,-1,-1,0.333886623382568
28,3,4,96,-81,81,0,0.650540351867676,-1,-1,1,1,0.400539636611938
28,3,4,97,-0,0,0,0.717196464538574,-1,-1,-1,-1,0.400540351867676
28,3,4,98,3,3,1,0.567622423171997,-1,-1,-1,-1,0.467196464538574
28,3,4,99,0,0,0,0.700568675994873,1,1,-1,-1,0.317622423171997
28,3,5,2,-81,81,0,0.835155248641968,-1,-1,1,1,0.517446279525757
28,3,5,3,-0,0,0,0.717174530029297,-1,-1,-1,-1,0.585155248641968
28,3,5,4,-3,3,0,0.717174291610718,-1,-1,-1,-1,0.467174530029297
28,3,5,5,-81,81,0,0.734247446060181,-1,-1,-1,-1,0.467174291610718
28,3,5,6,-3,3,0,0.834823369979858,-1,-1,-1,-1,0.484247446060181
28,3,5,7,-3,3,0,0.651360750198364,-1,-1,-1,-1,0.584823369979858
28,3,5,8,27,27,1,0.583818912506104,-1,-1,-1,-1,0.401360750198364
28,3,5,9,3,3,1,0.783835172653198,1,1,-1,-1,0.333818912506104
28,3,5,10,-3,3,1,0.667232036590576,1,1,1,1,0.533835172653198
28,3,5,11,-3,3,1,0.750499963760376,-1,1,1,1,0.417232036590576
28,3,5,12,-9,9,0,0.700913906097412,-1,1,1,-1,0.500499963760376
28,3,5,13,-0,0,0,0.785275459289551,-1,-1,1,-1,0.450913906097412
28,3,5,14,27,27,1,0.818549633026123,-1,-1,-1,-1,0.535275459289551
28,3,5,15,0,0,0,1.16713833808899,1,1,-1,-1,0.568549633026123
28,3,5,16,9,9,1,0.683873414993286,1,-1,1,1,0.917138338088989
28,3,5,17,-81,81,0,0.650527238845825,1,1,-1,1,0.433873414993286
28,3,5,18,-3,3,0,0.767657279968262,-1,-1,1,1,0.400527238845825
28,3,5,19,-9,9,0,0.983843326568604,-1,-1,-1,-1,0.517657279968262
28,3,5,20,81,81,1,0.600939035415649,-1,-1,-1,-1,0.733843326568604
28,3,5,21,-27,27,0,0.817203998565674,1,1,-1,-1,0.350939035415649
28,3,5,22,-0,0,0,0.667213916778564,-1,-1,1,1,0.567203998565674
28,3,5,23,27,27,1,0.667169094085693,-1,-1,-1,-1,0.417213916778564
28,3,5,24,-9,9,0,0.834832191467285,1,1,-1,-1,0.417169094085693
28,3,5,25,-81,81,0,0.700545310974121,-1,-1,1,1,0.584832191467285
28,3,5,26,-27,27,0,0.650956869125366,-1,-1,-1,-1,0.450545310974121
28,3,5,27,-27,27,0,0.817663908004761,-1,-1,-1,-1,0.400956869125366
28,3,5,28,-27,27,0,0.617607831954956,-1,-1,-1,-1,0.567663908004761
28,3,5,29,-81,81,0,0.700573444366455,-1,-1,-1,-1,0.367607831954956
28,3,5,30,-27,27,0,0.617603063583374,-1,-1,-1,-1,0.450573444366455
28,3,5,31,-81,81,0,0.817158222198486,-1,-1,-1,-1,0.367603063583374
28,3,5,32,-81,81,0,0.617210626602173,-1,-1,-1,-1,0.567158222198486
28,3,5,33,-9,9,0,0.983852386474609,-1,-1,-1,-1,0.367210626602173
28,3,5,34,0,0,1,0.700949430465698,-1,-1,-1,-1,0.733852386474609
28,3,5,35,27,27,1,0.6338791847229,1,1,-1,-1,0.450949430465698
28,3,5,36,-27,27,0,0.667177677154541,1,1,1,1,0.3838791847229
28,3,5,37,-0,0,0,0.802095651626587,-1,-1,1,1,0.417177677154541
28,3,5,38,27,27,1,0.600988388061523,-1,-1,-1,-1,0.552095651626587
28,3,5,39,3,3,0,0.783838272094727,1,1,-1,-1,0.350988388061523
28,3,5,40,81,81,1,0.800551414489746,1,-1,1,1,0.533838272094727
28,3,5,41,3,3,1,0.733874320983887,1,1,-1,1,0.550551414489746
28,3,5,42,3,3,1,0.700535297393799,1,1,1,1,0.483874320983887
28,3,5,43,81,81,1,0.750590324401855,1,1,1,1,0.450535297393799
28,3,5,44,27,27,1,0.617650270462036,1,1,1,1,0.500590324401855
28,3,5,45,3,3,0,1.1338222026825,1,1,1,1,0.367650270462036
28,3,5,46,0,0,1,0.851702451705933,1,-1,1,1,0.883822202682495
28,3,5,47,-3,3,0,0.734388589859009,1,1,-1,1,0.601702451705933
28,3,5,48,-0,0,0,0.733861446380615,-1,-1,1,1,0.484388589859009
28,3,5,49,27,27,1,0.667182922363281,-1,-1,-1,-1,0.483861446380615
28,3,5,50,81,81,1,0.533871412277222,1,1,-1,-1,0.417182922363281
28,3,5,51,9,9,1,1.00098466873169,1,1,1,1,0.283871412277222
28,3,5,52,81,81,1,0.58383321762085,1,1,1,1,0.750984668731689
28,3,5,53,81,81,1,0.634313106536865,1,1,1,1,0.33383321762085
28,3,5,54,-9,9,0,0.684401750564575,1,1,1,1,0.384313106536865
28,3,5,55,-3,3,0,0.634273767471313,-1,-1,1,1,0.434401750564575
28,3,5,56,27,27,1,0.750503063201904,-1,-1,-1,-1,0.384273767471313
28,3,5,57,27,27,1,0.701678037643433,1,1,-1,-1,0.500503063201904
28,3,5,58,3,3,1,0.584320306777954,1,1,1,1,0.451678037643433
28,3,5,59,9,9,1,0.950534343719482,1,1,1,1,0.334320306777954
28,3,5,60,9,9,1,0.850960969924927,1,1,1,1,0.700534343719482
28,3,5,61,9,9,1,0.767220735549927,1,1,1,1,0.600960969924927
28,3,5,62,9,9,1,0.583898067474365,1,1,1,1,0.517220735549927
28,3,5,63,-27,27,0,0.617167711257935,1,1,1,1,0.333898067474365
28,3,5,64,81,81,1,0.634299516677856,-1,-1,1,1,0.367167711257935
28,3,5,65,3,3,1,0.850536346435547,1,1,-1,-1,0.384299516677856
28,3,5,66,27,27,1,0.58380913734436,1,1,1,1,0.600536346435547
28,3,5,67,81,81,1,0.567193508148193,1,1,1,1,0.33380913734436
28,3,5,68,3,3,1,0.834268808364868,1,1,1,1,0.317193508148193
28,3,5,69,9,9,1,0.63386869430542,1,1,1,1,0.584268808364868
28,3,5,70,9,9,1,0.550564527511597,1,1,1,1,0.38386869430542
28,3,5,71,-3,3,0,0.750582218170166,1,1,1,1,0.300564527511597
28,3,5,72,-3,3,0,0.750925540924072,-1,-1,1,1,0.500582218170166
28,3,5,73,9,9,0,0.534293651580811,-1,-1,-1,-1,0.500925540924072
28,3,5,74,9,9,1,0.617160320281982,1,-1,-1,-1,0.284293651580811
28,3,5,75,-27,27,0,0.667649507522583,1,1,-1,1,0.367160320281982
28,3,5,76,27,27,1,0.634307861328125,-1,-1,1,1,0.417649507522583
28,3,5,77,9,9,1,0.750512361526489,1,1,-1,-1,0.384307861328125
28,3,5,78,81,81,1,0.667847633361816,1,1,1,1,0.500512361526489
28,3,5,79,3,3,0,0.983884572982788,1,1,1,1,0.417847633361816
28,3,5,80,0,0,1,0.601799488067627,1,-1,1,1,0.733884572982788
28,3,5,81,0,0,0,0.785649299621582,1,1,-1,1,0.351799488067627
28,3,5,82,81,81,1,0.61720085144043,1,-1,1,1,0.535649299621582
28,3,5,83,-81,81,0,0.617154836654663,1,1,-1,1,0.36720085144043
28,3,5,84,-81,81,0,0.633828163146973,-1,-1,1,1,0.367154836654663
28,3,5,85,-27,27,0,0.783843755722046,-1,-1,-1,-1,0.383828163146973
28,3,5,86,-0,0,1,0.783868074417114,-1,-1,-1,-1,0.533843755722046
28,3,5,87,81,81,1,0.683891773223877,-1,1,-1,-1,0.533868074417114
28,3,5,88,-81,81,0,0.667690515518188,1,1,1,-1,0.433891773223877
28,3,5,89,-3,3,1,0.75053858757019,-1,-1,1,1,0.417690515518188
28,3,5,90,3,3,0,0.634343147277832,-1,1,-1,-1,0.50053858757019
28,3,5,91,-27,27,0,0.600538730621338,1,-1,1,-1,0.384343147277832
28,3,5,92,-9,9,0,0.634670972824097,-1,-1,-1,1,0.350538730621338
28,3,5,93,-3,3,0,0.933892965316772,-1,-1,-1,-1,0.384670972824097
28,3,5,94,-27,27,0,0.702059984207153,-1,-1,-1,-1,0.683892965316772
28,3,5,95,9,9,1,0.618235349655151,-1,-1,-1,-1,0.452059984207153
28,3,5,96,9,9,1,0.70162296295166,1,1,-1,-1,0.368235349655151
28,3,5,97,9,9,1,0.901618719100952,1,1,1,1,0.45162296295166
28,3,5,98,81,81,1,0.601012468338013,1,1,1,1,0.651618719100952
28,3,5,99,9,9,1,0.633901119232178,1,1,1,1,0.351012468338013
28,3,6,2,3,3,0,0.883874416351318,1,1,1,1,0.800751447677612
28,3,6,3,-3,3,0,1.33385133743286,1,-1,1,1,0.633874416351318
28,3,6,4,9,9,1,0.617209196090698,-1,-1,-1,1,1.08385133743286
28,3,6,5,27,27,1,0.667176008224487,1,1,-1,-1,0.367209196090698
28,3,6,6,-9,9,0,0.869102239608765,1,1,1,1,0.417176008224487
28,3,6,7,81,81,1,0.683884382247925,-1,-1,1,1,0.619102239608765
28,3,6,8,0,0,1,0.917641401290894,1,1,-1,-1,0.433884382247925
28,3,6,9,3,3,0,0.76764988899231,1,1,1,1,0.667641401290894
28,3,6,10,-81,81,0,0.767181158065796,1,-1,1,1,0.51764988899231
28,3,6,11,27,27,1,0.767209529876709,-1,-1,-1,1,0.517181158065796
28,3,6,12,-9,9,0,0.76717734336853,1,1,-1,-1,0.517209529876709
28,3,6,13,0,0,0,0.917680025100708,-1,-1,1,1,0.51717734336853
28,3,6,14,27,27,1,0.650582551956177,1,-1,-1,-1,0.667680025100708
28,3,6,15,-9,9,1,0.783845186233521,1,1,-1,1,0.400582551956177
28,3,6,16,81,81,1,0.834325075149536,-1,1,1,1,0.533845186233521
28,3,6,17,-9,9,0,0.650979280471802,1,1,1,-1,0.584325075149536
28,3,6,18,81,81,1,0.567590951919556,-1,-1,1,1,0.400979280471802
28,3,6,19,-9,9,0,1.05097150802612,1,1,-1,-1,0.317590951919556
28,3,6,20,0,0,1,0.91727352142334,-1,-1,1,1,0.800971508026123
28,3,6,21,-9,9,0,0.883880376815796,1,1,-1,-1,0.66727352142334
28,3,6,22,81,81,1,0.634336233139038,-1,-1,1,1,0.633880376815796
28,3,6,23,-81,81,0,0.717227220535278,1,1,-1,-1,0.384336233139038
28,3,6,24,-27,27,0,0.917168617248535,-1,-1,1,1,0.467227220535278
28,3,6,25,-27,27,0,0.633813381195068,-1,-1,-1,-1,0.667168617248535
28,3,6,26,-27,27,0,0.667261362075806,-1,-1,-1,-1,0.383813381195068
28,3,6,27,27,27,1,0.617682218551636,-1,-1,-1,-1,0.417261362075806
28,3,6,31,-3,3,1,0.734400749206543,1,1,-1,1,0.417226314544678
28,3,6,32,-27,27,0,0.71760630607605,-1,1,1,1,0.484400749206543
28,3,6,33,-0,0,0,0.750993013381958,-1,-1,1,-1,0.46760630607605
28,3,6,34,9,9,1,1.05144810676575,-1,-1,-1,-1,0.500993013381958
28,3,6,35,9,9,1,0.63382625579834,1,1,-1,-1,0.801448106765747
28,3,6,36,-9,9,0,0.600517749786377,1,1,1,1,0.38382625579834
28,3,6,37,-81,81,0,0.717592000961304,-1,-1,1,1,0.350517749786377
28,3,6,38,-3,3,1,0.65052604675293,-1,-1,-1,-1,0.467592000961304
28,3,6,39,-81,81,0,0.600555419921875,-1,1,-1,-1,0.40052604675293
28,3,6,40,-27,27,0,0.667190790176392,-1,-1,1,-1,0.350555419921875
28,3,6,41,-9,9,0,0.850511312484741,-1,-1,-1,-1,0.417190790176392
28,3,6,42,9,9,1,0.683847904205322,-1,-1,-1,-1,0.600511312484741
28,3,6,43,9,9,1,0.850487470626831,1,1,-1,-1,0.433847904205322
28,3,6,44,-81,81,0,0.567261219024658,1,1,1,1,0.600487470626831
28,3,6,45,-3,3,0,0.750501394271851,-1,-1,1,1,0.317261219024658
28,3,6,46,-9,9,0,0.650506734848022,-1,-1,-1,-1,0.500501394271851
28,3,6,47,81,81,1,0.683825492858887,-1,-1,-1,-1,0.400506734848022
28,3,6,48,-3,3,0,0.917665719985962,1,1,-1,-1,0.433825492858887
28,3,6,49,-81,81,0,0.651988983154297,-1,-1,1,1,0.667665719985962
28,3,6,50,9,9,0,0.617222309112549,-1,-1,-1,-1,0.401988983154297
28,3,6,51,-27,27,0,0.601020574569702,1,-1,-1,-1,0.367222309112549
28,3,6,52,3,3,0,0.833858489990234,-1,-1,-1,1,0.351020574569702
28,3,6,53,3,3,1,0.600998401641846,1,-1,-1,-1,0.583858489990234
28,3,6,54,27,27,1,0.600512027740479,1,1,-1,1,0.350998401641846
28,3,6,55,3,3,0,0.783907651901245,1,1,1,1,0.350512027740479
28,3,6,56,-3,3,0,0.933897972106934,1,-1,1,1,0.533907651901245
28,3,6,57,-27,27,0,0.684280872344971,-1,-1,-1,1,0.683897972106934
28,3,6,58,9,9,0,0.683870077133179,-1,-1,-1,-1,0.434280872344971
28,3,6,59,0,0,1,0.650561332702637,1,-1,-1,-1,0.433870077133179
28,3,6,60,3,3,1,0.533811330795288,1,1,-1,1,0.400561332702637
28,3,6,61,81,81,1,0.617218017578125,1,1,1,1,0.283811330795288
28,3,6,62,0,0,0,0.633862733840942,1,1,1,1,0.367218017578125
28,3,6,63,-27,27,0,0.700536489486694,1,-1,1,1,0.383862733840942
28,3,6,64,3,3,0,0.567151069641113,-1,-1,-1,1,0.450536489486694
28,3,6,65,9,9,0,1.18387818336487,1,-1,-1,-1,0.317151069641113
28,3,6,66,-81,81,0,0.633897304534912,1,-1,-1,1,0.933878183364868
28,3,6,67,3,3,0,0.601009607315063,-1,-1,-1,1,0.383897304534912
28,3,6,68,81,81,1,0.568405866622925,1,-1,-1,-1,0.351009607315063
28,3,6,69,0,0,0,0.717249631881714,1,1,-1,1,0.318405866622925
28,3,6,70,9,9,1,0.600566148757935,1,-1,1,1,0.467249631881714
28,3,6,71,9,9,0,0.733890056610107,1,1,-1,1,0.350566148757935
28,3,6,72,-81,81,0,0.633922576904297,1,-1,1,1,0.483890056610107
28,3,6,73,-81,81,0,0.617208957672119,-1,-1,-1,1,0.383922576904297
28,3,6,74,-3,3,1,0.901113271713257,-1,-1,-1,-1,0.367208957672119
28,3,6,75,27,27,1,0.567662477493286,-1,1,-1,-1,0.651113271713257
28,3,6,76,3,3,1,0.684335708618164,1,1,1,-1,0.317662477493286
28,3,6,77,-27,27,0,0.583889722824097,1,1,1,1,0.434335708618164
28,3,6,78,0,0,1,0.633904457092285,-1,-1,1,1,0.333889722824097
28,3,6,79,-27,27,0,0.55054235458374,1,1,-1,-1,0.383904457092285
28,3,6,80,-27,27,0,0.550508975982666,-1,-1,1,1,0.30054235458374
28,3,6,81,0,0,1,0.667228698730469,-1,-1,-1,-1,0.300508975982666
28,3,6,82,27,27,1,0.583863496780396,1,1,-1,-1,0.417228698730469
28,3,6,83,-81,81,0,0.583922386169434,1,1,1,1,0.333863496780396
28,3,6,84,3,3,0,0.63390040397644,-1,-1,1,1,0.333922386169434
28,3,6,85,-27,27,0,0.617217540740967,1,-1,-1,-1,0.38390040397644
28,3,6,86,0,0,0,0.685048580169678,-1,-1,-1,1,0.367217540740967
28,3,6,87,27,27,1,0.517153739929199,1,-1,-1,-1,0.435048580169678
28,3,6,88,-9,9,0,0.56728458404541,1,1,-1,1,0.267153739929199
28,3,6,89,-81,81,0,0.600495338439941,-1,-1,1,1,0.31728458404541
28,3,6,90,-3,3,0,0.633837223052979,-1,-1,-1,-1,0.350495338439941
28,3,6,91,-81,81,0,0.55049729347229,-1,-1,-1,-1,0.383837223052979
28,3,6,92,3,3,0,0.584280252456665,-1,-1,-1,-1,0.30049729347229
28,3,6,93,-81,81,0,0.76723051071167,1,-1,-1,-1,0.334280252456665
28,3,6,94,-3,3,0,0.667195558547974,-1,-1,-1,1,0.51723051071167
28,3,6,95,-81,81,0,0.567217588424683,-1,-1,-1,-1,0.417195558547974
28,3,6,96,3,3,1,0.600919485092163,-1,-1,-1,-1,0.317217588424683
28,3,6,97,81,81,1,0.61818265914917,1,1,-1,-1,0.350919485092163
28,3,6,98,27,27,1,0.567258358001709,1,1,1,1,0.36818265914917
28,3,6,99,0,0,1,0.684317111968994,1,1,1,1,0.317258358001709
29,1,1,2,27,27,0,0.902216196060181,1,1,-1,-1,0.601684093475342
29,1,1,3,-3,3,0,0.9693763256073,1,-1,1,1,0.652216196060181
29,1,1,4,9,9,0,1.00238347053528,-1,-1,-1,1,0.7193763256073
29,1,1,5,-81,81,0,0.684290647506714,1,-1,-1,-1,0.752383470535278
29,1,1,6,3,3,0,0.801000595092773,-1,-1,-1,1,0.434290647506714
29,1,1,7,-9,9,0,0.852228403091431,1,-1,-1,-1,0.551000595092773
29,1,1,8,27,27,0,0.768454074859619,-1,-1,-1,1,0.602228403091431
29,1,1,9,0,0,0,0.86761212348938,1,-1,-1,-1,0.518454074859619
29,1,1,10,-3,3,1,0.717789173126221,1,-1,-1,1,0.61761212348938
29,1,1,11,-3,3,0,1.00049829483032,-1,1,-1,1,0.467789173126221
29,1,1,12,3,3,0,0.95110821723938,-1,-1,1,-1,0.750498294830322
29,1,1,13,81,81,1,0.786163568496704,1,-1,-1,-1,0.70110821723938
29,1,1,14,-9,9,0,1.00098967552185,1,1,-1,1,0.536163568496704
29,1,1,15,-27,27,0,0.935928821563721,-1,-1,1,1,0.750989675521851
29,1,1,16,27,27,1,0.802125692367554,-1,-1,-1,-1,0.685928821563721
29,1,1,17,-81,81,0,0.668598413467407,1,1,-1,-1,0.552125692367554
29,1,1,18,3,3,0,0.96929407119751,-1,-1,1,1,0.418598413467407
29,1,1,19,-81,81,0,0.7684485912323,1,-1,-1,-1,0.71929407119751
29,1,1,20,-27,27,0,0.917180776596069,-1,-1,-1,1,0.5184485912323
29,1,1,21,0,0,0,0.936111211776733,-1,-1,-1,-1,0.667180776596069
29,1,1,22,-27,27,0,0.801765203475952,1,-1,-1,-1,0.686111211776733
29,1,1,23,-0,0,0,1.019118309021,-1,-1,-1,1,0.551765203475952
29,1,1,24,9,9,1,1.0009548664093,-1,-1,-1,-1,0.769118309020996
29,1,1,25,-27,27,0,0.686066627502441,1,1,-1,-1,0.750954866409302
29,1,1,26,81,81,1,0.58389687538147,-1,-1,1,1,0.436066627502441
29,1,1,27,-27,27,0,0.701567888259888,1,1,-1,-1,0.33389687538147
29,1,1,28,0,0,0,0.952277660369873,-1,-1,1,1,0.451567888259888
29,1,1,29,-81,81,0,0.850988388061523,1,-1,-1,-1,0.702277660369873
29,1,1,30,27,27,1,0.969190835952759,-1,-1,-1,1,0.600988388061523
29,1,1,31,-9,9,0,0.868383407592773,1,1,-1,-1,0.719190835952759
29,1,1,32,81,81,1,0.683895826339722,-1,-1,1,1,0.618383407592773
29,1,1,33,9,9,0,0.785693407058716,1,1,-1,-1,0.433895826339722
29,1,1,37,-9,9,0,0.784765005111694,-1,-1,-1,1,0.435259580612183
29,1,1,38,-81,81,0,0.535689115524292,-1,-1,-1,-1,0.534765005111694
29,1,1,39,81,81,1,0.668610334396362,-1,-1,-1,-1,0.285689115524292
29,1,1,40,-3,3,0,1.13428473472595,1,1,-1,-1,0.418610334396362
29,1,1,41,27,27,1,0.650535106658936,-1,-1,1,1,0.884284734725952
29,1,1,42,9,9,1,1.00048613548279,1,1,-1,-1,0.400535106658936
29,1,1,43,-81,81,0,0.652428150177002,1,1,1,1,0.750486135482788
29,1,1,44,3,3,0,0.918680906295776,-1,-1,1,1,0.402428150177002
29,1,1,45,-9,9,0,0.80122971534729,1,-1,-1,-1,0.668680906295776
29,1,1,46,3,3,1,1.03447699546814,-1,-1,-1,1,0.55122971534729
29,1,1,47,-27,27,0,0.667613983154297,1,1,-1,-1,0.78447699546814
29,1,1,48,0,0,0,0.785574674606323,-1,-1,1,1,0.417613983154297
29,1,1,49,-81,81,0,0.685128211975098,1,-1,-1,-1,0.535574674606323
29,1,1,50,3,3,1,1.1012921333313,-1,-1,-1,1,0.435128211975098
29,1,1,51,-9,9,0,0.733904600143433,1,1,-1,-1,0.851292133331299
29,1,1,52,0,0,0,0.852475643157959,-1,-1,1,1,0.483904600143433
29,1,1,53,-81,81,0,0.717672109603882,1,-1,-1,-1,0.602475643157959
29,1,1,54,81,81,1,0.735414028167725,-1,-1,-1,1,0.467672109603882
29,1,1,55,-27,27,0,0.785345077514648,1,1,-1,-1,0.485414028167725
29,1,1,56,27,27,0,0.885439872741699,-1,-1,1,1,0.535345077514648
29,1,1,60,-27,27,0,0.751901388168335,-1,-1,-1,-1,0.436067581176758
29,1,1,61,-3,3,0,0.784316539764404,-1,-1,-1,-1,0.501901388168335
29,1,1,62,3,3,1,0.968888998031616,-1,-1,-1,-1,0.534316539764404
29,1,1,63,-9,9,0,1.03433847427368,1,1,-1,-1,0.718888998031616
29,1,1,64,9,9,0,0.71774435043335,-1,-1,1,1,0.784338474273682
29,1,1,65,-9,9,1,0.68427300453186,1,-1,-1,-1,0.46774435043335
29,1,1,66,3,3,0,0.986124277114868,-1,1,-1,1,0.43427300453186
29,1,1,67,-27,27,0,0.586034297943115,1,-1,1,-1,0.736124277114868
29,1,1,68,9,9,0,0.900957345962524,-1,-1,-1,1,0.336034297943115
29,1,1,69,-27,27,0,0.636130332946777,1,-1,-1,-1,0.650957345962524
29,1,1,70,-3,3,1,0.484344005584717,-1,-1,-1,1,0.386130332946777
29,1,1,71,-0,0,0,0.885380029678345,-1,1,-1,-1,0.234344005584717
29,1,1,72,81,81,1,0.65050196647644,-1,-1,1,-1,0.635380029678345
29,1,1,73,-81,81,0,0.601093769073486,1,1,-1,-1,0.40050196647644
29,1,1,74,27,27,1,0.635432481765747,-1,-1,1,1,0.351093769073486
29,1,1,75,-3,3,0,0.800960302352905,1,1,-1,-1,0.385432481765747
29,1,1,76,9,9,1,0.600985765457153,-1,-1,1,1,0.550960302352905
29,1,1,77,-27,27,0,0.734265327453613,1,1,-1,-1,0.350985765457153
29,1,1,78,9,9,1,0.800950288772583,-1,-1,1,1,0.484265327453613
29,1,1,79,-81,81,0,0.652686357498169,1,1,-1,-1,0.550950288772583
29,1,1,80,3,3,1,0.935450315475464,-1,-1,1,1,0.402686357498169
29,1,1,81,-9,9,1,0.78545069694519,1,1,-1,-1,0.685450315475464
29,1,1,82,-3,3,1,1.03387928009033,-1,1,1,1,0.53545069694519
29,1,1,83,3,3,1,0.684297800064087,-1,1,1,-1,0.783879280090332
29,1,1,84,-81,81,0,0.567785978317261,1,1,1,-1,0.434297800064087
29,1,1,85,81,81,1,0.617669105529785,-1,-1,1,1,0.317785978317261
29,1,1,86,-9,9,0,0.652493000030518,1,1,-1,-1,0.367669105529785
29,1,1,87,3,3,0,0.684941053390503,-1,-1,1,1,0.402493000030518
29,1,1,88,-3,3,1,0.718875408172607,1,-1,-1,-1,0.434941053390503
29,1,1,89,3,3,0,0.817638158798218,-1,1,-1,1,0.468875408172607
29,1,1,90,-9,9,1,1.01895093917847,1,-1,1,-1,0.567638158798218
29,1,1,91,-0,0,0,1.11934447288513,-1,1,-1,1,0.768950939178467
29,1,1,92,81,81,1,0.667623996734619,-1,-1,1,-1,0.869344472885132
29,1,1,93,-81,81,0,0.617681264877319,1,1,-1,-1,0.417623996734619
29,1,1,94,-3,3,1,0.684308767318726,-1,-1,1,1,0.367681264877319
29,1,1,95,9,9,1,1.11904215812683,-1,1,-1,-1,0.434308767318726
29,1,1,96,-27,27,0,0.551158428192139,1,1,1,-1,0.869042158126831
29,1,1,97,-27,27,1,0.867242097854614,-1,-1,1,1,0.301158428192139
29,1,1,98,9,9,0,0.717171192169189,-1,1,-1,-1,0.617242097854614
29,1,1,99,-27,27,0,0.918078899383545,1,-1,1,-1,0.467171192169189
29,1,2,2,27,27,1,0.668968915939331,-1,-1,-1,-1,0.852667331695557
29,1,2,3,3,3,0,0.833852767944336,1,1,-1,-1,0.418968915939331
29,1,2,4,-3,3,0,0.552805185317993,1,-1,1,1,0.583852767944336
29,1,2,5,-3,3,0,0.785789012908936,-1,-1,-1,1,0.302805185317993
29,1,2,6,-3,3,1,0.684797286987305,-1,-1,-1,-1,0.535789012908936
29,1,2,7,3,3,0,0.902480840682983,-1,1,-1,-1,0.434797286987305
29,1,2,8,-81,81,0,0.600509881973267,1,-1,1,-1,0.652480840682983
29,1,2,9,-9,9,1,0.884338617324829,-1,-1,-1,1,0.350509881973267
29,1,2,10,-81,81,0,0.734321117401123,-1,1,-1,-1,0.634338617324829
29,1,2,11,-9,9,0,0.834304094314575,-1,-1,1,-1,0.484321117401123
29,1,2,12,-9,9,1,0.683838605880737,-1,-1,-1,-1,0.584304094314575
29,1,2,13,-3,3,0,1.18426108360291,-1,1,-1,-1,0.433838605880737
29,1,2,14,81,81,1,0.60050106048584,-1,-1,1,-1,0.934261083602905
29,1,2,15,81,81,1,0.634328603744507,1,1,-1,-1,0.35050106048584
29,1,2,16,-9,9,0,0.835854291915894,1,1,1,1,0.384328603744507
29,1,2,17,-9,9,1,0.934291362762451,-1,-1,1,1,0.585854291915894
29,1,2,18,-3,3,0,0.834460735321045,-1,1,-1,-1,0.684291362762451
29,1,2,19,-3,3,0,0.735898017883301,-1,-1,1,-1,0.584460735321045
29,1,2,20,9,9,1,0.702028512954712,-1,-1,-1,-1,0.485898017883301
29,1,2,21,-9,9,1,0.669280767440796,1,1,-1,-1,0.452028512954712
29,1,2,22,81,81,1,0.66791296005249,-1,1,1,1,0.419280767440796
29,1,2,23,9,9,1,0.6847243309021,1,1,1,-1,0.41791296005249
29,1,2,24,27,27,1,0.684313297271729,1,1,1,1,0.4347243309021
29,1,2,25,27,27,1,0.568860292434692,1,1,1,1,0.434313297271729
29,1,2,26,-9,9,1,0.851916313171387,1,1,1,1,0.318860292434692
29,1,2,27,-27,27,0,0.650959491729736,-1,1,1,1,0.601916313171387
29,1,2,28,27,27,1,0.734286069869995,-1,-1,1,-1,0.400959491729736
29,1,2,29,-0,0,0,0.817999124526978,1,1,-1,-1,0.484286069869995
29,1,2,30,-81,81,0,0.552546262741089,-1,-1,1,1,0.567999124526978
29,1,2,31,-9,9,1,0.700983047485352,-1,-1,-1,-1,0.302546262741089
29,1,2,32,-27,27,0,0.550524473190308,-1,1,-1,-1,0.450983047485352
29,1,2,33,81,81,1,0.567611217498779,-1,-1,1,-1,0.300524473190308
29,1,2,34,-27,27,0,0.734322071075439,1,1,-1,-1,0.317611217498779
29,1,2,35,-3,3,1,0.617792129516602,-1,-1,1,1,0.484322071075439
29,1,2,36,-3,3,0,0.685981273651123,-1,1,-1,-1,0.367792129516602
29,1,2,37,-0,0,0,0.767795085906982,-1,-1,1,-1,0.435981273651123
29,1,2,38,27,27,1,0.583816051483154,-1,-1,-1,-1,0.517795085906982
29,1,2,39,3,3,1,0.685701608657837,1,1,-1,-1,0.333816051483154
29,1,2,40,-27,27,0,1.00120687484741,1,1,1,1,0.435701608657837
29,1,2,41,-0,0,1,0.967170238494873,-1,-1,1,1,0.751206874847412
29,1,2,42,-0,0,0,0.78435230255127,-1,1,-1,-1,0.717170238494873
29,1,2,43,-81,81,0,0.852184295654297,-1,-1,1,-1,0.53435230255127
29,1,2,44,-81,81,1,1.13430976867676,-1,-1,-1,-1,0.602184295654297
29,1,2,45,-27,27,0,0.867928028106689,-1,1,-1,-1,0.884309768676758
29,1,2,46,-81,81,0,0.617830276489258,-1,-1,1,-1,0.617928028106689
29,1,2,47,-9,9,0,0.900514125823975,-1,-1,-1,-1,0.367830276489258
29,1,2,48,0,0,1,0.685726165771484,-1,-1,-1,-1,0.650514125823975
29,1,2,52,0,0,1,0.900486946105957,-1,1,1,1,0.80099081993103
29,1,2,53,-81,81,0,0.752387285232544,1,1,1,-1,0.650486946105957
29,1,2,54,-9,9,0,0.78425931930542,-1,-1,1,1,0.502387285232544
29,1,2,55,-81,81,0,0.768827676773071,-1,-1,-1,-1,0.53425931930542
29,1,2,56,-9,9,1,1.00210118293762,-1,-1,-1,-1,0.518827676773071
29,1,2,57,27,27,1,0.783839702606201,-1,1,-1,-1,0.752101182937622
29,1,2,58,9,9,1,0.652245044708252,1,1,1,-1,0.533839702606201
29,1,2,59,3,3,1,0.668939113616943,1,1,1,1,0.402245044708252
29,1,2,60,3,3,1,0.801159620285034,1,1,1,1,0.418939113616943
29,1,2,61,0,0,1,0.717209577560425,1,1,1,1,0.551159620285034
29,1,2,62,3,3,1,0.767760038375854,1,1,1,1,0.467209577560425
29,1,2,63,3,3,1,0.667819023132324,1,1,1,1,0.517760038375854
29,1,2,64,-27,27,0,0.55094051361084,1,1,1,1,0.417819023132324
29,1,2,65,-3,3,0,0.652028322219849,-1,-1,1,1,0.30094051361084
29,1,2,66,81,81,1,0.800990104675293,-1,-1,-1,-1,0.402028322219849
29,1,2,67,-27,27,0,0.801159143447876,1,1,-1,-1,0.550990104675293
29,1,2,68,-81,81,0,0.719135046005249,-1,-1,1,1,0.551159143447876
29,1,2,69,81,81,1,0.702018022537231,-1,-1,-1,-1,0.469135046005249
29,1,2,70,0,0,1,0.733831167221069,1,1,-1,-1,0.452018022537231
29,1,2,71,81,81,1,0.600961923599243,1,1,1,1,0.483831167221069
29,1,2,72,3,3,1,0.767168760299683,1,1,1,1,0.350961923599243
29,1,2,73,-9,9,0,0.717172145843506,1,1,1,1,0.517168760299683
29,1,2,74,-3,3,1,0.685933351516724,-1,-1,1,1,0.467172145843506
29,1,2,75,-27,27,0,0.684341430664062,-1,1,-1,-1,0.435933351516724
29,1,2,76,-0,0,1,0.633798122406006,-1,-1,1,-1,0.434341430664062
29,1,2,77,-3,3,0,0.835355043411255,-1,1,-1,-1,0.383798122406006
29,1,2,78,-9,9,1,0.719381332397461,-1,-1,1,-1,0.585355043411255
29,1,2,79,-27,27,0,0.819157123565674,-1,1,-1,-1,0.469381332397461
29,1,2,80,27,27,1,0.585586071014404,-1,-1,1,-1,0.569157123565674
29,1,2,81,-27,27,0,0.717702150344849,1,1,-1,-1,0.335586071014404
29,1,2,82,9,9,0,0.735220193862915,-1,-1,1,1,0.467702150344849
29,1,2,83,-81,81,0,0.750988483428955,1,-1,-1,-1,0.485220193862915
29,1,2,84,-27,27,0,0.800536155700684,-1,-1,-1,1,0.500988483428955
29,1,2,85,9,9,0,0.8694007396698,-1,-1,-1,-1,0.550536155700684
29,1,2,86,81,81,1,0.60248327255249,1,-1,-1,-1,0.6194007396698
29,1,2,87,-27,27,0,0.519060373306274,1,1,-1,1,0.35248327255249
29,1,2,88,9,9,1,0.801924228668213,-1,-1,1,1,0.269060373306274
29,1,2,89,-27,27,0,0.700976133346558,1,1,-1,-1,0.551924228668213
29,1,2,90,27,27,1,0.685104131698608,-1,-1,1,1,0.450976133346558
29,1,2,91,-3,3,1,0.867129325866699,1,1,-1,-1,0.435104131698608
29,1,2,92,0,0,0,1.28470540046692,-1,1,1,1,0.617129325866699
29,1,2,93,-3,3,1,0.686001300811768,1,-1,1,-1,1.03470540046692
29,1,2,94,-81,81,0,0.518170118331909,-1,1,-1,1,0.436001300811768
29,1,2,95,-9,9,1,0.801560878753662,-1,-1,1,-1,0.268170118331909
29,1,2,96,27,27,1,0.552323818206787,-1,1,-1,-1,0.551560878753662
29,1,2,97,9,9,0,0.702357769012451,1,1,1,-1,0.302323818206787
29,1,2,98,-81,81,0,0.567650079727173,1,-1,1,1,0.452357769012451
29,1,2,99,-81,81,0,0.551536083221436,-1,-1,-1,1,0.317650079727173
29,1,3,2,-81,81,0,0.451996803283691,1,-1,-1,1,0.452447891235352
29,1,3,3,0,0,1,1.00238108634949,-1,-1,-1,1,0.201996803283691
29,1,3,4,-27,27,0,1.28552460670471,1,1,-1,-1,0.752381086349487
29,1,3,5,0,0,0,1.1509997844696,-1,-1,1,1,1.03552460670471
29,1,3,6,-27,27,0,0.883857250213623,1,-1,-1,-1,0.900999784469604
29,1,3,10,81,81,1,0.685884475708008,-1,1,1,1,0.535935163497925
29,1,3,11,-0,0,1,0.935289859771729,1,1,1,-1,0.435884475708008
29,1,3,12,9,9,1,0.800512552261353,-1,1,1,1,0.685289859771729
29,1,3,13,-81,81,0,0.968609094619751,1,1,1,-1,0.550512552261353
29,1,3,14,27,27,1,0.818592071533203,-1,-1,1,1,0.718609094619751
29,1,3,15,-27,27,0,0.768744230270386,1,1,-1,-1,0.568592071533203
29,1,3,16,-81,81,0,0.635920524597168,-1,-1,1,1,0.518744230270386
29,1,3,17,27,27,1,0.718101978302002,-1,-1,-1,-1,0.385920524597168
29,1,3,18,-81,81,0,0.684335231781006,1,1,-1,-1,0.468101978302002
29,1,3,19,9,9,1,0.70198130607605,-1,-1,1,1,0.434335231781006
29,1,3,20,-9,9,0,0.917715311050415,1,1,-1,-1,0.45198130607605
29,1,3,21,9,9,1,0.702510595321655,-1,-1,1,1,0.667715311050415
29,1,3,22,-27,27,0,0.784341335296631,1,1,-1,-1,0.452510595321655
29,1,3,23,3,3,1,0.917853116989136,-1,-1,1,1,0.534341335296631
29,1,3,24,-3,3,0,0.751432418823242,1,1,-1,-1,0.667853116989136
29,1,3,25,3,3,0,1.1004753112793,-1,-1,1,1,0.501432418823242
29,1,3,26,-81,81,0,0.800942659378052,1,-1,-1,-1,0.850475311279297
29,1,3,27,3,3,1,0.635515213012695,-1,-1,-1,1,0.550942659378052
29,1,3,28,3,3,1,0.633826732635498,1,1,-1,-1,0.385515213012695
29,1,3,29,-9,9,1,0.600995063781738,1,1,1,1,0.383826732635498
29,1,3,30,9,9,1,0.617146730422974,-1,1,1,1,0.350995063781738
29,1,3,31,-81,81,0,0.586013793945312,1,1,1,-1,0.367146730422974
29,1,3,32,81,81,1,0.617157220840454,-1,-1,1,1,0.336013793945312
29,1,3,33,-81,81,0,0.601776599884033,1,1,-1,-1,0.367157220840454
29,1,3,34,9,9,1,0.617954730987549,-1,-1,1,1,0.351776599884033
29,1,3,35,-27,27,0,0.550522804260254,1,1,-1,-1,0.367954730987549
29,1,3,36,0,0,1,0.501970767974854,-1,-1,1,1,0.300522804260254
29,1,3,37,-3,3,1,0.551331996917725,1,1,-1,-1,0.251970767974854
29,1,3,38,81,81,1,0.585696220397949,-1,1,1,1,0.301331996917725
29,1,3,39,-27,27,0,0.667657375335693,1,1,1,-1,0.335696220397949
29,1,3,40,81,81,1,0.552224159240723,-1,-1,1,1,0.417657375335693
29,1,3,41,-3,3,1,0.534465312957764,1,1,-1,-1,0.302224159240723
29,1,3,42,9,9,1,0.701920032501221,-1,1,1,1,0.284465312957764
29,1,3,43,3,3,0,0.667168378829956,1,1,1,-1,0.451920032501221
29,1,3,44,0,0,0,0.617694616317749,1,-1,1,1,0.417168378829956
29,1,3,45,9,9,1,0.734639167785645,1,-1,-1,1,0.367694616317749
29,1,3,46,-0,0,0,0.767637968063354,1,1,-1,1,0.484639167785645
29,1,3,47,-27,27,0,0.952003955841064,-1,-1,1,1,0.517637968063354
29,1,3,48,81,81,1,0.602378606796265,-1,-1,-1,-1,0.702003955841064
29,1,3,49,-3,3,1,0.550506353378296,1,1,-1,-1,0.352378606796265
29,1,3,50,9,9,1,0.73445200920105,-1,1,1,1,0.300506353378296
29,1,3,51,-9,9,1,0.684869050979614,1,1,1,-1,0.48445200920105
29,1,3,52,27,27,1,0.583892583847046,-1,1,1,1,0.434869050979614
29,1,3,53,-0,0,1,0.819108247756958,1,1,1,-1,0.333892583847046
29,1,3,54,27,27,1,0.750974178314209,-1,1,1,1,0.569108247756958
29,1,3,55,27,27,1,0.518892288208008,1,1,1,-1,0.500974178314209
29,1,3,56,9,9,1,0.86883807182312,1,1,1,1,0.268892288208008
29,1,3,57,-27,27,0,0.602557897567749,1,1,1,1,0.61883807182312
29,1,3,58,27,27,1,0.519243001937866,-1,-1,1,1,0.352557897567749
29,1,3,59,-9,9,0,0.68436598777771,1,1,-1,-1,0.269243001937866
29,1,3,60,9,9,1,0.585380554199219,-1,-1,1,1,0.43436598777771
29,1,3,61,-3,3,1,0.702231168746948,1,1,-1,-1,0.335380554199219
29,1,3,62,81,81,1,0.717721223831177,-1,1,1,1,0.452231168746948
29,1,3,63,-3,3,1,0.767705678939819,1,1,1,-1,0.467721223831177
29,1,3,64,81,81,1,0.385502576828003,-1,1,1,1,0.517705678939819
29,1,3,65,-0,0,0,1.0509991645813,1,1,1,-1,0.135502576828003
29,1,3,66,3,3,1,0.634283304214478,-1,-1,1,1,0.800999164581299
29,1,3,67,-3,3,0,0.986003160476685,1,1,-1,-1,0.384283304214478
29,1,3,68,9,9,1,0.651038646697998,-1,-1,1,1,0.736003160476685
29,1,3,69,81,81,1,0.668183565139771,1,1,-1,-1,0.401038646697998
29,1,3,70,-3,3,0,0.617661714553833,1,1,1,1,0.418183565139771
29,1,3,71,3,3,1,0.685556888580322,-1,-1,1,1,0.367661714553833
29,1,3,72,-81,81,0,0.767685174942017,1,1,-1,-1,0.435556888580322
29,1,3,73,9,9,1,0.53545618057251,-1,-1,1,1,0.517685174942017
29,1,3,74,-27,27,1,0.634312629699707,1,1,-1,-1,0.28545618057251
29,1,3,75,0,0,1,0.717150926589966,-1,1,1,1,0.384312629699707
29,1,3,76,-3,3,0,1.1677143573761,1,1,1,-1,0.467150926589966
29,1,3,77,0,0,1,0.700975894927979,-1,-1,1,1,0.917714357376099
29,1,3,78,-3,3,1,0.583837270736694,1,1,-1,-1,0.450975894927979
29,1,3,79,3,3,1,0.468887567520142,-1,1,1,1,0.333837270736694
29,1,3,80,-27,27,0,0.617872953414917,1,1,1,-1,0.218887567520142
29,1,3,81,81,81,1,0.501006126403809,-1,-1,1,1,0.367872953414917
29,1,3,82,-81,81,0,0.48528790473938,1,1,-1,-1,0.251006126403809
29,1,3,83,9,9,1,0.618489027023315,-1,-1,1,1,0.23528790473938
29,1,3,84,-27,27,0,0.584352731704712,1,1,-1,-1,0.368489027023315
29,1,3,85,27,27,1,0.70109224319458,-1,-1,1,1,0.334352731704712
29,1,3,86,-27,27,0,0.66883659362793,1,1,-1,-1,0.45109224319458
29,1,3,87,81,81,1,0.600662231445312,-1,-1,1,1,0.41883659362793
29,1,3,88,-3,3,1,0.802316188812256,1,1,-1,-1,0.350662231445312
29,1,3,89,-27,27,0,0.501014232635498,-1,1,1,1,0.552316188812256
29,1,3,90,81,81,1,0.383832216262817,-1,-1,1,-1,0.251014232635498
29,1,3,91,-27,27,0,0.601251840591431,1,1,-1,-1,0.133832216262817
29,1,3,92,-3,3,0,0.734342336654663,-1,-1,1,1,0.351251840591431
29,1,3,93,-9,9,1,0.817635059356689,-1,-1,-1,-1,0.484342336654663
29,1,3,94,9,9,1,0.868889093399048,-1,1,-1,-1,0.567635059356689
29,1,3,95,-0,0,1,0.950983285903931,1,1,1,-1,0.618889093399048
29,1,3,96,27,27,1,0.501874446868896,-1,1,1,1,0.700983285903931
29,1,3,97,81,81,1,0.600525140762329,1,1,1,-1,0.251874446868896
29,1,3,98,-3,3,0,0.669000864028931,1,1,1,1,0.350525140762329
29,1,3,99,9,9,0,0.717245101928711,-1,-1,1,1,0.419000864028931
29,1,4,2,27,27,1,0.918894290924072,1,-1,1,1,0.551677703857422
29,1,4,3,81,81,1,0.552675247192383,1,1,-1,1,0.668894290924072
29,1,4,4,27,27,1,0.634373426437378,1,1,1,1,0.302675247192383
29,1,4,5,27,27,1,0.635733604431152,1,1,1,1,0.384373426437378
29,1,4,6,0,0,0,0.934296369552612,1,1,1,1,0.385733604431152
29,1,4,7,27,27,1,0.402490615844727,1,-1,1,1,0.684296369552612
29,1,4,8,3,3,0,0.967642068862915,1,1,-1,1,0.152490615844727
29,1,4,9,27,27,1,0.583816051483154,1,-1,1,1,0.717642068862915
29,1,4,10,0,0,1,0.602033615112305,1,1,-1,1,0.333816051483154
29,1,4,11,9,9,1,0.684346437454224,1,1,1,1,0.352033615112305
29,1,4,12,27,27,1,0.517631053924561,1,1,1,1,0.434346437454224
29,1,4,13,0,0,1,1.05093026161194,1,1,1,1,0.267631053924561
29,1,4,14,9,9,1,0.817207813262939,1,1,1,1,0.800930261611938
29,1,4,15,0,0,1,0.652173042297363,1,1,1,1,0.567207813262939
29,1,4,16,81,81,1,0.368895530700684,1,1,1,1,0.402173042297363
29,1,4,17,-3,3,0,0.669432401657104,1,1,1,1,0.118895530700684
29,1,4,18,-27,27,0,0.433864831924438,-1,-1,1,1,0.419432401657104
29,1,4,19,-3,3,0,0.619160890579224,-1,-1,-1,-1,0.183864831924438
29,1,4,20,-9,9,0,0.684484243392944,-1,-1,-1,-1,0.369160890579224
29,1,4,21,-9,9,0,0.835720539093018,-1,-1,-1,-1,0.434484243392944
29,1,4,22,-9,9,0,0.753177881240845,-1,-1,-1,-1,0.585720539093018
29,1,4,23,-9,9,0,0.685724020004272,-1,-1,-1,-1,0.503177881240845
29,1,4,24,0,0,0,0.752159357070923,-1,-1,-1,-1,0.435724020004272
29,1,4,25,9,9,1,0.552881479263306,1,-1,-1,-1,0.502159357070923
29,1,4,26,3,3,1,0.568873882293701,1,1,-1,1,0.302881479263306
29,1,4,27,-81,81,0,0.452791452407837,1,1,1,1,0.318873882293701
29,1,4,28,-3,3,1,0.768038272857666,-1,-1,1,1,0.202791452407837
29,1,4,29,-27,27,0,0.533861398696899,-1,1,-1,-1,0.518038272857666
29,1,4,30,-81,81,0,0.55159330368042,-1,-1,1,-1,0.283861398696899
29,1,4,31,-81,81,0,0.552359104156494,-1,-1,-1,-1,0.30159330368042
29,1,4,32,-3,3,0,0.301031112670898,-1,-1,-1,-1,0.302359104156494
29,1,4,33,-0,0,1,0.469254970550537,-1,-1,-1,-1,0.0510311126708984
29,1,4,34,-81,81,0,0.367190361022949,-1,1,-1,-1,0.219254970550537
29,1,4,35,-9,9,0,0.470155477523804,-1,-1,1,-1,0.117190361022949
29,1,4,36,-0,0,1,0.650958061218262,-1,-1,-1,-1,0.220155477523804
29,1,4,37,-27,27,1,1.0018630027771,-1,1,-1,-1,0.400958061218262
29,1,4,38,-3,3,1,0.484438896179199,-1,1,1,-1,0.7518630027771
29,1,4,39,-81,81,0,0.451367378234863,-1,1,1,-1,0.234438896179199
29,1,4,40,-27,27,0,0.46938681602478,-1,-1,1,-1,0.201367378234863
29,1,4,41,-81,81,0,0.367649078369141,-1,-1,-1,-1,0.21938681602478
29,1,4,42,-9,9,0,0.567998170852661,-1,-1,-1,-1,0.117649078369141
29,1,4,43,-27,27,0,0.584908723831177,-1,-1,-1,-1,0.317998170852661
29,1,4,44,-81,81,0,0.583858728408813,-1,-1,-1,-1,0.334908723831177
29,1,4,45,-3,3,1,0.736008167266846,-1,-1,-1,-1,0.333858728408813
29,1,4,46,-27,27,0,0.686128377914429,-1,1,-1,-1,0.486008167266846
29,1,4,47,-3,3,0,0.967737436294556,-1,-1,1,-1,0.436128377914429
29,1,4,48,-9,9,0,0.850495576858521,-1,-1,-1,-1,0.717737436294556
29,1,4,49,-9,9,0,0.900978326797485,-1,-1,-1,-1,0.600495576858521
29,1,4,50,-27,27,1,0.61915397644043,-1,-1,-1,-1,0.650978326797485
29,1,4,51,-81,81,0,0.517827749252319,-1,1,-1,-1,0.36915397644043
29,1,4,52,-3,3,0,0.55101466178894,-1,-1,1,-1,0.267827749252319
29,1,4,53,-3,3,1,0.485588073730469,-1,-1,-1,-1,0.30101466178894
29,1,4,54,-3,3,1,0.517745494842529,-1,1,-1,-1,0.235588073730469
29,1,4,55,-3,3,0,0.817137956619263,-1,1,1,-1,0.267745494842529
29,1,4,56,-27,27,0,0.468721151351929,-1,-1,1,-1,0.567137956619263
29,1,4,57,-0,0,0,0.750984191894531,-1,-1,-1,-1,0.218721151351929
29,1,4,58,81,81,1,0.701993942260742,-1,-1,-1,-1,0.500984191894531
29,1,4,59,-81,81,0,0.384921312332153,1,1,-1,-1,0.451993942260742
29,1,4,60,27,27,1,1.15262413024902,-1,-1,1,1,0.134921312332153
29,1,4,61,0,0,1,0.602436542510986,1,1,-1,-1,0.902624130249023
29,1,4,62,81,81,1,0.583855152130127,1,1,1,1,0.352436542510986
29,1,4,63,-81,81,0,0.500558853149414,1,1,1,1,0.333855152130127
29,1,4,64,0,0,1,0.818515300750732,-1,-1,1,1,0.250558853149414
29,1,4,65,27,27,1,0.617630243301392,1,1,-1,-1,0.568515300750732
29,1,4,66,9,9,1,0.650487184524536,1,1,1,1,0.367630243301392
29,1,4,67,3,3,1,0.602421760559082,1,1,1,1,0.400487184524536
29,1,4,68,81,81,1,0.519132852554321,1,1,1,1,0.352421760559082
29,1,4,69,-9,9,0,0.802681684494019,1,1,1,1,0.269132852554321
29,1,4,70,-9,9,0,0.752434730529785,-1,-1,1,1,0.552681684494019
29,1,4,71,-9,9,0,1.00095844268799,-1,-1,-1,-1,0.502434730529785
29,1,4,72,-9,9,1,0.669538974761963,-1,-1,-1,-1,0.750958442687988
29,1,4,73,-0,0,1,0.633831262588501,-1,1,-1,-1,0.419538974761963
29,1,4,74,-27,27,0,0.885571241378784,-1,1,1,-1,0.383831262588501
29,1,4,75,-81,81,0,0.519008874893188,-1,-1,1,-1,0.635571241378784
29,1,4,76,3,3,0,1.11821889877319,-1,-1,-1,-1,0.269008874893188
29,1,4,77,81,81,1,0.568206071853638,1,-1,-1,-1,0.868218898773193
29,1,4,78,3,3,1,0.717621564865112,1,1,-1,1,0.318206071853638
29,1,4,79,81,81,1,0.535346031188965,1,1,1,1,0.467621564865112
29,1,4,80,27,27,1,0.600485324859619,1,1,1,1,0.285346031188965
29,1,4,81,-81,81,0,0.433862924575806,1,1,1,1,0.350485324859619
29,1,4,82,-81,81,0,0.502345323562622,-1,-1,1,1,0.183862924575806
29,1,4,83,-3,3,1,0.801434278488159,-1,-1,-1,-1,0.252345323562622
29,1,4,84,9,9,1,0.735714197158813,-1,1,-1,-1,0.551434278488159
29,1,4,85,3,3,1,0.602670431137085,1,1,1,-1,0.485714197158813
29,1,4,86,-9,9,0,0.650952816009521,1,1,1,1,0.352670431137085
29,1,4,87,-27,27,0,0.785991907119751,-1,-1,1,1,0.400952816009521
29,1,4,88,-9,9,0,0.601022720336914,-1,-1,-1,-1,0.535991907119751
29,1,4,89,3,3,1,0.501972198486328,-1,-1,-1,-1,0.351022720336914
29,1,4,90,81,81,1,1.03541684150696,1,1,-1,-1,0.251972198486328
29,1,4,91,9,9,1,0.551140546798706,1,1,1,1,0.785416841506958
29,1,4,92,-27,27,0,0.335581541061401,1,1,1,1,0.301140546798706
29,1,4,93,-9,9,1,0.73464822769165,-1,-1,1,1,0.0855815410614014
29,1,4,94,-81,81,0,0.66841197013855,-1,1,-1,-1,0.48464822769165
29,1,4,95,27,27,1,0.619320154190063,-1,-1,1,-1,0.41841197013855
29,1,4,96,3,3,1,0.801181077957153,1,1,-1,-1,0.369320154190063
29,1,4,97,3,3,1,0.467672109603882,1,1,1,1,0.551181077957153
29,1,4,98,3,3,0,0.58428955078125,1,1,1,1,0.217672109603882
29,1,4,99,27,27,1,0.534489870071411,1,-1,1,1,0.33428955078125
29,1,5,2,27,27,1,0.617141008377075,-1,1,-1,-1,0.952221155166626
29,1,5,3,-0,0,1,0.584314584732056,1,1,1,-1,0.367141008377075
29,1,5,4,81,81,1,0.518478870391846,-1,1,1,1,0.334314584732056
29,1,5,5,-27,27,0,0.536230325698853,1,1,1,-1,0.268478870391846
29,1,5,6,81,81,1,0.334289073944092,-1,-1,1,1,0.286230325698853
29,1,5,7,-9,9,1,0.686166286468506,1,1,-1,-1,0.0842890739440918
29,1,5,8,27,27,1,0.602692127227783,-1,1,1,1,0.436166286468506
29,1,5,9,-9,9,1,0.751437425613403,1,1,1,-1,0.352692127227783
29,1,5,10,-81,81,0,0.450984001159668,-1,1,1,1,0.501437425613403
29,1,5,11,27,27,1,0.40273642539978,-1,-1,1,-1,0.200984001159668
29,1,5,12,27,27,1,0.450939893722534,1,1,-1,-1,0.15273642539978
29,1,5,13,-9,9,0,0.567633867263794,1,1,1,1,0.200939893722534
29,1,5,14,-3,3,1,1.11925363540649,-1,-1,1,1,0.317633867263794
29,1,5,15,27,27,1,0.483829021453857,-1,1,-1,-1,0.869253635406494
29,1,5,16,-9,9,1,0.586134672164917,1,1,1,-1,0.233829021453857
29,1,5,17,-81,81,0,0.502415418624878,-1,1,1,1,0.336134672164917
29,1,5,18,-9,9,0,0.652045488357544,-1,-1,1,-1,0.252415418624878
29,1,5,19,81,81,1,0.451789140701294,-1,-1,-1,-1,0.402045488357544
29,1,5,20,9,9,1,0.534435033798218,1,1,-1,-1,0.201789140701294
29,1,5,21,27,27,1,0.535619735717773,1,1,1,1,0.284435033798218
29,1,5,22,-3,3,0,0.534854173660278,1,1,1,1,0.285619735717773
29,1,5,23,81,81,1,0.483824968338013,-1,-1,1,1,0.284854173660278
29,1,5,24,-3,3,1,0.602691411972046,1,1,-1,-1,0.233824968338013
29,1,5,25,-81,81,0,0.417922019958496,-1,1,1,1,0.352691411972046
29,1,5,26,81,81,1,0.402677536010742,-1,-1,1,-1,0.167922019958496
29,1,5,27,3,3,1,0.619389772415161,1,1,-1,-1,0.152677536010742
29,1,5,28,-9,9,0,0.635998487472534,1,1,1,1,0.369389772415161
29,1,5,29,-0,0,1,0.533844709396362,-1,-1,1,1,0.385998487472534
29,1,5,30,-3,3,1,0.552386283874512,-1,1,-1,-1,0.283844709396362
29,1,5,31,27,27,0,0.285934925079346,-1,1,1,-1,0.302386283874512
29,1,5,32,-0,0,1,0.650954961776733,1,-1,1,-1,0.0359349250793457
29,1,5,33,0,0,1,0.70173192024231,-1,1,-1,1,0.400954961776733
29,1,5,34,9,9,1,0.817603826522827,1,1,1,-1,0.45173192024231
29,1,5,35,-27,27,0,0.517661094665527,1,1,1,1,0.567603826522827
29,1,5,36,-27,27,0,0.902612209320068,-1,-1,1,1,0.267661094665527
29,1,5,37,81,81,1,0.385887861251831,-1,-1,-1,-1,0.652612209320068
29,1,5,38,3,3,1,0.800539493560791,1,1,-1,-1,0.135887861251831
29,1,5,39,0,0,1,0.719187498092651,1,1,1,1,0.550539493560791
29,1,5,40,81,81,1,0.452379703521729,1,1,1,1,0.469187498092651
29,1,5,41,3,3,1,0.885157823562622,1,1,1,1,0.202379703521729
29,1,5,42,27,27,1,0.519046068191528,1,1,1,1,0.635157823562622
29,1,5,43,-3,3,1,0.433896064758301,1,1,1,1,0.269046068191528
29,1,5,44,27,27,1,0.736088037490845,-1,1,1,1,0.183896064758301
29,1,5,45,-3,3,0,0.919235229492188,1,1,1,-1,0.486088037490845
29,1,5,46,9,9,1,0.55094575881958,-1,-1,1,1,0.669235229492188
29,1,5,47,81,81,1,0.402023792266846,1,1,-1,-1,0.30094575881958
29,1,5,48,27,27,1,0.550539016723633,1,1,1,1,0.152023792266846
29,1,5,49,-81,81,0,0.467205047607422,1,1,1,1,0.300539016723633
29,1,5,50,81,81,1,0.334325313568115,-1,-1,1,1,0.217205047607422
29,1,5,51,81,81,1,0.468802213668823,1,1,-1,-1,0.0843253135681152
29,1,5,52,-27,27,0,1.21909713745117,1,1,1,1,0.218802213668823
29,1,5,53,9,9,0,0.567970275878906,-1,-1,1,1,0.969097137451172
29,1,5,54,-3,3,1,0.451471567153931,1,-1,-1,-1,0.317970275878906
29,1,5,55,-27,27,0,0.501075267791748,-1,1,-1,1,0.201471567153931
29,1,5,56,-81,81,0,0.250994920730591,-1,-1,1,-1,0.251075267791748
29,1,5,57,81,81,1,0.467643260955811,-1,-1,-1,-1,0.00099492073059082
29,1,5,58,81,81,1,0.317965269088745,1,1,-1,-1,0.217643260955811
29,1,5,62,-9,9,0,0.851119995117188,1,1,-1,-1,0.200955867767334
29,1,5,63,9,9,0,0.784301280975342,-1,-1,1,1,0.601119995117188
29,1,5,64,-9,9,1,0.950951099395752,1,-1,-1,-1,0.534301280975342
29,1,5,65,3,3,0,0.601814270019531,-1,1,-1,1,0.700951099395752
29,1,5,66,-3,3,1,0.517137050628662,1,-1,1,-1,0.351814270019531
29,1,5,67,9,9,1,0.5194091796875,-1,1,-1,1,0.267137050628662
29,1,5,68,81,81,1,0.417595148086548,1,1,1,-1,0.2694091796875
29,1,5,69,-9,9,0,0.902031898498535,1,1,1,1,0.167595148086548
29,1,5,70,-9,9,0,0.668946266174316,-1,-1,1,1,0.652031898498535
29,1,5,71,81,81,1,0.551743268966675,-1,-1,-1,-1,0.418946266174316
29,1,5,72,0,0,0,0.668786525726318,1,1,-1,-1,0.301743268966675
29,1,5,73,9,9,1,0.400949954986572,1,-1,1,1,0.418786525726318
29,1,5,74,9,9,1,0.417631864547729,1,1,-1,1,0.150949954986572
29,1,5,75,27,27,1,0.602495431900024,1,1,1,1,0.167631864547729
29,1,5,76,-3,3,0,0.66766619682312,1,1,1,1,0.352495431900024
29,1,5,77,3,3,1,0.634433507919312,-1,-1,1,1,0.41766619682312
29,1,5,78,-3,3,1,0.500521898269653,1,1,-1,-1,0.384433507919312
29,1,5,79,3,3,1,0.634922742843628,-1,1,1,1,0.250521898269653
29,1,5,80,-81,81,0,0.534274101257324,1,1,1,-1,0.384922742843628
29,1,5,81,-0,0,0,0.636120319366455,-1,-1,1,1,0.284274101257324
29,1,5,82,-27,27,0,0.585344314575195,-1,-1,-1,-1,0.386120319366455
29,1,5,83,27,27,1,0.550939559936523,-1,-1,-1,-1,0.335344314575195
29,1,5,84,-3,3,0,0.801993608474731,1,1,-1,-1,0.300939559936523
29,1,5,85,3,3,1,0.684435844421387,-1,-1,1,1,0.551993608474731
29,1,5,86,9,9,1,0.619184255599976,1,1,-1,-1,0.434435844421387
29,1,5,87,3,3,1,0.936104297637939,1,1,1,1,0.369184255599976
29,1,5,91,27,27,1,0.417990922927856,-1,-1,1,-1,0.117615461349487
29,1,5,92,0,0,0,0.718953132629395,1,1,-1,-1,0.167990922927856
29,1,5,93,9,9,1,0.568825483322144,1,-1,1,1,0.468953132629395
29,1,5,94,0,0,1,0.585690259933472,1,1,-1,1,0.318825483322144
29,1,5,95,-0,0,1,0.50101113319397,1,1,1,1,0.335690259933472
29,1,5,96,3,3,1,1.167160987854,-1,1,1,1,0.25101113319397
29,1,5,97,27,27,1,0.784596920013428,1,1,1,-1,0.917160987854004
29,1,5,98,-9,9,0,0.717630863189697,1,1,1,1,0.534596920013428
29,1,5,99,-27,27,0,0.600504636764526,-1,-1,1,1,0.467630863189697
29,1,6,3,-81,81,0,0.351953268051147,1,-1,-1,-1,0.333876132965088
29,1,6,4,-27,27,0,0.685869932174683,-1,-1,-1,1,0.101953268051147
29,1,6,5,27,27,1,0.602235794067383,-1,-1,-1,-1,0.435869932174683
29,1,6,10,9,9,1,0.601242303848267,-1,-1,1,1,0.28459620475769
29,1,6,11,9,9,1,0.567639112472534,1,1,-1,-1,0.351242303848267
29,1,6,12,81,81,1,0.467642784118652,1,1,1,1,0.317639112472534
29,1,6,13,81,81,1,0.71934962272644,1,1,1,1,0.217642784118652
29,1,6,14,27,27,1,0.584508180618286,1,1,1,1,0.46934962272644
29,1,6,15,9,9,0,0.684477567672729,1,1,1,1,0.334508180618286
29,1,6,16,3,3,1,0.484370231628418,1,-1,1,1,0.434477567672729
29,1,6,17,3,3,1,0.635290384292603,1,1,-1,1,0.234370231628418
29,1,6,18,-0,0,0,0.635821104049683,1,1,1,1,0.385290384292603
29,1,6,19,-3,3,1,0.617808818817139,-1,-1,1,1,0.385821104049683
29,1,6,20,-0,0,0,0.718665838241577,-1,1,-1,-1,0.367808818817139
29,1,6,21,-9,9,0,0.719334363937378,-1,-1,1,-1,0.468665838241577
29,1,6,22,27,27,1,0.618678092956543,-1,-1,-1,-1,0.469334363937378
29,1,6,23,81,81,1,0.4671950340271,1,1,-1,-1,0.368678092956543
29,1,6,24,81,81,1,0.785403966903687,1,1,1,1,0.2171950340271
29,1,6,25,81,81,1,0.602513790130615,1,1,1,1,0.535403966903687
29,1,6,26,3,3,1,0.702688932418823,1,1,1,1,0.352513790130615
29,1,6,27,27,27,1,0.667670011520386,1,1,1,1,0.452688932418823
29,1,6,28,-3,3,1,0.668453216552734,1,1,1,1,0.417670011520386
29,1,6,29,27,27,1,0.717734813690186,-1,1,1,1,0.418453216552734
29,1,6,30,81,81,1,0.63428521156311,1,1,1,-1,0.467734813690186
29,1,6,31,3,3,1,0.719015598297119,1,1,1,1,0.38428521156311
29,1,6,32,9,9,1,0.701225996017456,1,1,1,1,0.469015598297119
29,1,6,33,9,9,1,0.667155981063843,1,1,1,1,0.451225996017456
29,1,6,34,-81,81,0,0.56916880607605,1,1,1,1,0.417155981063843
29,1,6,35,-9,9,0,0.502012968063354,-1,-1,1,1,0.31916880607605
29,1,6,36,-81,81,0,0.617611169815063,-1,-1,-1,-1,0.252012968063354
29,1,6,37,-3,3,0,0.783907175064087,-1,-1,-1,-1,0.367611169815063
29,1,6,38,-81,81,0,0.469375610351562,-1,-1,-1,-1,0.533907175064087
29,1,6,39,-27,27,0,0.801415920257568,-1,-1,-1,-1,0.219375610351562
29,1,6,40,-27,27,0,0.618852615356445,-1,-1,-1,-1,0.551415920257568
29,1,6,41,-3,3,1,0.600475788116455,-1,-1,-1,-1,0.368852615356445
29,1,6,42,27,27,1,0.734793663024902,-1,1,-1,-1,0.350475788116455
29,1,6,43,27,27,1,0.483827114105225,1,1,1,-1,0.484793663024902
29,1,6,44,3,3,0,0.667731761932373,1,1,1,1,0.233827114105225
29,1,6,45,27,27,1,0.45051097869873,1,-1,1,1,0.417731761932373
29,1,6,46,3,3,1,0.734261035919189,1,1,-1,1,0.20051097869873
29,1,6,47,9,9,1,0.584425210952759,1,1,1,1,0.484261035919189
29,1,6,48,9,9,1,0.684296846389771,1,1,1,1,0.334425210952759
29,1,6,49,-27,27,0,0.51721978187561,1,1,1,1,0.434296846389771
29,1,6,50,27,27,1,0.58585000038147,-1,-1,1,1,0.26721978187561
29,1,6,51,9,9,0,0.601580381393433,1,1,-1,-1,0.33585000038147
29,1,6,52,-3,3,1,0.50141716003418,1,-1,1,1,0.351580381393433
29,1,6,53,-27,27,0,0.433834791183472,-1,1,-1,1,0.25141716003418
29,1,6,54,81,81,1,0.53546404838562,-1,-1,1,-1,0.183834791183472
29,1,6,55,0,0,1,0.48473596572876,1,1,-1,-1,0.28546404838562
29,1,6,56,9,9,1,0.51891040802002,1,1,1,1,0.23473596572876
29,1,6,57,0,0,1,0.551500797271729,1,1,1,1,0.26891040802002
29,1,6,58,0,0,1,0.700518846511841,1,1,1,1,0.301500797271729
29,1,6,59,9,9,0,0.967651128768921,1,1,1,1,0.450518846511841
29,1,6,60,0,0,1,0.585790872573853,1,-1,1,1,0.717651128768921
29,1,6,61,3,3,0,0.852073192596436,1,1,-1,1,0.335790872573853
29,1,6,62,9,9,1,0.484512329101562,1,-1,1,1,0.602073192596436
29,1,6,63,3,3,1,0.569159746170044,1,1,-1,1,0.234512329101562
29,1,6,64,27,27,1,0.702127456665039,1,1,1,1,0.319159746170044
29,1,6,65,-0,0,1,0.535989284515381,1,1,1,1,0.452127456665039
29,1,6,66,-81,81,0,0.617192268371582,-1,1,1,1,0.285989284515381
29,1,6,67,-27,27,0,0.585385084152222,-1,-1,1,-1,0.367192268371582
29,1,6,68,-3,3,1,0.585030794143677,-1,-1,-1,-1,0.335385084152222
29,1,6,69,3,3,0,0.61792516708374,-1,1,-1,-1,0.335030794143677
29,1,6,70,0,0,1,0.28576922416687,1,-1,1,-1,0.36792516708374
29,1,6,71,27,27,1,0.302433490753174,1,1,-1,1,0.0357692241668701
29,1,6,72,3,3,1,0.352425336837769,1,1,1,1,0.0524334907531738
29,1,6,73,-9,9,1,0.518106937408447,1,1,1,1,0.102425336837769
29,1,6,74,-81,81,0,0.536079883575439,-1,1,1,1,0.268106937408447
29,1,6,75,9,9,0,0.669138669967651,-1,-1,1,-1,0.286079883575439
29,1,6,76,0,0,0,0.418921709060669,1,-1,-1,-1,0.419138669967651
29,1,6,77,81,81,1,0.485237598419189,1,-1,-1,1,0.168921709060669
29,1,6,78,9,9,1,0.418256282806396,1,1,-1,1,0.235237598419189
29,1,6,79,27,27,1,0.602174997329712,1,1,1,1,0.168256282806396
29,1,6,80,-9,9,0,0.668463945388794,1,1,1,1,0.352174997329712
29,1,6,81,27,27,1,0.585301637649536,-1,-1,1,1,0.418463945388794
29,1,6,82,9,9,1,0.551605224609375,1,1,-1,-1,0.335301637649536
29,1,6,83,81,81,1,0.567837476730347,1,1,1,1,0.301605224609375
29,1,6,84,81,81,1,0.550975799560547,1,1,1,1,0.317837476730347
29,1,6,85,9,9,1,0.784286737442017,1,1,1,1,0.300975799560547
29,1,6,86,9,9,0,0.60185170173645,1,1,1,1,0.534286737442017
29,1,6,87,81,81,1,0.385544061660767,1,-1,1,1,0.35185170173645
29,1,6,88,0,0,1,0.934303998947144,1,1,-1,1,0.135544061660767
29,1,6,89,27,27,1,0.535189390182495,1,1,1,1,0.684303998947144
29,1,6,90,9,9,0,0.852144002914429,1,1,1,1,0.285189390182495
29,1,6,91,81,81,1,0.550502061843872,1,-1,1,1,0.602144002914429
29,1,6,92,3,3,1,1.08558487892151,1,1,-1,1,0.300502061843872
29,1,6,93,3,3,1,0.784911870956421,1,1,1,1,0.835584878921509
29,1,6,94,0,0,1,0.55052638053894,1,1,1,1,0.534911870956421
29,1,6,95,27,27,1,0.467166900634766,1,1,1,1,0.30052638053894
29,1,6,96,9,9,1,0.583802223205566,1,1,1,1,0.217166900634766
29,1,6,97,3,3,0,0.567620277404785,1,1,1,1,0.333802223205566
29,1,6,98,81,81,1,0.469083309173584,1,-1,1,1,0.317620277404785
29,2,1,5,81,81,1,0.751018285751343,-1,-1,-1,1,0.619159460067749
29,2,1,9,-3,3,0,0.767810344696045,-1,1,-1,-1,0.669543743133545
29,2,1,10,81,81,1,0.685205698013306,-1,-1,1,-1,0.517810344696045
29,2,1,11,-27,27,0,0.585750818252563,1,1,-1,-1,0.435205698013306
29,2,1,12,-9,9,0,0.717197895050049,-1,-1,1,1,0.335750818252563
29,2,1,13,-27,27,0,0.551176309585571,-1,-1,-1,-1,0.467197895050049
29,2,1,14,-27,27,0,0.536187410354614,-1,-1,-1,-1,0.301176309585571
29,2,1,15,-9,9,1,0.619480848312378,-1,-1,-1,-1,0.286187410354614
29,2,1,16,81,81,1,0.635935306549072,-1,1,-1,-1,0.369480848312378
29,2,1,17,3,3,0,0.650489091873169,1,1,1,-1,0.385935306549072
29,2,1,18,-27,27,0,0.652066946029663,1,-1,1,1,0.400489091873169
29,2,1,19,3,3,0,0.88383150100708,-1,-1,-1,1,0.402066946029663
29,2,1,20,3,3,0,0.884318828582764,1,-1,-1,-1,0.63383150100708
29,2,1,21,0,0,1,0.70276951789856,1,-1,-1,1,0.634318828582764
29,2,1,22,3,3,0,0.917162179946899,1,1,-1,1,0.45276951789856
29,2,1,23,27,27,1,0.634455680847168,1,-1,1,1,0.667162179946899
29,2,1,24,-9,9,0,0.835270643234253,1,1,-1,1,0.384455680847168
29,2,1,25,-27,27,0,0.619085788726807,-1,-1,1,1,0.585270643234253
29,2,1,26,-9,9,1,0.618585824966431,-1,-1,-1,-1,0.369085788726807
29,2,1,27,27,27,0,0.619238615036011,-1,1,-1,-1,0.368585824966431
29,2,1,28,-0,0,0,0.586031913757324,1,-1,1,-1,0.369238615036011
29,2,1,29,-3,3,1,0.652518033981323,-1,-1,-1,1,0.336031913757324
29,2,1,30,9,9,0,0.850984811782837,-1,1,-1,-1,0.402518033981323
29,2,1,31,0,0,1,0.885622024536133,1,-1,1,-1,0.600984811782837
29,2,1,32,-9,9,1,0.700949430465698,1,1,-1,1,0.635622024536133
29,2,1,33,-27,27,0,0.817956209182739,-1,1,1,1,0.450949430465698
29,2,1,34,-9,9,0,0.769443273544312,-1,-1,1,-1,0.567956209182739
29,2,1,35,81,81,1,0.517819166183472,-1,-1,-1,-1,0.519443273544312
29,2,1,36,-3,3,0,0.702872514724731,1,1,-1,-1,0.267819166183472
29,2,1,37,3,3,0,0.667175054550171,-1,-1,1,1,0.452872514724731
29,2,1,38,27,27,1,0.551968574523926,1,-1,-1,-1,0.417175054550171
29,2,1,39,-3,3,0,0.935516119003296,1,1,-1,1,0.301968574523926
29,2,1,40,-27,27,0,0.618560075759888,-1,-1,1,1,0.685516119003296
29,2,1,41,-9,9,0,0.750547885894775,-1,-1,-1,-1,0.368560075759888
29,2,1,42,-3,3,0,0.500988960266113,-1,-1,-1,-1,0.500547885894775
29,2,1,43,27,27,1,0.550503015518188,-1,-1,-1,-1,0.250988960266113
29,2,1,44,-3,3,0,0.685112953186035,1,1,-1,-1,0.300503015518188
29,2,1,45,9,9,1,0.702414512634277,-1,-1,1,1,0.435112953186035
29,2,1,46,81,81,1,0.534330129623413,1,1,-1,-1,0.452414512634277
29,2,1,47,0,0,0,0.785281181335449,1,1,1,1,0.284330129623413
29,2,1,48,3,3,1,0.635735511779785,1,-1,1,1,0.535281181335449
29,2,1,49,-81,81,0,0.467146873474121,1,1,-1,1,0.385735511779785
29,2,1,50,-3,3,1,0.736018657684326,-1,-1,1,1,0.217146873474121
29,2,1,51,0,0,0,0.819393396377563,-1,1,-1,-1,0.486018657684326
29,2,1,52,81,81,1,0.55049204826355,1,-1,1,-1,0.569393396377563
29,2,1,53,-81,81,0,0.668483018875122,1,1,-1,1,0.30049204826355
29,2,1,54,27,27,1,0.633816480636597,-1,-1,1,1,0.418483018875122
29,2,1,55,-0,0,0,0.518553733825684,1,1,-1,-1,0.383816480636597
29,2,1,56,-81,81,0,0.669411420822144,-1,-1,1,1,0.268553733825684
29,2,1,57,-27,27,0,0.751538038253784,-1,-1,-1,-1,0.419411420822144
29,2,1,58,-9,9,0,0.63582444190979,-1,-1,-1,-1,0.501538038253784
29,2,1,59,-27,27,0,0.617652654647827,-1,-1,-1,-1,0.38582444190979
29,2,1,60,81,81,1,0.368383884429932,-1,-1,-1,-1,0.367652654647827
29,2,1,61,-81,81,0,0.73508620262146,1,1,-1,-1,0.118383884429932
29,2,1,62,-27,27,0,0.433825969696045,-1,-1,1,1,0.48508620262146
29,2,1,63,0,0,0,0.700506687164307,-1,-1,-1,-1,0.183825969696045
29,2,1,64,-9,9,0,0.767191171646118,1,-1,-1,-1,0.450506687164307
29,2,1,65,9,9,1,1.00216817855835,-1,-1,-1,1,0.517191171646118
29,2,1,66,-9,9,0,0.583833694458008,1,1,-1,-1,0.75216817855835
29,2,1,67,3,3,1,0.617703676223755,-1,-1,1,1,0.333833694458008
29,2,1,68,9,9,1,0.885883331298828,1,1,-1,-1,0.367703676223755
29,2,1,69,81,81,1,0.517751216888428,1,1,1,1,0.635883331298828
29,2,1,70,27,27,1,0.702656745910645,1,1,1,1,0.267751216888428
29,2,1,71,81,81,1,0.786060333251953,1,1,1,1,0.452656745910645
29,2,1,72,3,3,1,0.769184589385986,1,1,1,1,0.536060333251953
29,2,1,73,-81,81,0,0.669445991516113,1,1,1,1,0.519184589385986
29,2,1,74,-3,3,0,0.701966524124146,-1,-1,1,1,0.419445991516113
29,2,1,75,3,3,0,0.983803272247314,-1,-1,-1,-1,0.451966524124146
29,2,1,76,9,9,1,0.584338665008545,1,-1,-1,-1,0.733803272247314
29,2,1,77,9,9,1,0.750970363616943,1,1,-1,1,0.334338665008545
29,2,1,78,3,3,1,0.718949556350708,1,1,1,1,0.500970363616943
29,2,1,79,-27,27,0,0.650957107543945,1,1,1,1,0.468949556350708
29,2,1,80,-0,0,1,0.634917974472046,-1,-1,1,1,0.400957107543945
29,2,1,81,-81,81,0,0.668133735656738,-1,1,-1,-1,0.384917974472046
29,2,1,85,-0,0,1,1.45207715034485,1,-1,1,1,0.383812665939331
29,2,1,86,-81,81,0,0.533902168273926,-1,1,-1,1,1.20207715034485
29,2,1,87,-81,81,0,0.534291505813599,-1,-1,1,-1,0.283902168273926
29,2,1,88,9,9,0,0.901394367218018,-1,-1,-1,-1,0.284291505813599
29,2,1,89,27,27,1,0.917655229568481,1,-1,-1,-1,0.651394367218018
29,2,1,90,27,27,1,0.652647972106934,1,1,-1,1,0.667655229568481
29,2,1,91,-81,81,0,0.552740335464478,1,1,1,1,0.402647972106934
29,2,1,92,-3,3,1,0.869341850280762,-1,-1,1,1,0.302740335464478
29,2,1,96,9,9,0,0.883864164352417,-1,-1,-1,1,0.451239824295044
29,2,1,97,0,0,1,0.651945829391479,1,-1,-1,-1,0.633864164352417
29,2,1,98,9,9,0,0.651916980743408,1,1,-1,1,0.401945829391479
29,2,1,99,3,3,1,0.83433985710144,1,-1,1,1,0.401916980743408
29,2,2,2,3,3,1,0.635946989059448,-1,-1,1,1,0.602117300033569
29,2,2,3,9,9,1,0.602185487747192,1,1,-1,-1,0.385946989059448
29,2,2,4,9,9,0,0.702581167221069,1,1,1,1,0.352185487747192
29,2,2,5,9,9,0,0.667767763137817,1,-1,1,1,0.452581167221069
29,2,2,6,-9,9,0,0.71954345703125,1,-1,-1,1,0.417767763137817
29,2,2,7,-27,27,0,0.634279727935791,-1,-1,-1,1,0.46954345703125
29,2,2,8,-81,81,0,0.55095386505127,-1,-1,-1,-1,0.384279727935791
29,2,2,9,-27,27,0,0.634866714477539,-1,-1,-1,-1,0.30095386505127
29,2,2,10,-0,0,1,0.784686326980591,-1,-1,-1,-1,0.384866714477539
29,2,2,11,27,27,1,0.533900499343872,-1,1,-1,-1,0.534686326980591
29,2,2,12,-9,9,0,0.601019144058228,1,1,1,-1,0.283900499343872
29,2,2,13,-9,9,0,0.80282735824585,-1,-1,1,1,0.351019144058228
29,2,2,14,-27,27,0,0.669080257415771,-1,-1,-1,-1,0.55282735824585
29,2,2,15,-9,9,0,0.885793924331665,-1,-1,-1,-1,0.419080257415771
29,2,2,16,-3,3,1,0.618061065673828,-1,-1,-1,-1,0.635793924331665
29,2,2,17,27,27,1,0.517735481262207,-1,1,-1,-1,0.368061065673828
29,2,2,18,-3,3,1,0.735834121704102,1,1,1,-1,0.267735481262207
29,2,2,19,-3,3,1,0.768692493438721,-1,1,1,1,0.485834121704102
29,2,2,20,-81,81,0,0.55234956741333,-1,1,1,-1,0.518692493438721
29,2,2,21,-0,0,0,0.917669296264648,-1,-1,1,-1,0.30234956741333
29,2,2,22,-0,0,1,0.650518417358398,-1,-1,-1,-1,0.667669296264648
29,2,2,23,3,3,1,0.517615795135498,-1,1,-1,-1,0.400518417358398
29,2,2,24,3,3,0,0.702503442764282,1,1,1,-1,0.267615795135498
29,2,2,25,0,0,1,0.668859958648682,1,-1,1,1,0.452503442764282
29,2,2,26,-27,27,0,0.635270118713379,1,1,-1,1,0.418859958648682
29,2,2,27,-27,27,0,0.552181720733643,-1,-1,1,1,0.385270118713379
29,2,2,28,-81,81,0,0.50226354598999,-1,-1,-1,-1,0.302181720733643
29,2,2,29,-81,81,0,0.602325916290283,-1,-1,-1,-1,0.25226354598999
29,2,2,30,-27,27,0,0.636299610137939,-1,-1,-1,-1,0.352325916290283
29,2,2,31,27,27,1,0.66889476776123,-1,-1,-1,-1,0.386299610137939
29,2,2,32,3,3,0,0.434339046478271,1,1,-1,-1,0.41889476776123
29,2,2,33,27,27,1,0.567656993865967,1,-1,1,1,0.184339046478271
29,2,2,34,-81,81,0,0.584911108016968,1,1,-1,1,0.317656993865967
29,2,2,35,0,0,0,0.619403123855591,-1,-1,1,1,0.334911108016968
29,2,2,36,-3,3,0,0.63547945022583,1,-1,-1,-1,0.369403123855591
29,2,2,37,-81,81,0,0.652174949645996,-1,-1,-1,1,0.38547945022583
29,2,2,38,3,3,1,0.652119398117065,-1,-1,-1,-1,0.402174949645996
29,2,2,39,9,9,1,0.618510246276855,1,1,-1,-1,0.402119398117065
29,2,2,40,-3,3,0,0.617201566696167,1,1,1,1,0.368510246276855
29,2,2,41,-9,9,1,0.852431058883667,-1,-1,1,1,0.367201566696167
29,2,2,42,9,9,1,0.634320974349976,-1,1,-1,-1,0.602431058883667
29,2,2,43,3,3,0,0.767800569534302,1,1,1,-1,0.384320974349976
29,2,2,44,3,3,0,0.718500375747681,1,-1,1,1,0.517800569534302
29,2,2,45,27,27,1,0.517670154571533,1,-1,-1,1,0.468500375747681
29,2,2,46,81,81,1,0.618036031723022,1,1,-1,1,0.267670154571533
29,2,2,47,-9,9,1,0.669225931167603,1,1,1,1,0.368036031723022
29,2,2,48,-27,27,0,0.602506160736084,-1,1,1,1,0.419225931167603
29,2,2,49,-27,27,0,0.534290075302124,-1,-1,1,-1,0.352506160736084
29,2,2,50,-9,9,1,0.50048303604126,-1,-1,-1,-1,0.284290075302124
29,2,2,51,-0,0,1,0.70095419883728,-1,1,-1,-1,0.25048303604126
29,2,2,52,-27,27,0,0.517193078994751,-1,1,1,-1,0.45095419883728
29,2,2,56,0,0,1,0.61960506439209,1,1,1,1,0.301021099090576
29,2,2,57,81,81,1,0.569215059280396,1,1,1,1,0.36960506439209
29,2,2,58,9,9,1,0.552428483963013,1,1,1,1,0.319215059280396
29,2,2,59,-3,3,0,0.535864353179932,1,1,1,1,0.302428483963013
29,2,2,60,-81,81,0,0.718014001846313,-1,-1,1,1,0.285864353179932
29,2,2,61,-27,27,0,0.71715784072876,-1,-1,-1,-1,0.468014001846313
29,2,2,62,-3,3,1,0.601082324981689,-1,-1,-1,-1,0.46715784072876
29,2,2,63,-3,3,1,0.700981140136719,-1,1,-1,-1,0.351082324981689
29,2,2,64,-9,9,0,0.768648386001587,-1,1,1,-1,0.450981140136719
29,2,2,65,-27,27,0,0.551110982894897,-1,-1,1,-1,0.518648386001587
29,2,2,66,9,9,1,0.669239044189453,-1,-1,-1,-1,0.301110982894897
29,2,2,67,9,9,1,0.700499773025513,1,1,-1,-1,0.419239044189453
29,2,2,68,81,81,1,0.550567626953125,1,1,1,1,0.450499773025513
29,2,2,69,3,3,1,0.667634963989258,1,1,1,1,0.300567626953125
29,2,2,70,3,3,0,0.734656095504761,1,1,1,1,0.417634963989258
29,2,2,71,-27,27,0,0.617671966552734,1,-1,1,1,0.484656095504761
29,2,2,72,-0,0,1,0.517639398574829,-1,-1,-1,1,0.367671966552734
29,2,2,73,-81,81,0,0.468713045120239,-1,1,-1,-1,0.267639398574829
29,2,2,74,-3,3,0,0.518048763275146,-1,-1,1,-1,0.218713045120239
29,2,2,75,-9,9,0,0.469130992889404,-1,-1,-1,-1,0.268048763275146
29,2,2,76,-81,81,0,0.533834934234619,-1,-1,-1,-1,0.219130992889404
29,2,2,77,-3,3,0,0.684320211410522,-1,-1,-1,-1,0.283834934234619
29,2,2,78,27,27,1,0.502747297286987,-1,-1,-1,-1,0.434320211410522
29,2,2,79,27,27,1,0.602131128311157,1,1,-1,-1,0.252747297286987
29,2,2,80,3,3,0,1.11715126037598,1,1,1,1,0.352131128311157
29,2,2,81,27,27,1,0.668797492980957,1,-1,1,1,0.867151260375977
29,2,2,82,-9,9,1,0.718143701553345,1,1,-1,1,0.418797492980957
29,2,2,83,0,0,0,0.86844801902771,-1,1,1,1,0.468143701553345
29,2,2,84,-9,9,0,0.667719125747681,1,-1,1,-1,0.61844801902771
29,2,2,85,81,81,1,0.517662763595581,-1,-1,-1,1,0.417719125747681
29,2,2,86,-0,0,1,0.602012872695923,1,1,-1,-1,0.267662763595581
29,2,2,87,-27,27,0,0.568960905075073,-1,1,1,1,0.352012872695923
29,2,2,88,27,27,1,0.636013984680176,-1,-1,1,-1,0.318960905075073
29,2,2,89,-81,81,0,0.567180156707764,1,1,-1,-1,0.386013984680176
29,2,2,90,0,0,1,0.652852535247803,-1,-1,1,1,0.317180156707764
29,2,2,91,3,3,0,0.750972509384155,1,1,-1,-1,0.402852535247803
29,2,2,92,9,9,1,0.701977968215942,1,-1,1,1,0.500972509384155
29,2,2,93,81,81,1,0.583838939666748,1,1,-1,1,0.451977968215942
29,2,2,94,-3,3,1,0.568161249160767,1,1,1,1,0.333838939666748
29,2,2,95,-81,81,0,0.669122457504272,-1,1,1,1,0.318161249160767
29,2,2,96,-81,81,0,0.60212254524231,-1,-1,1,-1,0.419122457504272
29,2,2,97,-9,9,0,0.819464445114136,-1,-1,-1,-1,0.35212254524231
29,2,2,98,-81,81,0,0.535020351409912,-1,-1,-1,-1,0.569464445114136
29,2,2,99,81,81,1,0.60096549987793,-1,-1,-1,-1,0.285020351409912
29,2,3,2,9,9,1,0.669160842895508,1,1,-1,-1,0.384099245071411
29,2,3,3,9,9,1,0.502017974853516,1,1,1,1,0.419160842895508
29,2,3,4,3,3,1,0.684303522109985,1,1,1,1,0.252017974853516
29,2,3,5,-0,0,1,0.751005887985229,1,1,1,1,0.434303522109985
29,2,3,6,27,27,1,0.600944042205811,-1,1,1,1,0.501005887985229
29,2,3,7,0,0,1,0.61764121055603,1,1,1,-1,0.350944042205811
29,2,3,8,-81,81,0,0.550519704818726,1,1,1,1,0.36764121055603
29,2,3,9,-3,3,1,0.585801124572754,-1,-1,1,1,0.300519704818726
29,2,3,10,-9,9,0,0.684293508529663,-1,1,-1,-1,0.335801124572754
29,2,3,11,81,81,1,0.517200469970703,-1,-1,1,-1,0.434293508529663
29,2,3,12,81,81,1,0.53436541557312,1,1,-1,-1,0.267200469970703
29,2,3,13,-3,3,1,0.684420824050903,1,1,1,1,0.28436541557312
29,2,3,14,-0,0,1,0.484422206878662,-1,1,1,1,0.434420824050903
29,2,3,15,3,3,1,0.601624250411987,-1,1,1,-1,0.234422206878662
29,2,3,16,-3,3,1,0.585655212402344,1,1,1,-1,0.351624250411987
29,2,3,17,3,3,1,0.535965442657471,-1,1,1,1,0.335655212402344
29,2,3,18,-81,81,0,0.534571409225464,1,1,1,-1,0.285965442657471
29,2,3,19,-9,9,0,0.517220258712769,-1,-1,1,1,0.284571409225464
29,2,3,20,9,9,1,0.518350839614868,-1,-1,-1,-1,0.267220258712769
29,2,3,21,9,9,1,0.650996923446655,1,1,-1,-1,0.268350839614868
29,2,3,22,9,9,1,0.451773166656494,1,1,1,1,0.400996923446655
29,2,3,23,-81,81,0,0.517638444900513,1,1,1,1,0.201773166656494
29,2,3,24,3,3,1,0.502747774124146,-1,-1,1,1,0.267638444900513
29,2,3,25,-27,27,0,0.569247484207153,1,1,-1,-1,0.252747774124146
29,2,3,26,81,81,1,0.51897931098938,-1,-1,1,1,0.319247484207153
29,2,3,27,81,81,1,0.500961542129517,1,1,-1,-1,0.26897931098938
29,2,3,28,0,0,0,0.569075107574463,1,1,1,1,0.250961542129517
29,2,3,29,3,3,0,0.619373083114624,1,-1,1,1,0.319075107574463
29,2,3,30,-81,81,0,0.283849954605103,1,-1,-1,1,0.369373083114624
29,2,3,31,-9,9,0,0.552631855010986,-1,-1,-1,1,0.0338499546051025
29,2,3,32,-81,81,0,0.534541130065918,-1,-1,-1,-1,0.302631855010986
29,2,3,33,-27,27,1,0.500498056411743,-1,-1,-1,-1,0.284541130065918
29,2,3,34,-0,0,1,0.385960817337036,-1,1,-1,-1,0.250498056411743
29,2,3,35,9,9,0,0.401742219924927,-1,1,1,-1,0.135960817337036
29,2,3,36,-0,0,1,0.600542545318604,1,-1,1,-1,0.151742219924927
29,2,3,37,-27,27,0,0.500487089157104,-1,1,-1,1,0.350542545318604
29,2,3,38,-27,27,0,0.384309530258179,-1,-1,1,-1,0.250487089157104
29,2,3,39,27,27,1,0.435273170471191,-1,-1,-1,-1,0.134309530258179
29,2,3,40,3,3,0,0.935897827148438,1,1,-1,-1,0.185273170471191
29,2,3,45,-9,9,0,0.468881607055664,-1,-1,1,1,0.318779230117798
29,2,3,46,-3,3,0,0.550929069519043,-1,-1,-1,-1,0.218881607055664
29,2,3,47,-81,81,0,0.602147102355957,-1,-1,-1,-1,0.300929069519043
29,2,3,48,0,0,1,0.952085256576538,-1,-1,-1,-1,0.352147102355957
29,2,3,49,-9,9,0,0.750975847244263,1,1,-1,-1,0.702085256576538
29,2,3,50,3,3,1,0.618597984313965,-1,-1,1,1,0.500975847244263
29,2,3,51,-27,27,0,0.51806378364563,1,1,-1,-1,0.368597984313965
29,2,3,52,9,9,0,0.585219144821167,-1,-1,1,1,0.26806378364563
29,2,3,53,-3,3,0,0.519037008285522,1,-1,-1,-1,0.335219144821167
29,2,3,57,3,3,0,0.650496959686279,1,1,-1,1,0.267647743225098
29,2,3,58,-27,27,0,0.618961334228516,1,-1,1,1,0.400496959686279
29,2,3,59,-3,3,1,0.670283079147339,-1,-1,-1,1,0.368961334228516
29,2,3,60,-27,27,0,0.502576112747192,-1,1,-1,-1,0.420283079147339
29,2,3,61,27,27,1,0.501045703887939,-1,-1,1,-1,0.252576112747192
29,2,3,62,27,27,1,0.669299364089966,1,1,-1,-1,0.251045703887939
29,2,3,63,-81,81,0,0.617663621902466,1,1,1,1,0.419299364089966
29,2,3,64,-27,27,0,0.517613410949707,-1,-1,1,1,0.367663621902466
29,2,3,65,81,81,1,0.635743618011475,-1,-1,-1,-1,0.267613410949707
29,2,3,66,-3,3,0,0.635582447052002,1,1,-1,-1,0.385743618011475
29,2,3,67,-9,9,1,0.500554323196411,-1,-1,1,1,0.385582447052002
29,2,3,68,27,27,1,0.469341039657593,-1,1,-1,-1,0.250554323196411
29,2,3,69,81,81,1,0.485231161117554,1,1,1,-1,0.219341039657593
29,2,3,70,-9,9,0,1.03521776199341,1,1,1,1,0.235231161117554
29,2,3,71,3,3,1,0.518451929092407,-1,-1,1,1,0.785217761993408
29,2,3,72,-81,81,0,0.402118921279907,1,1,-1,-1,0.268451929092407
29,2,3,73,-27,27,0,0.534426212310791,-1,-1,1,1,0.152118921279907
29,2,3,74,81,81,1,0.485158205032349,-1,-1,-1,-1,0.284426212310791
29,2,3,75,27,27,1,0.500581026077271,1,1,-1,-1,0.235158205032349
29,2,3,76,0,0,1,0.734323501586914,1,1,1,1,0.250581026077271
29,2,3,77,-27,27,0,0.585927248001099,1,1,1,1,0.484323501586914
29,2,3,78,9,9,0,0.5179283618927,-1,-1,1,1,0.335927248001099
29,2,3,79,81,81,1,0.417642831802368,1,-1,-1,-1,0.2679283618927
29,2,3,80,-3,3,0,0.550945997238159,1,1,-1,1,0.167642831802368
29,2,3,81,-9,9,1,0.483828067779541,-1,-1,1,1,0.300945997238159
29,2,3,82,-27,27,0,0.53428316116333,-1,1,-1,-1,0.233828067779541
29,2,3,83,81,81,1,0.501245260238647,-1,-1,1,-1,0.28428316116333
29,2,3,84,-0,0,0,0.518927335739136,1,1,-1,-1,0.251245260238647
29,2,3,85,-9,9,1,0.302614688873291,-1,-1,1,1,0.268927335739136
29,2,3,86,0,0,1,1.16784334182739,-1,1,-1,-1,0.052614688873291
29,2,3,87,27,27,1,0.550933122634888,1,1,1,-1,0.917843341827393
29,2,3,88,3,3,1,0.602381706237793,1,1,1,1,0.300933122634888
29,2,3,89,27,27,1,0.63433575630188,1,1,1,1,0.352381706237793
29,2,3,90,-3,3,1,0.518114805221558,1,1,1,1,0.38433575630188
29,2,3,91,-27,27,0,0.551544904708862,-1,1,1,1,0.268114805221558
29,2,3,92,3,3,0,0.267672538757324,-1,-1,1,-1,0.301544904708862
29,2,3,93,-9,9,0,0.635474920272827,1,-1,-1,-1,0.0176725387573242
29,2,3,94,9,9,1,0.417683362960815,-1,-1,-1,1,0.385474920272827
29,2,3,95,3,3,0,0.669782638549805,1,1,-1,-1,0.167683362960815
29,2,3,96,81,81,1,0.550982236862183,1,-1,1,1,0.419782638549805
29,2,4,2,-3,3,0,0.635921716690063,1,-1,1,-1,0.534053564071655
29,2,4,3,27,27,0,0.852015495300293,-1,-1,-1,1,0.385921716690063
29,2,4,4,-81,81,0,0.517688989639282,1,-1,-1,-1,0.602015495300293
29,2,4,5,-27,27,0,0.53557825088501,-1,-1,-1,1,0.267688989639282
29,2,4,6,81,81,1,0.535837650299072,-1,-1,-1,-1,0.28557825088501
29,2,4,7,-0,0,1,0.567625045776367,1,1,-1,-1,0.285837650299072
29,2,4,8,-81,81,0,0.40272855758667,-1,1,1,1,0.317625045776367
29,2,4,9,9,9,1,0.652654886245728,-1,-1,1,-1,0.15272855758667
29,2,4,10,27,27,1,0.452413558959961,1,1,-1,-1,0.402654886245728
29,2,4,11,3,3,1,0.483856439590454,1,1,1,1,0.202413558959961
29,2,4,12,-81,81,0,0.335160732269287,1,1,1,1,0.233856439590454
29,2,4,13,27,27,1,0.702491998672485,-1,-1,1,1,0.0851607322692871
29,2,4,14,-81,81,0,0.50111722946167,1,1,-1,-1,0.452491998672485
29,2,4,15,3,3,1,0.700944900512695,-1,-1,1,1,0.25111722946167
29,2,4,20,81,81,1,0.550965309143066,-1,-1,1,1,0.319422483444214
29,2,4,21,0,0,1,0.636014461517334,1,1,-1,-1,0.300965309143066
29,2,4,22,-3,3,0,0.551654100418091,1,1,1,1,0.386014461517334
29,2,4,23,81,81,1,0.736037254333496,-1,-1,1,1,0.301654100418091
29,2,4,24,-27,27,0,0.485994577407837,1,1,-1,-1,0.486037254333496
29,2,4,25,3,3,0,0.517987728118896,-1,-1,1,1,0.235994577407837
29,2,4,26,0,0,0,0.501866579055786,1,-1,-1,-1,0.267987728118896
29,2,4,27,-3,3,0,0.600980520248413,1,-1,-1,1,0.251866579055786
29,2,4,28,27,27,1,0.617636680603027,-1,-1,-1,1,0.350980520248413
29,2,4,29,0,0,0,0.600468873977661,1,1,-1,-1,0.367636680603027
29,2,4,30,-9,9,0,0.985657691955566,1,-1,1,1,0.350468873977661
29,2,4,31,27,27,1,0.517644643783569,-1,-1,-1,1,0.735657691955566
29,2,4,32,-9,9,0,0.435839653015137,1,1,-1,-1,0.267644643783569
29,2,4,33,27,27,1,0.468883275985718,-1,-1,1,1,0.185839653015137
29,2,4,34,-81,81,0,0.433818340301514,1,1,-1,-1,0.218883275985718
29,2,4,35,0,0,1,0.533878564834595,-1,-1,1,1,0.183818340301514
29,2,4,36,-3,3,0,0.618459224700928,1,1,-1,-1,0.283878564834595
29,2,4,37,27,27,1,0.400506019592285,-1,-1,1,1,0.368459224700928
29,2,4,38,-9,9,0,0.60053539276123,1,1,-1,-1,0.150506019592285
29,2,4,39,3,3,1,0.535821199417114,-1,-1,1,1,0.35053539276123
29,2,4,44,-9,9,0,0.552118062973022,1,1,-1,-1,0.28533411026001
29,2,4,45,27,27,0,0.517182350158691,-1,-1,1,1,0.302118062973022
29,2,4,46,-0,0,0,0.434312105178833,1,-1,-1,-1,0.267182350158691
29,2,4,47,-9,9,0,0.518137454986572,-1,-1,-1,1,0.184312105178833
29,2,4,48,3,3,1,0.352349281311035,-1,-1,-1,-1,0.268137454986572
29,2,4,49,9,9,1,0.619060516357422,1,1,-1,-1,0.102349281311035
29,2,4,50,27,27,1,0.501094341278076,1,1,1,1,0.369060516357422
29,2,4,51,27,27,1,0.500990629196167,1,1,1,1,0.251094341278076
29,2,4,52,-3,3,0,0.451031446456909,1,1,1,1,0.250990629196167
29,2,4,53,3,3,0,0.569286823272705,-1,-1,1,1,0.201031446456909
29,2,4,54,-3,3,0,0.551170825958252,1,-1,-1,-1,0.319286823272705
29,2,4,55,9,9,1,0.502399206161499,-1,-1,-1,1,0.301170825958252
29,2,4,56,-0,0,0,0.552543878555298,1,1,-1,-1,0.252399206161499
29,2,4,57,3,3,1,0.518928050994873,-1,-1,1,1,0.302543878555298
29,2,4,58,9,9,1,0.569128274917603,1,1,-1,-1,0.268928050994873
29,2,4,63,81,81,1,0.535685062408447,-1,1,-1,-1,0.219307899475098
29,2,4,64,-9,9,0,0.535335063934326,1,1,1,-1,0.285685062408447
29,2,4,65,81,81,1,0.602137804031372,-1,-1,1,1,0.285335063934326
29,2,4,66,9,9,1,0.552300214767456,1,1,-1,-1,0.352137804031372
29,2,4,67,-81,81,0,0.318224906921387,1,1,1,1,0.302300214767456
29,2,4,68,9,9,1,0.935988903045654,-1,-1,1,1,0.0682249069213867
29,2,4,69,-9,9,0,0.384838104248047,1,1,-1,-1,0.685988903045654
29,2,4,70,9,9,1,0.7017502784729,-1,-1,1,1,0.134838104248047
29,2,4,71,-81,81,0,0.468894243240356,1,1,-1,-1,0.4517502784729
29,2,4,72,-27,27,0,0.319328784942627,-1,-1,1,1,0.218894243240356
29,2,4,73,27,27,1,0.418701410293579,-1,-1,-1,-1,0.069328784942627
29,2,4,74,-3,3,0,0.585193634033203,1,1,-1,-1,0.168701410293579
29,2,4,75,27,27,1,0.884399175643921,-1,-1,1,1,0.335193634033203
29,2,4,76,-9,9,0,0.552120208740234,1,1,-1,-1,0.634399175643921
29,2,4,77,9,9,0,0.56782054901123,-1,-1,1,1,0.302120208740234
29,2,4,78,-3,3,0,0.334898710250854,1,-1,-1,-1,0.31782054901123
29,2,4,79,27,27,1,0.652053117752075,-1,-1,-1,1,0.0848987102508545
29,2,4,80,-81,81,0,0.735164165496826,1,1,-1,-1,0.402053117752075
29,2,4,81,27,27,1,0.535466432571411,-1,-1,1,1,0.485164165496826
29,2,4,82,-81,81,0,0.519366264343262,1,1,-1,-1,0.285466432571411
29,2,4,83,9,9,1,0.617648124694824,-1,-1,1,1,0.269366264343262
29,2,4,84,0,0,0,0.53572416305542,1,1,-1,-1,0.367648124694824
29,2,4,85,-0,0,1,0.685493230819702,1,-1,1,1,0.28572416305542
29,2,4,86,-9,9,1,0.717634439468384,-1,1,-1,1,0.435493230819702
29,2,4,87,-81,81,0,0.535482168197632,-1,1,1,-1,0.467634439468384
29,2,4,88,-81,81,0,0.335585355758667,-1,-1,1,-1,0.285482168197632
29,2,4,89,81,81,1,0.502737998962402,-1,-1,-1,-1,0.085585355758667
29,2,4,90,-27,27,0,0.483860015869141,1,1,-1,-1,0.252737998962402
29,2,4,91,81,81,1,0.818818092346191,-1,-1,1,1,0.233860015869141
29,2,4,92,-81,81,0,0.367778062820435,1,1,-1,-1,0.568818092346191
29,2,4,93,9,9,1,1.11924624443054,-1,-1,1,1,0.117778062820435
29,2,4,94,-81,81,0,0.46717643737793,1,1,-1,-1,0.869246244430542
29,2,4,95,0,0,1,0.967140913009644,-1,-1,1,1,0.21717643737793
29,2,4,96,-9,9,0,0.669292449951172,1,1,-1,-1,0.717140913009644
29,2,4,97,27,27,1,0.568084955215454,-1,-1,1,1,0.419292449951172
29,2,4,98,27,27,1,0.43558406829834,1,1,-1,-1,0.318084955215454
29,2,4,99,-3,3,1,0.567147731781006,1,1,1,1,0.18558406829834
29,2,5,2,0,0,0,0.517950296401978,-1,-1,-1,-1,0.267971515655518
29,2,5,3,0,0,0,0.56859302520752,1,-1,-1,-1,0.267950296401978
29,2,5,4,3,3,0,0.50190806388855,1,-1,-1,1,0.31859302520752
29,2,5,5,81,81,1,0.48508882522583,1,-1,-1,1,0.25190806388855
29,2,5,6,3,3,1,0.568890333175659,1,1,-1,1,0.23508882522583
29,2,5,7,27,27,1,0.569141149520874,1,1,1,1,0.318890333175659
29,2,5,8,9,9,1,0.517716884613037,1,1,1,1,0.319141149520874
29,2,5,9,27,27,1,0.500997543334961,1,1,1,1,0.267716884613037
29,2,5,10,-3,3,0,0.318904161453247,1,1,1,1,0.250997543334961
29,2,5,11,-81,81,0,0.586107015609741,-1,-1,1,1,0.0689041614532471
29,2,5,12,-81,81,0,0.517620801925659,-1,-1,-1,-1,0.336107015609741
29,2,5,13,-81,81,0,0.60053539276123,-1,-1,-1,-1,0.267620801925659
29,2,5,14,-27,27,0,0.517723798751831,-1,-1,-1,-1,0.35053539276123
29,2,5,15,-27,27,0,0.617818832397461,-1,-1,-1,-1,0.267723798751831
29,2,5,16,3,3,0,0.669021129608154,-1,-1,-1,-1,0.367818832397461
29,2,5,17,27,27,1,0.369709730148315,1,-1,-1,-1,0.419021129608154
29,2,5,18,3,3,0,0.669314384460449,1,1,-1,1,0.119709730148315
29,2,5,19,0,0,0,0.517760992050171,1,-1,1,1,0.419314384460449
29,2,5,20,81,81,1,0.58430004119873,1,-1,-1,1,0.267760992050171
29,2,5,21,-3,3,0,0.584804773330688,1,1,-1,1,0.33430004119873
29,2,5,22,-0,0,0,0.584694862365723,-1,-1,1,1,0.334804773330688
29,2,5,23,-81,81,0,0.58561110496521,-1,-1,-1,-1,0.334694862365723
29,2,5,24,3,3,1,0.700546264648438,-1,-1,-1,-1,0.33561110496521
29,2,5,25,81,81,1,0.634314775466919,1,1,-1,-1,0.450546264648438
29,2,5,26,27,27,1,0.434384346008301,1,1,1,1,0.384314775466919
29,2,5,27,81,81,1,0.517956018447876,1,1,1,1,0.184384346008301
29,2,5,28,27,27,1,0.467145442962646,1,1,1,1,0.267956018447876
29,2,5,29,27,27,1,0.568198680877686,1,1,1,1,0.217145442962646
29,2,5,30,27,27,1,0.485974788665771,1,1,1,1,0.318198680877686
29,2,5,31,0,0,0,0.552828788757324,1,1,1,1,0.235974788665771
29,2,5,32,-27,27,0,0.367225885391235,1,-1,1,1,0.302828788757324
29,2,5,33,-9,9,0,0.585029363632202,-1,-1,-1,1,0.117225885391235
29,2,5,34,-81,81,0,0.534512996673584,-1,-1,-1,-1,0.335029363632202
29,2,5,35,-3,3,1,0.635646343231201,-1,-1,-1,-1,0.284512996673584
29,2,5,36,-9,9,1,0.551985263824463,-1,1,-1,-1,0.385646343231201
29,2,5,37,-27,27,0,0.535810232162476,-1,1,1,-1,0.301985263824463
29,2,5,38,-27,27,0,0.569125175476074,-1,-1,1,-1,0.285810232162476
29,2,5,39,-81,81,0,0.635617017745972,-1,-1,-1,-1,0.319125175476074
29,2,5,40,-9,9,0,0.733841180801392,-1,-1,-1,-1,0.385617017745972
29,2,5,41,-81,81,0,0.534359931945801,-1,-1,-1,-1,0.483841180801392
29,2,5,42,-27,27,0,0.468133211135864,-1,-1,-1,-1,0.284359931945801
29,2,5,43,-27,27,0,0.384292364120483,-1,-1,-1,-1,0.218133211135864
29,2,5,44,81,81,1,0.484317064285278,-1,-1,-1,-1,0.134292364120483
29,2,5,45,9,9,1,0.468586206436157,1,1,-1,-1,0.234317064285278
29,2,5,46,-9,9,0,0.352465629577637,1,1,1,1,0.218586206436157
29,2,5,47,-3,3,1,0.517196178436279,-1,-1,1,1,0.102465629577637
29,2,5,48,-9,9,0,0.43382740020752,-1,1,-1,-1,0.267196178436279
29,2,5,49,-27,27,0,0.483805418014526,-1,-1,1,-1,0.18382740020752
29,2,5,50,-9,9,0,0.483824253082275,-1,-1,-1,-1,0.233805418014526
29,2,5,51,-3,3,1,0.43514347076416,-1,-1,-1,-1,0.233824253082275
29,2,5,52,81,81,0,0.517631530761719,-1,1,-1,-1,0.18514347076416
29,2,5,53,3,3,0,0.633822202682495,1,-1,1,-1,0.267631530761719
29,2,5,54,-3,3,0,0.685585260391235,1,-1,-1,1,0.383822202682495
29,2,5,55,-3,3,1,0.735978126525879,-1,-1,-1,1,0.435585260391235
29,2,5,56,-0,0,0,0.884292125701904,-1,1,-1,-1,0.485978126525879
29,2,5,57,-9,9,0,0.652430295944214,-1,-1,1,-1,0.634292125701904
29,2,5,58,-81,81,0,0.517165660858154,-1,-1,-1,-1,0.402430295944214
29,2,5,59,-3,3,1,0.517194032669067,-1,-1,-1,-1,0.267165660858154
29,2,5,60,-3,3,0,0.469251155853271,-1,1,-1,-1,0.267194032669067
29,2,5,61,-27,27,0,0.568922281265259,-1,-1,1,-1,0.219251155853271
29,2,5,62,-0,0,1,0.733821630477905,-1,-1,-1,-1,0.318922281265259
29,2,5,63,9,9,1,0.483835697174072,-1,1,-1,-1,0.483821630477905
29,2,5,64,81,81,1,0.50101113319397,1,1,1,-1,0.233835697174072
29,2,5,65,9,9,0,0.485252141952515,1,1,1,1,0.25101113319397
29,2,5,66,9,9,1,0.600963830947876,1,-1,1,1,0.235252141952515
29,2,5,67,-0,0,1,0.717811107635498,1,1,-1,1,0.350963830947876
29,2,5,68,-81,81,0,0.535942792892456,-1,1,1,1,0.467811107635498
29,2,5,69,-0,0,0,0.351032018661499,-1,-1,1,-1,0.285942792892456
29,2,5,70,-81,81,0,0.517269134521484,-1,-1,-1,-1,0.101032018661499
29,2,5,71,-27,27,0,0.484287261962891,-1,-1,-1,-1,0.267269134521484
29,2,5,72,-9,9,0,0.417776823043823,-1,-1,-1,-1,0.234287261962891
29,2,5,73,-9,9,0,0.683834075927734,-1,-1,-1,-1,0.167776823043823
29,2,5,74,-3,3,0,0.567645311355591,-1,-1,-1,-1,0.433834075927734
29,2,5,75,-3,3,0,0.669211626052856,-1,-1,-1,-1,0.317645311355591
29,2,5,76,-81,81,0,0.533855438232422,-1,-1,-1,-1,0.419211626052856
29,2,5,77,-27,27,0,0.485280752182007,-1,-1,-1,-1,0.283855438232422
29,2,5,78,-3,3,0,0.435193300247192,-1,-1,-1,-1,0.235280752182007
29,2,5,79,-3,3,0,0.817624092102051,-1,-1,-1,-1,0.185193300247192
29,2,5,80,-3,3,0,0.618655204772949,-1,-1,-1,-1,0.567624092102051
29,2,5,81,81,81,1,0.500474452972412,-1,-1,-1,-1,0.368655204772949
29,2,5,82,0,0,1,0.468982219696045,1,1,-1,-1,0.250474452972412
29,2,5,83,9,9,1,0.55242133140564,1,1,1,1,0.218982219696045
29,2,5,84,9,9,0,0.467634677886963,1,1,1,1,0.30242133140564
29,2,5,85,3,3,1,0.368256330490112,1,-1,1,1,0.217634677886963
29,2,5,86,27,27,1,0.502243280410767,1,1,-1,1,0.118256330490112
29,2,5,87,9,9,1,0.486446142196655,1,1,1,1,0.252243280410767
29,2,5,88,9,9,1,0.600981950759888,1,1,1,1,0.236446142196655
29,2,5,93,-9,9,0,0.284272432327271,-1,-1,1,1,0.133870124816895
29,2,5,98,-9,9,1,0.818502426147461,-1,-1,1,-1,0.235875129699707
29,2,5,99,-81,81,0,0.485601902008057,-1,1,-1,-1,0.568502426147461
29,2,6,2,0,0,1,0.468432903289795,-1,-1,1,1,0.567928314208984
29,2,6,3,-3,3,0,0.450947284698486,1,1,-1,-1,0.218432903289795
29,2,6,4,-9,9,0,0.434361219406128,-1,-1,1,1,0.200947284698486
29,2,6,5,27,27,1,0.384461402893066,-1,-1,-1,-1,0.184361219406128
29,2,6,6,-81,81,0,0.402018547058105,1,1,-1,-1,0.134461402893066
29,2,6,7,3,3,0,0.418859481811523,-1,-1,1,1,0.152018547058105
29,2,6,8,-81,81,0,0.386944770812988,1,-1,-1,-1,0.168859481811523
29,2,6,9,-9,9,1,0.584359884262085,-1,-1,-1,1,0.136944770812988
29,2,6,10,-9,9,0,0.517160415649414,-1,1,-1,-1,0.334359884262085
29,2,6,11,0,0,0,0.669217586517334,-1,-1,1,-1,0.267160415649414
29,2,6,12,-27,27,0,0.551812887191772,1,-1,-1,-1,0.419217586517334
29,2,6,13,-27,27,0,0.633871555328369,-1,-1,-1,1,0.301812887191772
29,2,6,14,3,3,1,0.58427906036377,-1,-1,-1,-1,0.383871555328369
29,2,6,15,-9,9,0,0.252662658691406,1,1,-1,-1,0.33427906036377
29,2,6,16,9,9,1,0.435460805892944,-1,-1,1,1,0.00266265869140625
29,2,6,17,-3,3,0,0.619409084320068,1,1,-1,-1,0.185460805892944
29,2,6,18,81,81,1,0.302679300308228,-1,-1,1,1,0.369409084320068
29,2,6,19,-0,0,1,0.317704916000366,1,1,-1,-1,0.0526793003082275
29,2,6,20,9,9,1,0.518981695175171,-1,1,1,1,0.0677049160003662
29,2,6,21,-27,27,0,0.384341955184937,1,1,1,-1,0.268981695175171
29,2,6,22,-9,9,0,0.5525221824646,-1,-1,1,1,0.134341955184937
29,2,6,23,-81,81,0,0.485244035720825,-1,-1,-1,-1,0.3025221824646
29,2,6,24,9,9,1,0.402322053909302,-1,-1,-1,-1,0.235244035720825
29,2,6,25,0,0,1,0.420524835586548,1,1,-1,-1,0.152322053909302
29,2,6,26,-3,3,0,0.618589162826538,1,1,1,1,0.170524835586548
29,2,6,27,0,0,1,0.350563526153564,-1,-1,1,1,0.368589162826538
29,2,6,28,81,81,1,0.56853985786438,1,1,-1,-1,0.100563526153564
29,2,6,29,-9,9,0,0.467666864395142,1,1,1,1,0.31853985786438
29,2,6,30,81,81,1,0.569069147109985,-1,-1,1,1,0.217666864395142
29,2,6,31,-27,27,0,0.502060174942017,1,1,-1,-1,0.319069147109985
29,2,6,32,-27,27,1,0.767765760421753,-1,-1,1,1,0.252060174942017
29,2,6,33,0,0,0,0.55221700668335,-1,1,-1,-1,0.517765760421753
29,2,6,34,3,3,0,0.567592144012451,1,-1,1,-1,0.30221700668335
29,2,6,35,-81,81,0,0.502131938934326,1,-1,-1,1,0.317592144012451
29,2,6,36,0,0,0,0.251011610031128,-1,-1,-1,1,0.252131938934326
29,2,6,37,-9,9,1,0.536160230636597,1,-1,-1,-1,0.00101161003112793
29,2,6,38,27,27,1,0.619309663772583,-1,1,-1,1,0.286160230636597
29,2,6,39,-3,3,0,0.552364110946655,1,1,1,-1,0.369309663772583
29,2,6,40,81,81,1,0.617623329162598,-1,-1,1,1,0.302364110946655
29,2,6,41,-81,81,0,0.484444379806519,1,1,-1,-1,0.367623329162598
29,2,6,42,3,3,1,0.619123220443726,-1,-1,1,1,0.234444379806519
29,2,6,43,27,27,1,0.617202043533325,1,1,-1,-1,0.369123220443726
29,2,6,44,-3,3,1,0.635556221008301,1,1,1,1,0.367202043533325
29,2,6,45,81,81,1,0.685465335845947,-1,1,1,1,0.385556221008301
29,2,6,46,0,0,1,0.535126447677612,1,1,1,-1,0.435465335845947
29,2,6,47,9,9,1,0.551054716110229,1,1,1,1,0.285126447677612
29,2,6,48,-81,81,0,0.534302234649658,1,1,1,1,0.301054716110229
29,2,6,49,27,27,1,0.635702848434448,-1,-1,1,1,0.284302234649658
29,2,6,50,9,9,1,0.584301948547363,1,1,-1,-1,0.385702848434448
29,2,6,51,-27,27,0,0.567644119262695,1,1,1,1,0.334301948547363
29,2,6,52,3,3,1,0.468254566192627,-1,-1,1,1,0.317644119262695
29,2,6,53,-9,9,0,0.450544118881226,1,1,-1,-1,0.218254566192627
29,2,6,54,-9,9,1,0.384556770324707,-1,-1,1,1,0.200544118881226
29,2,6,55,9,9,1,0.433885097503662,-1,1,-1,-1,0.134556770324707
29,2,6,56,-3,3,0,0.50051212310791,1,1,1,-1,0.183885097503662
29,2,6,57,27,27,1,0.534300327301025,-1,-1,1,1,0.25051212310791
29,2,6,58,27,27,1,0.501696586608887,1,1,-1,-1,0.284300327301025
29,2,6,59,-81,81,0,0.418550252914429,1,1,1,1,0.251696586608887
29,2,6,60,-3,3,1,0.552656412124634,-1,-1,1,1,0.168550252914429
29,2,6,61,27,27,1,0.485720157623291,-1,1,-1,-1,0.302656412124634
29,2,6,62,-3,3,1,0.451111078262329,1,1,1,-1,0.235720157623291
29,2,6,63,-3,3,0,0.685706615447998,-1,1,1,1,0.201111078262329
29,2,6,64,9,9,1,0.483825922012329,-1,-1,1,-1,0.435706615447998
29,2,6,65,-27,27,0,0.43596625328064,1,1,-1,-1,0.233825922012329
29,2,6,66,27,27,1,0.485328912734985,-1,-1,1,1,0.18596625328064
29,2,6,67,-0,0,1,0.452639818191528,1,1,-1,-1,0.235328912734985
29,2,6,68,9,9,1,0.401982069015503,-1,1,1,1,0.202639818191528
29,2,6,69,-0,0,1,0.434446811676025,1,1,1,-1,0.151982069015503
29,2,6,70,81,81,1,0.55157995223999,-1,1,1,1,0.184446811676025
29,2,6,71,-9,9,0,0.418925523757935,1,1,1,-1,0.30157995223999
29,2,6,72,27,27,1,0.385566234588623,-1,-1,1,1,0.168925523757935
29,2,6,73,-3,3,1,0.251023769378662,1,1,-1,-1,0.135566234588623
29,2,6,77,-81,81,0,0.30053448677063,-1,-1,-1,-1,0.167606115341187
29,2,6,78,9,9,1,0.300971746444702,-1,-1,-1,-1,0.0505344867706299
29,2,6,79,-9,9,1,0.485387086868286,1,1,-1,-1,0.0509717464447021
29,2,6,80,3,3,1,0.518982410430908,-1,1,1,1,0.235387086868286
29,2,6,81,27,27,1,0.334316730499268,1,1,1,-1,0.268982410430908
29,2,6,82,-81,81,0,0.483893394470215,1,1,1,1,0.0843167304992676
29,2,6,83,27,27,1,0.468943357467651,-1,-1,1,1,0.233893394470215
29,2,6,84,-27,27,0,0.452524185180664,1,1,-1,-1,0.218943357467651
29,2,6,85,9,9,0,0.517618179321289,-1,-1,1,1,0.202524185180664
29,2,6,86,81,81,1,0.352803707122803,1,-1,-1,-1,0.267618179321289
29,2,6,87,-27,27,0,0.352609157562256,1,1,-1,1,0.102803707122803
29,2,6,88,3,3,0,0.552548885345459,-1,-1,1,1,0.102609157562256
29,2,6,89,-81,81,0,0.568581342697144,1,-1,-1,-1,0.302548885345459
29,2,6,90,3,3,0,0.652358293533325,-1,-1,-1,1,0.318581342697144
29,2,6,91,-27,27,1,0.569347381591797,1,-1,-1,-1,0.402358293533325
29,2,6,92,3,3,0,1.15277028083801,-1,1,-1,1,0.319347381591797
29,2,6,93,-3,3,0,0.700506687164307,1,-1,1,-1,0.902770280838013
29,2,6,94,27,27,1,0.551048278808594,-1,-1,-1,1,0.450506687164307
29,2,6,95,81,81,1,0.569058418273926,1,1,-1,-1,0.301048278808594
29,2,6,96,-81,81,0,0.533851861953735,1,1,1,1,0.319058418273926
29,2,6,97,3,3,1,0.60249137878418,-1,-1,1,1,0.283851861953735
29,2,6,98,-81,81,0,0.550941944122314,1,1,-1,-1,0.35249137878418
29,2,6,99,3,3,1,0.600939035415649,-1,-1,1,1,0.300941944122314
29,3,1,2,-27,27,0,0.584310054779053,-1,-1,1,1,0.469226360321045
29,3,1,3,-9,9,0,0.700486660003662,-1,-1,-1,-1,0.334310054779053
29,3,1,4,-81,81,0,0.667649269104004,-1,-1,-1,-1,0.450486660003662
29,3,1,5,81,81,1,0.636073112487793,-1,-1,-1,-1,0.417649269104004
29,3,1,6,81,81,1,0.551952838897705,1,1,-1,-1,0.386073112487793
29,3,1,7,-27,27,0,0.717171669006348,1,1,1,1,0.301952838897705
29,3,1,8,-81,81,0,0.735417127609253,-1,-1,1,1,0.467171669006348
29,3,1,9,-3,3,0,0.651027202606201,-1,-1,-1,-1,0.485417127609253
29,3,1,10,-9,9,0,0.735868692398071,-1,-1,-1,-1,0.401027202606201
29,3,1,11,-81,81,0,0.617658376693726,-1,-1,-1,-1,0.485868692398071
29,3,1,12,-3,3,0,0.817852973937988,-1,-1,-1,-1,0.367658376693726
29,3,1,13,-3,3,1,0.851718187332153,-1,-1,-1,-1,0.567852973937988
29,3,1,14,27,27,1,0.650476932525635,-1,1,-1,-1,0.601718187332153
29,3,1,15,27,27,1,0.701124906539917,1,1,1,-1,0.400476932525635
29,3,1,16,27,27,1,0.702124118804932,1,1,1,1,0.451124906539917
29,3,1,17,9,9,1,0.801323175430298,1,1,1,1,0.452124118804932
29,3,1,18,9,9,1,0.619359493255615,1,1,1,1,0.551323175430298
29,3,1,19,81,81,1,0.66853141784668,1,1,1,1,0.369359493255615
29,3,1,20,0,0,0,0.617191076278687,1,1,1,1,0.41853141784668
29,3,1,21,9,9,0,0.700990915298462,1,-1,1,1,0.367191076278687
29,3,1,22,9,9,1,0.619010925292969,1,-1,-1,1,0.450990915298462
29,3,1,23,-9,9,0,0.702067375183105,1,1,-1,1,0.369010925292969
29,3,1,24,-81,81,0,0.568285942077637,-1,-1,1,1,0.452067375183105
29,3,1,25,-81,81,0,0.502002716064453,-1,-1,-1,-1,0.318285942077637
29,3,1,26,27,27,1,0.733833074569702,-1,-1,-1,-1,0.252002716064453
29,3,1,27,-9,9,0,0.635452270507812,1,1,-1,-1,0.483833074569702
29,3,1,28,-3,3,1,0.667181015014648,-1,-1,1,1,0.385452270507812
29,3,1,29,0,0,1,0.600706577301025,-1,1,-1,-1,0.417181015014648
29,3,1,30,9,9,1,0.684403657913208,1,1,1,-1,0.350706577301025
29,3,1,31,9,9,1,0.567660331726074,1,1,1,1,0.434403657913208
29,3,1,32,81,81,1,0.502585887908936,1,1,1,1,0.317660331726074
29,3,1,33,9,9,0,0.834341049194336,1,1,1,1,0.252585887908936
29,3,1,34,81,81,1,0.569443464279175,1,-1,1,1,0.584341049194336
29,3,1,35,-3,3,1,0.684473276138306,1,1,-1,1,0.319443464279175
29,3,1,36,0,0,1,0.73485255241394,-1,1,1,1,0.434473276138306
29,3,1,37,9,9,1,0.750505208969116,1,1,1,-1,0.48485255241394
29,3,1,38,-0,0,1,0.552118539810181,1,1,1,1,0.500505208969116
29,3,1,39,-3,3,1,0.619544744491577,-1,1,1,1,0.302118539810181
29,3,1,40,-9,9,0,0.601352214813232,-1,1,1,-1,0.369544744491577
29,3,1,41,-81,81,0,0.500978708267212,-1,-1,1,-1,0.351352214813232
29,3,1,42,-3,3,1,0.583863258361816,-1,-1,-1,-1,0.250978708267212
29,3,1,43,-81,81,0,0.652003288269043,-1,1,-1,-1,0.333863258361816
29,3,1,44,-27,27,0,0.569227457046509,-1,-1,1,-1,0.402003288269043
29,3,1,45,3,3,1,0.500533103942871,-1,-1,-1,-1,0.319227457046509
29,3,1,46,9,9,1,0.601327180862427,1,1,-1,-1,0.250533103942871
29,3,1,47,-27,27,1,0.734325408935547,1,1,1,1,0.351327180862427
29,3,1,48,0,0,1,0.800477027893066,-1,1,1,1,0.484325408935547
29,3,1,49,9,9,0,0.633830308914185,1,1,1,-1,0.550477027893066
29,3,1,50,27,27,1,0.667168855667114,1,-1,1,1,0.383830308914185
29,3,1,51,81,81,1,0.552280426025391,1,1,-1,1,0.417168855667114
29,3,1,52,-81,81,0,0.650545597076416,1,1,1,1,0.302280426025391
29,3,1,53,-27,27,0,0.783839464187622,-1,-1,1,1,0.400545597076416
29,3,1,54,-81,81,0,0.517659187316895,-1,-1,-1,-1,0.533839464187622
29,3,1,55,-27,27,0,0.551115274429321,-1,-1,-1,-1,0.267659187316895
29,3,1,56,-9,9,1,0.484731674194336,-1,-1,-1,-1,0.301115274429321
29,3,1,57,-3,3,0,0.586123466491699,-1,1,-1,-1,0.234731674194336
29,3,1,58,-3,3,0,0.534337997436523,-1,-1,1,-1,0.336123466491699
29,3,1,59,-81,81,0,0.585895538330078,-1,-1,-1,-1,0.284337997436523
29,3,1,60,-27,27,0,0.785759210586548,-1,-1,-1,-1,0.335895538330078
29,3,1,61,-3,3,0,0.651958703994751,-1,-1,-1,-1,0.535759210586548
29,3,1,62,-81,81,0,0.48593807220459,-1,-1,-1,-1,0.401958703994751
29,3,1,63,-9,9,1,0.800986289978027,-1,-1,-1,-1,0.23593807220459
29,3,1,64,-3,3,0,0.552032232284546,-1,1,-1,-1,0.550986289978027
29,3,1,65,-3,3,0,0.68602442741394,-1,-1,1,-1,0.302032232284546
29,3,1,66,-81,81,0,0.585293054580688,-1,-1,-1,-1,0.43602442741394
29,3,1,67,-27,27,0,0.452322483062744,-1,-1,-1,-1,0.335293054580688
29,3,1,68,-27,27,0,0.652266979217529,-1,-1,-1,-1,0.202322483062744
29,3,1,69,27,27,1,0.518072605133057,-1,-1,-1,-1,0.402266979217529
29,3,1,70,-0,0,1,0.567867279052734,1,1,-1,-1,0.268072605133057
29,3,1,71,27,27,1,0.701257705688477,-1,1,1,1,0.317867279052734
29,3,1,72,27,27,1,0.518142938613892,1,1,1,-1,0.451257705688477
29,3,1,73,0,0,1,0.569402933120728,1,1,1,1,0.268142938613892
29,3,1,74,9,9,0,0.535217046737671,1,1,1,1,0.319402933120728
29,3,1,75,-9,9,1,0.601040840148926,1,-1,1,1,0.285217046737671
29,3,1,76,-81,81,0,0.569070816040039,-1,1,-1,1,0.351040840148926
29,3,1,77,-3,3,1,0.585176706314087,-1,-1,1,-1,0.319070816040039
29,3,1,78,-27,27,0,0.567642211914062,-1,1,-1,-1,0.335176706314087
29,3,1,79,27,27,1,0.517611265182495,-1,-1,1,-1,0.317642211914062
29,3,1,80,81,81,1,0.584961891174316,1,1,-1,-1,0.267611265182495
29,3,1,81,-3,3,1,0.502779245376587,1,1,1,1,0.334961891174316
29,3,1,82,-0,0,1,0.553867340087891,-1,1,1,1,0.252779245376587
29,3,1,83,-3,3,1,0.550500631332397,-1,1,1,-1,0.303867340087891
29,3,1,84,-27,27,0,0.568558216094971,-1,1,1,-1,0.300500631332397
29,3,1,85,-3,3,0,0.485793352127075,-1,-1,1,-1,0.318558216094971
29,3,1,86,3,3,1,0.685122966766357,-1,-1,-1,-1,0.235793352127075
29,3,1,87,-27,27,0,0.551053285598755,1,1,-1,-1,0.435122966766357
29,3,1,88,-3,3,1,0.618788003921509,-1,-1,1,1,0.301053285598755
29,3,1,89,-9,9,0,0.583846807479858,-1,1,-1,-1,0.368788003921509
29,3,1,90,-9,9,1,0.61721396446228,-1,-1,1,-1,0.333846807479858
29,3,1,91,81,81,1,0.46714973449707,-1,1,-1,-1,0.36721396446228
29,3,1,92,0,0,1,0.618254899978638,1,1,1,-1,0.21714973449707
29,3,1,93,9,9,1,0.73607063293457,1,1,1,1,0.368254899978638
29,3,1,94,0,0,1,0.584383726119995,1,1,1,1,0.48607063293457
29,3,1,95,3,3,1,0.501140117645264,1,1,1,1,0.334383726119995
29,3,1,96,81,81,1,0.401965856552124,1,1,1,1,0.251140117645264
29,3,1,97,-27,27,0,0.735720872879028,1,1,1,1,0.151965856552124
29,3,1,98,0,0,1,0.551855802536011,-1,-1,1,1,0.485720872879028
29,3,1,99,3,3,1,0.569226741790771,1,1,-1,-1,0.301855802536011
29,3,2,2,-3,3,1,0.551641225814819,-1,-1,-1,-1,0.584115505218506
29,3,2,3,27,27,1,0.517199516296387,-1,1,-1,-1,0.301641225814819
29,3,2,4,9,9,1,0.618262052536011,1,1,1,-1,0.267199516296387
29,3,2,5,9,9,1,0.45093822479248,1,1,1,1,0.368262052536011
29,3,2,6,3,3,1,0.501036882400513,1,1,1,1,0.20093822479248
29,3,2,7,9,9,1,0.48566198348999,1,1,1,1,0.251036882400513
29,3,2,8,9,9,1,0.434312343597412,1,1,1,1,0.23566198348999
29,3,2,9,81,81,1,0.53432822227478,1,1,1,1,0.184312343597412
29,3,2,10,81,81,1,0.452609300613403,1,1,1,1,0.28432822227478
29,3,2,11,3,3,1,0.667609930038452,1,1,1,1,0.202609300613403
29,3,2,12,9,9,1,0.6193687915802,1,1,1,1,0.417609930038452
29,3,2,13,81,81,1,0.502781629562378,1,1,1,1,0.3693687915802
29,3,2,14,9,9,1,0.635921716690063,1,1,1,1,0.252781629562378
29,3,2,15,-0,0,1,0.585930109024048,1,1,1,1,0.385921716690063
29,3,2,16,-0,0,1,0.318618059158325,-1,1,1,1,0.335930109024048
29,3,2,17,-9,9,0,0.78381609916687,-1,1,1,-1,0.0686180591583252
29,3,2,18,-81,81,0,0.484375,-1,-1,1,-1,0.53381609916687
29,3,2,19,-3,3,0,0.65371298789978,-1,-1,-1,-1,0.234375
29,3,2,20,-81,81,0,0.467662572860718,-1,-1,-1,-1,0.40371298789978
29,3,2,21,-0,0,0,0.535314083099365,-1,-1,-1,-1,0.217662572860718
29,3,2,22,-27,27,0,0.636132478713989,-1,-1,-1,-1,0.285314083099365
29,3,2,23,-9,9,1,0.869070053100586,-1,-1,-1,-1,0.386132478713989
29,3,2,24,-81,81,0,0.618060827255249,-1,1,-1,-1,0.619070053100586
29,3,2,25,-0,0,1,0.533851146697998,-1,-1,1,-1,0.368060827255249
29,3,2,26,-9,9,1,0.618313789367676,-1,1,-1,-1,0.283851146697998
29,3,2,27,-9,9,0,0.700577735900879,-1,1,1,-1,0.368313789367676
29,3,2,28,-27,27,0,0.5188889503479,-1,-1,1,-1,0.450577735900879
29,3,2,29,-3,3,1,0.55095911026001,-1,-1,-1,-1,0.2688889503479
29,3,2,30,-81,81,0,0.467207193374634,-1,1,-1,-1,0.30095911026001
29,3,2,31,-3,3,1,0.567200183868408,-1,-1,1,-1,0.217207193374634
29,3,2,32,-3,3,0,0.418898344039917,-1,1,-1,-1,0.317200183868408
29,3,2,33,9,9,1,0.452617645263672,-1,-1,1,-1,0.168898344039917
29,3,2,34,-0,0,0,0.817631483078003,1,1,-1,-1,0.202617645263672
29,3,2,35,-0,0,1,0.500997304916382,-1,-1,1,1,0.567631483078003
29,3,2,36,-9,9,1,0.802442312240601,-1,1,-1,-1,0.250997304916382
29,3,2,41,-27,27,0,0.40217924118042,-1,-1,-1,-1,0.235417366027832
29,3,2,42,3,3,0,0.31907320022583,-1,-1,-1,-1,0.15217924118042
29,3,2,43,27,27,1,0.53428053855896,1,-1,-1,-1,0.0690732002258301
29,3,2,44,-3,3,1,0.683870077133179,1,1,-1,1,0.28428053855896
29,3,2,45,-3,3,0,0.38539457321167,-1,1,1,1,0.433870077133179
29,3,2,46,-81,81,0,0.500486612319946,-1,-1,1,-1,0.13539457321167
29,3,2,47,-27,27,0,0.58580207824707,-1,-1,-1,-1,0.250486612319946
29,3,2,48,-27,27,0,0.517669439315796,-1,-1,-1,-1,0.33580207824707
29,3,2,49,-81,81,0,0.535368204116821,-1,-1,-1,-1,0.267669439315796
29,3,2,50,3,3,1,0.667139053344727,-1,-1,-1,-1,0.285368204116821
29,3,2,51,27,27,1,0.483845710754395,1,1,-1,-1,0.417139053344727
29,3,2,52,3,3,0,0.435998916625977,1,1,1,1,0.233845710754395
29,3,2,53,-27,27,1,0.634271144866943,1,-1,1,1,0.185998916625977
29,3,2,54,-9,9,0,0.51781177520752,-1,1,-1,1,0.384271144866943
29,3,2,55,-81,81,0,0.569196701049805,-1,-1,1,-1,0.26781177520752
29,3,2,56,9,9,1,0.318337678909302,-1,-1,-1,-1,0.319196701049805
29,3,2,57,3,3,1,0.435907363891602,1,1,-1,-1,0.0683376789093018
29,3,2,58,27,27,1,0.486158847808838,1,1,1,1,0.185907363891602
29,3,2,59,81,81,1,0.352161884307861,1,1,1,1,0.236158847808838
29,3,2,60,-81,81,0,0.368599414825439,1,1,1,1,0.102161884307861
29,3,2,61,-3,3,0,0.484340906143188,-1,-1,1,1,0.118599414825439
29,3,2,62,-81,81,0,0.418952465057373,-1,-1,-1,-1,0.234340906143188
29,3,2,63,-0,0,1,0.369407653808594,-1,-1,-1,-1,0.168952465057373
29,3,2,64,81,81,1,0.43496298789978,-1,1,-1,-1,0.119407653808594
29,3,2,65,27,27,1,0.352756977081299,1,1,1,-1,0.18496298789978
29,3,2,66,3,3,1,0.269212961196899,1,1,1,1,0.102756977081299
29,3,2,70,27,27,1,0.601884126663208,1,-1,1,1,0.285866498947144
29,3,2,71,81,81,1,0.667693853378296,1,1,-1,1,0.351884126663208
29,3,2,72,81,81,1,0.485524892807007,1,1,1,1,0.417693853378296
29,3,2,73,27,27,1,0.501893758773804,1,1,1,1,0.235524892807007
29,3,2,74,3,3,1,0.417676687240601,1,1,1,1,0.251893758773804
29,3,2,75,-27,27,0,0.618823766708374,1,1,1,1,0.167676687240601
29,3,2,76,-81,81,0,0.568816423416138,-1,-1,1,1,0.368823766708374
29,3,2,77,9,9,1,0.467648267745972,-1,-1,-1,-1,0.318816423416138
29,3,2,78,3,3,1,0.569375991821289,1,1,-1,-1,0.217648267745972
29,3,2,79,27,27,1,0.43431282043457,1,1,1,1,0.319375991821289
29,3,2,80,3,3,1,0.469406366348267,1,1,1,1,0.18431282043457
29,3,2,81,-0,0,1,0.636147022247314,1,1,1,1,0.219406366348267
29,3,2,82,-81,81,0,0.500482797622681,-1,1,1,1,0.386147022247314
29,3,2,83,-3,3,0,0.617676973342896,-1,-1,1,-1,0.250482797622681
29,3,2,84,-27,27,0,0.484365224838257,-1,-1,-1,-1,0.367676973342896
29,3,2,85,-81,81,0,0.500986814498901,-1,-1,-1,-1,0.234365224838257
29,3,2,86,-0,0,0,0.668552875518799,-1,-1,-1,-1,0.250986814498901
29,3,2,87,-9,9,1,0.601040124893188,-1,-1,-1,-1,0.418552875518799
29,3,2,88,0,0,1,0.583874940872192,-1,1,-1,-1,0.351040124893188
29,3,2,89,27,27,1,0.533856630325317,1,1,1,-1,0.333874940872192
29,3,2,90,9,9,1,0.402557134628296,1,1,1,1,0.283856630325317
29,3,2,91,-9,9,1,0.551948308944702,1,1,1,1,0.152557134628296
29,3,2,92,81,81,1,0.467652082443237,-1,1,1,1,0.301948308944702
29,3,2,93,-27,27,0,0.619194984436035,1,1,1,-1,0.217652082443237
29,3,2,94,-81,81,0,0.418869972229004,-1,-1,1,1,0.369194984436035
29,3,2,95,3,3,0,0.634342670440674,-1,-1,-1,-1,0.168869972229004
29,3,2,96,9,9,1,0.500492334365845,1,-1,-1,-1,0.384342670440674
29,3,2,97,3,3,1,0.520056486129761,1,1,-1,1,0.250492334365845
29,3,2,98,-27,27,0,0.517611265182495,1,1,1,1,0.270056486129761
29,3,2,99,-9,9,0,0.400951623916626,-1,-1,1,1,0.267611265182495
29,3,3,2,9,9,0,0.550989151000977,-1,-1,1,1,0.317851305007935
29,3,3,3,-81,81,0,0.502457141876221,1,-1,-1,-1,0.300989151000977
29,3,3,4,9,9,1,0.386125326156616,-1,-1,-1,1,0.252457141876221
29,3,3,5,-81,81,0,0.467160940170288,1,1,-1,-1,0.136125326156616
29,3,3,6,81,81,1,0.536093950271606,-1,-1,1,1,0.217160940170288
29,3,3,7,-3,3,1,0.834285020828247,1,1,-1,-1,0.286093950271606
29,3,3,8,3,3,0,0.669268846511841,-1,1,1,1,0.584285020828247
29,3,3,9,-0,0,0,0.802037477493286,1,-1,1,-1,0.419268846511841
29,3,3,10,27,27,1,0.485365390777588,-1,-1,-1,1,0.552037477493286
29,3,3,11,9,9,1,0.451662302017212,1,1,-1,-1,0.235365390777588
29,3,3,12,-9,9,0,0.535491704940796,1,1,1,1,0.201662302017212
29,3,3,13,27,27,1,0.317591190338135,-1,-1,1,1,0.285491704940796
29,3,3,14,-81,81,0,0.61716103553772,1,1,-1,-1,0.0675911903381348
29,3,3,15,27,27,1,0.652710437774658,-1,-1,1,1,0.36716103553772
29,3,3,16,-9,9,1,0.584307432174683,1,1,-1,-1,0.402710437774658
29,3,3,17,3,3,1,0.486144065856934,-1,1,1,1,0.334307432174683
29,3,3,18,-9,9,0,0.385478019714355,1,1,1,-1,0.236144065856934
29,3,3,19,-9,9,1,0.386001825332642,-1,-1,1,1,0.135478019714355
29,3,3,20,27,27,1,0.602993011474609,-1,1,-1,-1,0.136001825332642
29,3,3,21,9,9,1,0.519084215164185,1,1,1,-1,0.352993011474609
29,3,3,22,-9,9,1,0.350939989089966,1,1,1,1,0.269084215164185
29,3,3,23,81,81,1,0.502323865890503,-1,1,1,1,0.100939989089966
29,3,3,24,-3,3,0,0.586041212081909,1,1,1,-1,0.252323865890503
29,3,3,25,27,27,1,0.50200343132019,-1,-1,1,1,0.336041212081909
29,3,3,26,3,3,0,0.434642791748047,1,1,-1,-1,0.25200343132019
29,3,3,27,-9,9,0,0.569515943527222,1,-1,1,1,0.184642791748047
29,3,3,28,81,81,1,0.534276485443115,-1,-1,-1,1,0.319515943527222
29,3,3,29,-3,3,0,0.433886528015137,1,1,-1,-1,0.284276485443115
29,3,3,30,27,27,1,0.567617177963257,-1,-1,1,1,0.183886528015137
29,3,3,31,-27,27,0,0.334256887435913,1,1,-1,-1,0.317617177963257
29,3,3,32,0,0,0,0.53540301322937,-1,-1,1,1,0.0842568874359131
29,3,3,33,-9,9,0,0.350969314575195,1,-1,-1,-1,0.28540301322937
29,3,3,34,-81,81,0,0.433822870254517,-1,-1,-1,1,0.100969314575195
29,3,3,35,-3,3,1,0.652310848236084,-1,-1,-1,-1,0.183822870254517
29,3,3,36,81,81,1,0.533829212188721,-1,1,-1,-1,0.402310848236084
29,3,3,37,-3,3,0,0.719470739364624,1,1,1,-1,0.283829212188721
29,3,3,38,27,27,1,0.502068758010864,-1,-1,1,1,0.469470739364624
29,3,3,39,3,3,1,0.435206174850464,1,1,-1,-1,0.252068758010864
29,3,3,40,-27,27,0,0.45168924331665,1,1,1,1,0.185206174850464
29,3,3,41,-3,3,0,0.619099617004395,-1,-1,1,1,0.20168924331665
29,3,3,42,3,3,1,0.485360145568848,-1,-1,-1,-1,0.369099617004395
29,3,3,43,-27,27,0,0.436137914657593,1,1,-1,-1,0.235360145568848
29,3,3,44,3,3,1,0.552589893341064,-1,-1,1,1,0.186137914657593
29,3,3,45,-81,81,0,0.452678442001343,1,1,-1,-1,0.302589893341064
29,3,3,46,0,0,1,0.517668962478638,-1,-1,1,1,0.202678442001343
29,3,3,47,-0,0,1,0.567144155502319,1,1,-1,-1,0.267668962478638
29,3,3,48,27,27,1,0.519741535186768,-1,1,1,1,0.317144155502319
29,3,3,49,-0,0,0,0.319360733032227,1,1,1,-1,0.269741535186768
29,3,3,50,81,81,1,0.483879804611206,-1,-1,1,1,0.0693607330322266
29,3,3,51,-81,81,0,0.550510406494141,1,1,-1,-1,0.233879804611206
29,3,3,52,9,9,0,0.78593635559082,-1,-1,1,1,0.300510406494141
29,3,3,53,-81,81,0,0.519369125366211,1,-1,-1,-1,0.53593635559082
29,3,3,54,-3,3,0,0.519113540649414,-1,-1,-1,1,0.269369125366211
29,3,3,55,-81,81,0,0.418705701828003,-1,-1,-1,-1,0.269113540649414
29,3,3,56,-9,9,0,0.519217729568481,-1,-1,-1,-1,0.168705701828003
29,3,3,57,27,27,1,0.50096321105957,-1,-1,-1,-1,0.269217729568481
29,3,3,58,-81,81,0,0.502814054489136,1,1,-1,-1,0.25096321105957
29,3,3,59,3,3,0,0.500951528549194,-1,-1,1,1,0.252814054489136
29,3,3,60,-0,0,1,0.451757669448853,1,-1,-1,-1,0.250951528549194
29,3,3,61,-3,3,1,0.46895956993103,-1,1,-1,1,0.201757669448853
29,3,3,62,0,0,0,0.800498485565186,-1,1,1,-1,0.21895956993103
29,3,3,63,-27,27,0,0.602180957794189,1,-1,1,-1,0.550498485565186
29,3,3,64,3,3,0,0.685216903686523,-1,-1,-1,1,0.352180957794189
29,3,3,65,-9,9,1,0.701918840408325,1,-1,-1,-1,0.435216903686523
29,3,3,66,3,3,1,0.500492334365845,-1,1,-1,1,0.451918840408325
29,3,3,67,-3,3,1,0.452645778656006,1,1,1,-1,0.250492334365845
29,3,3,68,81,81,1,0.418500423431396,-1,1,1,1,0.202645778656006
29,3,3,69,-27,27,0,0.518893718719482,1,1,1,-1,0.168500423431396
29,3,3,70,27,27,1,0.534316062927246,-1,-1,1,1,0.268893718719482
29,3,3,71,-9,9,0,0.552690267562866,1,1,-1,-1,0.284316062927246
29,3,3,72,9,9,0,0.500988721847534,-1,-1,1,1,0.302690267562866
29,3,3,73,-0,0,1,0.551382303237915,1,-1,-1,-1,0.250988721847534
29,3,3,74,81,81,1,0.368841409683228,-1,1,-1,1,0.301382303237915
29,3,3,75,-27,27,0,0.802809000015259,1,1,1,-1,0.118841409683228
29,3,3,76,81,81,1,0.501419544219971,-1,-1,1,1,0.552809000015259
29,3,3,77,-9,9,1,0.552099704742432,1,1,-1,-1,0.251419544219971
29,3,3,78,-3,3,1,0.317664861679077,-1,1,1,1,0.302099704742432
29,3,3,79,9,9,1,0.502811670303345,-1,1,1,-1,0.0676648616790771
29,3,3,80,-0,0,1,0.319151163101196,1,1,1,-1,0.252811670303345
29,3,3,81,27,27,1,0.417219877243042,-1,1,1,1,0.0691511631011963
29,3,3,82,9,9,0,0.752621173858643,1,1,1,-1,0.167219877243042
29,3,3,83,-27,27,0,0.517725706100464,1,-1,1,1,0.502621173858643
29,3,3,84,27,27,1,0.285935401916504,-1,-1,-1,1,0.267725706100464
29,3,3,85,-81,81,0,0.60282826423645,1,1,-1,-1,0.0359354019165039
29,3,3,86,81,81,1,0.519120216369629,-1,-1,1,1,0.35282826423645
29,3,3,87,-3,3,0,0.533822774887085,1,1,-1,-1,0.269120216369629
29,3,3,88,-0,0,1,0.567608594894409,-1,-1,1,1,0.283822774887085
29,3,3,89,3,3,0,0.550949573516846,-1,1,-1,-1,0.317608594894409
29,3,3,90,-9,9,1,0.419242858886719,1,-1,1,-1,0.300949573516846
29,3,3,91,81,81,1,0.485841035842896,-1,1,-1,1,0.169242858886719
29,3,3,92,-27,27,0,0.350618362426758,1,1,1,-1,0.235841035842896
29,3,3,93,81,81,1,0.435888528823853,-1,-1,1,1,0.100618362426758
29,3,3,94,0,0,0,0.567642688751221,1,1,-1,-1,0.185888528823853
29,3,3,95,-9,9,1,0.634281873703003,1,-1,1,1,0.317642688751221
29,3,3,96,3,3,0,0.501494884490967,-1,1,-1,1,0.384281873703003
29,3,3,97,-81,81,0,0.386045932769775,1,-1,1,-1,0.251494884490967
29,3,3,98,-27,27,0,0.533876657485962,-1,-1,-1,1,0.136045932769775
29,3,3,99,9,9,1,0.551617860794067,-1,-1,-1,-1,0.283876657485962
29,3,4,2,9,9,0,0.502570629119873,1,-1,-1,-1,0.284546852111816
29,3,4,3,-81,81,0,0.251094818115234,1,-1,-1,1,0.252570629119873
29,3,4,4,-27,27,0,0.718429088592529,-1,-1,-1,1,0.00109481811523438
29,3,4,5,-81,81,0,0.450489521026611,-1,-1,-1,-1,0.468429088592529
29,3,4,6,-0,0,0,0.617731332778931,-1,-1,-1,-1,0.200489521026611
29,3,4,7,-81,81,0,0.434333086013794,-1,-1,-1,-1,0.367731332778931
29,3,4,8,-27,27,0,0.502697944641113,-1,-1,-1,-1,0.184333086013794
29,3,4,9,-0,0,1,0.533909320831299,-1,-1,-1,-1,0.252697944641113
29,3,4,10,-3,3,1,0.301985502243042,-1,1,-1,-1,0.283909320831299
29,3,4,11,-81,81,0,0.56950831413269,-1,1,1,-1,0.051985502243042
29,3,4,12,0,0,1,0.486027002334595,-1,-1,1,-1,0.31950831413269
29,3,4,13,-3,3,1,0.435311794281006,1,1,-1,-1,0.236027002334595
29,3,4,14,-27,27,0,0.318882703781128,-1,1,1,1,0.185311794281006
29,3,4,15,-3,3,0,0.285932302474976,-1,-1,1,-1,0.0688827037811279
29,3,4,16,27,27,1,0.267653942108154,-1,-1,-1,-1,0.0359323024749756
29,3,4,17,-3,3,0,0.417141675949097,1,1,-1,-1,0.0176539421081543
29,3,4,18,81,81,1,0.367729902267456,-1,-1,1,1,0.167141675949097
29,3,4,19,-27,27,1,0.485859155654907,1,1,-1,-1,0.117729902267456
29,3,4,20,3,3,1,0.335624933242798,-1,1,1,1,0.235859155654907
29,3,4,21,-9,9,1,0.467763900756836,1,1,1,-1,0.0856249332427979
29,3,4,22,-9,9,1,0.633842945098877,-1,1,1,1,0.217763900756836
29,3,4,23,0,0,1,0.501129388809204,-1,1,1,-1,0.383842945098877
29,3,4,24,-27,27,0,0.66766357421875,1,1,1,-1,0.251129388809204
29,3,4,25,-9,9,1,0.419377326965332,-1,-1,1,1,0.41766357421875
29,3,4,26,81,81,1,0.383809328079224,-1,1,-1,-1,0.169377326965332
29,3,4,27,-27,27,0,0.36765193939209,1,1,1,-1,0.133809328079224
29,3,4,28,-9,9,1,0.517618894577026,-1,-1,1,1,0.11765193939209
29,3,4,29,-27,27,1,0.602198839187622,-1,1,-1,-1,0.267618894577026
29,3,4,30,27,27,1,0.318840742111206,-1,1,1,-1,0.352198839187622
29,3,4,31,-3,3,1,0.469082832336426,1,1,1,-1,0.0688407421112061
29,3,4,32,3,3,1,0.451482534408569,-1,1,1,1,0.219082832336426
29,3,4,33,-81,81,0,0.401618003845215,1,1,1,-1,0.201482534408569
29,3,4,34,9,9,1,0.500967979431152,-1,-1,1,1,0.151618003845215
29,3,4,35,3,3,1,0.55102276802063,1,1,-1,-1,0.250967979431152
29,3,4,36,-9,9,1,0.50095796585083,1,1,1,1,0.30102276802063
29,3,4,37,-27,27,0,0.517920255661011,-1,1,1,1,0.25095796585083
29,3,4,38,9,9,1,0.300977945327759,-1,-1,1,-1,0.267920255661011
29,3,4,39,3,3,1,0.61769437789917,1,1,-1,-1,0.0509779453277588
29,3,4,40,-3,3,0,0.419238328933716,1,1,1,1,0.36769437789917
29,3,4,41,-9,9,0,0.351422309875488,-1,-1,1,1,0.169238328933716
29,3,4,42,9,9,1,0.385901212692261,-1,-1,-1,-1,0.101422309875488
29,3,4,43,81,81,1,0.4676194190979,1,1,-1,-1,0.135901212692261
29,3,4,44,-81,81,0,0.385474443435669,1,1,1,1,0.2176194190979
29,3,4,45,-3,3,1,0.469358921051025,-1,-1,1,1,0.135474443435669
29,3,4,46,-81,81,0,0.418431520462036,-1,1,-1,-1,0.219358921051025
29,3,4,47,0,0,0,0.533851623535156,-1,-1,1,-1,0.168431520462036
29,3,4,48,3,3,1,0.335439443588257,1,-1,-1,-1,0.283851623535156
29,3,4,49,81,81,1,0.352579355239868,1,1,-1,1,0.0854394435882568
29,3,4,50,-0,0,1,0.718802213668823,1,1,1,1,0.102579355239868
29,3,4,51,-3,3,1,0.285367965698242,-1,1,1,1,0.468802213668823
29,3,4,52,-27,27,0,0.552597284317017,-1,1,1,-1,0.0353679656982422
29,3,4,53,-27,27,0,0.417195320129395,-1,-1,1,-1,0.302597284317017
29,3,4,54,81,81,1,0.51720142364502,-1,-1,-1,-1,0.167195320129395
29,3,4,55,0,0,0,0.269251585006714,1,1,-1,-1,0.26720142364502
29,3,4,56,-3,3,0,0.484343290328979,1,-1,1,1,0.0192515850067139
29,3,4,57,0,0,0,0.350574970245361,-1,-1,-1,1,0.234343290328979
29,3,4,58,-3,3,0,0.535321712493896,1,-1,-1,-1,0.100574970245361
29,3,4,59,-81,81,0,0.402624368667603,-1,-1,-1,1,0.285321712493896
29,3,4,60,0,0,0,0.419344425201416,-1,-1,-1,-1,0.152624368667603
29,3,4,61,9,9,1,0.367675304412842,1,-1,-1,-1,0.169344425201416
29,3,4,62,3,3,1,0.401644706726074,1,1,-1,1,0.117675304412842
29,3,4,63,-81,81,0,0.402017116546631,1,1,1,1,0.151644706726074
29,3,4,64,81,81,1,0.552626609802246,-1,-1,1,1,0.152017116546631
29,3,4,65,-9,9,1,0.534607887268066,1,1,-1,-1,0.302626609802246
29,3,4,66,-81,81,0,0.417156219482422,-1,1,1,1,0.284607887268066
29,3,4,67,9,9,1,0.350532531738281,-1,-1,1,-1,0.167156219482422
29,3,4,68,-27,27,0,0.467902421951294,1,1,-1,-1,0.100532531738281
29,3,4,69,-81,81,0,0.500539064407349,-1,-1,1,1,0.217902421951294
29,3,4,70,9,9,1,0.685120820999146,-1,-1,-1,-1,0.250539064407349
29,3,4,71,-0,0,1,0.301321983337402,1,1,-1,-1,0.435120820999146
29,3,4,72,81,81,1,0.517686367034912,-1,1,1,1,0.0513219833374023
29,3,4,73,3,3,1,0.719205379486084,1,1,1,-1,0.267686367034912
29,3,4,74,-81,81,0,0.502263784408569,1,1,1,1,0.469205379486084
29,3,4,75,27,27,1,0.469189167022705,-1,-1,1,1,0.252263784408569
29,3,4,76,-3,3,0,0.535627365112305,1,1,-1,-1,0.219189167022705
29,3,4,77,3,3,0,0.651774883270264,-1,-1,1,1,0.285627365112305
29,3,4,78,-9,9,1,0.402115345001221,1,-1,-1,-1,0.401774883270264
29,3,4,79,27,27,1,0.384405136108398,-1,1,-1,1,0.152115345001221
29,3,4,80,27,27,1,0.401110172271729,1,1,1,-1,0.134405136108398
29,3,4,81,27,27,1,0.269057989120483,1,1,1,1,0.151110172271729
29,3,4,82,81,81,1,0.319163084030151,1,1,1,1,0.0190579891204834
29,3,4,83,3,3,1,0.31767749786377,1,1,1,1,0.0691630840301514
29,3,4,84,3,3,0,0.619188070297241,1,1,1,1,0.0676774978637695
29,3,4,85,-27,27,0,0.502154111862183,1,-1,1,1,0.369188070297241
29,3,4,86,-27,27,0,0.451912641525269,-1,-1,-1,1,0.252154111862183
29,3,4,87,81,81,1,0.453063488006592,-1,-1,-1,-1,0.201912641525269
29,3,4,88,9,9,1,0.735474109649658,1,1,-1,-1,0.203063488006592
29,3,4,89,-9,9,0,0.85208535194397,1,1,1,1,0.485474109649658
29,3,4,90,-0,0,1,0.368578672409058,-1,-1,1,1,0.60208535194397
29,3,4,91,9,9,1,0.585724115371704,-1,1,-1,-1,0.118578672409058
29,3,4,92,-9,9,0,0.384369850158691,1,1,1,-1,0.335724115371704
29,3,4,93,-27,27,1,0.252044677734375,-1,-1,1,1,0.134369850158691
29,3,4,94,3,3,0,0.583825826644897,-1,1,-1,-1,0.002044677734375
29,3,4,95,-81,81,0,0.385894775390625,1,-1,1,-1,0.333825826644897
29,3,4,96,9,9,1,0.435887813568115,-1,-1,-1,1,0.135894775390625
29,3,4,97,-9,9,0,0.467740297317505,1,1,-1,-1,0.185887813568115
29,3,4,98,27,27,1,0.401004791259766,-1,-1,1,1,0.217740297317505
29,3,4,99,-27,27,0,0.634832620620728,1,1,-1,-1,0.151004791259766
29,3,5,2,-27,27,0,0.651578903198242,-1,-1,1,1,0.184849739074707
29,3,5,3,9,9,1,0.401767730712891,-1,-1,-1,-1,0.401578903198242
29,3,5,4,-0,0,1,0.53559398651123,1,1,-1,-1,0.151767730712891
29,3,5,5,81,81,1,0.419109344482422,-1,1,1,1,0.28559398651123
29,3,5,6,-0,0,0,0.601175785064697,1,1,1,-1,0.169109344482422
29,3,5,7,9,9,1,0.335366725921631,-1,-1,1,1,0.351175785064697
29,3,5,8,-9,9,0,0.701751947402954,1,1,-1,-1,0.0853667259216309
29,3,5,9,-27,27,0,0.400947332382202,-1,-1,1,1,0.451751947402954
29,3,5,10,27,27,1,0.485641241073608,-1,-1,-1,-1,0.150947332382202
29,3,5,11,-3,3,0,0.419415950775146,1,1,-1,-1,0.235641241073608
29,3,5,12,27,27,1,0.367872953414917,-1,-1,1,1,0.169415950775146
29,3,5,13,-27,27,0,0.603559017181396,1,1,-1,-1,0.117872953414917
29,3,5,14,9,9,1,0.434808969497681,-1,-1,1,1,0.353559017181396
29,3,5,15,-27,27,0,0.384450435638428,1,1,-1,-1,0.184808969497681
29,3,5,16,9,9,1,0.567799091339111,-1,-1,1,1,0.134450435638428
29,3,5,17,-9,9,0,0.534274816513062,1,1,-1,-1,0.317799091339111
29,3,5,18,27,27,1,0.452910184860229,-1,-1,1,1,0.284274816513062
29,3,5,19,-9,9,0,0.834287881851196,1,1,-1,-1,0.202910184860229
29,3,5,20,0,0,1,0.485899448394775,-1,-1,1,1,0.584287881851196
29,3,5,21,-3,3,1,0.452134370803833,1,1,-1,-1,0.235899448394775
29,3,5,22,3,3,1,0.669523239135742,-1,1,1,1,0.202134370803833
29,3,5,23,-9,9,0,0.467935562133789,1,1,1,-1,0.419523239135742
29,3,5,24,27,27,1,0.301423311233521,-1,-1,1,1,0.217935562133789
29,3,5,25,-0,0,0,0.702567100524902,1,1,-1,-1,0.0514233112335205
29,3,5,26,3,3,1,0.718160152435303,-1,-1,1,1,0.452567100524902
29,3,5,27,9,9,1,0.284294128417969,1,1,-1,-1,0.468160152435303
29,3,5,28,0,0,0,0.450934648513794,1,1,1,1,0.0342941284179688
29,3,5,29,3,3,0,0.502575397491455,1,-1,1,1,0.200934648513794
29,3,5,30,27,27,1,0.352074861526489,1,-1,-1,1,0.252575397491455
29,3,5,31,-81,81,0,0.483842611312866,1,1,-1,1,0.102074861526489
29,3,5,32,9,9,1,0.30256724357605,-1,-1,1,1,0.233842611312866
29,3,5,33,9,9,1,0.385987043380737,1,1,-1,-1,0.0525672435760498
29,3,5,34,9,9,0,0.650527715682983,1,1,1,1,0.135987043380737
29,3,5,35,27,27,1,0.336058139801025,1,-1,1,1,0.400527715682983
29,3,5,36,-3,3,1,0.418536901473999,1,1,-1,1,0.0860581398010254
29,3,5,37,3,3,1,0.318849802017212,-1,1,1,1,0.168536901473999
29,3,5,38,-9,9,0,0.351181745529175,1,1,1,-1,0.0688498020172119
29,3,5,39,27,27,1,0.301323175430298,-1,-1,1,1,0.101181745529175
29,3,5,40,-27,27,0,0.452472448348999,1,1,-1,-1,0.0513231754302979
29,3,5,41,27,27,1,0.317723512649536,-1,-1,1,1,0.202472448348999
29,3,5,45,-27,27,0,0.286017417907715,1,-1,-1,-1,0.201905965805054
29,3,5,46,81,81,1,0.367666959762573,-1,-1,-1,1,0.0360174179077148
29,3,5,47,-3,3,0,0.502564668655396,1,1,-1,-1,0.117666959762573
29,3,5,48,3,3,0,0.301124334335327,-1,-1,1,1,0.252564668655396
29,3,5,49,-27,27,0,0.569387912750244,1,-1,-1,-1,0.0511243343353271
29,3,5,50,27,27,1,0.585292100906372,-1,-1,-1,1,0.319387912750244
29,3,5,51,-81,81,0,0.401806592941284,1,1,-1,-1,0.335292100906372
29,3,5,52,27,27,1,0.450479984283447,-1,-1,1,1,0.151806592941284
29,3,5,53,-9,9,0,0.434479951858521,1,1,-1,-1,0.200479984283447
29,3,5,54,81,81,1,0.369213342666626,-1,-1,1,1,0.184479951858521
29,3,5,55,-3,3,0,0.453155040740967,1,1,-1,-1,0.119213342666626
29,3,5,56,9,9,1,0.583941221237183,-1,-1,1,1,0.203155040740967
29,3,5,57,81,81,1,0.486107587814331,1,1,-1,-1,0.333941221237183
29,3,5,58,-3,3,1,0.402609825134277,1,1,1,1,0.236107587814331
29,3,5,59,3,3,1,0.402879238128662,-1,1,1,1,0.152609825134277
29,3,5,60,-81,81,0,0.434484720230103,1,1,1,-1,0.152879238128662
29,3,5,61,-3,3,1,0.402662515640259,-1,-1,1,1,0.184484720230103
29,3,5,62,81,81,1,0.368650674819946,-1,1,-1,-1,0.152662515640259
29,3,5,63,-81,81,0,0.417857885360718,1,1,1,-1,0.118650674819946
29,3,5,64,-9,9,0,0.502300262451172,-1,-1,1,1,0.167857885360718
29,3,5,65,0,0,0,0.819345951080322,-1,-1,-1,-1,0.252300262451172
29,3,5,66,-9,9,0,0.334299564361572,1,-1,-1,-1,0.569345951080322
29,3,5,67,-81,81,0,0.317180633544922,-1,-1,-1,1,0.0842995643615723
29,3,5,68,3,3,0,0.352535963058472,-1,-1,-1,-1,0.0671806335449219
29,3,5,69,81,81,1,0.417974948883057,1,-1,-1,-1,0.102535963058472
29,3,5,70,-0,0,1,0.535310983657837,1,1,-1,1,0.167974948883057
29,3,5,71,27,27,1,0.702003002166748,-1,1,1,1,0.285310983657837
29,3,5,72,-3,3,1,0.51795506477356,1,1,1,-1,0.452003002166748
29,3,5,73,81,81,1,0.30101466178894,-1,1,1,1,0.26795506477356
29,3,5,74,-81,81,0,0.317660093307495,1,1,1,-1,0.0510146617889404
29,3,5,75,-0,0,0,0.53527307510376,-1,-1,1,1,0.0676600933074951
29,3,5,76,9,9,1,0.352357864379883,-1,-1,-1,-1,0.28527307510376
29,3,5,77,-3,3,1,0.367636203765869,1,1,-1,-1,0.102357864379883
29,3,5,78,81,81,1,0.300506591796875,-1,1,1,1,0.117636203765869
29,3,5,79,-81,81,0,0.318955898284912,1,1,1,-1,0.050506591796875
29,3,5,80,3,3,1,0.301113367080688,-1,-1,1,1,0.0689558982849121
29,3,5,81,9,9,0,0.851078510284424,1,1,-1,-1,0.0511133670806885
29,3,5,82,-81,81,0,0.452306985855103,1,-1,1,1,0.601078510284424
29,3,5,83,81,81,1,0.267635822296143,-1,-1,-1,1,0.202306985855103
29,3,5,84,-0,0,0,0.617674589157104,1,1,-1,-1,0.0176358222961426
29,3,5,85,27,27,1,0.384802103042603,-1,-1,1,1,0.367674589157104
29,3,5,86,-27,27,0,0.401603698730469,1,1,-1,-1,0.134802103042603
29,3,5,87,3,3,1,0.28516411781311,-1,-1,1,1,0.151603698730469
29,3,5,88,-81,81,0,0.401308298110962,1,1,-1,-1,0.0351641178131104
29,3,5,89,-81,81,0,0.717231512069702,-1,-1,1,1,0.151308298110962
29,3,5,90,27,27,1,0.40219783782959,-1,-1,-1,-1,0.467231512069702
29,3,5,91,-3,3,0,0.452463626861572,1,1,-1,-1,0.15219783782959
29,3,5,92,3,3,1,0.783828973770142,-1,-1,1,1,0.202463626861572
29,3,5,93,9,9,1,0.335668563842773,1,1,-1,-1,0.533828973770142
29,3,5,94,-81,81,0,0.452598333358765,1,1,1,1,0.0856685638427734
29,3,5,95,9,9,1,0.602210998535156,-1,-1,1,1,0.202598333358765
29,3,5,96,-81,81,0,0.551795244216919,1,1,-1,-1,0.352210998535156
29,3,5,97,27,27,1,0.36859130859375,-1,-1,1,1,0.301795244216919
29,3,5,98,-9,9,0,0.434477090835571,1,1,-1,-1,0.11859130859375
29,3,5,99,0,0,1,0.534322500228882,-1,-1,1,1,0.184477090835571
29,3,6,2,-81,81,0,0.384786128997803,1,1,-1,-1,0.251347303390503
29,3,6,3,-3,3,1,0.701001882553101,-1,-1,1,1,0.134786128997803
29,3,6,4,-3,3,1,0.451106071472168,-1,1,-1,-1,0.451001882553101
29,3,6,5,-0,0,0,0.334411144256592,-1,1,1,-1,0.201106071472168
29,3,6,6,0,0,0,0.468693256378174,-1,-1,1,-1,0.0844111442565918
29,3,6,7,-27,27,0,0.267713785171509,1,-1,-1,-1,0.218693256378174
29,3,6,8,81,81,1,0.352027177810669,-1,-1,-1,1,0.0177137851715088
29,3,6,9,-3,3,0,0.436048269271851,1,1,-1,-1,0.102027177810669
29,3,6,10,-81,81,0,0.386106252670288,-1,-1,1,1,0.186048269271851
29,3,6,11,3,3,1,0.869249820709229,-1,-1,-1,-1,0.136106252670288
29,3,6,12,0,0,1,0.36758828163147,1,1,-1,-1,0.619249820709229
29,3,6,13,27,27,1,0.402127981185913,1,1,1,1,0.11758828163147
29,3,6,14,-81,81,0,0.318229913711548,1,1,1,1,0.152127981185913
29,3,6,15,27,27,1,0.30224084854126,-1,-1,1,1,0.0682299137115479
29,3,6,16,3,3,0,0.350491285324097,1,1,-1,-1,0.0522408485412598
29,3,6,17,-9,9,0,0.502341032028198,1,-1,1,1,0.100491285324097
29,3,6,18,81,81,1,0.267603874206543,-1,-1,-1,1,0.252341032028198
29,3,6,19,-9,9,0,0.41869854927063,1,1,-1,-1,0.017603874206543
29,3,6,20,9,9,0,0.250991106033325,-1,-1,1,1,0.16869854927063
29,3,6,21,9,9,1,0.584478855133057,1,-1,-1,-1,0.000991106033325195
29,3,6,22,-27,27,0,0.402363538742065,1,1,-1,1,0.334478855133057
29,3,6,27,3,3,1,0.33576774597168,-1,-1,-1,-1,0.168975830078125
29,3,6,32,-27,27,0,0.43443775177002,1,1,-1,-1,0.267999172210693
29,3,6,33,0,0,0,0.336248159408569,-1,-1,1,1,0.18443775177002
29,3,6,34,-3,3,0,0.50053882598877,1,-1,-1,-1,0.0862481594085693
29,3,6,35,-9,9,0,0.583822727203369,-1,-1,-1,1,0.25053882598877
29,3,6,36,0,0,0,0.585105419158936,-1,-1,-1,-1,0.333822727203369
29,3,6,37,0,0,0,0.317969083786011,1,-1,-1,-1,0.335105419158936
29,3,6,38,-9,9,0,0.467167377471924,1,-1,-1,1,0.0679690837860107
29,3,6,39,9,9,0,0.267598628997803,-1,-1,-1,1,0.217167377471924
29,3,6,40,-27,27,0,0.400491714477539,1,-1,-1,-1,0.0175986289978027
29,3,6,41,-3,3,0,0.285681247711182,-1,-1,-1,1,0.150491714477539
29,3,6,42,-3,3,1,0.451733112335205,-1,-1,-1,-1,0.0356812477111816
29,3,6,47,-81,81,0,0.450524806976318,1,1,-1,-1,0.117210865020752
29,3,6,48,-9,9,0,0.334292888641357,-1,-1,1,1,0.200524806976318
29,3,6,49,-81,81,0,0.384339332580566,-1,-1,-1,-1,0.0842928886413574
29,3,6,50,81,81,1,0.400491952896118,-1,-1,-1,-1,0.134339332580566
29,3,6,51,-3,3,0,0.402544021606445,1,1,-1,-1,0.150491952896118
29,3,6,52,-81,81,0,0.435770034790039,-1,-1,1,1,0.152544021606445
29,3,6,53,3,3,1,0.301917791366577,-1,-1,-1,-1,0.185770034790039
29,3,6,54,9,9,0,0.352513074874878,1,1,-1,-1,0.0519177913665771
29,3,6,55,81,81,1,0.352582931518555,1,-1,1,1,0.102513074874878
29,3,6,56,-9,9,0,0.383836269378662,1,1,-1,1,0.102582931518555
29,3,6,62,9,9,1,0.619070291519165,-1,-1,1,-1,0.00222420692443848
29,3,6,66,27,27,1,0.551155805587769,1,-1,-1,-1,0.419413805007935
29,3,6,67,-27,27,0,0.418735980987549,1,1,-1,1,0.301155805587769
29,3,6,68,-9,9,1,0.452033996582031,-1,-1,1,1,0.168735980987549
29,3,6,69,3,3,1,0.352613925933838,-1,1,-1,-1,0.202033996582031
29,3,6,70,-81,81,0,0.502825021743774,1,1,1,-1,0.102613925933838
29,3,6,71,-3,3,1,0.485449314117432,-1,-1,1,1,0.252825021743774
29,3,6,72,27,27,1,0.367788791656494,-1,1,-1,-1,0.235449314117432
29,3,6,73,-27,27,0,0.734278202056885,1,1,1,-1,0.117788791656494
29,3,6,74,-3,3,1,0.367813587188721,-1,-1,1,1,0.484278202056885
29,3,6,75,-27,27,0,0.400489330291748,-1,1,-1,-1,0.117813587188721
29,3,6,76,-9,9,0,0.285690307617188,-1,-1,1,-1,0.150489330291748
29,3,6,77,27,27,1,0.468774795532227,-1,-1,-1,-1,0.0356903076171875
29,3,6,78,-0,0,1,0.501091718673706,1,1,-1,-1,0.218774795532227
29,3,6,79,9,9,1,0.684561967849731,-1,1,1,1,0.251091718673706
29,3,6,80,-0,0,1,0.468597412109375,1,1,1,-1,0.434561967849731
29,3,6,81,-27,27,0,0.45049262046814,-1,1,1,1,0.218597412109375
29,3,6,82,3,3,1,0.451112031936646,-1,-1,1,-1,0.20049262046814
29,3,6,83,-3,3,1,0.550480127334595,1,1,-1,-1,0.201112031936646
29,3,6,84,3,3,1,0.68602991104126,-1,1,1,1,0.300480127334595
29,3,6,85,-81,81,0,0.419292211532593,1,1,1,-1,0.43602991104126
29,3,6,86,-9,9,0,0.369903087615967,-1,-1,1,1,0.169292211532593
29,3,6,87,81,81,1,0.500550270080566,-1,-1,-1,-1,0.119903087615967
29,3,6,88,-27,27,0,0.385440826416016,1,1,-1,-1,0.250550270080566
29,3,6,93,-27,27,0,0.468819856643677,1,1,1,1,0.135665893554688
29,3,6,94,9,9,1,0.368849039077759,-1,-1,1,1,0.218819856643677
29,3,6,95,3,3,1,0.352206230163574,1,1,-1,-1,0.118849039077759
29,3,6,96,-81,81,0,0.335532903671265,1,1,1,1,0.102206230163574
29,3,6,97,-3,3,0,0.635937929153442,-1,-1,1,1,0.0855329036712646
29,3,6,98,-27,27,0,0.534455299377441,-1,-1,-1,-1,0.385937929153442
29,3,6,99,-81,81,0,0.334434270858765,-1,-1,-1,-1,0.284455299377441
30,1,1,2,-27,27,0,0.885399341583252,1,1,-1,-1,0.719044208526611
30,1,1,3,-81,81,0,0.952459096908569,-1,-1,1,1,0.635399341583252
30,1,1,4,9,9,1,0.551757335662842,-1,-1,-1,-1,0.702459096908569
30,1,1,5,3,3,1,0.869247674942017,1,1,-1,-1,0.301757335662842
30,1,1,6,-9,9,0,0.617627382278442,1,1,1,1,0.619247674942017
30,1,1,7,-81,81,0,0.518887996673584,-1,-1,1,1,0.367627382278442
30,1,1,8,-9,9,1,0.867740869522095,-1,-1,-1,-1,0.268887996673584
30,1,1,9,-0,0,1,0.552287340164185,-1,1,-1,-1,0.617740869522095
30,1,1,10,-3,3,1,0.500953674316406,-1,1,1,-1,0.302287340164185
30,1,1,11,-9,9,1,0.350983381271362,-1,1,1,-1,0.250953674316406
30,1,1,12,-0,0,1,0.735933780670166,-1,1,1,-1,0.100983381271362
30,1,1,16,-9,9,1,0.752024412155151,-1,-1,-1,-1,0.402704954147339
30,1,1,17,-9,9,0,0.700956106185913,-1,1,-1,-1,0.502024412155151
30,1,1,18,-0,0,1,0.535979032516479,-1,-1,1,-1,0.450956106185913
30,1,1,19,81,81,1,0.652315378189087,-1,1,-1,-1,0.285979032516479
30,1,1,24,27,27,1,0.552131175994873,1,-1,1,1,0.335870027542114
30,1,1,25,3,3,1,0.752114295959473,1,1,-1,1,0.302131175994873
30,1,1,26,81,81,1,0.517201900482178,1,1,1,1,0.502114295959473
30,1,1,27,-9,9,1,0.467725515365601,1,1,1,1,0.267201900482178
30,1,1,28,-3,3,0,0.718725204467773,-1,1,1,1,0.217725515365601
30,1,1,29,-3,3,1,0.401174306869507,-1,-1,1,-1,0.468725204467773
30,1,1,30,27,27,1,0.517836332321167,-1,1,-1,-1,0.151174306869507
30,1,1,31,81,81,1,0.635494947433472,1,1,1,-1,0.267836332321167
30,1,1,32,3,3,0,0.619280815124512,1,1,1,1,0.385494947433472
30,1,1,33,-3,3,1,0.485687971115112,1,-1,1,1,0.369280815124512
30,1,1,34,-81,81,0,0.469382286071777,-1,1,-1,1,0.235687971115112
30,1,1,35,3,3,1,0.468047618865967,-1,-1,1,-1,0.219382286071777
30,1,1,36,3,3,0,0.717195272445679,1,1,-1,-1,0.218047618865967
30,1,1,37,9,9,1,0.619393110275269,1,-1,1,1,0.467195272445679
30,1,1,38,27,27,1,0.635615110397339,1,1,-1,1,0.369393110275269
30,1,1,39,3,3,1,0.435144901275635,1,1,1,1,0.385615110397339
30,1,1,40,9,9,1,0.369235992431641,1,1,1,1,0.185144901275635
30,1,1,41,81,81,1,0.46760082244873,1,1,1,1,0.119235992431641
30,1,1,42,27,27,1,0.568792343139648,1,1,1,1,0.21760082244873
30,1,1,43,-81,81,0,0.667161226272583,1,1,1,1,0.318792343139648
30,1,1,44,-9,9,1,0.684410095214844,-1,-1,1,1,0.417161226272583
30,1,1,45,-27,27,0,0.35216212272644,-1,1,-1,-1,0.434410095214844
30,1,1,46,-3,3,1,0.502182245254517,-1,-1,1,-1,0.10216212272644
30,1,1,47,-3,3,1,0.683838605880737,-1,1,-1,-1,0.252182245254517
30,1,1,48,-3,3,0,0.652748823165894,-1,1,1,-1,0.433838605880737
30,1,1,49,-27,27,0,0.734424114227295,-1,-1,1,-1,0.402748823165894
30,1,1,50,-9,9,0,0.785140991210938,-1,-1,-1,-1,0.484424114227295
30,1,1,51,-81,81,0,0.535874366760254,-1,-1,-1,-1,0.535140991210938
30,1,1,52,-3,3,0,0.368924379348755,-1,-1,-1,-1,0.285874366760254
30,1,1,53,-0,0,1,0.567781448364258,-1,-1,-1,-1,0.118924379348755
30,1,1,54,-27,27,0,0.369223117828369,-1,1,-1,-1,0.317781448364258
30,1,1,55,-9,9,1,0.667185068130493,-1,-1,1,-1,0.119223117828369
30,1,1,56,-9,9,0,0.768957138061523,-1,1,-1,-1,0.417185068130493
30,1,1,57,-9,9,0,0.636086940765381,-1,-1,1,-1,0.518957138061523
30,1,1,58,3,3,1,0.534332036972046,-1,-1,-1,-1,0.386086940765381
30,1,1,59,-9,9,0,0.45191764831543,1,1,-1,-1,0.284332036972046
30,1,1,60,-27,27,0,0.667679309844971,-1,-1,1,1,0.20191764831543
30,1,1,61,-9,9,0,1.35110425949097,-1,-1,-1,-1,0.417679309844971
30,1,1,62,-27,27,0,0.469280481338501,-1,-1,-1,-1,1.10110425949097
30,1,1,63,-81,81,0,0.585987329483032,-1,-1,-1,-1,0.219280481338501
30,1,1,64,-81,81,0,0.369293212890625,-1,-1,-1,-1,0.335987329483032
30,1,1,65,-27,27,0,0.567649602890015,-1,-1,-1,-1,0.119293212890625
30,1,1,66,-9,9,1,0.417634248733521,-1,-1,-1,-1,0.317649602890015
30,1,1,67,-27,27,0,0.585273504257202,-1,1,-1,-1,0.167634248733521
30,1,1,68,-3,3,1,0.502499341964722,-1,-1,1,-1,0.335273504257202
30,1,1,69,-3,3,0,0.535698652267456,-1,1,-1,-1,0.252499341964722
30,1,1,70,-0,0,0,0.900503396987915,-1,-1,1,-1,0.285698652267456
30,1,1,71,-81,81,0,0.667198419570923,-1,-1,-1,-1,0.650503396987915
30,1,1,72,-27,27,0,0.418649196624756,-1,-1,-1,-1,0.417198419570923
30,1,1,73,-27,27,0,0.502764463424683,-1,-1,-1,-1,0.168649196624756
30,1,1,74,3,3,1,0.734446287155151,-1,-1,-1,-1,0.252764463424683
30,1,1,75,3,3,1,0.617873907089233,1,1,-1,-1,0.484446287155151
30,1,1,76,-81,81,0,0.567954540252686,1,1,1,1,0.367873907089233
30,1,1,77,-0,0,1,0.435098171234131,-1,-1,1,1,0.317954540252686
30,1,1,78,27,27,1,0.317659139633179,-1,1,-1,-1,0.185098171234131
30,1,1,79,81,81,1,0.335883378982544,1,1,1,-1,0.0676591396331787
30,1,1,80,-3,3,1,0.618582010269165,1,1,1,1,0.0858833789825439
30,1,1,81,-0,0,0,0.552345037460327,-1,1,1,1,0.368582010269165
30,1,1,82,-0,0,1,0.71820330619812,-1,-1,1,-1,0.302345037460327
30,1,1,83,-81,81,0,0.634599924087524,-1,1,-1,-1,0.46820330619812
30,1,1,84,-81,81,0,0.268839120864868,-1,-1,1,-1,0.384599924087524
30,1,1,85,-9,9,0,1.05051016807556,-1,-1,-1,-1,0.0188391208648682
30,1,1,86,-81,81,0,0.55102276802063,-1,-1,-1,-1,0.800510168075562
30,1,1,87,-27,27,0,0.919193029403687,-1,-1,-1,-1,0.30102276802063
30,1,1,88,-81,81,0,0.584306955337524,-1,-1,-1,-1,0.669193029403687
30,1,1,89,-0,0,0,0.601529359817505,-1,-1,-1,-1,0.334306955337524
30,1,1,90,-3,3,1,0.4343101978302,-1,-1,-1,-1,0.351529359817505
30,1,1,91,0,0,1,0.817273616790771,-1,1,-1,-1,0.1843101978302
30,1,1,92,9,9,0,0.78387975692749,1,1,1,-1,0.567273616790771
30,1,1,93,-27,27,0,0.469218492507935,1,-1,1,1,0.53387975692749
30,1,1,94,-27,27,0,0.317154884338379,-1,-1,-1,1,0.219218492507935
30,1,1,95,-27,27,0,0.600940227508545,-1,-1,-1,-1,0.0671548843383789
30,1,1,96,-9,9,1,0.502595186233521,-1,-1,-1,-1,0.350940227508545
30,1,1,97,-9,9,0,0.569222688674927,-1,1,-1,-1,0.252595186233521
30,1,1,98,-27,27,0,0.600946426391602,-1,-1,1,-1,0.319222688674927
30,1,1,99,-9,9,0,0.618713855743408,-1,-1,-1,-1,0.350946426391602
30,1,2,2,-0,0,1,0.519448280334473,1,1,1,1,0.302058219909668
30,1,2,3,9,9,1,0.485942363739014,-1,1,1,1,0.269448280334473
30,1,2,4,3,3,1,0.350509881973267,1,1,1,-1,0.235942363739014
30,1,2,5,-27,27,0,0.317659139633179,1,1,1,1,0.100509881973267
30,1,2,6,-9,9,1,0.433854818344116,-1,-1,1,1,0.0676591396331787
30,1,2,7,-3,3,1,0.552055358886719,-1,1,-1,-1,0.183854818344116
30,1,2,8,-81,81,0,0.467164516448975,-1,1,1,-1,0.302055358886719
30,1,2,9,9,9,1,0.617893934249878,-1,-1,1,-1,0.217164516448975
30,1,2,10,27,27,1,0.502374172210693,1,1,-1,-1,0.367893934249878
30,1,2,11,0,0,0,0.550479173660278,1,1,1,1,0.252374172210693
30,1,2,12,27,27,1,0.401963233947754,1,-1,1,1,0.300479173660278
30,1,2,13,-3,3,1,0.55211329460144,1,1,-1,1,0.151963233947754
30,1,2,14,-81,81,0,0.367244958877563,-1,1,1,1,0.30211329460144
30,1,2,15,-81,81,0,0.317661285400391,-1,-1,1,-1,0.117244958877563
30,1,2,16,-81,81,0,0.518995046615601,-1,-1,-1,-1,0.0676612854003906
30,1,2,21,-27,27,0,0.43555760383606,1,1,-1,1,0.41782546043396
30,1,2,22,-81,81,0,0.635590791702271,-1,-1,1,1,0.18555760383606
30,1,2,23,0,0,1,0.869050741195679,-1,-1,-1,-1,0.385590791702271
30,1,2,24,-3,3,1,0.468767166137695,1,1,-1,-1,0.619050741195679
30,1,2,25,-9,9,0,0.752501726150513,-1,1,1,1,0.218767166137695
30,1,2,26,0,0,0,0.602022409439087,-1,-1,1,-1,0.502501726150513
30,1,2,27,27,27,1,0.450954437255859,1,-1,-1,-1,0.352022409439087
30,1,2,28,3,3,1,0.601181745529175,1,1,-1,1,0.200954437255859
30,1,2,29,-27,27,0,0.551411867141724,1,1,1,1,0.351181745529175
30,1,2,30,27,27,1,0.750547647476196,-1,-1,1,1,0.301411867141724
30,1,2,31,0,0,1,0.551160335540771,1,1,-1,-1,0.500547647476196
30,1,2,32,3,3,1,0.617677450180054,1,1,1,1,0.301160335540771
30,1,2,36,-27,27,0,0.500961780548096,-1,-1,1,1,0.169406175613403
30,1,2,37,-81,81,0,0.335190057754517,-1,-1,-1,-1,0.250961780548096
30,1,2,38,-0,0,1,0.435794115066528,-1,-1,-1,-1,0.0851900577545166
30,1,2,39,-27,27,0,0.552523136138916,-1,1,-1,-1,0.185794115066528
30,1,2,40,-3,3,0,0.584999799728394,-1,-1,1,-1,0.302523136138916
30,1,2,41,81,81,1,0.584289073944092,-1,-1,-1,-1,0.334999799728394
30,1,2,42,-27,27,0,0.619141101837158,1,1,-1,-1,0.334289073944092
30,1,2,43,0,0,1,0.552411556243896,-1,-1,1,1,0.369141101837158
30,1,2,44,3,3,1,0.535737037658691,1,1,-1,-1,0.302411556243896
30,1,2,45,-3,3,0,1.15148067474365,1,1,1,1,0.285737037658691
30,1,2,49,-3,3,1,0.552690982818604,1,1,-1,-1,0.352408885955811
30,1,2,50,-9,9,0,0.335052967071533,-1,1,1,1,0.302690982818604
30,1,2,51,27,27,1,0.484341621398926,-1,-1,1,-1,0.0850529670715332
30,1,2,52,-27,27,0,0.400995492935181,1,1,-1,-1,0.234341621398926
30,1,2,53,81,81,1,0.36776876449585,-1,-1,1,1,0.150995492935181
30,1,2,54,-81,81,0,0.569133281707764,1,1,-1,-1,0.11776876449585
30,1,2,55,-3,3,1,0.60046911239624,-1,-1,1,1,0.319133281707764
30,1,2,56,-9,9,0,0.402604579925537,-1,1,-1,-1,0.35046911239624
30,1,2,57,9,9,1,0.519173622131348,-1,-1,1,-1,0.152604579925537
30,1,2,58,-9,9,0,0.485370635986328,1,1,-1,-1,0.269173622131348
30,1,2,59,81,81,1,0.550964117050171,-1,-1,1,1,0.235370635986328
30,1,2,60,-3,3,0,0.619734287261963,1,1,-1,-1,0.300964117050171
30,1,2,61,3,3,1,0.535392284393311,-1,-1,1,1,0.369734287261963
30,1,2,62,3,3,1,0.434626579284668,1,1,-1,-1,0.285392284393311
30,1,2,63,-9,9,0,0.569132328033447,1,1,1,1,0.184626579284668
30,1,2,64,3,3,1,0.483834266662598,-1,-1,1,1,0.319132328033447
30,1,2,65,81,81,1,0.535851001739502,1,1,-1,-1,0.233834266662598
30,1,2,66,-3,3,1,0.535293579101562,1,1,1,1,0.285851001739502
30,1,2,67,-9,9,1,0.569331884384155,-1,1,1,1,0.285293579101562
30,1,2,68,3,3,0,0.567638158798218,-1,1,1,-1,0.319331884384155
30,1,2,69,-9,9,1,0.56922721862793,1,-1,1,-1,0.317638158798218
30,1,2,70,-9,9,0,0.735234022140503,-1,1,-1,1,0.31922721862793
30,1,2,71,27,27,1,0.76860499382019,-1,-1,1,-1,0.485234022140503
30,1,2,72,81,81,1,0.502814292907715,1,1,-1,-1,0.51860499382019
30,1,2,73,9,9,1,0.46934962272644,1,1,1,1,0.252814292907715
30,1,2,74,-3,3,1,0.384353876113892,1,1,1,1,0.21934962272644
30,1,2,75,27,27,1,0.567629098892212,-1,1,1,1,0.134353876113892
30,1,2,76,-81,81,0,0.517632246017456,1,1,1,-1,0.317629098892212
30,1,2,77,3,3,1,0.767177581787109,-1,-1,1,1,0.267632246017456
30,1,2,78,-27,27,0,0.651341438293457,1,1,-1,-1,0.517177581787109
30,1,2,79,27,27,1,0.452230930328369,-1,-1,1,1,0.401341438293457
30,1,2,80,-3,3,0,0.534343719482422,1,1,-1,-1,0.202230930328369
30,1,2,81,9,9,1,0.469218015670776,-1,-1,1,1,0.284343719482422
30,1,2,82,27,27,1,0.534317493438721,1,1,-1,-1,0.219218015670776
30,1,2,83,3,3,1,0.602113485336304,1,1,1,1,0.284317493438721
30,1,2,84,27,27,1,0.619433879852295,1,1,1,1,0.352113485336304
30,1,2,85,81,81,1,0.519103527069092,1,1,1,1,0.369433879852295
30,1,2,86,9,9,1,0.886070013046265,1,1,1,1,0.269103527069092
30,1,2,87,-9,9,0,0.585920095443726,1,1,1,1,0.636070013046265
30,1,2,88,-27,27,0,0.334407091140747,-1,-1,1,1,0.335920095443726
30,1,2,89,81,81,1,0.435930252075195,-1,-1,-1,-1,0.0844070911407471
30,1,2,90,-81,81,0,0.617626190185547,1,1,-1,-1,0.185930252075195
30,1,2,91,-9,9,0,0.902506828308105,-1,-1,1,1,0.367626190185547
30,1,2,92,-0,0,1,0.567641019821167,-1,-1,-1,-1,0.652506828308105
30,1,2,93,81,81,1,0.48511791229248,-1,1,-1,-1,0.317641019821167
30,1,2,94,-81,81,0,0.419220209121704,1,1,1,-1,0.23511791229248
30,1,2,95,9,9,1,0.51765775680542,-1,-1,1,1,0.169220209121704
30,1,2,96,-0,0,1,0.569365262985229,1,1,-1,-1,0.26765775680542
30,1,2,97,9,9,1,0.484350204467773,-1,1,1,1,0.319365262985229
30,1,3,2,-81,81,0,0.317760944366455,-1,-1,1,1,0.502861022949219
30,1,3,3,-3,3,0,0.533844470977783,-1,-1,-1,-1,0.0677609443664551
30,1,3,4,-3,3,0,0.433853387832642,-1,-1,-1,-1,0.283844470977783
30,1,3,5,-81,81,0,0.569056510925293,-1,-1,-1,-1,0.183853387832642
30,1,3,6,0,0,1,0.552346706390381,-1,-1,-1,-1,0.319056510925293
30,1,3,7,-81,81,0,0.367632389068604,1,1,-1,-1,0.302346706390381
30,1,3,8,-81,81,0,0.55130672454834,-1,-1,1,1,0.117632389068604
30,1,3,12,-27,27,0,0.617604970932007,-1,-1,1,-1,0.169301271438599
30,1,3,13,-81,81,0,0.500495672225952,-1,-1,-1,-1,0.367604970932007
30,1,3,14,-9,9,1,0.51827073097229,-1,-1,-1,-1,0.250495672225952
30,1,3,19,81,81,1,0.51928448677063,1,1,1,1,0.335663318634033
30,1,3,20,81,81,1,0.285272121429443,1,1,1,1,0.26928448677063
30,1,3,21,3,3,1,0.317715406417847,1,1,1,1,0.0352721214294434
30,1,3,22,-3,3,0,0.368814468383789,1,1,1,1,0.0677154064178467
30,1,3,23,-3,3,0,0.268888711929321,-1,-1,1,1,0.118814468383789
30,1,3,24,-0,0,0,0.4023597240448,-1,-1,-1,-1,0.0188887119293213
30,1,3,25,-27,27,0,0.385578870773315,-1,-1,-1,-1,0.1523597240448
30,1,3,26,-3,3,1,0.435636520385742,-1,-1,-1,-1,0.135578870773315
30,1,3,27,-9,9,1,0.485487699508667,-1,1,-1,-1,0.185636520385742
30,1,3,28,27,27,0,0.967600107192993,-1,1,1,-1,0.235487699508667
30,1,3,29,3,3,1,0.518704175949097,1,-1,1,-1,0.717600107192993
30,1,3,30,81,81,1,0.269337892532349,1,1,-1,1,0.268704175949097
30,1,3,31,81,81,1,0.450494527816772,1,1,1,1,0.0193378925323486
30,1,3,32,9,9,1,0.385595560073853,1,1,1,1,0.200494527816772
30,1,3,36,27,27,1,0.368725299835205,1,1,1,1,0.418079137802124
30,1,3,37,27,27,1,0.53434419631958,1,1,1,1,0.118725299835205
30,1,3,38,27,27,1,0.317608118057251,1,1,1,1,0.28434419631958
30,1,3,39,-3,3,1,0.469299077987671,1,1,1,1,0.067608118057251
30,1,3,40,-81,81,0,0.35060977935791,-1,1,1,1,0.219299077987671
30,1,3,41,-9,9,0,0.335312843322754,-1,-1,1,-1,0.10060977935791
30,1,3,42,9,9,1,0.302161931991577,-1,-1,-1,-1,0.0853128433227539
30,1,3,43,9,9,0,0.283887147903442,1,1,-1,-1,0.0521619319915771
30,1,3,44,-27,27,0,0.300989151000977,1,-1,1,1,0.0338871479034424
30,1,3,45,3,3,1,0.383831024169922,-1,-1,-1,1,0.0509891510009766
30,1,3,46,9,9,1,0.302692651748657,1,1,-1,-1,0.133831024169922
30,1,3,47,3,3,1,0.434305906295776,1,1,1,1,0.0526926517486572
30,1,3,48,-27,27,0,0.36881947517395,1,1,1,1,0.184305906295776
30,1,3,53,-81,81,0,0.634284496307373,-1,1,-1,-1,0.467199563980103
30,1,3,54,-81,81,0,0.468943119049072,-1,-1,1,-1,0.384284496307373
30,1,3,58,27,27,1,0.33525824546814,1,-1,1,-1,0.801435470581055
30,1,3,59,0,0,1,0.417742967605591,1,1,-1,1,0.0852582454681396
30,1,3,60,81,81,1,0.384393930435181,1,1,1,1,0.167742967605591
30,1,3,61,9,9,1,0.402832746505737,1,1,1,1,0.134393930435181
30,1,3,62,27,27,1,0.600526094436646,1,1,1,1,0.152832746505737
30,1,3,63,9,9,1,0.385931730270386,1,1,1,1,0.350526094436646
30,1,3,64,-0,0,1,0.36764931678772,1,1,1,1,0.135931730270386
30,1,3,65,3,3,1,0.602111101150513,-1,1,1,1,0.11764931678772
30,1,3,66,3,3,1,0.400496482849121,1,1,1,-1,0.352111101150513
30,1,3,67,27,27,1,0.452522277832031,1,1,1,1,0.150496482849121
30,1,3,68,3,3,1,0.336178302764893,1,1,1,1,0.202522277832031
30,1,3,72,9,9,1,0.434322357177734,1,-1,1,1,0.167654991149902
30,1,3,76,-27,27,0,0.31824779510498,1,1,1,1,0.068406343460083
30,1,3,77,0,0,1,0.36790943145752,-1,-1,1,1,0.0682477951049805
30,1,3,78,-9,9,0,0.250993967056274,1,1,-1,-1,0.11790943145752
30,1,3,79,-27,27,0,0.617833375930786,-1,-1,1,1,0.000993967056274414
30,1,3,80,-27,27,0,0.467616319656372,-1,-1,-1,-1,0.367833375930786
30,1,3,81,-9,9,0,0.4009690284729,-1,-1,-1,-1,0.217616319656372
30,1,3,82,9,9,1,0.669158220291138,-1,-1,-1,-1,0.1509690284729
30,1,3,83,9,9,1,0.283899307250977,1,1,-1,-1,0.419158220291138
30,1,3,84,27,27,1,0.702560901641846,1,1,1,1,0.0338993072509766
30,1,3,85,-3,3,1,0.484474897384644,1,1,1,1,0.452560901641846
30,1,3,86,-3,3,1,0.385687351226807,-1,1,1,1,0.234474897384644
30,1,3,90,-0,0,1,0.40050482749939,1,1,1,1,0.252141237258911
30,1,3,91,-81,81,0,0.584944486618042,-1,1,1,1,0.15050482749939
30,1,3,92,-81,81,0,0.55244779586792,-1,-1,1,-1,0.334944486618042
30,1,3,93,3,3,0,0.60210132598877,-1,-1,-1,-1,0.30244779586792
30,1,3,94,27,27,1,0.534761905670166,1,-1,-1,-1,0.35210132598877
30,1,3,95,9,9,1,0.469082593917847,1,1,-1,1,0.284761905670166
30,1,3,96,9,9,1,0.468618869781494,1,1,1,1,0.219082593917847
30,1,3,97,0,0,1,0.719027042388916,1,1,1,1,0.218618869781494
30,1,3,98,3,3,1,0.584318161010742,1,1,1,1,0.469027042388916
30,1,3,99,9,9,1,0.600980520248413,1,1,1,1,0.334318161010742
30,1,4,2,-81,81,0,0.318960905075073,1,1,1,1,0.184084892272949
30,1,4,3,81,81,1,0.267639636993408,-1,-1,1,1,0.0689609050750732
30,1,4,4,3,3,1,0.38579273223877,1,1,-1,-1,0.0176396369934082
30,1,4,8,27,27,1,0.319216012954712,-1,-1,1,1,0.019500732421875
30,1,4,9,-9,9,0,0.367729187011719,1,1,-1,-1,0.0692160129547119
30,1,4,13,-3,3,0,0.55105185508728,1,1,-1,-1,0.184445381164551
30,1,4,14,3,3,1,0.533879518508911,-1,-1,1,1,0.30105185508728
30,1,4,15,-9,9,0,0.351392030715942,1,1,-1,-1,0.283879518508911
30,1,4,22,27,27,1,0.535826921463013,-1,-1,-1,-1,0.269043922424316
30,1,4,23,27,27,1,0.602282524108887,1,1,-1,-1,0.285826921463013
30,1,4,24,-27,27,0,0.335620641708374,1,1,1,1,0.352282524108887
30,1,4,25,3,3,1,0.284311294555664,-1,-1,1,1,0.085620641708374
30,1,4,26,-9,9,0,0.751008033752441,1,1,-1,-1,0.0343112945556641
30,1,4,27,-0,0,0,0.385857820510864,-1,-1,1,1,0.501008033752441
30,1,4,28,81,81,1,0.550950050354004,-1,-1,-1,-1,0.135857820510864
30,1,4,29,-0,0,1,0.651994705200195,1,1,-1,-1,0.300950050354004
30,1,4,30,9,9,1,0.486048221588135,-1,1,1,1,0.401994705200195
30,1,4,31,-0,0,1,0.619131803512573,1,1,1,-1,0.236048221588135
30,1,4,32,3,3,1,0.401158332824707,-1,1,1,1,0.369131803512573
30,1,4,36,27,27,1,0.452119827270508,-1,1,-1,1,0.468945503234863
30,1,4,37,-81,81,0,0.601946353912354,1,1,1,-1,0.202119827270508
30,1,4,38,81,81,1,0.385247707366943,-1,-1,1,1,0.351946353912354
30,1,4,39,-81,81,0,0.285872936248779,1,1,-1,-1,0.135247707366943
30,1,4,40,27,27,1,1.00271487236023,-1,-1,1,1,0.0358729362487793
30,1,4,41,-81,81,0,0.533846855163574,1,1,-1,-1,0.752714872360229
30,1,4,42,9,9,1,0.618024826049805,-1,-1,1,1,0.283846855163574
30,1,4,43,-0,0,1,0.635162830352783,1,1,-1,-1,0.368024826049805
30,1,4,44,-3,3,0,1.10096907615662,-1,1,1,1,0.385162830352783
30,1,4,45,-9,9,0,0.584316968917847,-1,-1,1,-1,0.850969076156616
30,1,4,46,0,0,1,0.501559495925903,-1,-1,-1,-1,0.334316968917847
30,1,4,47,27,27,1,0.534437894821167,1,1,-1,-1,0.251559495925903
30,1,4,48,-0,0,1,0.752357482910156,1,1,1,1,0.284437894821167
30,1,4,49,27,27,1,0.568693161010742,-1,1,1,1,0.502357482910156
30,1,4,50,-81,81,0,0.501177310943604,1,1,1,-1,0.318693161010742
30,1,4,51,-27,27,0,0.58552885055542,-1,-1,1,1,0.251177310943604
30,1,4,52,3,3,1,0.485591888427734,-1,-1,-1,-1,0.33552885055542
30,1,4,53,27,27,1,0.467157125473022,1,1,-1,-1,0.235591888427734
30,1,4,54,9,9,1,0.867595195770264,1,1,1,1,0.217157125473022
30,1,4,55,-81,81,0,0.586124897003174,1,1,1,1,0.617595195770264
30,1,4,56,27,27,1,0.702752351760864,-1,-1,1,1,0.336124897003174
30,1,4,57,-81,81,0,0.467628002166748,1,1,-1,-1,0.452752351760864
30,1,4,58,81,81,1,0.486028432846069,-1,-1,1,1,0.217628002166748
30,1,4,59,-27,27,0,0.535671472549438,1,1,-1,-1,0.236028432846069
30,1,4,60,81,81,1,0.350484132766724,-1,-1,1,1,0.285671472549438
30,1,4,61,-9,9,0,0.701125383377075,1,1,-1,-1,0.100484132766724
30,1,4,62,0,0,1,0.667157649993896,-1,-1,1,1,0.451125383377075
30,1,4,63,-9,9,1,1.21863770484924,1,1,-1,-1,0.417157649993896
30,1,4,64,81,81,1,0.783836364746094,-1,1,1,1,0.968637704849243
30,1,4,65,-9,9,0,0.669225931167603,1,1,1,-1,0.533836364746094
30,1,4,66,-81,81,0,0.650985956192017,-1,-1,1,1,0.419225931167603
30,1,4,67,0,0,1,0.617820024490356,-1,-1,-1,-1,0.400985956192017
30,1,4,68,-9,9,0,0.568866014480591,1,1,-1,-1,0.367820024490356
30,1,4,69,9,9,1,0.38566780090332,-1,-1,1,1,0.318866014480591
30,1,4,70,-0,0,1,0.551093101501465,1,1,-1,-1,0.13566780090332
30,1,4,71,-81,81,0,0.685389280319214,-1,1,1,1,0.301093101501465
30,1,4,72,27,27,1,0.718662261962891,-1,-1,1,-1,0.435389280319214
30,1,4,73,-81,81,0,0.519572496414185,1,1,-1,-1,0.468662261962891
30,1,4,74,-3,3,1,0.317150115966797,-1,-1,1,1,0.269572496414185
30,1,4,75,-9,9,1,0.651087999343872,-1,1,-1,-1,0.0671501159667969
30,1,4,76,27,27,1,0.718819141387939,-1,1,1,-1,0.401087999343872
30,1,4,77,3,3,1,0.550965070724487,1,1,1,-1,0.468819141387939
30,1,4,78,-27,27,0,0.485778331756592,1,1,1,1,0.300965070724487
30,1,4,79,3,3,1,0.735812187194824,-1,-1,1,1,0.235778331756592
30,1,4,80,9,9,1,0.317655324935913,1,1,-1,-1,0.485812187194824
30,1,4,81,-3,3,1,0.568864107131958,1,1,1,1,0.0676553249359131
30,1,4,82,27,27,1,0.583914995193481,-1,1,1,1,0.318864107131958
30,1,4,83,-9,9,0,0.31917142868042,1,1,1,-1,0.333914995193481
30,1,4,84,3,3,1,0.269527673721313,-1,-1,1,1,0.0691714286804199
30,1,4,88,-81,81,0,0.501518487930298,-1,1,-1,1,0.167687654495239
30,1,4,89,3,3,1,0.567833423614502,-1,-1,1,-1,0.251518487930298
30,1,4,90,-9,9,0,0.517714500427246,1,1,-1,-1,0.317833423614502
30,1,4,91,3,3,1,0.368351221084595,-1,-1,1,1,0.267714500427246
30,1,4,92,27,27,1,0.433841705322266,1,1,-1,-1,0.118351221084595
30,1,4,93,-81,81,0,0.552593231201172,1,1,1,1,0.183841705322266
30,1,4,94,27,27,1,0.452771186828613,-1,-1,1,1,0.302593231201172
30,1,4,95,-9,9,0,0.517152309417725,1,1,-1,-1,0.202771186828613
30,1,4,96,0,0,1,0.5524001121521,-1,-1,1,1,0.267152309417725
30,1,4,97,-3,3,0,0.618904113769531,1,1,-1,-1,0.3024001121521
30,1,4,98,9,9,1,0.569021224975586,-1,-1,1,1,0.368904113769531
30,1,4,99,27,27,1,0.602301836013794,1,1,-1,-1,0.319021224975586
30,1,5,5,-0,0,1,0.501842021942139,1,1,1,1,0.450478553771973
30,1,5,6,27,27,1,0.484309673309326,-1,1,1,1,0.251842021942139
30,1,5,7,-27,27,0,0.251081705093384,1,1,1,-1,0.234309673309326
30,1,5,8,27,27,1,0.30199122428894,-1,-1,1,1,0.00108170509338379
30,1,5,9,-3,3,1,0.450963973999023,1,1,-1,-1,0.0519912242889404
30,1,5,10,-27,27,0,0.867683887481689,-1,1,1,1,0.200963973999023
30,1,5,11,3,3,1,0.601576328277588,-1,-1,1,-1,0.617683887481689
30,1,5,12,-3,3,1,0.419186115264893,1,1,-1,-1,0.351576328277588
30,1,5,13,0,0,0,0.502764225006104,-1,1,1,1,0.169186115264893
30,1,5,14,-81,81,0,0.48439884185791,1,-1,1,-1,0.252764225006104
30,1,5,15,9,9,1,0.500934600830078,-1,-1,-1,1,0.23439884185791
30,1,5,16,27,27,1,0.51926851272583,1,1,-1,-1,0.250934600830078
30,1,5,17,-27,27,0,0.351107358932495,1,1,1,1,0.26926851272583
30,1,5,18,27,27,1,0.469193935394287,-1,-1,1,1,0.101107358932495
30,1,5,19,-3,3,1,0.501523733139038,1,1,-1,-1,0.219193935394287
30,1,5,20,-81,81,0,0.534314870834351,-1,1,1,1,0.251523733139038
30,1,5,21,9,9,1,0.502452373504639,-1,-1,1,-1,0.284314870834351
30,1,5,22,3,3,1,0.485916376113892,1,1,-1,-1,0.252452373504639
30,1,5,23,-3,3,1,0.734289407730103,1,1,1,1,0.235916376113892
30,1,5,24,9,9,1,0.602118730545044,-1,1,1,1,0.484289407730103
30,1,5,28,3,3,1,0.417802810668945,-1,-1,1,1,0.133837938308716
30,1,5,29,-3,3,1,0.319153785705566,1,1,-1,-1,0.167802810668945
30,1,5,30,0,0,1,0.318971395492554,-1,1,1,1,0.0691537857055664
30,1,5,34,9,9,1,0.602726221084595,-1,-1,1,1,0.234660148620605
30,1,5,35,-27,27,0,0.650598526000977,1,1,-1,-1,0.352726221084595
30,1,5,36,-3,3,1,0.518588304519653,-1,-1,1,1,0.400598526000977
30,1,5,37,81,81,1,0.569478750228882,-1,1,-1,-1,0.268588304519653
30,1,5,38,0,0,1,0.436121940612793,1,1,1,-1,0.319478750228882
30,1,5,39,-81,81,0,1.20274043083191,1,1,1,1,0.186121940612793
30,1,5,40,81,81,1,0.268911123275757,-1,-1,1,1,0.952740430831909
30,1,5,41,-27,27,0,0.285346746444702,1,1,-1,-1,0.0189111232757568
30,1,5,42,81,81,1,0.635595083236694,-1,-1,1,1,0.0353467464447021
30,1,5,43,3,3,1,0.418978214263916,1,1,-1,-1,0.385595083236694
30,1,5,44,-9,9,0,0.519092082977295,1,1,1,1,0.168978214263916
30,1,5,45,81,81,1,0.318486928939819,-1,-1,1,1,0.269092082977295
30,1,5,46,9,9,1,0.533847570419312,1,1,-1,-1,0.0684869289398193
30,1,5,47,-81,81,0,0.269372463226318,1,1,1,1,0.283847570419312
30,1,5,48,81,81,1,0.568842172622681,-1,-1,1,1,0.0193724632263184
30,1,5,49,-81,81,0,0.819276094436646,1,1,-1,-1,0.318842172622681
30,1,5,50,3,3,1,0.569234132766724,-1,-1,1,1,0.569276094436646
30,1,5,51,0,0,1,0.700517654418945,1,1,-1,-1,0.319234132766724
30,1,5,52,9,9,1,0.552790880203247,1,1,1,1,0.450517654418945
30,1,5,53,-27,27,0,0.450531482696533,1,1,1,1,0.302790880203247
30,1,5,54,0,0,1,0.634791851043701,-1,-1,1,1,0.200531482696533
30,1,5,55,-9,9,0,0.601108551025391,1,1,-1,-1,0.384791851043701
30,1,5,56,81,81,1,0.569075345993042,-1,-1,1,1,0.351108551025391
30,1,5,57,-27,27,0,0.436049222946167,1,1,-1,-1,0.319075345993042
30,1,5,58,0,0,1,0.402625799179077,-1,-1,1,1,0.186049222946167
30,1,5,59,-9,9,0,0.43546199798584,1,1,-1,-1,0.152625799179077
30,1,5,60,3,3,1,0.419248104095459,-1,-1,1,1,0.18546199798584
30,1,5,61,-9,9,1,0.801247358322144,1,1,-1,-1,0.169248104095459
30,1,5,62,81,81,1,0.351486206054688,-1,1,1,1,0.551247358322144
30,1,5,63,3,3,1,0.534270286560059,1,1,1,-1,0.101486206054688
30,1,5,64,3,3,1,0.435712099075317,1,1,1,1,0.284270286560059
30,1,5,65,-27,27,0,0.302568197250366,1,1,1,1,0.185712099075317
30,1,5,66,-81,81,0,0.53554630279541,-1,-1,1,1,0.0525681972503662
30,1,5,67,-9,9,0,0.519015550613403,-1,-1,-1,-1,0.28554630279541
30,1,5,68,-9,9,0,0.284276962280273,-1,-1,-1,-1,0.269015550613403
30,1,5,69,9,9,0,0.251004934310913,-1,-1,-1,-1,0.0342769622802734
30,1,5,70,3,3,1,0.435960054397583,1,-1,-1,-1,0.00100493431091309
30,1,5,71,-0,0,0,0.451123237609863,1,1,-1,1,0.185960054397583
30,1,5,72,-81,81,0,0.467636346817017,-1,-1,1,1,0.201123237609863
30,1,5,73,0,0,1,0.401118993759155,-1,-1,-1,-1,0.217636346817017
30,1,5,74,81,81,1,0.435662746429443,1,1,-1,-1,0.151118993759155
30,1,5,75,27,27,1,0.302575349807739,1,1,1,1,0.185662746429443
30,1,5,76,81,81,1,0.585880041122437,1,1,1,1,0.0525753498077393
30,1,5,77,-9,9,1,0.684311389923096,1,1,1,1,0.335880041122437
30,1,5,78,9,9,1,0.617160797119141,-1,1,1,1,0.434311389923096
30,1,5,79,-9,9,0,0.301538705825806,1,1,1,-1,0.367160797119141
30,1,5,80,9,9,1,0.518909931182861,-1,-1,1,1,0.0515387058258057
30,1,5,81,-3,3,0,0.717687845230103,1,1,-1,-1,0.268909931182861
30,1,5,82,-9,9,0,0.435673713684082,-1,-1,1,1,0.467687845230103
30,1,5,83,3,3,0,0.467692375183105,-1,-1,-1,-1,0.185673713684082
30,1,5,84,-81,81,0,0.667654037475586,1,-1,-1,-1,0.217692375183105
30,1,5,85,9,9,1,0.402070283889771,-1,-1,-1,1,0.417654037475586
30,1,5,86,-9,9,1,0.368924140930176,1,1,-1,-1,0.152070283889771
30,1,5,87,81,81,1,0.383854866027832,-1,1,1,1,0.118924140930176
30,1,5,88,27,27,1,0.467287540435791,1,1,1,-1,0.133854866027832
30,1,5,89,-3,3,1,0.386080026626587,1,1,1,1,0.217287540435791
30,1,5,90,27,27,1,0.334519863128662,-1,1,1,1,0.136080026626587
30,1,5,91,-27,27,0,0.269583225250244,1,1,1,-1,0.0845198631286621
30,1,5,92,27,27,1,0.351052522659302,-1,-1,1,1,0.0195832252502441
30,1,5,93,-27,27,0,0.534412384033203,1,1,-1,-1,0.101052522659302
30,1,5,94,3,3,1,0.48566198348999,-1,-1,1,1,0.284412384033203
30,1,5,95,3,3,0,0.469254493713379,1,1,-1,-1,0.23566198348999
30,1,5,96,81,81,1,0.5194251537323,1,-1,1,1,0.219254493713379
30,1,5,97,-27,27,0,0.501004457473755,1,1,-1,1,0.2694251537323
30,1,5,98,9,9,1,0.501373291015625,-1,-1,1,1,0.251004457473755
30,1,5,99,-0,0,1,0.46911096572876,1,1,-1,-1,0.251373291015625
30,1,6,2,-81,81,0,0.601040124893188,1,1,1,1,0.301205635070801
30,1,6,6,3,3,1,0.402236461639404,1,1,1,1,0.168611288070679
30,1,6,7,-0,0,0,0.501047372817993,1,1,1,1,0.152236461639404
30,1,6,8,-3,3,0,0.535536527633667,-1,-1,1,1,0.251047372817993
30,1,6,9,81,81,1,0.385595560073853,-1,-1,-1,-1,0.285536527633667
30,1,6,10,3,3,1,0.435720682144165,1,1,-1,-1,0.135595560073853
30,1,6,11,81,81,1,0.650483846664429,1,1,1,1,0.185720682144165
30,1,6,12,81,81,1,0.56716251373291,1,1,1,1,0.400483846664429
30,1,6,13,9,9,1,0.667142391204834,1,1,1,1,0.31716251373291
30,1,6,14,-27,27,0,0.484309911727905,1,1,1,1,0.417142391204834
30,1,6,15,-27,27,0,0.702645778656006,-1,-1,1,1,0.234309911727905
30,1,6,16,-3,3,0,0.3509840965271,-1,-1,-1,-1,0.452645778656006
30,1,6,17,-3,3,0,0.468558788299561,-1,-1,-1,-1,0.1009840965271
30,1,6,18,-81,81,0,0.685360908508301,-1,-1,-1,-1,0.218558788299561
30,1,6,19,-9,9,0,0.568522930145264,-1,-1,-1,-1,0.435360908508301
30,1,6,20,81,81,1,0.518863201141357,-1,-1,-1,-1,0.318522930145264
30,1,6,21,-27,27,0,0.319298267364502,1,1,-1,-1,0.268863201141357
30,1,6,22,-9,9,0,0.502615213394165,-1,-1,1,1,0.069298267364502
30,1,6,23,0,0,1,0.401922941207886,-1,-1,-1,-1,0.252615213394165
30,1,6,24,-3,3,1,0.735673427581787,1,1,-1,-1,0.151922941207886
30,1,6,25,27,27,1,0.483870983123779,-1,1,1,1,0.485673427581787
30,1,6,26,9,9,0,0.817715406417847,1,1,1,-1,0.233870983123779
30,1,6,27,9,9,1,0.385931968688965,1,-1,1,1,0.567715406417847
30,1,6,28,27,27,1,0.384324312210083,1,1,-1,1,0.135931968688965
30,1,6,29,-81,81,0,0.567652463912964,1,1,1,1,0.134324312210083
30,1,6,30,81,81,1,0.335714340209961,-1,-1,1,1,0.317652463912964
30,1,6,31,-3,3,1,0.650947093963623,1,1,-1,-1,0.0857143402099609
30,1,6,32,3,3,1,0.585567235946655,-1,1,1,1,0.400947093963623
30,1,6,33,-9,9,0,0.785953760147095,1,1,1,-1,0.335567235946655
30,1,6,34,0,0,1,0.50049614906311,-1,-1,1,1,0.535953760147095
30,1,6,35,81,81,1,0.551199913024902,1,1,-1,-1,0.25049614906311
30,1,6,36,9,9,1,0.650941848754883,1,1,1,1,0.301199913024902
30,1,6,37,-0,0,1,0.618908405303955,1,1,1,1,0.400941848754883
30,1,6,38,9,9,1,0.702782869338989,-1,1,1,1,0.368908405303955
30,1,6,39,-3,3,1,1.11897397041321,1,1,1,-1,0.452782869338989
30,1,6,40,-81,81,0,0.617660284042358,-1,1,1,1,0.868973970413208
30,1,6,41,3,3,1,0.418055295944214,-1,-1,1,-1,0.367660284042358
30,1,6,42,0,0,1,0.684277057647705,1,1,-1,-1,0.168055295944214
30,1,6,43,-9,9,1,0.300489187240601,1,1,1,1,0.434277057647705
30,1,6,44,-0,0,1,0.500624418258667,-1,1,1,1,0.0504891872406006
30,1,6,45,9,9,1,0.60163688659668,-1,1,1,-1,0.250624418258667
30,1,6,46,-81,81,0,0.617643117904663,1,1,1,-1,0.35163688659668
30,1,6,47,81,81,1,0.534689903259277,-1,-1,1,1,0.367643117904663
30,1,6,48,-27,27,0,0.317646265029907,1,1,-1,-1,0.284689903259277
30,1,6,52,27,27,1,0.651904106140137,1,1,1,-1,0.284336090087891
30,1,6,53,9,9,0,0.46789813041687,1,1,1,1,0.401904106140137
30,1,6,54,27,27,1,0.35180926322937,1,-1,1,1,0.21789813041687
30,1,6,55,81,81,1,0.618638515472412,1,1,-1,1,0.10180926322937
30,1,6,56,-81,81,0,0.60259485244751,1,1,1,1,0.368638515472412
30,1,6,57,0,0,1,0.852616786956787,-1,-1,1,1,0.35259485244751
30,1,6,58,81,81,1,0.434495449066162,1,1,-1,-1,0.602616786956787
30,1,6,59,81,81,1,0.352703809738159,1,1,1,1,0.184495449066162
30,1,6,60,27,27,1,0.484365224838257,1,1,1,1,0.102703809738159
30,1,6,61,27,27,1,0.300574779510498,1,1,1,1,0.234365224838257
30,1,6,62,3,3,0,0.702604055404663,1,1,1,1,0.050574779510498
30,1,6,63,27,27,1,0.400490283966064,1,-1,1,1,0.452604055404663
30,1,6,64,-9,9,1,0.468972444534302,1,1,-1,1,0.150490283966064
30,1,6,65,9,9,1,0.718110084533691,-1,1,1,1,0.218972444534302
30,1,6,66,9,9,0,0.886073350906372,1,1,1,-1,0.468110084533691
30,1,6,67,9,9,1,0.452296018600464,1,-1,1,1,0.636073350906372
30,1,6,68,81,81,1,0.550944089889526,1,1,-1,1,0.202296018600464
30,1,6,74,0,0,0,0.484442234039307,-1,1,1,-1,0.167624950408936
30,1,6,75,-27,27,0,0.567673444747925,1,-1,1,-1,0.234442234039307
30,1,6,76,-27,27,1,0.418821573257446,-1,-1,-1,1,0.317673444747925
30,1,6,77,-3,3,1,0.835661888122559,-1,1,-1,-1,0.168821573257446
30,1,6,78,-3,3,0,0.400497198104858,-1,1,1,-1,0.585661888122559
30,1,6,79,-81,81,0,0.51718544960022,-1,-1,1,-1,0.150497198104858
30,1,6,85,27,27,1,0.251012802124023,-1,-1,-1,-1,0.0527455806732178
30,1,6,86,-0,0,0,0.369317531585693,1,1,-1,-1,0.00101280212402344
30,1,6,87,-3,3,1,0.769389390945435,-1,-1,1,1,0.119317531585693
30,1,6,88,-0,0,0,0.583877325057983,-1,1,-1,-1,0.519389390945435
30,1,6,89,27,27,1,0.569256782531738,-1,-1,1,-1,0.333877325057983
30,1,6,90,-81,81,0,0.367203235626221,1,1,-1,-1,0.319256782531738
30,1,6,91,3,3,0,0.435717105865479,-1,-1,1,1,0.117203235626221
30,1,6,92,-9,9,1,0.385254144668579,1,-1,-1,-1,0.185717105865479
30,1,6,93,9,9,0,1.33431100845337,-1,1,-1,1,0.135254144668579
30,1,6,94,27,27,1,0.468461036682129,1,-1,1,-1,1.08431100845337
30,1,6,95,27,27,1,0.333869695663452,1,1,-1,1,0.218461036682129
30,1,6,96,-9,9,1,0.351402997970581,1,1,1,1,0.0838696956634521
30,1,6,97,9,9,0,0.583846092224121,-1,1,1,1,0.101402997970581
30,2,1,2,9,9,1,0.617748737335205,1,-1,1,-1,0.551268100738525
30,2,1,3,3,3,0,0.767843246459961,1,1,-1,1,0.367748737335205
30,2,1,4,0,0,1,0.619427919387817,1,-1,1,1,0.517843246459961
30,2,1,5,-9,9,1,0.836103916168213,1,1,-1,1,0.369427919387817
30,2,1,6,27,27,1,0.552058935165405,-1,1,1,1,0.586103916168213
30,2,1,7,-3,3,1,0.585960626602173,1,1,1,-1,0.302058935165405
30,2,1,8,27,27,1,0.435687065124512,-1,1,1,1,0.335960626602173
30,2,1,9,0,0,0,0.48385214805603,1,1,1,-1,0.185687065124512
30,2,1,10,81,81,1,0.551115036010742,1,-1,1,1,0.23385214805603
30,2,1,11,-0,0,1,0.601833343505859,1,1,-1,1,0.301115036010742
30,2,1,12,0,0,1,0.569297313690186,-1,1,1,1,0.351833343505859
30,2,1,13,-3,3,0,0.550520658493042,1,1,1,-1,0.319297313690186
30,2,1,14,3,3,1,0.668552875518799,-1,-1,1,1,0.300520658493042
30,2,1,15,-81,81,0,0.368650913238525,1,1,-1,-1,0.418552875518799
30,2,1,16,9,9,1,0.501513004302979,-1,-1,1,1,0.118650913238525
30,2,1,17,9,9,1,0.685178995132446,1,1,-1,-1,0.251513004302979
30,2,1,18,-81,81,0,0.319109201431274,1,1,1,1,0.435178995132446
30,2,1,19,3,3,1,0.652502775192261,-1,-1,1,1,0.0691092014312744
30,2,1,20,-3,3,1,0.800554275512695,1,1,-1,-1,0.402502775192261
30,2,1,21,3,3,0,0.585416555404663,-1,1,1,1,0.550554275512695
30,2,1,22,-3,3,1,0.917768955230713,1,-1,1,-1,0.335416555404663
30,2,1,23,27,27,1,0.585952997207642,-1,1,-1,1,0.667768955230713
30,2,1,24,-27,27,0,0.401419162750244,1,1,1,-1,0.335952997207642
30,2,1,25,81,81,1,0.451493978500366,-1,-1,1,1,0.151419162750244
30,2,1,26,-9,9,0,0.584642887115479,1,1,-1,-1,0.201493978500366
30,2,1,27,-9,9,0,0.584869146347046,-1,-1,1,1,0.334642887115479
30,2,1,28,3,3,0,0.551235437393188,-1,-1,-1,-1,0.334869146347046
30,2,1,29,81,81,1,0.351271629333496,1,-1,-1,-1,0.301235437393188
30,2,1,30,-3,3,1,0.483848333358765,1,1,-1,1,0.101271629333496
30,2,1,31,9,9,1,0.436135053634644,-1,1,1,1,0.233848333358765
30,2,1,32,-81,81,0,0.485786199569702,1,1,1,-1,0.186135053634644
30,2,1,33,3,3,1,0.635136127471924,-1,-1,1,1,0.235786199569702
30,2,1,34,-9,9,0,0.502897262573242,1,1,-1,-1,0.385136127471924
30,2,1,35,-3,3,1,0.452375888824463,-1,-1,1,1,0.252897262573242
30,2,1,36,27,27,1,0.452709436416626,-1,1,-1,-1,0.202375888824463
30,2,1,37,-81,81,0,0.517781734466553,1,1,1,-1,0.202709436416626
30,2,1,38,9,9,1,0.702404975891113,-1,-1,1,1,0.267781734466553
30,2,1,39,-0,0,1,0.551106929779053,1,1,-1,-1,0.452404975891113
30,2,1,40,9,9,1,0.567807674407959,-1,1,1,1,0.301106929779053
30,2,1,41,-27,27,0,0.517795324325562,1,1,1,-1,0.317807674407959
30,2,1,42,9,9,1,0.619066953659058,-1,-1,1,1,0.267795324325562
30,2,1,43,-0,0,1,0.633815050125122,1,1,-1,-1,0.369066953659058
30,2,1,44,3,3,1,0.535995006561279,-1,1,1,1,0.383815050125122
30,2,1,45,-81,81,0,0.501098871231079,1,1,1,-1,0.285995006561279
30,2,1,46,81,81,1,0.53443431854248,-1,-1,1,1,0.251098871231079
30,2,1,47,-9,9,0,0.55239462852478,1,1,-1,-1,0.28443431854248
30,2,1,48,3,3,1,0.452827215194702,-1,-1,1,1,0.30239462852478
30,2,1,49,-3,3,1,0.385282278060913,1,1,-1,-1,0.202827215194702
30,2,1,50,-27,27,0,0.650477647781372,-1,1,1,1,0.135282278060913
30,2,1,51,9,9,1,0.451138019561768,-1,-1,1,-1,0.400477647781372
30,2,1,52,-9,9,1,0.602266311645508,1,1,-1,-1,0.201138019561768
30,2,1,53,-9,9,0,0.51944637298584,-1,1,1,1,0.352266311645508
30,2,1,54,0,0,0,0.918065071105957,-1,-1,1,-1,0.26944637298584
30,2,1,55,-81,81,0,0.502676010131836,1,-1,-1,-1,0.668065071105957
30,2,1,56,81,81,1,0.518499374389648,-1,-1,-1,1,0.252676010131836
30,2,1,57,27,27,1,0.668713331222534,1,1,-1,-1,0.268499374389648
30,2,1,58,-3,3,1,0.433872938156128,1,1,1,1,0.418713331222534
30,2,1,59,9,9,1,0.435192346572876,-1,1,1,1,0.183872938156128
30,2,1,60,-27,27,1,0.667176246643066,1,1,1,-1,0.185192346572876
30,2,1,61,-27,27,0,0.401602745056152,-1,1,1,1,0.417176246643066
30,2,1,62,9,9,1,0.518258810043335,-1,-1,1,-1,0.151602745056152
30,2,1,63,-81,81,0,0.501153945922852,1,1,-1,-1,0.268258810043335
30,2,1,64,-81,81,0,0.51867413520813,-1,-1,1,1,0.251153945922852
30,2,1,65,9,9,1,0.650477886199951,-1,-1,-1,-1,0.26867413520813
30,2,1,66,81,81,1,0.46714448928833,1,1,-1,-1,0.400477886199951
30,2,1,67,-27,27,0,0.517665386199951,1,1,1,1,0.21714448928833
30,2,1,68,0,0,1,0.734556674957275,-1,-1,1,1,0.267665386199951
30,2,1,69,-3,3,1,0.701130628585815,1,1,-1,-1,0.484556674957275
30,2,1,70,81,81,1,0.501281976699829,-1,1,1,1,0.451130628585815
30,2,1,71,-27,27,0,0.568773031234741,1,1,1,-1,0.251281976699829
30,2,1,72,-27,27,0,0.51780891418457,-1,-1,1,1,0.318773031234741
30,2,1,73,3,3,1,0.533805847167969,-1,-1,-1,-1,0.26780891418457
30,2,1,74,-27,27,0,0.501285552978516,1,1,-1,-1,0.283805847167969
30,2,1,75,3,3,1,0.485014677047729,-1,-1,1,1,0.251285552978516
30,2,1,76,-0,0,1,0.434339046478271,1,1,-1,-1,0.235014677047729
30,2,1,77,9,9,0,0.40208625793457,-1,1,1,1,0.184339046478271
30,2,1,78,81,81,1,0.551895380020142,1,-1,1,-1,0.15208625793457
30,2,1,79,0,0,1,0.551697492599487,1,1,-1,1,0.301895380020142
30,2,1,80,-27,27,0,0.301654577255249,1,1,1,1,0.301697492599487
30,2,1,81,-81,81,0,0.436096429824829,-1,-1,1,1,0.051654577255249
30,2,1,82,27,27,0,0.869546413421631,-1,-1,-1,-1,0.186096429824829
30,2,1,83,-81,81,0,0.502210140228271,1,-1,-1,-1,0.619546413421631
30,2,1,84,0,0,1,0.667783975601196,-1,-1,-1,1,0.252210140228271
30,2,1,85,81,81,1,0.518201112747192,1,1,-1,-1,0.417783975601196
30,2,1,86,-9,9,0,0.318501234054565,1,1,1,1,0.268201112747192
30,2,1,87,27,27,1,0.368693351745605,-1,-1,1,1,0.0685012340545654
30,2,1,88,-81,81,0,0.41779088973999,1,1,-1,-1,0.118693351745605
30,2,1,89,81,81,1,0.252738475799561,-1,-1,1,1,0.16779088973999
30,2,1,90,-3,3,1,0.63444972038269,1,1,-1,-1,0.00273847579956055
30,2,1,91,9,9,1,0.634372711181641,-1,1,1,1,0.38444972038269
30,2,1,92,-27,27,0,0.367201089859009,1,1,1,-1,0.384372711181641
30,2,1,93,-27,27,0,0.402698993682861,-1,-1,1,1,0.117201089859009
30,2,1,94,27,27,1,0.533863306045532,-1,-1,-1,-1,0.152698993682861
30,2,1,95,-27,27,0,0.268797874450684,1,1,-1,-1,0.283863306045532
30,2,1,96,81,81,1,0.417826414108276,-1,-1,1,1,0.0187978744506836
30,2,1,97,-27,27,0,0.367183446884155,1,1,-1,-1,0.167826414108276
30,2,1,98,3,3,1,0.650489091873169,-1,-1,1,1,0.117183446884155
30,2,1,99,-9,9,1,0.650482654571533,1,1,-1,-1,0.400489091873169
30,2,2,2,-3,3,1,0.350527286529541,1,1,1,-1,0.369158744812012
30,2,2,3,3,3,0,1.05260038375854,-1,1,1,1,0.100527286529541
30,2,2,4,-3,3,1,0.434441089630127,1,-1,1,-1,0.802600383758545
30,2,2,5,3,3,1,1.2675678730011,-1,1,-1,1,0.184441089630127
30,2,2,6,-81,81,0,0.535383462905884,1,1,1,-1,1.0175678730011
30,2,2,7,9,9,1,0.617803573608398,-1,-1,1,1,0.285383462905884
30,2,2,8,3,3,1,0.651491165161133,1,1,-1,-1,0.367803573608398
30,2,2,9,-81,81,0,0.50050687789917,1,1,1,1,0.401491165161133
30,2,2,10,27,27,1,0.667771816253662,-1,-1,1,1,0.25050687789917
30,2,2,11,-27,27,0,0.652826547622681,1,1,-1,-1,0.417771816253662
30,2,2,12,3,3,1,0.384504795074463,-1,-1,1,1,0.402826547622681
30,2,2,13,-9,9,0,0.285913944244385,1,1,-1,-1,0.134504795074463
30,2,2,14,9,9,1,0.601136684417725,-1,-1,1,1,0.0359139442443848
30,2,2,15,-27,27,0,0.583858728408813,1,1,-1,-1,0.351136684417725
30,2,2,16,81,81,1,0.452460765838623,-1,-1,1,1,0.333858728408813
30,2,2,17,9,9,0,1.0186824798584,1,1,-1,-1,0.202460765838623
30,2,2,18,-3,3,0,0.752591848373413,1,-1,1,1,0.768682479858398
30,2,2,19,27,27,1,0.569303035736084,-1,-1,-1,1,0.502591848373413
30,2,2,23,-3,3,1,0.619398832321167,1,1,1,1,0.169569253921509
30,2,2,24,27,27,1,0.685176849365234,-1,1,1,1,0.369398832321167
30,2,2,25,-9,9,0,1.00091505050659,1,1,1,-1,0.435176849365234
30,2,2,26,27,27,1,0.519440412521362,-1,-1,1,1,0.750915050506592
30,2,2,27,27,27,1,0.484449148178101,1,1,-1,-1,0.269440412521362
30,2,2,28,-27,27,0,0.502995252609253,1,1,1,1,0.234449148178101
30,2,2,29,-27,27,0,0.301801204681396,-1,-1,1,1,0.252995252609253
30,2,2,30,9,9,1,0.468722105026245,-1,-1,-1,-1,0.0518012046813965
30,2,2,31,-81,81,0,0.351081609725952,1,1,-1,-1,0.218722105026245
30,2,2,32,-3,3,1,0.719184875488281,-1,-1,1,1,0.101081609725952
30,2,2,33,81,81,1,0.719085693359375,-1,1,-1,-1,0.469184875488281
30,2,2,34,-81,81,0,0.53535008430481,1,1,1,-1,0.469085693359375
30,2,2,35,81,81,1,0.35096001625061,-1,-1,1,1,0.28535008430481
30,2,2,36,-3,3,1,0.267585039138794,1,1,-1,-1,0.10096001625061
30,2,2,37,81,81,1,0.519424676895142,-1,1,1,1,0.0175850391387939
30,2,2,38,-81,81,0,0.467793226242065,1,1,1,-1,0.269424676895142
30,2,2,39,81,81,1,0.517654418945312,-1,-1,1,1,0.217793226242065
30,2,2,40,-27,27,0,0.318917274475098,1,1,-1,-1,0.267654418945312
30,2,2,41,-81,81,0,0.517643928527832,-1,-1,1,1,0.0689172744750977
30,2,2,42,-81,81,0,0.517641067504883,-1,-1,-1,-1,0.267643928527832
30,2,2,43,0,0,0,0.451116800308228,-1,-1,-1,-1,0.267641067504883
30,2,2,44,-9,9,1,0.2842698097229,1,-1,-1,-1,0.201116800308228
30,2,2,45,81,81,1,0.518843650817871,-1,1,-1,1,0.0342698097229004
30,2,2,46,-0,0,1,0.603173732757568,1,1,1,-1,0.268843650817871
30,2,2,47,0,0,1,0.517155170440674,-1,1,1,1,0.353173732757568
30,2,2,48,-3,3,1,0.519247531890869,1,1,1,-1,0.267155170440674
30,2,2,49,3,3,0,1.00249743461609,-1,1,1,1,0.269247531890869
30,2,2,50,-81,81,0,0.585744619369507,1,-1,1,-1,0.752497434616089
30,2,2,51,0,0,1,0.5527663230896,-1,-1,-1,1,0.335744619369507
30,2,2,52,-27,27,0,0.419535160064697,1,1,-1,-1,0.3027663230896
30,2,2,53,9,9,0,0.933842420578003,-1,-1,1,1,0.169535160064697
30,2,2,54,-3,3,1,0.434483766555786,1,-1,-1,-1,0.683842420578003
30,2,2,55,3,3,1,0.51870059967041,-1,1,-1,1,0.184483766555786
30,2,2,56,-0,0,1,0.41717267036438,1,1,1,-1,0.26870059967041
30,2,2,57,9,9,1,0.335627317428589,-1,1,1,1,0.16717267036438
30,2,2,58,-9,9,0,0.336558818817139,1,1,1,-1,0.0856273174285889
30,2,2,59,3,3,1,0.317841529846191,-1,-1,1,1,0.0865588188171387
30,2,2,60,-81,81,0,0.534859180450439,1,1,-1,-1,0.0678415298461914
30,2,2,61,9,9,1,0.669416189193726,-1,-1,1,1,0.284859180450439
30,2,2,62,-9,9,1,0.585854053497314,1,1,-1,-1,0.419416189193726
30,2,2,63,-9,9,0,0.302435398101807,-1,1,1,1,0.335854053497314
30,2,2,64,81,81,1,0.402793645858765,-1,-1,1,-1,0.0524353981018066
30,2,2,65,-3,3,1,0.501194953918457,1,1,-1,-1,0.152793645858765
30,2,2,66,0,0,0,0.402782201766968,-1,1,1,1,0.251194953918457
30,2,2,67,-9,9,1,0.534488201141357,1,-1,1,-1,0.152782201766968
30,2,2,68,27,27,1,0.569375038146973,-1,1,-1,1,0.284488201141357
30,2,2,69,-27,27,0,0.252630710601807,1,1,1,-1,0.319375038146973
30,2,2,70,3,3,1,0.33600115776062,-1,-1,1,1,0.00263071060180664
30,2,2,71,-81,81,0,0.452674388885498,1,1,-1,-1,0.0860011577606201
30,2,2,72,-81,81,0,0.36921238899231,-1,-1,1,1,0.202674388885498
30,2,2,73,9,9,1,0.517601728439331,-1,-1,-1,-1,0.11921238899231
30,2,2,74,-9,9,1,0.534558534622192,1,1,-1,-1,0.267601728439331
30,2,2,75,9,9,1,0.367817640304565,-1,1,1,1,0.284558534622192
30,2,2,76,-9,9,1,0.385358810424805,1,1,1,-1,0.117817640304565
30,2,2,77,27,27,1,0.25209903717041,-1,1,1,1,0.135358810424805
30,2,2,78,-27,27,0,0.402168273925781,1,1,1,-1,0.00209903717041016
30,2,2,79,0,0,1,0.335185527801514,-1,-1,1,1,0.152168273925781
30,2,2,80,-0,0,0,0.669472694396973,1,1,-1,-1,0.0851855278015137
30,2,2,81,27,27,1,0.452494382858276,-1,-1,1,1,0.419472694396973
30,2,2,82,3,3,1,0.28535795211792,1,1,-1,-1,0.202494382858276
30,2,2,86,-0,0,1,0.351127624511719,-1,-1,1,1,0.367216825485229
30,2,2,87,27,27,1,0.63446044921875,-1,1,-1,-1,0.101127624511719
30,2,2,88,-0,0,0,0.9677894115448,1,1,1,-1,0.38446044921875
30,2,2,89,-27,27,1,0.367647171020508,-1,-1,1,1,0.7177894115448
30,2,2,90,81,81,1,0.302539587020874,-1,1,-1,-1,0.117647171020508
30,2,2,91,-0,0,1,0.48615288734436,1,1,1,-1,0.052539587020874
30,2,2,92,3,3,1,0.402843952178955,-1,1,1,1,0.23615288734436
30,2,2,93,-9,9,0,0.501096248626709,1,1,1,-1,0.152843952178955
30,2,2,94,81,81,1,0.46776270866394,-1,-1,1,1,0.251096248626709
30,2,2,95,-3,3,1,0.585472106933594,1,1,-1,-1,0.21776270866394
30,2,2,96,81,81,1,0.419370412826538,-1,1,1,1,0.335472106933594
30,2,2,97,-9,9,1,0.502378225326538,1,1,1,-1,0.169370412826538
30,2,2,98,27,27,1,0.300509214401245,-1,1,1,1,0.252378225326538
30,2,2,99,-3,3,1,0.50117039680481,1,1,1,-1,0.0505092144012451
30,2,3,3,3,3,1,0.351029872894287,1,1,1,-1,0.58551287651062
30,2,3,4,-9,9,1,0.401617288589478,1,1,1,1,0.101029872894287
30,2,3,5,-27,27,0,0.283919095993042,-1,1,1,1,0.151617288589478
30,2,3,6,-27,27,0,0.250994920730591,-1,-1,1,-1,0.033919095993042
30,2,3,7,3,3,1,0.350932121276855,-1,-1,-1,-1,0.00099492073059082
30,2,3,11,-81,81,0,0.41765570640564,1,1,-1,-1,0.0852169990539551
30,2,3,12,0,0,1,1.01919460296631,-1,-1,1,1,0.16765570640564
30,2,3,13,3,3,1,0.935411691665649,1,1,-1,-1,0.769194602966309
30,2,3,14,9,9,1,0.350487232208252,1,1,1,1,0.685411691665649
30,2,3,15,-3,3,1,0.284268140792847,1,1,1,1,0.100487232208252
30,2,3,16,-27,27,0,0.351153612136841,-1,1,1,1,0.0342681407928467
30,2,3,17,-3,3,1,0.485721349716187,-1,-1,1,-1,0.101153612136841
30,2,3,18,-3,3,1,0.517851114273071,-1,1,-1,-1,0.235721349716187
30,2,3,22,9,9,1,0.585879325866699,1,1,-1,-1,0.101047277450562
30,2,3,23,0,0,1,0.402056932449341,1,1,1,1,0.335879325866699
30,2,3,27,27,27,1,0.500483751296997,1,1,1,1,0.034461498260498
30,2,3,28,-81,81,0,0.252422094345093,1,1,1,1,0.250483751296997
30,2,3,29,81,81,1,0.253039121627808,-1,-1,1,1,0.00242209434509277
30,2,3,30,0,0,1,0.500940084457397,1,1,-1,-1,0.00303912162780762
30,2,3,31,-81,81,0,0.468930959701538,1,1,1,1,0.250940084457397
30,2,3,32,-0,0,1,0.618021726608276,-1,-1,1,1,0.218930959701538
30,2,3,33,-9,9,0,0.284538507461548,-1,1,-1,-1,0.368021726608276
30,2,3,34,27,27,1,0.253170967102051,-1,-1,1,-1,0.0345385074615479
30,2,3,35,9,9,1,0.317986726760864,1,1,-1,-1,0.00317096710205078
30,2,3,36,-81,81,0,0.502156734466553,1,1,1,1,0.0679867267608643
30,2,3,37,-0,0,1,0.468717098236084,-1,-1,1,1,0.252156734466553
30,2,3,38,81,81,1,0.302265405654907,-1,1,-1,-1,0.218717098236084
30,2,3,39,-81,81,0,0.484500646591187,1,1,1,-1,0.0522654056549072
30,2,3,40,-81,81,0,0.450953722000122,-1,-1,1,1,0.234500646591187
30,2,3,41,-9,9,1,0.450917482376099,-1,-1,-1,-1,0.200953722000122
30,2,3,42,81,81,1,0.401180505752563,-1,1,-1,-1,0.200917482376099
30,2,3,43,-27,27,0,0.252591133117676,1,1,1,-1,0.151180505752563
30,2,3,44,-3,3,1,0.819605827331543,-1,-1,1,1,0.00259113311767578
30,2,3,45,-81,81,0,0.500528812408447,-1,1,-1,-1,0.569605827331543
30,2,3,46,-81,81,0,0.500501871109009,-1,-1,1,-1,0.250528812408447
30,2,3,50,9,9,1,0.301111221313477,1,1,1,1,0.268739938735962
30,2,3,51,27,27,1,0.400962829589844,1,1,1,1,0.0511112213134766
30,2,3,52,-0,0,1,0.467658758163452,1,1,1,1,0.150962829589844
30,2,3,53,-27,27,0,0.267613410949707,-1,1,1,1,0.217658758163452
30,2,3,54,-9,9,0,0.734433174133301,-1,-1,1,-1,0.017613410949707
30,2,3,55,-0,0,0,0.601119041442871,-1,-1,-1,-1,0.484433174133301
30,2,3,56,-3,3,1,0.66871976852417,-1,-1,-1,-1,0.351119041442871
30,2,3,57,-9,9,1,0.634465932846069,-1,1,-1,-1,0.41871976852417
30,2,3,58,-27,27,0,0.351827621459961,-1,1,1,-1,0.384465932846069
30,2,3,59,-3,3,0,0.636144638061523,-1,-1,1,-1,0.101827621459961
30,2,3,60,-27,27,0,0.351124286651611,-1,-1,-1,-1,0.386144638061523
30,2,3,61,-9,9,1,0.452068567276001,-1,-1,-1,-1,0.101124286651611
30,2,3,62,81,81,1,0.469313144683838,-1,1,-1,-1,0.202068567276001
30,2,3,63,9,9,1,0.401174068450928,1,1,1,-1,0.219313144683838
30,2,3,64,27,27,1,0.517195224761963,1,1,1,1,0.151174068450928
30,2,3,65,-0,0,0,0.401129484176636,1,1,1,1,0.267195224761963
30,2,3,66,81,81,1,0.536203622817993,-1,-1,1,1,0.151129484176636
30,2,3,67,81,81,1,0.502243757247925,1,1,-1,-1,0.286203622817993
30,2,3,68,9,9,1,0.602345943450928,1,1,1,1,0.252243757247925
30,2,3,69,27,27,1,0.551223278045654,1,1,1,1,0.352345943450928
30,2,3,70,-3,3,1,0.500485420227051,1,1,1,1,0.301223278045654
30,2,3,71,-3,3,0,0.736116886138916,-1,1,1,1,0.250485420227051
30,2,3,72,9,9,0,0.418005704879761,-1,-1,1,-1,0.486116886138916
30,2,3,73,-9,9,0,0.469440221786499,1,-1,-1,-1,0.168005704879761
30,2,3,74,-81,81,0,0.467151641845703,-1,-1,-1,1,0.219440221786499
30,2,3,75,81,81,1,0.452131986618042,-1,-1,-1,-1,0.217151641845703
30,2,3,76,-3,3,1,0.536391973495483,1,1,-1,-1,0.202131986618042
30,2,3,77,81,81,1,0.536193370819092,-1,1,1,1,0.286391973495483
30,2,3,78,-81,81,0,0.369223356246948,1,1,1,-1,0.286193370819092
30,2,3,79,-27,27,0,0.33461594581604,-1,-1,1,1,0.119223356246948
30,2,3,80,27,27,1,0.252153635025024,-1,-1,-1,-1,0.08461594581604
30,2,3,81,27,27,1,0.467825174331665,1,1,-1,-1,0.00215363502502441
30,2,3,82,3,3,1,0.383871555328369,1,1,1,1,0.217825174331665
30,2,3,86,3,3,1,0.384521245956421,1,1,1,1,0.334277868270874
30,2,3,87,9,9,1,0.402599334716797,1,1,1,1,0.134521245956421
30,2,3,91,9,9,1,0.452722787857056,1,1,1,1,0.201792240142822
30,2,3,92,27,27,1,0.384601593017578,1,1,1,1,0.202722787857056
30,2,3,93,-9,9,1,0.65257716178894,1,1,1,1,0.134601593017578
30,2,3,94,3,3,1,0.867693662643433,-1,1,1,1,0.40257716178894
30,2,3,95,-0,0,0,0.684550046920776,1,1,1,-1,0.617693662643433
30,2,3,96,-9,9,1,0.417961835861206,-1,-1,1,1,0.434550046920776
30,2,3,97,3,3,0,0.26878023147583,-1,1,-1,-1,0.167961835861206
30,2,3,98,3,3,1,0.450474977493286,1,-1,1,-1,0.0187802314758301
30,2,4,2,-81,81,0,0.501976251602173,-1,1,-1,-1,0.485678195953369
30,2,4,3,-3,3,1,0.552440404891968,-1,-1,1,-1,0.251976251602173
30,2,4,4,-9,9,1,0.451081275939941,-1,1,-1,-1,0.302440404891968
30,2,4,5,-9,9,0,0.669090747833252,-1,1,1,-1,0.201081275939941
30,2,4,6,-81,81,0,0.518810987472534,-1,-1,1,-1,0.419090747833252
30,2,4,7,-3,3,1,0.501886367797852,-1,-1,-1,-1,0.268810987472534
30,2,4,8,-3,3,1,0.469420433044434,-1,1,-1,-1,0.251886367797852
30,2,4,9,-81,81,0,0.484484434127808,-1,1,1,-1,0.219420433044434
30,2,4,10,-81,81,0,0.38529896736145,-1,-1,1,-1,0.234484434127808
30,2,4,11,-27,27,0,0.351032018661499,-1,-1,-1,-1,0.13529896736145
30,2,4,12,-81,81,0,0.484509944915771,-1,-1,-1,-1,0.101032018661499
30,2,4,13,-27,27,0,0.385990381240845,-1,-1,-1,-1,0.234509944915771
30,2,4,14,-3,3,1,0.433919906616211,-1,-1,-1,-1,0.135990381240845
30,2,4,15,3,3,1,0.484498739242554,-1,1,-1,-1,0.183919906616211
30,2,4,16,3,3,0,0.702469110488892,1,1,1,-1,0.234498739242554
30,2,4,17,3,3,1,0.33454704284668,1,-1,1,1,0.452469110488892
30,2,4,18,81,81,1,0.384311199188232,1,1,-1,1,0.0845470428466797
30,2,4,19,-27,27,0,0.718936681747437,1,1,1,1,0.134311199188232
30,2,4,20,-3,3,1,0.534495830535889,-1,-1,1,1,0.468936681747437
30,2,4,21,27,27,1,0.519388914108276,-1,1,-1,-1,0.284495830535889
30,2,4,22,-9,9,0,0.286061525344849,1,1,1,-1,0.269388914108276
30,2,4,23,9,9,1,0.43447732925415,-1,-1,1,1,0.0360615253448486
30,2,4,24,-27,27,0,0.334320783615112,1,1,-1,-1,0.18447732925415
30,2,4,25,-3,3,1,0.300934791564941,-1,-1,1,1,0.0843207836151123
30,2,4,26,-27,27,1,0.301130771636963,-1,1,-1,-1,0.0509347915649414
30,2,4,27,-0,0,0,1.08517074584961,-1,1,1,-1,0.0511307716369629
30,2,4,28,-3,3,1,0.667681455612183,-1,-1,1,-1,0.835170745849609
30,2,4,29,-81,81,0,0.268831491470337,-1,1,-1,-1,0.417681455612183
30,2,4,30,3,3,1,0.352142810821533,-1,-1,1,-1,0.0188314914703369
30,2,4,31,-27,27,0,0.535435914993286,1,1,-1,-1,0.102142810821533
30,2,4,32,3,3,1,0.417839527130127,-1,-1,1,1,0.285435914993286
30,2,4,33,9,9,1,0.351580619812012,1,1,-1,-1,0.167839527130127
30,2,4,34,81,81,1,0.467588901519775,1,1,1,1,0.101580619812012
30,2,4,35,3,3,1,0.617742776870728,1,1,1,1,0.217588901519775
30,2,4,36,9,9,1,0.485830545425415,1,1,1,1,0.367742776870728
30,2,4,37,0,0,1,0.335992336273193,1,1,1,1,0.235830545425415
30,2,4,38,81,81,1,0.517196655273438,1,1,1,1,0.0859923362731934
30,2,4,39,-0,0,0,0.451009511947632,1,1,1,1,0.267196655273438
30,2,4,40,3,3,1,0.51716685295105,-1,-1,1,1,0.201009511947632
30,2,4,41,81,81,1,0.486137628555298,1,1,-1,-1,0.26716685295105
30,2,4,42,9,9,1,0.368001222610474,1,1,1,1,0.236137628555298
30,2,4,43,0,0,1,0.333902597427368,1,1,1,1,0.118001222610474
30,2,4,44,9,9,1,0.701127529144287,1,1,1,1,0.0839025974273682
30,2,4,45,0,0,0,0.684453964233398,1,1,1,1,0.451127529144287
30,2,4,46,27,27,1,0.252297878265381,1,-1,1,1,0.434453964233398
30,2,4,47,27,27,1,0.267600536346436,1,1,-1,1,0.00229787826538086
30,2,4,48,-3,3,1,0.48590087890625,1,1,1,1,0.0176005363464355
30,2,4,49,-9,9,0,0.385873556137085,-1,1,1,1,0.23590087890625
30,2,4,50,-81,81,0,0.51770281791687,-1,-1,1,-1,0.135873556137085
30,2,4,51,-81,81,0,0.386138677597046,-1,-1,-1,-1,0.26770281791687
30,2,4,52,-3,3,0,0.351240873336792,-1,-1,-1,-1,0.136138677597046
30,2,4,53,9,9,1,0.400477409362793,-1,-1,-1,-1,0.101240873336792
30,2,4,54,81,81,1,0.517945766448975,1,1,-1,-1,0.150477409362793
30,2,4,55,3,3,1,0.569267511367798,1,1,1,1,0.267945766448975
30,2,4,59,-27,27,0,0.367175340652466,-1,-1,-1,-1,0.334481000900269
30,2,4,60,-3,3,1,0.384408235549927,-1,-1,-1,-1,0.117175340652466
30,2,4,61,-3,3,0,0.417178392410278,-1,1,-1,-1,0.134408235549927
30,2,4,62,-27,27,0,0.68599271774292,-1,-1,1,-1,0.167178392410278
30,2,4,63,-27,27,0,0.500503063201904,-1,-1,-1,-1,0.43599271774292
30,2,4,64,-9,9,0,0.267607450485229,-1,-1,-1,-1,0.250503063201904
30,2,4,65,0,0,1,0.386075019836426,-1,-1,-1,-1,0.0176074504852295
30,2,4,66,27,27,1,0.619327306747437,1,1,-1,-1,0.136075019836426
30,2,4,67,9,9,1,0.669339418411255,1,1,1,1,0.369327306747437
30,2,4,68,0,0,1,0.702026844024658,1,1,1,1,0.419339418411255
30,2,4,69,81,81,1,0.601978540420532,1,1,1,1,0.452026844024658
30,2,4,70,81,81,1,0.469189643859863,1,1,1,1,0.351978540420532
30,2,4,71,27,27,1,0.434643745422363,1,1,1,1,0.219189643859863
30,2,4,72,9,9,1,0.369072914123535,1,1,1,1,0.184643745422363
30,2,4,73,81,81,1,0.483806371688843,1,1,1,1,0.119072914123535
30,2,4,74,81,81,1,0.517811298370361,1,1,1,1,0.233806371688843
30,2,4,75,27,27,1,0.40263819694519,1,1,1,1,0.267811298370361
30,2,4,76,81,81,1,0.468575477600098,1,1,1,1,0.15263819694519
30,2,4,77,9,9,1,0.434571981430054,1,1,1,1,0.218575477600098
30,2,4,78,3,3,1,0.402543544769287,1,1,1,1,0.184571981430054
30,2,4,79,81,81,1,0.552631378173828,1,1,1,1,0.152543544769287
30,2,4,80,9,9,1,0.534464120864868,1,1,1,1,0.302631378173828
30,2,4,81,9,9,1,0.402546644210815,1,1,1,1,0.284464120864868
30,2,4,82,27,27,1,0.35118842124939,1,1,1,1,0.152546644210815
30,2,4,83,9,9,1,0.584462404251099,1,1,1,1,0.10118842124939
30,2,4,84,0,0,1,0.533830881118774,1,1,1,1,0.334462404251099
30,2,4,85,81,81,1,0.451022386550903,1,1,1,1,0.283830881118774
30,2,4,86,-81,81,0,0.301658153533936,1,1,1,1,0.201022386550903
30,2,4,87,-9,9,0,0.718629598617554,-1,-1,1,1,0.0516581535339355
30,2,4,92,0,0,0,0.485198736190796,1,1,1,1,0.251132726669312
30,2,4,93,27,27,1,0.517159938812256,1,-1,1,1,0.235198736190796
30,2,4,94,0,0,1,0.502427339553833,1,1,-1,1,0.267159938812256
30,2,4,95,3,3,1,0.335175752639771,1,1,1,1,0.252427339553833
30,2,4,99,-9,9,0,0.552050352096558,1,1,1,1,0.401142835617065
30,2,5,2,27,27,1,0.369334697723389,-1,1,1,1,0.351430892944336
30,2,5,3,9,9,1,0.351386785507202,1,1,1,-1,0.119334697723389
30,2,5,4,81,81,1,0.502400636672974,1,1,1,1,0.101386785507202
30,2,5,5,-81,81,0,0.319434642791748,1,1,1,1,0.252400636672974
30,2,5,6,-9,9,0,0.602129936218262,-1,-1,1,1,0.069434642791748
30,2,5,7,27,27,1,0.251011610031128,-1,-1,-1,-1,0.352129936218262
30,2,5,8,-9,9,0,0.602525949478149,1,1,-1,-1,0.00101161003112793
30,2,5,9,3,3,1,0.569345951080322,-1,-1,1,1,0.352525949478149
30,2,5,10,81,81,1,0.435630321502686,1,1,-1,-1,0.319345951080322
30,2,5,11,27,27,1,0.468883752822876,1,1,1,1,0.185630321502686
30,2,5,12,-3,3,1,0.602557897567749,1,1,1,1,0.218883752822876
30,2,5,13,9,9,1,0.4671471118927,-1,1,1,1,0.352557897567749
30,2,5,14,-0,0,1,0.685954093933105,1,1,1,-1,0.2171471118927
30,2,5,15,-81,81,0,0.469231367111206,-1,1,1,1,0.435954093933105
30,2,5,16,27,27,1,0.502496957778931,-1,-1,1,-1,0.219231367111206
30,2,5,17,27,27,1,0.517212152481079,1,1,-1,-1,0.252496957778931
30,2,5,18,0,0,1,0.536149740219116,1,1,1,1,0.267212152481079
30,2,5,19,27,27,1,0.400519847869873,1,1,1,1,0.286149740219116
30,2,5,20,81,81,1,0.418662548065186,1,1,1,1,0.150519847869873
30,2,5,21,9,9,1,0.451183319091797,1,1,1,1,0.168662548065186
30,2,5,22,-0,0,0,0.552059412002563,1,1,1,1,0.201183319091797
30,2,5,23,-3,3,0,0.902714967727661,-1,-1,1,1,0.302059412002563
30,2,5,24,-9,9,1,0.568855047225952,-1,-1,-1,-1,0.652714967727661
30,2,5,25,-27,27,0,0.350925922393799,-1,1,-1,-1,0.318855047225952
30,2,5,26,9,9,1,0.31786322593689,-1,-1,1,-1,0.100925922393799
30,2,5,27,-3,3,1,0.418545246124268,1,1,-1,-1,0.0678632259368896
30,2,5,28,-9,9,0,0.351110935211182,-1,1,1,1,0.168545246124268
30,2,5,29,-9,9,0,0.701141357421875,-1,-1,1,-1,0.101110935211182
30,2,5,30,9,9,1,0.569461822509766,-1,-1,-1,-1,0.451141357421875
30,2,5,31,27,27,1,0.302371978759766,1,1,-1,-1,0.319461822509766
30,2,5,32,-3,3,1,0.568952322006226,1,1,1,1,0.0523719787597656
30,2,5,33,-0,0,1,0.851149320602417,-1,1,1,1,0.318952322006226
30,2,5,34,3,3,0,0.900941848754883,-1,1,1,-1,0.601149320602417
30,2,5,35,-27,27,0,0.3011474609375,1,-1,1,-1,0.650941848754883
30,2,5,36,-9,9,1,0.534511804580688,-1,-1,-1,1,0.0511474609375
30,2,5,37,-3,3,1,0.402075529098511,-1,1,-1,-1,0.284511804580688
30,2,5,38,81,81,1,0.536061763763428,-1,1,1,-1,0.152075529098511
30,2,5,39,0,0,0,0.285191774368286,1,1,1,-1,0.286061763763428
30,2,5,40,-27,27,0,0.333869457244873,1,-1,1,1,0.0351917743682861
30,2,5,41,3,3,1,0.284334659576416,-1,-1,-1,1,0.083869457244873
30,2,5,42,-9,9,1,0.336044549942017,1,1,-1,-1,0.034334659576416
30,2,5,43,-9,9,0,0.28584885597229,-1,1,1,1,0.0860445499420166
30,2,5,44,-81,81,0,0.483926057815552,-1,-1,1,-1,0.03584885597229
30,2,5,45,27,27,1,0.368637323379517,-1,-1,-1,-1,0.233926057815552
30,2,5,46,3,3,1,0.602486371994019,1,1,-1,-1,0.118637323379517
30,2,5,47,-0,0,0,0.569544315338135,1,1,1,1,0.352486371994019
30,2,5,48,3,3,1,0.319432973861694,-1,-1,1,1,0.319544315338135
30,2,5,49,27,27,1,0.534898042678833,1,1,-1,-1,0.0694329738616943
30,2,5,50,-27,27,0,0.268969058990479,1,1,1,1,0.284898042678833
30,2,5,51,81,81,1,0.519240856170654,-1,-1,1,1,0.0189690589904785
30,2,5,52,-27,27,0,0.535871267318726,1,1,-1,-1,0.269240856170654
30,2,5,53,-81,81,0,0.552226305007935,-1,-1,1,1,0.285871267318726
30,2,5,54,81,81,1,0.483884334564209,-1,-1,-1,-1,0.302226305007935
30,2,5,55,-81,81,0,0.452241897583008,1,1,-1,-1,0.233884334564209
30,2,5,56,-3,3,1,0.452416658401489,-1,-1,1,1,0.202241897583008
30,2,5,57,27,27,1,0.568649291992188,-1,1,-1,-1,0.202416658401489
30,2,5,58,-9,9,0,0.468646287918091,1,1,1,-1,0.318649291992188
30,2,5,59,3,3,1,0.467827320098877,-1,-1,1,1,0.218646287918091
30,2,5,60,-81,81,0,0.601366996765137,1,1,-1,-1,0.217827320098877
30,2,5,61,-9,9,1,0.367805957794189,-1,-1,1,1,0.351366996765137
30,2,5,62,-81,81,0,0.334452629089355,-1,1,-1,-1,0.117805957794189
30,2,5,63,3,3,1,0.452312469482422,-1,-1,1,-1,0.0844526290893555
30,2,5,64,-81,81,0,0.336125612258911,1,1,-1,-1,0.202312469482422
30,2,5,65,-3,3,1,0.452632665634155,-1,-1,1,1,0.0861256122589111
30,2,5,66,-9,9,0,0.535806655883789,-1,1,-1,-1,0.202632665634155
30,2,5,67,81,81,1,0.434749603271484,-1,-1,1,-1,0.285806655883789
30,2,5,68,0,0,1,0.585500955581665,1,1,-1,-1,0.184749603271484
30,2,5,72,81,81,1,0.317795515060425,-1,-1,1,1,0.552552700042725
30,2,5,73,-0,0,1,0.568535089492798,1,1,-1,-1,0.0677955150604248
30,2,5,74,81,81,1,0.434967994689941,-1,1,1,1,0.318535089492798
30,2,5,75,81,81,1,0.500926494598389,1,1,1,-1,0.184967994689941
30,2,5,76,0,0,1,0.635647773742676,1,1,1,1,0.250926494598389
30,2,5,77,-9,9,0,0.402652978897095,1,1,1,1,0.385647773742676
30,2,5,78,-81,81,0,0.368737459182739,-1,-1,1,1,0.152652978897095
30,2,5,79,-3,3,0,0.317821502685547,-1,-1,-1,-1,0.118737459182739
30,2,5,80,-81,81,0,0.269312143325806,-1,-1,-1,-1,0.0678215026855469
30,2,5,81,-9,9,0,0.284313201904297,-1,-1,-1,-1,0.0193121433258057
30,2,5,82,27,27,1,0.417185544967651,-1,-1,-1,-1,0.0343132019042969
30,2,5,83,27,27,1,0.519278526306152,1,1,-1,-1,0.167185544967651
30,2,5,84,3,3,1,0.367167949676514,1,1,1,1,0.269278526306152
30,2,5,85,81,81,1,0.419406890869141,1,1,1,1,0.117167949676514
30,2,5,86,-81,81,0,0.368665456771851,1,1,1,1,0.169406890869141
30,2,5,87,9,9,1,0.419074058532715,-1,-1,1,1,0.118665456771851
30,2,5,88,-9,9,0,0.484569072723389,1,1,-1,-1,0.169074058532715
30,2,5,89,3,3,1,0.402831554412842,-1,-1,1,1,0.234569072723389
30,2,5,90,0,0,0,0.351166486740112,1,1,-1,-1,0.152831554412842
30,2,5,91,-27,27,0,0.635987520217896,1,-1,1,1,0.101166486740112
30,2,5,92,27,27,1,0.535492420196533,-1,-1,-1,1,0.385987520217896
30,2,5,93,27,27,1,0.402630567550659,1,1,-1,-1,0.285492420196533
30,2,5,94,-9,9,1,0.284463167190552,1,1,1,1,0.152630567550659
30,2,5,95,-3,3,0,0.65179443359375,-1,1,1,1,0.0344631671905518
30,2,5,96,-27,27,0,0.38530158996582,-1,-1,1,-1,0.40179443359375
30,2,5,97,3,3,1,0.667772769927979,-1,-1,-1,-1,0.13530158996582
30,2,5,98,-0,0,1,0.451158046722412,1,1,-1,-1,0.417772769927979
30,2,5,99,27,27,1,0.418660402297974,-1,1,1,1,0.201158046722412
30,2,6,3,81,81,1,0.401129961013794,1,1,1,1,0.235907793045044
30,2,6,4,-27,27,0,0.267666339874268,1,1,1,1,0.151129961013794
30,2,6,5,-0,0,1,0.269185781478882,-1,-1,1,1,0.0176663398742676
30,2,6,6,-9,9,0,0.285327911376953,-1,1,-1,-1,0.0191857814788818
30,2,6,7,-81,81,0,0.400959968566895,-1,-1,1,-1,0.0353279113769531
30,2,6,8,-81,81,0,0.36919903755188,-1,-1,-1,-1,0.150959968566895
30,2,6,9,-81,81,0,0.302092552185059,-1,-1,-1,-1,0.11919903755188
30,2,6,10,-3,3,1,0.351104021072388,-1,-1,-1,-1,0.0520925521850586
30,2,6,11,-3,3,0,0.434449672698975,-1,1,-1,-1,0.101104021072388
30,2,6,12,-27,27,0,0.334459066390991,-1,-1,1,-1,0.184449672698975
30,2,6,13,-81,81,0,0.452808856964111,-1,-1,-1,-1,0.0844590663909912
30,2,6,14,-81,81,0,0.352356195449829,-1,-1,-1,-1,0.202808856964111
30,2,6,15,-0,0,1,0.584359884262085,-1,-1,-1,-1,0.102356195449829
30,2,6,16,-81,81,0,0.401143312454224,-1,1,-1,-1,0.334359884262085
30,2,6,17,9,9,1,0.285442113876343,-1,-1,1,-1,0.151143312454224
30,2,6,18,3,3,1,0.569272041320801,1,1,-1,-1,0.0354421138763428
30,2,6,19,81,81,1,0.450927734375,1,1,1,1,0.319272041320801
30,2,6,20,0,0,1,0.567785739898682,1,1,1,1,0.200927734375
30,2,6,21,81,81,1,0.402470350265503,1,1,1,1,0.317785739898682
30,2,6,22,81,81,1,0.335617780685425,1,1,1,1,0.152470350265503
30,2,6,23,9,9,1,0.317788362503052,1,1,1,1,0.0856177806854248
30,2,6,27,81,81,1,0.250984907150269,1,1,1,1,0.351421117782593
30,2,6,28,9,9,1,0.401021957397461,1,1,1,1,0.000984907150268555
30,2,6,29,0,0,1,0.319101810455322,1,1,1,1,0.151021957397461
30,2,6,30,81,81,1,0.317723274230957,1,1,1,1,0.0691018104553223
30,2,6,31,0,0,1,0.569118976593018,1,1,1,1,0.067723274230957
30,2,6,32,3,3,1,0.268584489822388,1,1,1,1,0.319118976593018
30,2,6,33,27,27,1,0.319389820098877,1,1,1,1,0.0185844898223877
30,2,6,34,9,9,1,0.267617464065552,1,1,1,1,0.069389820098877
30,2,6,35,81,81,1,0.436025857925415,1,1,1,1,0.0176174640655518
30,2,6,36,-27,27,0,0.368893623352051,1,1,1,1,0.186025857925415
30,2,6,37,-3,3,0,0.352443933486938,-1,-1,1,1,0.118893623352051
30,2,6,38,-27,27,0,0.268757104873657,-1,-1,-1,-1,0.102443933486938
30,2,6,39,-27,27,0,0.269393444061279,-1,-1,-1,-1,0.0187571048736572
30,2,6,40,-0,0,1,0.334353685379028,-1,-1,-1,-1,0.0193934440612793
30,2,6,41,-3,3,0,0.38477635383606,-1,1,-1,-1,0.0843536853790283
30,2,6,42,-9,9,1,0.367920160293579,-1,-1,1,-1,0.13477635383606
30,2,6,46,3,3,1,0.484664440155029,-1,-1,-1,-1,0.218634128570557
30,2,6,50,-9,9,0,0.418919563293457,1,1,1,1,0.184417247772217
30,2,6,51,81,81,1,0.56840991973877,-1,-1,1,1,0.168919563293457
30,2,6,52,9,9,1,0.252487421035767,1,1,-1,-1,0.31840991973877
30,2,6,53,9,9,1,0.252305507659912,1,1,1,1,0.0024874210357666
30,2,6,54,-9,9,0,0.417913198471069,1,1,1,1,0.00230550765991211
30,2,6,55,-0,0,1,0.300477027893066,-1,-1,1,1,0.167913198471069
30,2,6,60,-81,81,0,0.351254224777222,-1,-1,1,-1,0.268786907196045
30,2,6,61,-9,9,1,0.417786836624146,-1,-1,-1,-1,0.101254224777222
30,2,6,65,3,3,1,0.417150020599365,1,1,1,1,0.219446182250977
30,2,6,66,-27,27,0,0.300509929656982,1,1,1,1,0.167150020599365
30,2,6,70,-9,9,0,0.535554170608521,-1,-1,1,-1,0.0850298404693604
30,2,6,71,-81,81,0,0.501542329788208,-1,-1,-1,-1,0.285554170608521
30,2,6,72,81,81,1,0.351138114929199,-1,-1,-1,-1,0.251542329788208
30,2,6,73,27,27,1,0.319437503814697,1,1,-1,-1,0.101138114929199
30,2,6,74,3,3,1,0.535914182662964,1,1,1,1,0.0694375038146973
30,2,6,75,-3,3,0,0.368083953857422,1,1,1,1,0.285914182662964
30,2,6,79,-0,0,0,0.534678936004639,-1,-1,1,-1,0.0845375061035156
30,2,6,80,-27,27,0,0.33597993850708,-1,-1,-1,-1,0.284678936004639
30,2,6,81,81,81,1,0.352502584457397,-1,-1,-1,-1,0.0859799385070801
30,2,6,82,0,0,0,0.469316244125366,1,1,-1,-1,0.102502584457397
30,2,6,83,-27,27,0,0.400940179824829,1,-1,1,1,0.219316244125366
30,2,6,84,-3,3,1,0.269307613372803,-1,-1,-1,1,0.150940179824829
30,2,6,85,-3,3,1,0.369227170944214,-1,1,-1,-1,0.0193076133728027
30,2,6,89,-3,3,1,0.51850414276123,-1,-1,-1,-1,0.269274711608887
30,2,6,90,81,81,1,0.419068098068237,-1,1,-1,-1,0.26850414276123
30,2,6,91,3,3,1,0.65190315246582,1,1,1,-1,0.169068098068237
30,2,6,92,-3,3,0,0.386146783828735,1,1,1,1,0.40190315246582
30,2,6,93,-9,9,0,0.267607450485229,-1,-1,1,1,0.136146783828735
30,2,6,94,-3,3,1,0.467631101608276,-1,-1,-1,-1,0.0176074504852295
30,2,6,95,-27,27,0,0.301991939544678,-1,1,-1,-1,0.217631101608276
30,2,6,96,27,27,1,0.284399032592773,-1,-1,1,-1,0.0519919395446777
30,2,6,97,27,27,1,0.369232892990112,1,1,-1,-1,0.0343990325927734
30,2,6,98,9,9,1,0.283822298049927,1,1,1,1,0.119232892990112
30,3,1,2,-0,0,1,0.585008382797241,1,-1,1,1,0.685034275054932
30,3,1,3,27,27,1,0.567642450332642,-1,1,-1,1,0.335008382797241
30,3,1,4,-9,9,1,0.700519323348999,1,1,1,-1,0.317642450332642
30,3,1,5,81,81,1,0.733806371688843,-1,1,1,1,0.450519323348999
30,3,1,6,-27,27,0,0.583878517150879,1,1,1,-1,0.483806371688843
30,3,1,7,81,81,1,0.583886623382568,-1,-1,1,1,0.333878517150879
30,3,1,8,-3,3,0,0.652039527893066,1,1,-1,-1,0.333886623382568
30,3,1,9,81,81,1,0.617947340011597,-1,-1,1,1,0.402039527893066
30,3,1,10,-9,9,0,0.483914375305176,1,1,-1,-1,0.367947340011597
30,3,1,11,-27,27,0,0.517155170440674,-1,-1,1,1,0.233914375305176
30,3,1,12,9,9,1,0.567220449447632,-1,-1,-1,-1,0.267155170440674
30,3,1,13,-27,27,0,0.450534343719482,1,1,-1,-1,0.317220449447632
30,3,1,14,27,27,1,0.550989389419556,-1,-1,1,1,0.200534343719482
30,3,1,15,9,9,0,0.567230224609375,1,1,-1,-1,0.300989389419556
30,3,1,16,-81,81,0,0.600988388061523,1,-1,1,1,0.317230224609375
30,3,1,17,-0,0,1,0.700530290603638,-1,-1,-1,1,0.350988388061523
30,3,1,18,81,81,1,0.600864171981812,-1,1,-1,-1,0.450530290603638
30,3,1,19,-27,27,0,0.55101203918457,1,1,1,-1,0.350864171981812
30,3,1,20,-3,3,1,0.534406185150146,-1,-1,1,1,0.30101203918457
30,3,1,21,9,9,0,0.750546216964722,-1,1,-1,-1,0.284406185150146
30,3,1,22,27,27,1,0.633831262588501,1,-1,1,-1,0.500546216964722
30,3,1,23,-27,27,0,0.517199277877808,1,1,-1,1,0.383831262588501
30,3,1,24,81,81,1,0.533838987350464,-1,-1,1,1,0.267199277877808
30,3,1,25,27,27,1,0.53386402130127,1,1,-1,-1,0.283838987350464
30,3,1,26,27,27,1,0.583884239196777,1,1,1,1,0.28386402130127
30,3,1,27,-3,3,0,0.550532102584839,1,1,1,1,0.333884239196777
30,3,1,28,-27,27,0,0.567261219024658,-1,-1,1,1,0.300532102584839
30,3,1,29,27,27,1,0.36716890335083,-1,-1,-1,-1,0.317261219024658
30,3,1,30,-9,9,0,0.601522445678711,1,1,-1,-1,0.11716890335083
30,3,1,31,-27,27,0,0.451614618301392,-1,-1,1,1,0.351522445678711
30,3,1,32,-9,9,0,0.300548315048218,-1,-1,-1,-1,0.201614618301392
30,3,1,33,9,9,1,0.717243671417236,-1,-1,-1,-1,0.0505483150482178
30,3,1,34,-3,3,0,0.767210960388184,1,1,-1,-1,0.467243671417236
30,3,1,35,9,9,1,0.617198467254639,-1,-1,1,1,0.517210960388184
30,3,1,36,-3,3,0,0.267192602157593,1,1,-1,-1,0.367198467254639
30,3,1,37,9,9,1,0.367173194885254,-1,-1,1,1,0.0171926021575928
30,3,1,38,-81,81,0,0.583890676498413,1,1,-1,-1,0.117173194885254
30,3,1,39,0,0,1,0.567612171173096,-1,-1,1,1,0.333890676498413
30,3,1,40,-3,3,0,0.634257793426514,1,1,-1,-1,0.317612171173096
30,3,1,41,81,81,1,0.517985820770264,-1,-1,1,1,0.384257793426514
30,3,1,42,-81,81,0,0.517683744430542,1,1,-1,-1,0.267985820770264
30,3,1,43,27,27,1,0.518337488174438,-1,-1,1,1,0.267683744430542
30,3,1,44,-3,3,0,0.600547313690186,1,1,-1,-1,0.268337488174438
30,3,1,45,3,3,1,0.400924444198608,-1,-1,1,1,0.350547313690186
30,3,1,46,3,3,1,0.417211771011353,1,1,-1,-1,0.150924444198608
30,3,1,47,-9,9,0,0.434289932250977,1,1,1,1,0.167211771011353
30,3,1,48,81,81,1,0.500925064086914,-1,-1,1,1,0.184289932250977
30,3,1,49,-81,81,0,0.533901214599609,1,1,-1,-1,0.250925064086914
30,3,1,50,81,81,1,0.517241239547729,-1,-1,1,1,0.283901214599609
30,3,1,51,-0,0,0,0.4176926612854,1,1,-1,-1,0.267241239547729
30,3,1,52,0,0,1,0.633880376815796,-1,-1,1,1,0.1676926612854
30,3,1,53,-9,9,1,0.634259939193726,1,1,-1,-1,0.383880376815796
30,3,1,54,0,0,0,0.684880018234253,-1,1,1,1,0.384259939193726
30,3,1,55,-81,81,0,0.534281253814697,1,-1,1,-1,0.434880018234253
30,3,1,56,-27,27,0,0.667662382125854,-1,-1,-1,1,0.284281253814697
30,3,1,57,0,0,0,0.484509468078613,-1,-1,-1,-1,0.417662382125854
30,3,1,58,-9,9,0,0.601023197174072,1,-1,-1,-1,0.234509468078613
30,3,1,59,9,9,1,0.517661333084106,-1,-1,-1,1,0.351023197174072
30,3,1,60,-9,9,0,0.367255449295044,1,1,-1,-1,0.267661333084106
30,3,1,61,-0,0,1,0.434813737869263,-1,-1,1,1,0.117255449295044
30,3,1,62,3,3,1,0.584277868270874,-1,1,-1,-1,0.184813737869263
30,3,1,63,-3,3,1,0.534271478652954,1,1,1,-1,0.334277868270874
30,3,1,64,81,81,1,0.534525871276855,-1,1,1,1,0.284271478652954
30,3,1,65,-27,27,0,0.485232591629028,1,1,1,-1,0.284525871276855
30,3,1,66,3,3,1,0.434308290481567,-1,-1,1,1,0.235232591629028
30,3,1,67,-81,81,0,0.600504636764526,1,1,-1,-1,0.184308290481567
30,3,1,68,-0,0,1,0.367166757583618,-1,-1,1,1,0.350504636764526
30,3,1,69,-27,27,0,0.600557327270508,-1,1,-1,-1,0.117166757583618
30,3,1,70,9,9,1,0.500559568405151,-1,-1,1,-1,0.350557327270508
30,3,1,71,-3,3,1,0.717244625091553,1,1,-1,-1,0.250559568405151
30,3,1,72,0,0,1,0.583857536315918,-1,1,1,1,0.467244625091553
30,3,1,73,-9,9,0,0.850546360015869,1,1,1,-1,0.333857536315918
30,3,1,74,3,3,1,0.45054030418396,-1,-1,1,1,0.600546360015869
30,3,1,75,-81,81,0,0.500506639480591,1,1,-1,-1,0.20054030418396
30,3,1,76,9,9,1,0.450529813766479,-1,-1,1,1,0.250506639480591
30,3,1,77,9,9,1,0.500926733016968,1,1,-1,-1,0.200529813766479
30,3,1,78,-3,3,1,0.484312534332275,1,1,1,1,0.250926733016968
30,3,1,79,3,3,1,0.533815145492554,-1,1,1,1,0.234312534332275
30,3,1,80,-27,27,0,0.433875560760498,1,1,1,-1,0.283815145492554
30,3,1,81,3,3,1,0.434373378753662,-1,-1,1,1,0.183875560760498
30,3,1,82,81,81,1,0.517150163650513,1,1,-1,-1,0.184373378753662
30,3,1,83,-27,27,0,0.534359455108643,1,1,1,1,0.267150163650513
30,3,1,84,81,81,1,0.501033306121826,-1,-1,1,1,0.284359455108643
30,3,1,85,-81,81,0,0.500500202178955,1,1,-1,-1,0.251033306121826
30,3,1,86,81,81,1,0.350577592849731,-1,-1,1,1,0.250500202178955
30,3,1,87,-9,9,0,0.533867359161377,1,1,-1,-1,0.100577592849731
30,3,1,88,27,27,1,0.50049901008606,-1,-1,1,1,0.283867359161377
30,3,1,89,-3,3,1,0.700932502746582,1,1,-1,-1,0.25049901008606
30,3,1,90,-9,9,1,0.517224550247192,-1,1,1,1,0.450932502746582
30,3,1,91,0,0,1,0.90053653717041,-1,1,1,-1,0.267224550247192
30,3,1,92,27,27,1,0.250986814498901,1,1,1,-1,0.65053653717041
30,3,1,93,27,27,1,0.500545263290405,1,1,1,1,0.000986814498901367
30,3,1,94,-3,3,0,0.700505018234253,1,1,1,1,0.250545263290405
30,3,1,95,81,81,1,0.567838430404663,-1,-1,1,1,0.450505018234253
30,3,1,96,-3,3,0,0.301721096038818,1,1,-1,-1,0.317838430404663
30,3,1,97,81,81,1,0.533885478973389,-1,-1,1,1,0.0517210960388184
30,3,1,98,-3,3,1,0.617177963256836,1,1,-1,-1,0.283885478973389
30,3,1,99,3,3,1,0.783833980560303,-1,1,1,1,0.367177963256836
30,3,2,2,9,9,1,0.317175388336182,-1,-1,-1,-1,0.317829608917236
30,3,2,3,-27,27,0,0.583847999572754,1,1,-1,-1,0.0671753883361816
30,3,2,4,-3,3,1,0.401017427444458,-1,-1,1,1,0.333847999572754
30,3,2,5,-27,27,0,0.333874225616455,-1,1,-1,-1,0.151017427444458
30,3,2,6,27,27,1,0.55048942565918,-1,-1,1,-1,0.0838742256164551
30,3,2,7,9,9,1,0.517279386520386,1,1,-1,-1,0.30048942565918
30,3,2,8,9,9,1,0.350525140762329,1,1,1,1,0.267279386520386
30,3,2,9,9,9,1,0.583854913711548,1,1,1,1,0.100525140762329
30,3,2,10,3,3,1,0.552475214004517,1,1,1,1,0.333854913711548
30,3,2,11,9,9,1,0.500503063201904,1,1,1,1,0.302475214004517
30,3,2,12,81,81,1,0.550962209701538,1,1,1,1,0.250503063201904
30,3,2,13,-9,9,0,0.250993013381958,1,1,1,1,0.300962209701538
30,3,2,14,9,9,1,0.31719708442688,-1,-1,1,1,0.000993013381958008
30,3,2,15,-27,27,0,0.334278106689453,1,1,-1,-1,0.0671970844268799
30,3,2,16,9,9,1,0.384911775588989,-1,-1,1,1,0.0842781066894531
30,3,2,17,27,27,1,0.483894109725952,1,1,-1,-1,0.134911775588989
30,3,2,18,27,27,1,0.517193078994751,1,1,1,1,0.233894109725952
30,3,2,19,-81,81,0,0.517651319503784,1,1,1,1,0.267193078994751
30,3,2,20,9,9,1,0.418869256973267,-1,-1,1,1,0.267651319503784
30,3,2,21,-81,81,0,0.434334278106689,1,1,-1,-1,0.168869256973267
30,3,2,22,-3,3,1,0.517178297042847,-1,-1,1,1,0.184334278106689
30,3,2,23,-3,3,1,0.517236232757568,-1,1,-1,-1,0.267178297042847
30,3,2,24,3,3,1,0.550528287887573,-1,1,1,-1,0.267236232757568
30,3,2,25,-27,27,0,0.317180156707764,1,1,1,-1,0.300528287887573
30,3,2,26,3,3,1,0.284325122833252,-1,-1,1,1,0.0671801567077637
30,3,2,27,0,0,1,0.551001071929932,1,1,-1,-1,0.034325122833252
30,3,2,28,-81,81,0,0.485351324081421,1,1,1,1,0.301001071929932
30,3,2,29,3,3,1,0.51766037940979,-1,-1,1,1,0.235351324081421
30,3,2,30,-9,9,0,0.600914001464844,1,1,-1,-1,0.26766037940979
30,3,2,31,27,27,1,0.417157888412476,-1,-1,1,1,0.350914001464844
30,3,2,32,27,27,1,0.334317445755005,1,1,-1,-1,0.167157888412476
30,3,2,33,-27,27,0,0.517208814620972,1,1,1,1,0.0843174457550049
30,3,2,34,81,81,1,0.501154184341431,-1,-1,1,1,0.267208814620972
30,3,2,35,-81,81,0,0.600522041320801,1,1,-1,-1,0.251154184341431
30,3,2,36,-3,3,1,0.517275333404541,-1,-1,1,1,0.350522041320801
30,3,2,37,-81,81,0,0.483896493911743,-1,1,-1,-1,0.267275333404541
30,3,2,38,9,9,1,0.483891725540161,-1,-1,1,-1,0.233896493911743
30,3,2,39,-81,81,0,0.517166376113892,1,1,-1,-1,0.233891725540161
30,3,2,40,27,27,1,0.351025104522705,-1,-1,1,1,0.267166376113892
30,3,2,41,-0,0,1,0.567179441452026,1,1,-1,-1,0.101025104522705
30,3,2,42,3,3,1,0.501542091369629,-1,1,1,1,0.317179441452026
30,3,2,43,9,9,1,0.400548458099365,1,1,1,-1,0.251542091369629
30,3,2,44,-3,3,1,0.55098032951355,1,1,1,1,0.150548458099365
30,3,2,45,3,3,0,0.550988435745239,-1,1,1,1,0.30098032951355
30,3,2,46,3,3,1,0.468019485473633,1,-1,1,-1,0.300988435745239
30,3,2,47,81,81,1,0.517654657363892,1,1,-1,1,0.218019485473633
30,3,2,48,-0,0,0,0.567142009735107,1,1,1,1,0.267654657363892
30,3,2,49,-3,3,1,0.45056939125061,-1,-1,1,1,0.317142009735107
30,3,2,50,-27,27,0,0.45053768157959,-1,1,-1,-1,0.20056939125061
30,3,2,51,81,81,1,0.384315252304077,-1,-1,1,-1,0.20053768157959
30,3,2,52,27,27,1,0.434340476989746,1,1,-1,-1,0.134315252304077
30,3,2,53,81,81,1,0.550998687744141,1,1,1,1,0.184340476989746
30,3,2,54,-3,3,1,0.533884286880493,1,1,1,1,0.300998687744141
30,3,2,55,0,0,0,0.517188549041748,-1,1,1,1,0.283884286880493
30,3,2,56,-81,81,0,0.48389744758606,1,-1,1,-1,0.267188549041748
30,3,2,57,81,81,1,0.400509357452393,-1,-1,-1,1,0.23389744758606
30,3,2,58,-0,0,1,0.633861303329468,1,1,-1,-1,0.150509357452393
30,3,2,59,-0,0,1,0.717203140258789,-1,1,1,1,0.383861303329468
30,3,2,60,-9,9,0,0.551175594329834,-1,1,1,-1,0.467203140258789
30,3,2,61,81,81,1,0.500986576080322,-1,-1,1,-1,0.301175594329834
30,3,2,62,3,3,1,0.5171799659729,1,1,-1,-1,0.250986576080322
30,3,2,63,0,0,1,0.350530624389648,1,1,1,1,0.2671799659729
30,3,2,64,3,3,1,0.533818960189819,1,1,1,1,0.100530624389648
30,3,2,65,81,81,1,0.58388352394104,1,1,1,1,0.283818960189819
30,3,2,66,27,27,1,0.400973558425903,1,1,1,1,0.33388352394104
30,3,2,70,-9,9,0,0.817138195037842,1,1,1,-1,0.534275770187378
30,3,2,71,27,27,1,0.450576543807983,-1,-1,1,1,0.567138195037842
30,3,2,72,-3,3,1,0.483828783035278,1,1,-1,-1,0.200576543807983
30,3,2,73,3,3,1,0.71714973449707,-1,1,1,1,0.233828783035278
30,3,2,74,-9,9,0,0.383808612823486,1,1,1,-1,0.46714973449707
30,3,2,75,0,0,1,0.267212390899658,-1,-1,1,1,0.133808612823486
30,3,2,76,9,9,1,0.283918619155884,1,1,-1,-1,0.0172123908996582
30,3,2,77,9,9,1,0.550557136535645,1,1,1,1,0.0339186191558838
30,3,2,78,3,3,1,0.300920963287354,1,1,1,1,0.300557136535645
30,3,2,79,-3,3,1,0.434335231781006,1,1,1,1,0.0509209632873535
30,3,2,80,27,27,1,0.350926160812378,-1,1,1,1,0.184335231781006
30,3,2,81,-0,0,1,0.700561285018921,1,1,1,-1,0.100926160812378
30,3,2,82,-9,9,0,0.267237901687622,-1,1,1,1,0.450561285018921
30,3,2,83,-9,9,0,0.400512933731079,-1,-1,1,-1,0.0172379016876221
30,3,2,84,-81,81,0,0.517205476760864,-1,-1,-1,-1,0.150512933731079
30,3,2,85,-81,81,0,0.434307813644409,-1,-1,-1,-1,0.267205476760864
30,3,2,86,-27,27,0,0.467230319976807,-1,-1,-1,-1,0.184307813644409
30,3,2,87,3,3,1,0.35056734085083,-1,-1,-1,-1,0.217230319976807
30,3,2,88,-27,27,0,0.251029253005981,1,1,-1,-1,0.10056734085083
30,3,2,89,3,3,1,0.435272932052612,-1,-1,1,1,0.00102925300598145
30,3,2,90,-81,81,0,0.517164468765259,1,1,-1,-1,0.185272932052612
30,3,2,91,9,9,1,0.317608118057251,-1,-1,1,1,0.267164468765259
30,3,2,92,81,81,1,0.517181873321533,1,1,-1,-1,0.067608118057251
30,3,2,93,-9,9,0,0.683825254440308,1,1,1,1,0.267181873321533
30,3,2,94,0,0,1,0.350576400756836,-1,-1,1,1,0.433825254440308
30,3,2,95,81,81,1,0.550546407699585,1,1,-1,-1,0.100576400756836
30,3,2,96,-27,27,0,0.384369373321533,1,1,1,1,0.300546407699585
30,3,2,97,81,81,1,0.383876323699951,-1,-1,1,1,0.134369373321533
30,3,2,98,-27,27,0,0.350507020950317,1,1,-1,-1,0.133876323699951
30,3,2,99,-81,81,0,0.501027584075928,-1,-1,1,1,0.100507020950317
30,3,3,2,3,3,1,0.5838303565979,-1,-1,1,1,0.251225709915161
30,3,3,3,27,27,1,0.43384838104248,1,1,-1,-1,0.3338303565979
30,3,3,4,9,9,1,0.400521278381348,1,1,1,1,0.18384838104248
30,3,3,5,9,9,1,0.367209434509277,1,1,1,1,0.150521278381348
30,3,3,6,81,81,1,0.651002407073975,1,1,1,1,0.117209434509277
30,3,3,7,81,81,1,0.46726131439209,1,1,1,1,0.401002407073975
30,3,3,8,81,81,1,0.483875274658203,1,1,1,1,0.21726131439209
30,3,3,9,81,81,1,0.500558376312256,1,1,1,1,0.233875274658203
30,3,3,10,-9,9,0,0.650550365447998,1,1,1,1,0.250558376312256
30,3,3,11,-9,9,0,0.384315252304077,-1,-1,1,1,0.400550365447998
30,3,3,12,-3,3,1,0.417639255523682,-1,-1,-1,-1,0.134315252304077
30,3,3,13,81,81,1,0.467227220535278,-1,1,-1,-1,0.167639255523682
30,3,3,14,0,0,1,0.433932542800903,1,1,1,-1,0.217227220535278
30,3,3,15,9,9,1,0.48424220085144,1,1,1,1,0.183932542800903
30,3,3,16,9,9,1,0.534265041351318,1,1,1,1,0.23424220085144
30,3,3,17,27,27,1,0.617171287536621,1,1,1,1,0.284265041351318
30,3,3,18,9,9,1,0.334320545196533,1,1,1,1,0.367171287536621
30,3,3,19,-27,27,0,0.317162275314331,1,1,1,1,0.0843205451965332
30,3,3,20,-3,3,1,0.950543403625488,-1,-1,1,1,0.0671622753143311
30,3,3,21,3,3,0,0.600545406341553,-1,1,-1,-1,0.700543403625488
30,3,3,22,-27,27,0,0.652345418930054,1,-1,1,-1,0.350545406341553
30,3,3,23,-9,9,1,0.500536680221558,-1,-1,-1,1,0.402345418930054
30,3,3,24,-81,81,0,0.500534296035767,-1,1,-1,-1,0.250536680221558
30,3,3,25,-81,81,0,0.367189168930054,-1,-1,1,-1,0.250534296035767
30,3,3,26,-3,3,0,0.650550365447998,-1,-1,-1,-1,0.117189168930054
30,3,3,27,9,9,1,0.300976276397705,-1,-1,-1,-1,0.400550365447998
30,3,3,28,-81,81,0,0.334272861480713,1,1,-1,-1,0.0509762763977051
30,3,3,29,-9,9,1,0.60051417350769,-1,-1,1,1,0.0842728614807129
30,3,3,30,-9,9,0,0.501150369644165,-1,1,-1,-1,0.35051417350769
30,3,3,31,3,3,1,0.617178201675415,-1,-1,1,-1,0.251150369644165
30,3,3,32,9,9,1,0.550985813140869,1,1,-1,-1,0.367178201675415
30,3,3,33,3,3,1,0.484341382980347,1,1,1,1,0.300985813140869
30,3,3,34,0,0,1,0.500625133514404,1,1,1,1,0.234341382980347
30,3,3,35,27,27,1,0.467240333557129,1,1,1,1,0.250625133514404
30,3,3,36,81,81,0,0.600993156433105,1,1,1,1,0.217240333557129
30,3,3,37,9,9,1,0.384327173233032,1,-1,1,1,0.350993156433105
30,3,3,38,81,81,1,0.383878469467163,1,1,-1,1,0.134327173233032
30,3,3,39,3,3,1,0.317977428436279,1,1,1,1,0.133878469467163
30,3,3,40,81,81,1,0.333893299102783,1,1,1,1,0.0679774284362793
30,3,3,41,0,0,1,0.450549364089966,1,1,1,1,0.0838932991027832
30,3,3,42,0,0,1,0.433830261230469,1,1,1,1,0.200549364089966
30,3,3,43,-27,27,0,0.367239236831665,1,1,1,1,0.183830261230469
30,3,3,44,-3,3,0,0.450513124465942,-1,-1,1,1,0.117239236831665
30,3,3,45,-27,27,0,0.334432363510132,-1,-1,-1,-1,0.200513124465942
30,3,3,46,81,81,1,0.483855724334717,-1,-1,-1,-1,0.0844323635101318
30,3,3,47,9,9,1,0.284324169158936,1,1,-1,-1,0.233855724334717
30,3,3,51,81,81,1,0.817670583724976,1,1,1,1,0.250561237335205
30,3,3,52,0,0,1,0.483829021453857,1,1,1,1,0.567670583724976
30,3,3,53,81,81,1,0.501001596450806,1,1,1,1,0.233829021453857
30,3,3,54,9,9,1,0.417661666870117,1,1,1,1,0.251001596450806
30,3,3,55,27,27,1,0.450490474700928,1,1,1,1,0.167661666870117
30,3,3,56,0,0,1,0.48435640335083,1,1,1,1,0.200490474700928
30,3,3,57,27,27,1,0.417639493942261,1,1,1,1,0.23435640335083
30,3,3,58,3,3,0,0.584632158279419,1,1,1,1,0.167639493942261
30,3,3,59,27,27,1,0.334326267242432,1,-1,1,1,0.334632158279419
30,3,3,60,27,27,1,0.450546503067017,1,1,-1,1,0.0843262672424316
30,3,3,61,27,27,1,0.333910703659058,1,1,1,1,0.200546503067017
30,3,3,62,3,3,1,0.417673587799072,1,1,1,1,0.0839107036590576
30,3,3,63,3,3,1,0.317206621170044,1,1,1,1,0.167673587799072
30,3,3,64,81,81,1,0.417145252227783,1,1,1,1,0.0672066211700439
30,3,3,65,0,0,1,0.417217969894409,1,1,1,1,0.167145252227783
30,3,3,69,27,27,1,0.450515985488892,1,1,1,1,0.0517823696136475
30,3,3,70,-3,3,0,0.284481287002563,1,1,1,1,0.200515985488892
30,3,3,71,-3,3,1,0.333876371383667,-1,-1,1,1,0.0344812870025635
30,3,3,72,9,9,1,0.700549364089966,-1,1,-1,-1,0.083876371383667
30,3,3,73,0,0,1,0.684289455413818,1,1,1,-1,0.450549364089966
30,3,3,74,9,9,1,0.450527429580688,1,1,1,1,0.434289455413818
30,3,3,75,0,0,1,0.450506687164307,1,1,1,1,0.200527429580688
30,3,3,76,-9,9,0,0.517625093460083,1,1,1,1,0.200506687164307
30,3,3,77,-3,3,1,0.518721580505371,-1,-1,1,1,0.267625093460083
30,3,3,78,9,9,1,0.300935983657837,-1,1,-1,-1,0.268721580505371
30,3,3,79,3,3,1,0.700508117675781,1,1,1,-1,0.0509359836578369
30,3,3,80,81,81,1,0.43431830406189,1,1,1,1,0.450508117675781
30,3,3,81,3,3,1,0.650545120239258,1,1,1,1,0.18431830406189
30,3,3,82,81,81,1,0.40099835395813,1,1,1,1,0.400545120239258
30,3,3,86,9,9,1,0.500503063201904,1,1,1,1,0.283859968185425
30,3,3,93,-81,81,0,0.451023578643799,-1,-1,1,1,0.250510454177856
30,3,3,94,-81,81,1,0.584343910217285,-1,-1,-1,-1,0.201023578643799
30,3,3,95,27,27,1,0.300585269927979,-1,1,-1,-1,0.334343910217285
30,3,3,96,3,3,1,0.434398412704468,1,1,1,-1,0.0505852699279785
30,3,3,97,0,0,0,0.334278345108032,1,1,1,1,0.184398412704468
30,3,3,98,0,0,1,0.350550413131714,1,-1,1,1,0.0842783451080322
30,3,3,99,3,3,1,0.567222595214844,1,1,-1,1,0.100550413131714
30,3,4,2,9,9,0,0.933872938156128,1,1,-1,-1,0.251280784606934
30,3,4,3,9,9,0,0.633834362030029,1,-1,1,1,0.683872938156128
30,3,4,4,27,27,1,0.517589092254639,1,-1,-1,1,0.383834362030029
30,3,4,5,3,3,1,0.61724591255188,1,1,-1,1,0.267589092254639
30,3,4,6,9,9,1,0.417211294174194,1,1,1,1,0.36724591255188
30,3,4,7,27,27,1,0.251007318496704,1,1,1,1,0.167211294174194
30,3,4,8,3,3,0,0.918680429458618,1,1,1,1,0.0010073184967041
30,3,4,9,-27,27,0,0.283901214599609,1,-1,1,1,0.668680429458618
30,3,4,10,-9,9,1,1.00098276138306,-1,-1,-1,1,0.0339012145996094
30,3,4,11,81,81,1,0.417174100875854,-1,1,-1,-1,0.750982761383057
30,3,4,12,-0,0,1,0.483832120895386,1,1,1,-1,0.167174100875854
30,3,4,13,-3,3,0,0.48380708694458,-1,1,1,1,0.233832120895386
30,3,4,14,-27,27,0,0.383844375610352,-1,-1,1,-1,0.23380708694458
30,3,4,15,-81,81,0,0.334315299987793,-1,-1,-1,-1,0.133844375610352
30,3,4,16,9,9,1,0.28569221496582,-1,-1,-1,-1,0.084315299987793
30,3,4,17,81,81,1,0.41722846031189,1,1,-1,-1,0.0356922149658203
30,3,4,21,-81,81,0,0.301857471466064,-1,-1,-1,-1,0.183841228485107
30,3,4,22,-3,3,0,0.317654371261597,-1,-1,-1,-1,0.0518574714660645
30,3,4,23,9,9,1,0.283895254135132,-1,-1,-1,-1,0.0676543712615967
30,3,4,24,3,3,1,0.717694759368896,1,1,-1,-1,0.0338952541351318
30,3,4,25,81,81,1,0.467230319976807,1,1,1,1,0.467694759368896
30,3,4,26,-3,3,0,0.468105316162109,1,1,1,1,0.217230319976807
30,3,4,27,3,3,1,0.267178058624268,-1,-1,1,1,0.218105316162109
30,3,4,28,9,9,0,0.368133306503296,1,1,-1,-1,0.0171780586242676
30,3,4,29,81,81,1,0.351914405822754,1,-1,1,1,0.118133306503296
30,3,4,33,3,3,0,0.667188405990601,-1,1,1,1,0.450564622879028
30,3,4,34,27,27,1,0.750992774963379,1,-1,1,-1,0.417188405990601
30,3,4,35,-9,9,1,0.283910512924194,1,1,-1,1,0.500992774963379
30,3,4,36,-27,27,0,0.500539302825928,-1,1,1,1,0.0339105129241943
30,3,4,37,-9,9,0,0.467612981796265,-1,-1,1,-1,0.250539302825928
30,3,4,38,-27,27,0,0.417191028594971,-1,-1,-1,-1,0.217612981796265
30,3,4,42,0,0,0,0.285257339477539,1,1,1,1,0.35051703453064
30,3,4,43,0,0,1,0.417164325714111,1,-1,1,1,0.0352573394775391
30,3,4,44,0,0,1,0.417163610458374,1,1,-1,1,0.167164325714111
30,3,4,45,-3,3,1,0.650981664657593,1,1,1,1,0.167163610458374
30,3,4,46,0,0,0,0.567667484283447,-1,1,1,1,0.400981664657593
30,3,4,47,-9,9,0,0.401244640350342,1,-1,1,-1,0.317667484283447
30,3,4,48,-3,3,0,0.784419775009155,-1,-1,-1,1,0.151244640350342
30,3,4,49,9,9,1,0.417173147201538,-1,-1,-1,-1,0.534419775009155
30,3,4,50,-3,3,1,0.533805131912231,1,1,-1,-1,0.167173147201538
30,3,4,51,0,0,0,0.583893537521362,-1,1,1,1,0.283805131912231
30,3,4,52,9,9,1,0.600550413131714,1,-1,1,-1,0.333893537521362
30,3,4,53,-9,9,0,0.367665529251099,1,1,-1,1,0.350550413131714
30,3,4,54,3,3,0,0.617663621902466,-1,-1,1,1,0.117665529251099
30,3,4,55,-3,3,1,0.25096607208252,1,-1,-1,-1,0.367663621902466
30,3,4,56,81,81,1,0.500502824783325,-1,1,-1,1,0.000966072082519531
30,3,4,57,27,27,1,0.417601346969604,1,1,1,-1,0.250502824783325
30,3,4,58,9,9,1,0.433860540390015,1,1,1,1,0.167601346969604
30,3,4,59,3,3,1,0.483883857727051,1,1,1,1,0.183860540390015
30,3,4,60,27,27,1,0.251029253005981,1,1,1,1,0.233883857727051
30,3,4,61,-81,81,0,0.317650556564331,1,1,1,1,0.00102925300598145
30,3,4,62,0,0,1,0.567177772521973,-1,-1,1,1,0.0676505565643311
30,3,4,63,3,3,1,0.400483131408691,1,1,-1,-1,0.317177772521973
30,3,4,64,0,0,1,0.533873319625854,1,1,1,1,0.150483131408691
30,3,4,65,3,3,1,0.500504970550537,1,1,1,1,0.283873319625854
30,3,4,66,-81,81,0,0.417215347290039,1,1,1,1,0.250504970550537
30,3,4,70,9,9,1,0.467662572860718,1,1,1,1,0.333859920501709
30,3,4,71,-27,27,0,0.250991582870483,1,1,1,1,0.217662572860718
30,3,4,75,-9,9,0,0.80054759979248,-1,1,1,1,0.383883237838745
30,3,4,76,0,0,1,0.533870458602905,-1,-1,1,-1,0.55054759979248
30,3,4,77,-81,81,0,0.634306669235229,1,1,-1,-1,0.283870458602905
30,3,4,78,0,0,1,0.667181491851807,-1,-1,1,1,0.384306669235229
30,3,4,79,-27,27,0,0.733884811401367,1,1,-1,-1,0.417181491851807
30,3,4,80,-3,3,1,0.367771148681641,-1,-1,1,1,0.483884811401367
30,3,4,81,-27,27,0,0.317832708358765,-1,1,-1,-1,0.117771148681641
30,3,4,82,81,81,1,0.617218017578125,-1,-1,1,-1,0.0678327083587646
30,3,4,83,27,27,1,0.68430757522583,1,1,-1,-1,0.367218017578125
30,3,4,84,81,81,1,0.483843088150024,1,1,1,1,0.43430757522583
30,3,4,85,27,27,1,0.583811283111572,1,1,1,1,0.233843088150024
30,3,4,86,3,3,1,0.583873510360718,1,1,1,1,0.333811283111572
30,3,4,90,27,27,1,0.500527858734131,-1,-1,-1,-1,0.233869314193726
30,3,4,91,9,9,1,0.567659616470337,1,1,-1,-1,0.250527858734131
30,3,4,92,9,9,1,0.585026979446411,1,1,1,1,0.317659616470337
30,3,4,93,-0,0,1,0.5020432472229,1,1,1,1,0.335026979446411
30,3,4,97,-81,81,0,0.567176342010498,1,1,-1,1,0.133899927139282
30,3,4,98,27,27,1,0.50052547454834,-1,-1,1,1,0.317176342010498
30,3,4,99,-81,81,0,0.267659902572632,1,1,-1,-1,0.25052547454834
30,3,5,2,9,9,1,0.583895683288574,1,1,-1,-1,0.150784015655518
30,3,5,6,-81,81,0,0.600546360015869,-1,-1,-1,-1,0.35049843788147
30,3,5,7,-3,3,1,0.634877443313599,-1,-1,-1,-1,0.350546360015869
30,3,5,8,-0,0,1,0.834346532821655,-1,1,-1,-1,0.384877443313599
30,3,5,9,-0,0,1,0.633845329284668,-1,1,1,-1,0.584346532821655
30,3,5,10,-27,27,0,0.551430225372314,-1,1,1,-1,0.383845329284668
30,3,5,11,81,81,1,0.483835935592651,-1,-1,1,-1,0.301430225372314
30,3,5,12,81,81,1,0.517210721969604,1,1,-1,-1,0.233835935592651
30,3,5,13,9,9,1,0.550500154495239,1,1,1,1,0.267210721969604
30,3,5,14,27,27,1,0.550954580307007,1,1,1,1,0.300500154495239
30,3,5,15,81,81,1,0.934341430664062,1,1,1,1,0.300954580307007
30,3,5,16,9,9,1,0.600513219833374,1,1,1,1,0.684341430664062
30,3,5,17,0,0,0,1.05050945281982,1,1,1,1,0.350513219833374
30,3,5,18,27,27,1,0.551011323928833,1,-1,1,1,0.800509452819824
30,3,5,19,-27,27,0,0.517171382904053,1,1,-1,1,0.301011323928833
30,3,5,20,-3,3,1,0.617212295532227,-1,-1,1,1,0.267171382904053
30,3,5,21,-81,81,0,0.518368482589722,-1,1,-1,-1,0.367212295532227
30,3,5,22,-3,3,1,0.450971126556396,-1,-1,1,-1,0.268368482589722
30,3,5,23,-3,3,0,0.600493431091309,-1,1,-1,-1,0.200971126556396
30,3,5,24,-9,9,0,0.8843092918396,-1,-1,1,-1,0.350493431091309
30,3,5,25,-27,27,0,0.517680168151855,-1,-1,-1,-1,0.6343092918396
30,3,5,26,-27,27,0,0.400524139404297,-1,-1,-1,-1,0.267680168151855
30,3,5,27,3,3,1,0.767581939697266,-1,-1,-1,-1,0.150524139404297
30,3,5,28,81,81,1,0.550529956817627,1,1,-1,-1,0.517581939697266
30,3,5,29,0,0,1,0.750509262084961,1,1,1,1,0.300529956817627
30,3,5,30,-3,3,1,0.450547218322754,1,1,1,1,0.500509262084961
30,3,5,31,-27,27,0,0.517195224761963,-1,1,1,1,0.200547218322754
30,3,5,32,-3,3,1,0.917169809341431,-1,-1,1,-1,0.267195224761963
30,3,5,33,9,9,0,0.684383630752563,-1,1,-1,-1,0.667169809341431
30,3,5,34,-3,3,0,0.383867979049683,1,-1,1,-1,0.434383630752563
30,3,5,35,-3,3,0,1.00208973884583,-1,-1,-1,1,0.133867979049683
30,3,5,36,-81,81,0,0.533840656280518,-1,-1,-1,-1,0.752089738845825
30,3,5,37,-81,81,0,0.500520467758179,-1,-1,-1,-1,0.283840656280518
30,3,5,38,-9,9,0,0.768102645874023,-1,-1,-1,-1,0.250520467758179
30,3,5,39,-3,3,1,0.567209482192993,-1,-1,-1,-1,0.518102645874023
30,3,5,40,-3,3,0,0.701638460159302,-1,1,-1,-1,0.317209482192993
30,3,5,41,27,27,1,0.600580215454102,-1,-1,1,-1,0.451638460159302
30,3,5,42,9,9,1,0.4004967212677,1,1,-1,-1,0.350580215454102
30,3,5,43,3,3,1,0.450947523117065,1,1,1,1,0.1504967212677
30,3,5,44,-81,81,0,0.468395233154297,1,1,1,1,0.200947523117065
30,3,5,45,-0,0,1,0.56760311126709,-1,-1,1,1,0.218395233154297
30,3,5,46,-27,27,0,0.467172384262085,-1,1,-1,-1,0.31760311126709
30,3,5,47,27,27,1,0.450513601303101,-1,-1,1,-1,0.217172384262085
30,3,5,48,0,0,1,0.400921821594238,1,1,-1,-1,0.200513601303101
30,3,5,49,81,81,1,0.400620698928833,1,1,1,1,0.150921821594238
30,3,5,50,9,9,1,0.518087863922119,1,1,1,1,0.150620698928833
30,3,5,51,9,9,1,0.383893013000488,1,1,1,1,0.268087863922119
30,3,5,52,81,81,1,0.43381929397583,1,1,1,1,0.133893013000488
30,3,5,53,-3,3,0,0.517604827880859,1,1,1,1,0.18381929397583
30,3,5,54,-27,27,0,0.483856439590454,-1,-1,1,1,0.267604827880859
30,3,5,55,-27,27,0,0.350959777832031,-1,-1,-1,-1,0.233856439590454
30,3,5,56,0,0,1,0.450515985488892,-1,-1,-1,-1,0.100959777832031
30,3,5,57,-27,27,1,0.633896112442017,1,1,-1,-1,0.200515985488892
30,3,5,58,-81,81,0,0.45094108581543,-1,1,1,1,0.383896112442017
30,3,5,59,-3,3,1,0.317598819732666,-1,-1,1,-1,0.20094108581543
30,3,5,60,-81,81,0,0.317667245864868,-1,1,-1,-1,0.067598819732666
30,3,5,61,-27,27,0,0.267585277557373,-1,-1,1,-1,0.0676672458648682
30,3,5,62,-3,3,0,0.600548267364502,-1,-1,-1,-1,0.017585277557373
30,3,5,63,-3,3,1,0.550562858581543,-1,-1,-1,-1,0.350548267364502
30,3,5,64,81,81,1,0.517209053039551,-1,1,-1,-1,0.300562858581543
30,3,5,65,9,9,1,0.667164087295532,1,1,1,-1,0.267209053039551
30,3,5,66,3,3,1,0.500517129898071,1,1,1,1,0.417164087295532
30,3,5,67,-81,81,0,0.71767520904541,1,1,1,1,0.250517129898071
30,3,5,68,-9,9,1,0.400609254837036,-1,-1,1,1,0.46767520904541
30,3,5,69,-27,27,0,0.400978565216064,-1,1,-1,-1,0.150609254837036
30,3,5,70,27,27,1,0.467620372772217,-1,-1,1,-1,0.150978565216064
30,3,5,71,3,3,1,0.434754848480225,1,1,-1,-1,0.217620372772217
30,3,5,72,81,81,1,0.367167472839355,1,1,1,1,0.184754848480225
30,3,5,73,-9,9,0,0.60099983215332,1,1,1,1,0.117167472839355
30,3,5,74,27,27,1,0.500548601150513,-1,-1,1,1,0.35099983215332
30,3,5,75,27,27,1,0.350557327270508,1,1,-1,-1,0.250548601150513
30,3,5,76,81,81,1,0.483906745910645,1,1,1,1,0.100557327270508
30,3,5,77,-9,9,0,0.467224359512329,1,1,1,1,0.233906745910645
30,3,5,78,-0,0,1,0.450939178466797,-1,-1,1,1,0.217224359512329
30,3,5,79,0,0,1,0.367231607437134,-1,1,-1,-1,0.200939178466797
30,3,5,80,9,9,1,0.450940847396851,1,1,1,-1,0.117231607437134
30,3,5,81,-3,3,0,0.383851766586304,1,1,1,1,0.200940847396851
30,3,5,82,9,9,1,0.250945091247559,-1,-1,1,1,0.133851766586304
30,3,5,83,81,81,1,0.500973463058472,1,1,-1,-1,0.000945091247558594
30,3,5,84,9,9,1,0.501628160476685,1,1,1,1,0.250973463058472
30,3,5,85,-9,9,0,0.350541353225708,1,1,1,1,0.251628160476685
30,3,5,86,-27,27,0,0.383884191513062,-1,-1,1,1,0.100541353225708
30,3,5,87,-3,3,1,0.317614316940308,-1,-1,-1,-1,0.133884191513062
30,3,5,88,81,81,1,0.417219877243042,-1,1,-1,-1,0.0676143169403076
30,3,5,89,27,27,1,0.517217397689819,1,1,1,-1,0.167219877243042
30,3,5,90,81,81,1,0.350968599319458,1,1,1,1,0.267217397689819
30,3,5,91,-27,27,0,0.383827209472656,1,1,1,1,0.100968599319458
30,3,5,92,-9,9,0,0.55049991607666,-1,-1,1,1,0.133827209472656
30,3,5,93,-0,0,1,0.334376811981201,-1,-1,-1,-1,0.30049991607666
30,3,5,94,3,3,1,0.284265995025635,-1,1,-1,-1,0.0843768119812012
30,3,5,95,81,81,1,0.400942325592041,1,1,1,-1,0.0342659950256348
30,3,5,96,9,9,1,0.417232513427734,1,1,1,1,0.150942325592041
30,3,5,97,9,9,1,0.501138210296631,1,1,1,1,0.167232513427734
30,3,5,98,9,9,1,0.467614650726318,1,1,1,1,0.251138210296631
30,3,5,99,-0,0,0,0.651103496551514,1,1,1,1,0.217614650726318
30,3,6,2,-0,0,0,0.651467084884644,1,1,1,-1,0.217910528182983
30,3,6,3,81,81,1,0.467212200164795,-1,-1,1,1,0.401467084884644
30,3,6,4,-27,27,0,0.334435224533081,1,1,-1,-1,0.217212200164795
30,3,6,5,81,81,1,0.350958108901978,-1,-1,1,1,0.0844352245330811
30,3,6,6,-0,0,1,0.383831262588501,1,1,-1,-1,0.100958108901978
30,3,6,7,9,9,1,0.517674207687378,-1,1,1,1,0.133831262588501
30,3,6,8,9,9,1,0.451017379760742,1,1,1,-1,0.267674207687378
30,3,6,9,-9,9,0,0.25095796585083,1,1,1,1,0.201017379760742
30,3,6,10,9,9,1,0.451826333999634,-1,-1,1,1,0.000957965850830078
30,3,6,11,-27,27,0,0.500498294830322,1,1,-1,-1,0.201826333999634
30,3,6,12,81,81,1,0.367166042327881,-1,-1,1,1,0.250498294830322
30,3,6,13,-9,9,0,0.384429216384888,1,1,-1,-1,0.117166042327881
30,3,6,14,81,81,1,0.434512138366699,-1,-1,1,1,0.134429216384888
30,3,6,15,-9,9,0,0.834314346313477,1,1,-1,-1,0.184512138366699
30,3,6,19,-3,3,1,0.400555849075317,1,1,-1,-1,0.283894300460815
30,3,6,20,81,81,1,0.501050233840942,-1,1,1,1,0.150555849075317
30,3,6,21,-27,27,0,0.450561285018921,1,1,1,-1,0.251050233840942
30,3,6,22,81,81,1,0.450495481491089,-1,-1,1,1,0.200561285018921
30,3,6,23,-3,3,0,0.450543642044067,1,1,-1,-1,0.200495481491089
30,3,6,24,3,3,0,0.750521183013916,-1,-1,1,1,0.200543642044067
30,3,6,25,-27,27,0,0.45118522644043,1,-1,-1,-1,0.500521183013916
30,3,6,26,81,81,1,0.484328508377075,-1,-1,-1,1,0.20118522644043
30,3,6,27,-0,0,0,0.917659282684326,1,1,-1,-1,0.234328508377075
30,3,6,28,9,9,1,0.617184400558472,-1,-1,1,1,0.667659282684326
30,3,6,29,-27,27,0,0.467674255371094,1,1,-1,-1,0.367184400558472
30,3,6,30,3,3,1,0.334328174591064,-1,-1,1,1,0.217674255371094
30,3,6,31,9,9,1,0.534328699111938,1,1,-1,-1,0.0843281745910645
30,3,6,32,9,9,1,0.467230796813965,1,1,1,1,0.284328699111938
30,3,6,33,-9,9,1,0.801010370254517,1,1,1,1,0.217230796813965
30,3,6,34,-81,81,0,0.500987768173218,-1,1,1,1,0.551010370254517
30,3,6,35,27,27,1,0.534348249435425,-1,-1,1,-1,0.250987768173218
30,3,6,36,-3,3,1,0.367210388183594,1,1,-1,-1,0.284348249435425
30,3,6,37,3,3,1,0.550541400909424,-1,1,1,1,0.117210388183594
30,3,6,38,-27,27,0,0.417708873748779,1,1,1,-1,0.300541400909424
30,3,6,39,-3,3,1,0.533814430236816,-1,-1,1,1,0.167708873748779
30,3,6,40,81,81,1,0.50047492980957,-1,1,-1,-1,0.283814430236816
30,3,6,41,-81,81,0,0.384555578231812,1,1,1,-1,0.25047492980957
30,3,6,42,27,27,1,0.550475835800171,-1,-1,1,1,0.134555578231812
30,3,6,43,-0,0,1,0.617163419723511,1,1,-1,-1,0.300475835800171
30,3,6,44,-9,9,0,0.433879613876343,-1,1,1,1,0.367163419723511
30,3,6,45,81,81,1,0.500598430633545,-1,-1,1,-1,0.183879613876343
30,3,6,46,-3,3,1,0.467247486114502,1,1,-1,-1,0.250598430633545
30,3,6,47,9,9,1,0.300957918167114,-1,1,1,1,0.217247486114502
30,3,6,48,-81,81,0,0.533850908279419,1,1,1,-1,0.0509579181671143
30,3,6,49,9,9,1,0.417208433151245,-1,-1,1,1,0.283850908279419
30,3,6,50,-3,3,0,0.684306621551514,1,1,-1,-1,0.167208433151245
30,3,6,51,9,9,1,0.418183326721191,-1,-1,1,1,0.434306621551514
30,3,6,52,81,81,1,0.417630195617676,1,1,-1,-1,0.168183326721191
30,3,6,53,-27,27,0,0.417284488677979,1,1,1,1,0.167630195617676
30,3,6,54,9,9,1,0.500536680221558,-1,-1,1,1,0.167284488677979
30,3,6,55,-81,81,0,0.483824968338013,1,1,-1,-1,0.250536680221558
30,3,6,56,81,81,1,0.300503969192505,-1,-1,1,1,0.233824968338013
30,3,6,57,-81,81,0,0.333892583847046,1,1,-1,-1,0.0505039691925049
30,3,6,58,27,27,1,0.484258890151978,-1,-1,1,1,0.0838925838470459
30,3,6,59,3,3,1,0.583914756774902,1,1,-1,-1,0.234258890151978
30,3,6,60,-9,9,0,0.584289789199829,1,1,1,1,0.333914756774902
30,3,6,61,3,3,1,0.317675113677979,-1,-1,1,1,0.334289789199829
30,3,6,62,-9,9,0,0.567656278610229,1,1,-1,-1,0.0676751136779785
30,3,6,63,9,9,1,0.483903408050537,-1,-1,1,1,0.317656278610229
30,3,6,64,-9,9,0,0.418576002120972,1,1,-1,-1,0.233903408050537
30,3,6,65,3,3,1,0.634967088699341,-1,-1,1,1,0.168576002120972
30,3,6,66,-27,27,0,0.284247398376465,1,1,-1,-1,0.384967088699341
30,3,6,67,9,9,1,0.317211866378784,-1,-1,1,1,0.0342473983764648
30,3,6,68,0,0,1,0.501014232635498,1,1,-1,-1,0.0672118663787842
30,3,6,69,-81,81,0,0.350942850112915,1,1,1,1,0.251014232635498
30,3,6,70,-3,3,0,0.633830308914185,-1,-1,1,1,0.100942850112915
30,3,6,71,-27,27,0,0.535196304321289,-1,-1,-1,-1,0.383830308914185
30,3,6,72,3,3,1,0.417647361755371,-1,-1,-1,-1,0.285196304321289
30,3,6,73,-0,0,0,0.800537824630737,1,1,-1,-1,0.167647361755371
30,3,6,74,-27,27,0,0.550975561141968,-1,-1,1,1,0.550537824630737
30,3,6,75,27,27,1,0.483877658843994,-1,-1,-1,-1,0.300975561141968
30,3,6,76,-27,27,0,0.551002740859985,1,1,-1,-1,0.233877658843994
30,3,6,77,81,81,1,0.533830165863037,-1,-1,1,1,0.301002740859985
30,3,6,78,-3,3,0,0.667163133621216,1,1,-1,-1,0.283830165863037
30,3,6,79,-0,0,1,0.500519990921021,-1,-1,1,1,0.417163133621216
30,3,6,80,3,3,1,0.501010417938232,-1,1,-1,-1,0.250519990921021
30,3,6,81,0,0,1,0.833871603012085,1,1,1,-1,0.251010417938232
30,3,6,82,-0,0,1,0.700934171676636,1,1,1,1,0.583871603012085
30,3,6,83,-3,3,0,0.66767954826355,-1,1,1,1,0.450934171676636
30,3,6,84,27,27,1,0.301311492919922,-1,-1,1,-1,0.41767954826355
30,3,6,85,-81,81,0,0.484252214431763,1,1,-1,-1,0.0513114929199219
30,3,6,86,3,3,0,0.251028299331665,-1,-1,1,1,0.234252214431763
30,3,6,87,-81,81,0,0.317182540893555,1,-1,-1,-1,0.00102829933166504
30,3,6,88,0,0,1,0.483884572982788,-1,-1,-1,1,0.0671825408935547
30,3,6,89,-27,27,1,0.450505018234253,1,1,-1,-1,0.233884572982788
30,3,6,90,27,27,1,0.767659664154053,-1,1,1,1,0.200505018234253
30,3,6,91,-27,27,0,0.417619705200195,1,1,1,-1,0.517659664154053
30,3,6,92,9,9,0,0.950479745864868,-1,-1,1,1,0.167619705200195
30,3,6,93,-27,27,0,0.434263229370117,1,-1,-1,-1,0.700479745864868
30,3,6,94,-81,81,0,0.483863353729248,-1,-1,-1,1,0.184263229370117
30,3,6,95,3,3,1,0.550510406494141,-1,-1,-1,-1,0.233863353729248
30,3,6,96,0,0,1,0.48380708694458,1,1,-1,-1,0.300510406494141
30,3,6,97,-3,3,0,0.867184162139893,1,1,1,1,0.23380708694458
30,3,6,98,27,27,1,0.535488128662109,-1,-1,1,1,0.617184162139893
30,3,6,99,-9,9,1,0.650506019592285,1,1,-1,-1,0.285488128662109
31,1,1,2,9,9,0,0.900490045547485,-1,-1,1,1,0.852722644805908
31,1,1,3,81,81,1,0.884295701980591,1,-1,-1,-1,0.650490045547485
31,1,1,4,9,9,0,0.917639493942261,1,1,-1,1,0.634295701980591
31,1,1,5,-81,81,0,0.835707426071167,1,-1,1,1,0.667639493942261
31,1,1,6,-27,27,0,0.918265819549561,-1,-1,-1,1,0.585707426071167
31,1,1,7,-0,0,0,0.885692596435547,-1,-1,-1,-1,0.668265819549561
31,1,1,8,9,9,0,0.751116991043091,-1,-1,-1,-1,0.635692596435547
31,1,1,9,-81,81,0,0.683831930160522,1,-1,-1,-1,0.501116991043091
31,1,1,10,-9,9,1,0.81875205039978,-1,-1,-1,1,0.433831930160522
31,1,1,11,-81,81,0,0.552043676376343,-1,1,-1,-1,0.56875205039978
31,1,1,12,3,3,0,1.05096769332886,-1,-1,1,-1,0.302043676376343
31,1,1,13,0,0,1,0.852381944656372,1,-1,-1,-1,0.800967693328857
31,1,1,14,0,0,0,0.902316570281982,1,1,-1,1,0.602381944656372
31,1,1,15,-3,3,0,0.817631483078003,1,-1,1,1,0.652316570281982
31,1,1,16,-9,9,0,0.900963544845581,-1,-1,-1,1,0.567631483078003
31,1,1,17,-27,27,0,0.734959363937378,-1,-1,-1,-1,0.650963544845581
31,1,1,18,81,81,1,0.552676916122437,-1,-1,-1,-1,0.484959363937378
31,1,1,19,81,81,1,0.569423913955688,1,1,-1,-1,0.302676916122437
31,1,1,20,-9,9,0,0.701996326446533,1,1,1,1,0.319423913955688
31,1,1,21,-81,81,0,0.819149017333984,-1,-1,1,1,0.451996326446533
31,1,1,22,-0,0,1,0.952333688735962,-1,-1,-1,-1,0.569149017333984
31,1,1,23,-3,3,0,0.602591276168823,-1,1,-1,-1,0.702333688735962
31,1,1,24,0,0,1,0.800498962402344,-1,-1,1,-1,0.352591276168823
31,1,1,25,-0,0,0,0.602428436279297,1,1,-1,-1,0.550498962402344
31,1,1,26,3,3,0,0.767684936523438,-1,-1,1,1,0.352428436279297
31,1,1,27,27,27,1,0.619010448455811,1,-1,-1,-1,0.517684936523438
31,1,1,28,9,9,0,0.985640287399292,1,1,-1,1,0.369010448455811
31,1,1,29,3,3,0,0.783870935440063,1,-1,1,1,0.735640287399292
31,1,1,30,3,3,1,0.551068305969238,1,-1,-1,1,0.533870935440063
31,1,1,31,3,3,0,1.03578305244446,1,1,-1,1,0.301068305969238
31,1,1,32,-3,3,0,1.08598399162292,1,-1,1,1,0.785783052444458
31,1,1,33,9,9,1,0.569311857223511,-1,-1,-1,1,0.835983991622925
31,1,1,34,0,0,1,0.618816614151001,1,1,-1,-1,0.319311857223511
31,1,1,35,81,81,1,0.784294605255127,1,1,1,1,0.368816614151001
31,1,1,36,3,3,1,0.702365636825562,1,1,1,1,0.534294605255127
31,1,1,37,9,9,0,0.650545120239258,1,1,1,1,0.452365636825562
31,1,1,38,27,27,1,0.58436107635498,1,-1,1,1,0.400545120239258
31,1,1,39,3,3,0,0.801018476486206,1,1,-1,1,0.33436107635498
31,1,1,40,-9,9,1,0.751051664352417,1,-1,1,1,0.551018476486206
31,1,1,41,81,81,1,0.585308074951172,-1,1,-1,1,0.501051664352417
31,1,1,42,-9,9,0,0.602744340896606,1,1,1,-1,0.335308074951172
31,1,1,43,27,27,1,0.602711915969849,-1,-1,1,1,0.352744340896606
31,1,1,44,81,81,1,0.600486278533936,1,1,-1,-1,0.352711915969849
31,1,1,45,-9,9,0,0.635810136795044,1,1,1,1,0.350486278533936
31,1,1,46,-27,27,0,0.635549068450928,-1,-1,1,1,0.385810136795044
31,1,1,47,9,9,0,0.801020383834839,-1,-1,-1,-1,0.385549068450928
31,1,1,48,27,27,1,1.05174279212952,1,-1,-1,-1,0.551020383834839
31,1,1,49,3,3,1,0.884324073791504,1,1,-1,1,0.801742792129517
31,1,1,50,27,27,1,0.569323062896729,1,1,1,1,0.634324073791504
31,1,1,51,81,81,1,0.619268178939819,1,1,1,1,0.319323062896729
31,1,1,52,-0,0,0,0.78569769859314,1,1,1,1,0.369268178939819
31,1,1,53,-27,27,0,0.569021940231323,-1,-1,1,1,0.53569769859314
31,1,1,54,3,3,1,0.717166900634766,-1,-1,-1,-1,0.319021940231323
31,1,1,55,9,9,1,0.785956382751465,1,1,-1,-1,0.467166900634766
31,1,1,56,27,27,1,0.567150592803955,1,1,1,1,0.535956382751465
31,1,1,57,-81,81,0,0.518868684768677,1,1,1,1,0.317150592803955
31,1,1,58,27,27,1,1.10248970985413,-1,-1,1,1,0.268868684768677
31,1,1,59,9,9,0,0.800536870956421,1,1,-1,-1,0.852489709854126
31,1,1,60,-81,81,0,0.769323348999023,1,-1,1,1,0.550536870956421
31,1,1,61,81,81,1,0.51908016204834,-1,-1,-1,1,0.519323348999023
31,1,1,62,27,27,1,0.952163934707642,1,1,-1,-1,0.26908016204834
31,1,1,63,-9,9,0,0.783918142318726,1,1,1,1,0.702163934707642
31,1,1,64,-0,0,1,0.668491125106812,-1,-1,1,1,0.533918142318726
31,1,1,65,3,3,1,0.600531339645386,-1,1,-1,-1,0.418491125106812
31,1,1,66,-27,27,0,0.701147317886353,1,1,1,-1,0.350531339645386
31,1,1,67,-27,27,0,0.60095477104187,-1,-1,1,1,0.451147317886353
31,1,1,68,-81,81,0,0.552006006240845,-1,-1,-1,-1,0.35095477104187
31,1,1,69,3,3,1,1.06819009780884,-1,-1,-1,-1,0.302006006240845
31,1,1,70,-27,27,0,0.484431028366089,1,1,-1,-1,0.818190097808838
31,1,1,71,9,9,1,0.569236040115356,-1,-1,1,1,0.234431028366089
31,1,1,72,-9,9,1,0.501978158950806,1,1,-1,-1,0.319236040115356
31,1,1,73,-3,3,0,0.885272979736328,-1,1,1,1,0.251978158950806
31,1,1,74,3,3,0,0.700506210327148,-1,-1,1,-1,0.635272979736328
31,1,1,75,-27,27,0,0.935821056365967,1,-1,-1,-1,0.450506210327148
31,1,1,76,-3,3,1,0.802655220031738,-1,-1,-1,1,0.685821056365967
31,1,1,77,81,81,0,0.550982236862183,-1,1,-1,-1,0.552655220031738
31,1,1,78,-81,81,0,0.519246816635132,1,-1,1,-1,0.300982236862183
31,1,1,79,-27,27,0,0.617212057113647,-1,-1,-1,1,0.269246816635132
31,1,1,83,81,81,1,0.683840036392212,-1,-1,-1,-1,0.384268045425415
31,1,1,84,27,27,1,0.767147302627563,1,1,-1,-1,0.433840036392212
31,1,1,85,9,9,1,0.885873556137085,1,1,1,1,0.517147302627563
31,1,1,86,-3,3,1,0.60050630569458,1,1,1,1,0.635873556137085
31,1,1,87,-3,3,0,1.13379812240601,-1,1,1,1,0.35050630569458
31,1,1,88,9,9,0,0.869262933731079,-1,-1,1,-1,0.883798122406006
31,1,1,89,-9,9,0,0.717714548110962,1,-1,-1,-1,0.619262933731079
31,1,1,90,-9,9,1,1.01899909973145,-1,-1,-1,1,0.467714548110962
31,1,1,91,81,81,1,1.0010941028595,-1,1,-1,-1,0.768999099731445
31,1,1,92,-81,81,0,0.700978517532349,1,1,1,-1,0.751094102859497
31,1,1,93,0,0,1,0.534499168395996,-1,-1,1,1,0.450978517532349
31,1,1,94,3,3,1,0.733816385269165,1,1,-1,-1,0.284499168395996
31,1,1,95,27,27,1,0.735914945602417,1,1,1,1,0.483816385269165
31,1,1,96,3,3,0,0.783825159072876,1,1,1,1,0.485914945602417
31,1,1,97,3,3,1,0.96778416633606,1,-1,1,1,0.533825159072876
31,1,1,98,-27,27,0,0.818696260452271,1,1,-1,1,0.71778416633606
31,1,1,99,27,27,1,0.851963996887207,-1,-1,1,1,0.568696260452271
31,1,2,4,-81,81,0,0.802413702011108,1,-1,-1,-1,0.551107168197632
31,1,2,5,27,27,1,0.852268934249878,-1,-1,-1,1,0.552413702011108
31,1,2,6,-3,3,1,0.383898973464966,1,1,-1,-1,0.602268934249878
31,1,2,7,9,9,1,0.585868835449219,-1,1,1,1,0.133898973464966
31,1,2,8,-3,3,0,0.567863464355469,1,1,1,-1,0.335868835449219
31,1,2,9,-9,9,0,0.567816495895386,-1,-1,1,1,0.317863464355469
31,1,2,10,9,9,1,0.784796476364136,-1,-1,-1,-1,0.317816495895386
31,1,2,11,27,27,1,0.636159896850586,1,1,-1,-1,0.534796476364136
31,1,2,12,0,0,1,0.785253763198853,1,1,1,1,0.386159896850586
31,1,2,13,27,27,1,0.634451627731323,1,1,1,1,0.535253763198853
31,1,2,14,81,81,1,0.633871793746948,1,1,1,1,0.384451627731323
31,1,2,15,-27,27,0,0.551102638244629,1,1,1,1,0.383871793746948
31,1,2,16,27,27,1,0.468985557556152,-1,-1,1,1,0.301102638244629
31,1,2,17,-9,9,1,0.635271787643433,1,1,-1,-1,0.218985557556152
31,1,2,18,27,27,1,0.652304172515869,-1,1,1,1,0.385271787643433
31,1,2,19,-81,81,0,0.56714916229248,1,1,1,-1,0.402304172515869
31,1,2,20,27,27,1,0.633881568908691,-1,-1,1,1,0.31714916229248
31,1,2,21,-9,9,0,0.750533103942871,1,1,-1,-1,0.383881568908691
31,1,2,22,-9,9,1,0.48430061340332,-1,-1,1,1,0.500533103942871
31,1,2,23,3,3,1,0.685828447341919,-1,1,-1,-1,0.23430061340332
31,1,2,24,-27,27,0,0.550509929656982,1,1,1,-1,0.435828447341919
31,1,2,25,-9,9,0,1.01880764961243,-1,-1,1,1,0.300509929656982
31,1,2,26,27,27,1,0.517167091369629,-1,-1,-1,-1,0.768807649612427
31,1,2,27,-81,81,0,0.56719183921814,1,1,-1,-1,0.267167091369629
31,1,2,28,-0,0,0,0.783812522888184,-1,-1,1,1,0.31719183921814
31,1,2,29,0,0,1,0.652668476104736,-1,-1,-1,-1,0.533812522888184
31,1,2,30,27,27,1,0.486109733581543,1,1,-1,-1,0.402668476104736
31,1,2,31,-27,27,0,0.467609882354736,1,1,1,1,0.236109733581543
31,1,2,32,27,27,1,0.469300031661987,-1,-1,1,1,0.217609882354736
31,1,2,33,-9,9,0,0.552356243133545,1,1,-1,-1,0.219300031661987
31,1,2,34,27,27,1,0.517611503601074,-1,-1,1,1,0.302356243133545
31,1,2,35,-81,81,0,0.517612218856812,1,1,-1,-1,0.267611503601074
31,1,2,36,3,3,1,0.567187786102295,-1,-1,1,1,0.267612218856812
31,1,2,37,-9,9,0,0.60197925567627,1,1,-1,-1,0.317187786102295
31,1,2,38,0,0,1,0.90160608291626,-1,-1,1,1,0.35197925567627
31,1,2,39,-3,3,0,0.567167520523071,1,1,-1,-1,0.65160608291626
31,1,2,40,81,81,1,0.60097074508667,-1,-1,1,1,0.317167520523071
31,1,2,41,-27,27,0,0.768633842468262,1,1,-1,-1,0.35097074508667
31,1,2,42,9,9,1,0.533817768096924,-1,-1,1,1,0.518633842468262
31,1,2,43,-3,3,1,0.717386960983276,1,1,-1,-1,0.283817768096924
31,1,2,44,27,27,1,0.36894416809082,-1,1,1,1,0.467386960983276
31,1,2,45,-3,3,0,0.600631952285767,1,1,1,-1,0.11894416809082
31,1,2,46,9,9,0,0.634334564208984,-1,-1,1,1,0.350631952285767
31,1,2,47,-0,0,1,0.852684497833252,1,-1,-1,-1,0.384334564208984
31,1,2,48,3,3,0,0.835534811019897,-1,1,-1,1,0.602684497833252
31,1,2,49,-3,3,0,0.633845090866089,1,-1,1,-1,0.585534811019897
31,1,2,50,-9,9,1,0.517226219177246,-1,-1,-1,1,0.383845090866089
31,1,2,51,81,81,1,0.517660617828369,-1,1,-1,-1,0.267226219177246
31,1,2,52,-9,9,0,0.867144346237183,1,1,1,-1,0.267660617828369
31,1,2,53,81,81,1,0.502539396286011,-1,-1,1,1,0.617144346237183
31,1,2,54,-3,3,0,0.619258165359497,1,1,-1,-1,0.252539396286011
31,1,2,55,81,81,1,0.485667943954468,-1,-1,1,1,0.369258165359497
31,1,2,56,-81,81,0,0.684361219406128,1,1,-1,-1,0.235667943954468
31,1,2,57,0,0,1,0.583804368972778,-1,-1,1,1,0.434361219406128
31,1,2,58,-81,81,0,0.451866865158081,1,1,-1,-1,0.333804368972778
31,1,2,59,27,27,1,0.567182064056396,-1,-1,1,1,0.201866865158081
31,1,2,60,-81,81,0,0.350996255874634,1,1,-1,-1,0.317182064056396
31,1,2,61,0,0,1,0.618744611740112,-1,-1,1,1,0.100996255874634
31,1,2,62,-9,9,0,0.618964195251465,1,1,-1,-1,0.368744611740112
31,1,2,63,81,81,1,0.53381609916687,-1,-1,1,1,0.368964195251465
31,1,2,64,-81,81,0,0.552347183227539,1,1,-1,-1,0.28381609916687
31,1,2,65,9,9,1,0.7020263671875,-1,-1,1,1,0.302347183227539
31,1,2,69,-3,3,0,0.651231527328491,1,1,1,1,0.334322929382324
31,1,2,70,9,9,1,0.602513551712036,-1,-1,1,1,0.401231527328491
31,1,2,71,81,81,1,0.569939136505127,1,1,-1,-1,0.352513551712036
31,1,2,72,-0,0,0,0.733842849731445,1,1,1,1,0.319939136505127
31,1,2,73,9,9,1,0.635980844497681,-1,-1,1,1,0.483842849731445
31,1,2,74,-9,9,1,0.969184160232544,1,1,-1,-1,0.385980844497681
31,1,2,75,-0,0,0,0.718805074691772,-1,1,1,1,0.719184160232544
31,1,2,76,81,81,1,0.535751342773438,-1,-1,1,-1,0.468805074691772
31,1,2,77,-0,0,0,0.952636003494263,1,1,-1,-1,0.285751342773438
31,1,2,78,9,9,1,0.635385036468506,-1,-1,1,1,0.702636003494263
31,1,2,79,-3,3,0,0.68433403968811,1,1,-1,-1,0.385385036468506
31,1,2,80,27,27,1,0.63563346862793,-1,-1,1,1,0.43433403968811
31,1,2,81,-3,3,0,0.901096820831299,1,1,-1,-1,0.38563346862793
31,1,2,82,81,81,1,0.535927295684814,-1,-1,1,1,0.651096820831299
31,1,2,83,-9,9,1,0.885669231414795,1,1,-1,-1,0.285927295684814
31,1,2,84,3,3,0,0.569562196731567,-1,1,1,1,0.635669231414795
31,1,2,85,-81,81,0,0.484373092651367,1,-1,1,-1,0.319562196731567
31,1,2,86,9,9,1,0.618826150894165,-1,-1,-1,1,0.234373092651367
31,1,2,87,27,27,1,0.635241031646729,1,1,-1,-1,0.368826150894165
31,1,2,88,-3,3,0,0.602325201034546,1,1,1,1,0.385241031646729
31,1,2,89,-27,27,0,1.00248837471008,-1,-1,1,1,0.352325201034546
31,1,2,90,81,81,1,0.468512535095215,-1,-1,-1,-1,0.752488374710083
31,1,2,91,3,3,0,0.868449926376343,1,1,-1,-1,0.218512535095215
31,1,2,92,-3,3,0,0.60054612159729,1,-1,1,1,0.618449926376343
31,1,2,93,27,27,1,0.602574110031128,-1,-1,-1,1,0.35054612159729
31,1,2,94,27,27,1,0.618993520736694,1,1,-1,-1,0.352574110031128
31,1,2,95,3,3,0,0.767614841461182,1,1,1,1,0.368993520736694
31,1,2,96,-0,0,1,0.836092948913574,1,-1,1,1,0.517614841461182
31,1,2,97,81,81,1,0.618979930877686,-1,1,-1,1,0.586092948913574
31,1,2,98,3,3,0,0.717185020446777,1,1,1,-1,0.368979930877686
31,1,2,99,-3,3,1,0.686072826385498,1,-1,1,1,0.467185020446777
31,1,3,2,-81,81,0,0.569214582443237,1,1,-1,1,0.735497236251831
31,1,3,3,9,9,0,0.852643013000488,-1,-1,1,1,0.319214582443237
31,1,3,4,-27,27,0,0.417667388916016,1,-1,-1,-1,0.602643013000488
31,1,3,5,3,3,1,0.668673515319824,-1,-1,-1,1,0.167667388916016
31,1,3,6,-3,3,0,0.701052904129028,1,1,-1,-1,0.418673515319824
31,1,3,7,0,0,0,0.885296821594238,-1,-1,1,1,0.451052904129028
31,1,3,8,-9,9,0,0.667773962020874,1,-1,-1,-1,0.635296821594238
31,1,3,9,-27,27,0,0.517712831497192,-1,-1,-1,1,0.417773962020874
31,1,3,10,81,81,1,0.451166152954102,-1,-1,-1,-1,0.267712831497192
31,1,3,11,-81,81,0,0.36761736869812,1,1,-1,-1,0.201166152954102
31,1,3,12,0,0,1,0.700949907302856,-1,-1,1,1,0.11761736869812
31,1,3,13,9,9,0,0.4356689453125,1,1,-1,-1,0.450949907302856
31,1,3,14,-3,3,0,0.73605751991272,1,-1,1,1,0.1856689453125
31,1,3,15,3,3,1,0.517653226852417,-1,-1,-1,1,0.48605751991272
31,1,3,16,-81,81,0,0.518607616424561,1,1,-1,-1,0.267653226852417
31,1,3,17,-27,27,0,0.585613012313843,-1,-1,1,1,0.268607616424561
31,1,3,18,9,9,1,0.583876609802246,-1,-1,-1,-1,0.335613012313843
31,1,3,19,-3,3,1,0.669312238693237,1,1,-1,-1,0.333876609802246
31,1,3,20,3,3,0,0.634470701217651,-1,1,1,1,0.419312238693237
31,1,3,21,-27,27,1,0.78664231300354,1,-1,1,-1,0.384470701217651
31,1,3,22,-27,27,0,0.302050590515137,-1,1,-1,1,0.53664231300354
31,1,3,23,81,81,1,0.584283113479614,-1,-1,1,-1,0.0520505905151367
31,1,3,24,-27,27,0,0.485332727432251,1,1,-1,-1,0.334283113479614
31,1,3,25,3,3,0,0.568801164627075,-1,-1,1,1,0.235332727432251
31,1,3,26,81,81,0,1.23545455932617,1,-1,-1,-1,0.318801164627075
31,1,3,27,-0,0,1,1.43607068061829,1,-1,-1,1,0.985454559326172
31,1,3,28,-81,81,0,0.317636728286743,-1,1,-1,1,1.18607068061829
31,1,3,29,27,27,1,0.484275579452515,-1,-1,1,-1,0.0676367282867432
31,1,3,30,81,81,1,0.417679071426392,1,1,-1,-1,0.234275579452515
31,1,3,31,-27,27,0,0.28427267074585,1,1,1,1,0.167679071426392
31,1,3,32,9,9,1,0.519129276275635,-1,-1,1,1,0.0342726707458496
31,1,3,33,-9,9,0,0.468761205673218,1,1,-1,-1,0.269129276275635
31,1,3,34,81,81,1,0.435936212539673,-1,-1,1,1,0.218761205673218
31,1,3,35,-9,9,0,0.550765514373779,1,1,-1,-1,0.185936212539673
31,1,3,36,3,3,1,0.585355997085571,-1,-1,1,1,0.300765514373779
31,1,3,37,-9,9,0,0.602510213851929,1,1,-1,-1,0.335355997085571
31,1,3,38,81,81,1,0.468944787979126,-1,-1,1,1,0.352510213851929
31,1,3,39,9,9,1,0.783832788467407,1,1,-1,-1,0.218944787979126
31,1,3,40,-9,9,1,0.583952903747559,1,1,1,1,0.533832788467407
31,1,3,41,81,81,1,1.05125188827515,-1,1,1,1,0.333952903747559
31,1,3,42,27,27,1,0.635508060455322,1,1,1,-1,0.801251888275146
31,1,3,43,9,9,1,0.667191743850708,1,1,1,1,0.385508060455322
31,1,3,44,-27,27,0,0.667667865753174,1,1,1,1,0.417191743850708
31,1,3,45,0,0,1,0.668198823928833,-1,-1,1,1,0.417667865753174
31,1,3,46,-81,81,0,0.451578140258789,1,1,-1,-1,0.418198823928833
31,1,3,47,-0,0,1,0.650964498519897,-1,-1,1,1,0.201578140258789
31,1,3,48,27,27,1,0.484395980834961,-1,1,-1,-1,0.400964498519897
31,1,3,52,0,0,0,1.23592042922974,-1,-1,-1,1,0.719279289245605
31,1,3,53,-27,27,0,0.684440851211548,1,-1,-1,-1,0.985920429229736
31,1,3,54,3,3,1,0.73383355140686,-1,-1,-1,1,0.434440851211548
31,1,3,55,-9,9,1,0.968950748443604,1,1,-1,-1,0.48383355140686
31,1,3,56,-81,81,0,0.518478393554688,-1,1,1,1,0.718950748443604
31,1,3,57,-9,9,0,1.11924028396606,-1,-1,1,-1,0.268478393554688
31,1,3,58,9,9,0,0.385499238967896,-1,-1,-1,-1,0.869240283966064
31,1,3,59,27,27,1,0.502324819564819,1,-1,-1,-1,0.135499238967896
31,1,3,60,-3,3,0,0.602321147918701,1,1,-1,1,0.252324819564819
31,1,3,61,3,3,1,0.484322309494019,-1,-1,1,1,0.352321147918701
31,1,3,62,-27,27,0,0.568579912185669,1,1,-1,-1,0.234322309494019
31,1,3,63,-3,3,0,0.600998878479004,-1,-1,1,1,0.318579912185669
31,1,3,64,3,3,0,0.61937403678894,-1,-1,-1,-1,0.350998878479004
31,1,3,65,-9,9,0,0.535406351089478,1,-1,-1,-1,0.36937403678894
31,1,3,66,9,9,0,0.669255256652832,-1,-1,-1,1,0.285406351089478
31,1,3,67,81,81,1,0.417170286178589,1,-1,-1,-1,0.419255256652832
31,1,3,68,-27,27,0,0.434490203857422,1,1,-1,1,0.167170286178589
31,1,3,69,81,81,1,0.36879301071167,-1,-1,1,1,0.184490203857422
31,1,3,70,-27,27,0,0.518817663192749,1,1,-1,-1,0.11879301071167
31,1,3,71,27,27,1,0.751163005828857,-1,-1,1,1,0.268817663192749
31,1,3,72,3,3,0,0.634392738342285,1,1,-1,-1,0.501163005828857
31,1,3,73,81,81,1,0.519059181213379,1,-1,1,1,0.384392738342285
31,1,3,74,-81,81,0,0.268819093704224,1,1,-1,1,0.269059181213379
31,1,3,75,9,9,1,0.569221258163452,-1,-1,1,1,0.0188190937042236
31,1,3,76,-81,81,0,0.484499454498291,1,1,-1,-1,0.319221258163452
31,1,3,77,-3,3,1,0.585258007049561,-1,-1,1,1,0.234499454498291
31,1,3,78,9,9,1,0.5191650390625,-1,1,-1,-1,0.335258007049561
31,1,3,79,-0,0,0,0.434317111968994,1,1,1,-1,0.2691650390625
31,1,3,80,3,3,0,1.35102295875549,-1,-1,1,1,0.184317111968994
31,1,3,81,-3,3,0,0.567625522613525,1,-1,-1,-1,1.10102295875549
31,1,3,82,27,27,1,0.601883411407471,-1,-1,-1,1,0.317625522613525
31,1,3,83,-9,9,0,0.71766996383667,1,1,-1,-1,0.351883411407471
31,1,3,84,81,81,1,0.450498342514038,-1,-1,1,1,0.46766996383667
31,1,3,85,-81,81,0,0.585856914520264,1,1,-1,-1,0.200498342514038
31,1,3,86,27,27,1,0.484720945358276,-1,-1,1,1,0.335856914520264
31,1,3,90,-81,81,0,0.434447288513184,-1,1,-1,1,0.335905075073242
31,1,3,91,27,27,1,0.485753297805786,-1,-1,1,-1,0.184447288513184
31,1,3,92,-0,0,1,0.650984287261963,1,1,-1,-1,0.235753297805786
31,1,3,93,0,0,0,0.467801094055176,-1,1,1,1,0.400984287261963
31,1,3,94,81,81,1,0.585999011993408,1,-1,1,-1,0.217801094055176
31,1,3,95,-27,27,0,0.568614959716797,1,1,-1,1,0.335999011993408
31,1,3,96,-9,9,0,0.700491189956665,-1,-1,1,1,0.318614959716797
31,1,3,97,-9,9,0,0.601123571395874,-1,-1,-1,-1,0.450491189956665
31,1,3,98,-3,3,0,0.418941020965576,-1,-1,-1,-1,0.351123571395874
31,1,3,99,0,0,0,0.417815208435059,-1,-1,-1,-1,0.168941020965576
31,1,4,2,81,81,1,0.568460464477539,1,-1,1,1,0.617404222488403
31,1,4,3,9,9,1,0.869009971618652,1,1,-1,1,0.318460464477539
31,1,4,4,-81,81,0,0.469288110733032,1,1,1,1,0.619009971618652
31,1,4,5,-27,27,0,0.900990724563599,-1,-1,1,1,0.219288110733032
31,1,4,6,9,9,0,0.585448265075684,-1,-1,-1,-1,0.650990724563599
31,1,4,7,-9,9,0,0.486104249954224,1,-1,-1,-1,0.335448265075684
31,1,4,8,-9,9,1,0.400505542755127,-1,-1,-1,1,0.236104249954224
31,1,4,9,3,3,0,0.517176628112793,-1,1,-1,-1,0.150505542755127
31,1,4,10,0,0,1,0.517755031585693,1,-1,1,-1,0.267176628112793
31,1,4,11,-9,9,0,0.469216108322144,1,1,-1,1,0.267755031585693
31,1,4,12,27,27,1,0.319436073303223,-1,-1,1,1,0.219216108322144
31,1,4,13,9,9,0,0.53521990776062,1,1,-1,-1,0.0694360733032227
31,1,4,14,-81,81,0,0.31848931312561,1,-1,1,1,0.28521990776062
31,1,4,15,0,0,0,0.552526235580444,-1,-1,-1,1,0.0684893131256104
31,1,4,16,3,3,0,0.585878849029541,1,-1,-1,-1,0.302526235580444
31,1,4,17,27,27,1,0.269270181655884,1,-1,-1,1,0.335878849029541
31,1,4,18,-0,0,0,0.60270094871521,1,1,-1,1,0.0192701816558838
31,1,4,19,3,3,0,0.634436130523682,-1,-1,1,1,0.35270094871521
31,1,4,20,81,81,1,0.501817941665649,1,-1,-1,-1,0.384436130523682
31,1,4,21,27,27,1,0.535735368728638,1,1,-1,1,0.251817941665649
31,1,4,22,27,27,1,0.402770519256592,1,1,1,1,0.285735368728638
31,1,4,23,3,3,1,0.768078327178955,1,1,1,1,0.152770519256592
31,1,4,24,27,27,1,0.385716676712036,1,1,1,1,0.518078327178955
31,1,4,28,3,3,1,0.350995063781738,-1,-1,1,1,0.452162742614746
31,1,4,29,-0,0,1,0.534285306930542,1,1,-1,-1,0.100995063781738
31,1,4,30,81,81,1,0.502474069595337,-1,1,1,1,0.284285306930542
31,1,4,31,9,9,0,0.951000690460205,1,1,1,-1,0.252474069595337
31,1,4,32,-3,3,0,0.585321187973022,1,-1,1,1,0.701000690460205
31,1,4,33,-27,27,0,0.769084930419922,-1,-1,-1,1,0.335321187973022
31,1,4,34,81,81,1,0.484434843063354,-1,-1,-1,-1,0.519084930419922
31,1,4,35,-27,27,0,0.38579797744751,1,1,-1,-1,0.234434843063354
31,1,4,36,9,9,0,0.533820152282715,-1,-1,1,1,0.13579797744751
31,1,4,37,9,9,1,0.63538384437561,1,-1,-1,-1,0.283820152282715
31,1,4,38,-81,81,0,0.434344530105591,1,1,-1,1,0.38538384437561
31,1,4,39,81,81,1,0.485940217971802,-1,-1,1,1,0.184344530105591
31,1,4,40,3,3,1,0.535778284072876,1,1,-1,-1,0.235940217971802
31,1,4,41,-27,27,0,0.485988140106201,1,1,1,1,0.285778284072876
31,1,4,42,-9,9,1,0.485960960388184,-1,-1,1,1,0.235988140106201
31,1,4,43,3,3,1,0.517160654067993,-1,1,-1,-1,0.235960960388184
31,1,4,44,3,3,0,0.601004123687744,1,1,1,-1,0.267160654067993
31,1,4,45,3,3,1,0.55152416229248,1,-1,1,1,0.351004123687744
31,1,4,46,3,3,1,0.502724409103394,1,1,-1,1,0.30152416229248
31,1,4,47,-0,0,0,0.700996160507202,1,1,1,1,0.252724409103394
31,1,4,48,-3,3,0,0.634300947189331,-1,-1,1,1,0.450996160507202
31,1,4,49,9,9,0,0.768763542175293,-1,-1,-1,-1,0.384300947189331
31,1,4,50,-9,9,1,0.417177677154541,1,-1,-1,-1,0.518763542175293
31,1,4,51,9,9,0,0.785804748535156,-1,1,-1,1,0.167177677154541
31,1,4,52,-3,3,1,0.452744483947754,1,-1,1,-1,0.535804748535156
31,1,4,53,-9,9,1,0.300976037979126,-1,1,-1,1,0.202744483947754
31,1,4,54,27,27,1,0.917633295059204,-1,1,1,-1,0.050976037979126
31,1,4,55,-81,81,0,0.568788051605225,1,1,1,-1,0.667633295059204
31,1,4,56,-9,9,0,0.5691819190979,-1,-1,1,1,0.318788051605225
31,1,4,57,-27,27,0,0.485635757446289,-1,-1,-1,-1,0.3191819190979
31,1,4,58,27,27,1,0.750491142272949,-1,-1,-1,-1,0.235635757446289
31,1,4,59,81,81,1,0.48432445526123,1,1,-1,-1,0.500491142272949
31,1,4,60,-3,3,1,0.619221448898315,1,1,1,1,0.23432445526123
31,1,4,61,-3,3,0,0.700486183166504,-1,1,1,1,0.369221448898315
31,1,4,62,-81,81,0,0.468600988388062,-1,-1,1,-1,0.450486183166504
31,1,4,63,0,0,0,0.8194899559021,-1,-1,-1,-1,0.218600988388062
31,1,4,64,-27,27,0,0.502321004867554,1,-1,-1,-1,0.5694899559021
31,1,4,65,-9,9,0,0.452493190765381,-1,-1,-1,1,0.252321004867554
31,1,4,66,-81,81,0,0.451027154922485,-1,-1,-1,-1,0.202493190765381
31,1,4,67,0,0,1,0.617630004882812,-1,-1,-1,-1,0.201027154922485
31,1,4,68,-3,3,0,0.650963544845581,1,1,-1,-1,0.367630004882812
31,1,4,69,81,81,1,0.535687208175659,-1,-1,1,1,0.400963544845581
31,1,4,70,27,27,1,0.352530241012573,1,1,-1,-1,0.285687208175659
31,1,4,71,-9,9,0,0.768919944763184,1,1,1,1,0.102530241012573
31,1,4,72,0,0,0,0.584259033203125,-1,-1,1,1,0.518919944763184
31,1,4,73,-9,9,0,0.435832023620605,1,-1,-1,-1,0.334259033203125
31,1,4,74,-81,81,0,0.452449083328247,-1,-1,-1,1,0.185832023620605
31,1,4,75,-0,0,0,0.652721643447876,-1,-1,-1,-1,0.202449083328247
31,1,4,76,9,9,1,0.551941394805908,-1,-1,-1,-1,0.402721643447876
31,1,4,77,3,3,0,0.684346199035645,1,1,-1,-1,0.301941394805908
31,1,4,78,-27,27,0,0.835637807846069,1,-1,1,1,0.434346199035645
31,1,4,79,81,81,1,0.468600511550903,-1,-1,-1,1,0.585637807846069
31,1,4,80,-3,3,1,0.43385648727417,1,1,-1,-1,0.218600511550903
31,1,4,81,27,27,1,0.567674160003662,-1,1,1,1,0.18385648727417
31,1,4,82,-27,27,0,0.385004997253418,1,1,1,-1,0.317674160003662
31,1,4,83,-3,3,1,0.701051712036133,-1,-1,1,1,0.135004997253418
31,1,4,84,3,3,1,0.95182204246521,-1,1,-1,-1,0.451051712036133
31,1,4,85,81,81,1,0.383923292160034,1,1,1,-1,0.70182204246521
31,1,4,86,-27,27,0,0.519144296646118,1,1,1,1,0.133923292160034
31,1,4,87,27,27,1,0.619837999343872,-1,-1,1,1,0.269144296646118
31,1,4,88,27,27,1,0.485315322875977,1,1,-1,-1,0.369837999343872
31,1,4,89,-81,81,0,0.485914945602417,1,1,1,1,0.235315322875977
31,1,4,90,9,9,1,0.485814094543457,-1,-1,1,1,0.235914945602417
31,1,4,91,-27,27,0,0.519083976745605,1,1,-1,-1,0.235814094543457
31,1,4,92,-81,81,0,0.500970602035522,-1,-1,1,1,0.269083976745605
31,1,4,93,9,9,1,0.617619037628174,-1,-1,-1,-1,0.250970602035522
31,1,4,94,81,81,1,0.551612138748169,1,1,-1,-1,0.367619037628174
31,1,4,95,81,81,1,0.333852529525757,1,1,1,1,0.301612138748169
31,1,4,96,3,3,1,0.585491418838501,1,1,1,1,0.0838525295257568
31,1,4,97,-27,27,0,0.535802841186523,1,1,1,1,0.335491418838501
31,1,4,98,-9,9,1,0.617148160934448,-1,-1,1,1,0.285802841186523
31,1,4,99,81,81,1,0.500548124313354,-1,1,-1,-1,0.367148160934448
31,1,5,3,-9,9,0,0.567822456359863,1,-1,1,1,0.268614768981934
31,1,5,4,3,3,1,0.501994609832764,-1,-1,-1,1,0.317822456359863
31,1,5,5,9,9,0,0.418097257614136,1,1,-1,-1,0.251994609832764
31,1,5,6,81,81,1,0.335786104202271,1,-1,1,1,0.168097257614136
31,1,5,7,9,9,1,0.401321887969971,1,1,-1,1,0.0857861042022705
31,1,5,8,81,81,1,0.368981599807739,1,1,1,1,0.151321887969971
31,1,5,9,3,3,0,1.16922521591187,1,1,1,1,0.118981599807739
31,1,5,10,3,3,1,0.534347057342529,1,-1,1,1,0.919225215911865
31,1,5,11,-27,27,0,0.567198753356934,1,1,-1,1,0.284347057342529
31,1,5,12,-3,3,1,0.53580641746521,-1,-1,1,1,0.317198753356934
31,1,5,13,-3,3,0,0.602075815200806,-1,1,-1,-1,0.28580641746521
31,1,5,14,81,81,1,0.401984930038452,-1,-1,1,-1,0.352075815200806
31,1,5,15,9,9,1,0.418187141418457,1,1,-1,-1,0.151984930038452
31,1,5,16,27,27,1,0.600976228713989,1,1,1,1,0.168187141418457
31,1,5,17,3,3,1,0.435379266738892,1,1,1,1,0.350976228713989
31,1,5,18,-9,9,0,0.518910646438599,1,1,1,1,0.185379266738892
31,1,5,19,-3,3,1,0.585593461990356,-1,-1,1,1,0.268910646438599
31,1,5,20,9,9,1,0.618680715560913,-1,1,-1,-1,0.335593461990356
31,1,5,21,-81,81,0,0.501521587371826,1,1,1,-1,0.368680715560913
31,1,5,22,-81,81,0,0.500974416732788,-1,-1,1,1,0.251521587371826
31,1,5,23,-9,9,1,0.585381269454956,-1,-1,-1,-1,0.250974416732788
31,1,5,24,-81,81,0,0.485919237136841,-1,1,-1,-1,0.335381269454956
31,1,5,25,3,3,1,0.652531623840332,-1,-1,1,-1,0.235919237136841
31,1,5,26,0,0,1,0.468264102935791,1,1,-1,-1,0.402531623840332
31,1,5,27,-9,9,0,0.517667770385742,1,1,1,1,0.218264102935791
31,1,5,28,-3,3,1,0.735956907272339,-1,-1,1,1,0.267667770385742
31,1,5,29,-81,81,0,0.501049757003784,-1,1,-1,-1,0.485956907272339
31,1,5,30,-0,0,0,0.550977230072021,-1,-1,1,-1,0.251049757003784
31,1,5,31,-0,0,0,0.618809223175049,-1,-1,-1,-1,0.300977230072021
31,1,5,32,-81,81,0,0.484809875488281,-1,-1,-1,-1,0.368809223175049
31,1,5,33,-3,3,1,0.934395313262939,-1,-1,-1,-1,0.234809875488281
31,1,5,34,-27,27,0,0.735283136367798,-1,1,-1,-1,0.684395313262939
31,1,5,35,-27,27,0,0.283865928649902,-1,-1,1,-1,0.485283136367798
31,1,5,36,-3,3,1,0.785388469696045,-1,-1,-1,-1,0.0338659286499023
31,1,5,37,9,9,0,0.402484178543091,-1,1,-1,-1,0.535388469696045
31,1,5,38,27,27,1,0.435573101043701,1,-1,1,-1,0.152484178543091
31,1,5,39,81,81,1,0.602268218994141,1,1,-1,1,0.185573101043701
31,1,5,40,3,3,0,0.484350204467773,1,1,1,1,0.352268218994141
31,1,5,41,27,27,1,0.352031707763672,1,-1,1,1,0.234350204467773
31,1,5,42,-81,81,0,0.433809518814087,1,1,-1,1,0.102031707763672
31,1,5,43,-81,81,0,0.269126653671265,-1,-1,1,1,0.183809518814087
31,1,5,44,-81,81,0,0.419368743896484,-1,-1,-1,-1,0.0191266536712646
31,1,5,45,-0,0,0,0.718636989593506,-1,-1,-1,-1,0.169368743896484
31,1,5,46,-81,81,0,0.284324884414673,-1,-1,-1,-1,0.468636989593506
31,1,5,47,-27,27,0,0.700553417205811,-1,-1,-1,-1,0.0343248844146729
31,1,5,48,-3,3,0,0.501741886138916,-1,-1,-1,-1,0.450553417205811
31,1,5,49,-27,27,0,0.552151441574097,-1,-1,-1,-1,0.251741886138916
31,1,5,50,-81,81,0,0.36862587928772,-1,-1,-1,-1,0.302151441574097
31,1,5,51,-27,27,0,0.633854866027832,-1,-1,-1,-1,0.11862587928772
31,1,5,52,3,3,1,0.335709571838379,-1,-1,-1,-1,0.383854866027832
31,1,5,53,27,27,1,0.518690586090088,1,1,-1,-1,0.0857095718383789
31,1,5,54,9,9,1,0.885759115219116,1,1,1,1,0.268690586090088
31,1,5,55,0,0,0,0.634336948394775,1,1,1,1,0.635759115219116
31,1,5,56,9,9,1,0.484382390975952,1,-1,1,1,0.384336948394775
31,1,5,57,0,0,0,0.386162996292114,1,1,-1,1,0.234382390975952
31,1,5,58,0,0,0,0.584304571151733,1,-1,1,1,0.136162996292114
31,1,5,59,27,27,1,0.583832263946533,1,-1,-1,1,0.334304571151733
31,1,5,60,-81,81,0,0.518652677536011,1,1,-1,1,0.333832263946533
31,1,5,61,-0,0,1,0.717680692672729,-1,-1,1,1,0.268652677536011
31,1,5,62,-9,9,1,0.484577655792236,-1,1,-1,-1,0.467680692672729
31,1,5,63,3,3,1,0.617627859115601,-1,1,1,-1,0.234577655792236
31,1,5,64,-27,27,0,0.319175243377686,1,1,1,-1,0.367627859115601
31,1,5,65,3,3,1,0.550947904586792,-1,-1,1,1,0.0691752433776855
31,1,5,66,9,9,1,0.533921957015991,1,1,-1,-1,0.300947904586792
31,1,5,67,9,9,1,0.835391044616699,1,1,1,1,0.283921957015991
31,1,5,71,81,81,1,0.417175054550171,-1,-1,1,-1,0.583867073059082
31,1,5,72,-81,81,0,0.518642902374268,1,1,-1,-1,0.167175054550171
31,1,5,73,-3,3,0,1.00248026847839,-1,-1,1,1,0.268642902374268
31,1,5,74,-3,3,1,0.552754163742065,-1,-1,-1,-1,0.752480268478394
31,1,5,75,-81,81,0,0.667147159576416,-1,1,-1,-1,0.302754163742065
31,1,5,76,-81,81,0,0.550969839096069,-1,-1,1,-1,0.417147159576416
31,1,5,77,-27,27,0,0.635145664215088,-1,-1,-1,-1,0.300969839096069
31,1,5,78,9,9,0,0.701750993728638,-1,-1,-1,-1,0.385145664215088
31,1,5,79,9,9,1,0.302358150482178,1,-1,-1,-1,0.451750993728638
31,1,5,80,81,81,1,0.967977046966553,1,1,-1,1,0.0523581504821777
31,1,5,81,0,0,1,0.784358739852905,1,1,1,1,0.717977046966553
31,1,5,82,0,0,0,0.451067209243774,1,1,1,1,0.534358739852905
31,1,5,83,27,27,1,0.520241737365723,1,-1,1,1,0.201067209243774
31,1,5,84,9,9,1,0.567176103591919,1,1,-1,1,0.270241737365723
31,1,5,85,9,9,0,0.651138782501221,1,1,1,1,0.317176103591919
31,1,5,86,-27,27,0,0.752482891082764,1,-1,1,1,0.401138782501221
31,1,5,87,-3,3,0,0.336244821548462,-1,-1,-1,1,0.502482891082764
31,1,5,88,-9,9,0,0.752011299133301,-1,-1,-1,-1,0.0862448215484619
31,1,5,89,-27,27,0,0.650527477264404,-1,-1,-1,-1,0.502011299133301
31,1,5,90,-27,27,0,0.602051734924316,-1,-1,-1,-1,0.400527477264404
31,1,5,91,-27,27,0,0.650500535964966,-1,-1,-1,-1,0.352051734924316
31,1,5,92,-9,9,0,0.63565993309021,-1,-1,-1,-1,0.400500535964966
31,1,5,93,-27,27,0,0.617700338363647,-1,-1,-1,-1,0.38565993309021
31,1,5,94,3,3,1,0.818323135375977,-1,-1,-1,-1,0.367700338363647
31,1,5,95,-3,3,1,0.985628128051758,1,1,-1,-1,0.568323135375977
31,1,5,96,27,27,1,0.552677631378174,-1,1,1,1,0.735628128051758
31,1,6,2,-81,81,0,0.401451587677002,1,-1,-1,-1,0.952773094177246
31,1,6,3,-0,0,0,0.467613220214844,-1,-1,-1,1,0.151451587677002
31,1,6,4,-3,3,0,0.635573863983154,-1,-1,-1,-1,0.217613220214844
31,1,6,5,9,9,1,0.500518560409546,-1,-1,-1,-1,0.385573863983154
31,1,6,6,81,81,1,0.568060874938965,1,1,-1,-1,0.250518560409546
31,1,6,7,-3,3,0,0.384332656860352,1,1,1,1,0.318060874938965
31,1,6,8,-27,27,0,0.618942260742188,-1,-1,1,1,0.134332656860352
31,1,6,9,-9,9,1,0.56889796257019,-1,-1,-1,-1,0.368942260742188
31,1,6,10,81,81,1,0.552839994430542,-1,1,-1,-1,0.31889796257019
31,1,6,11,3,3,1,0.602263689041138,1,1,1,-1,0.302839994430542
31,1,6,12,3,3,0,0.600491285324097,1,1,1,1,0.352263689041138
31,1,6,13,27,27,1,0.534215211868286,1,-1,1,1,0.350491285324097
31,1,6,14,3,3,1,0.61887526512146,1,1,-1,1,0.284215211868286
31,1,6,15,0,0,1,0.46861720085144,1,1,1,1,0.36887526512146
31,1,6,16,-81,81,0,0.533822536468506,1,1,1,1,0.21861720085144
31,1,6,17,-81,81,0,0.51766300201416,-1,-1,1,1,0.283822536468506
31,1,6,18,-9,9,1,0.519237756729126,-1,-1,-1,-1,0.26766300201416
31,1,6,19,-27,27,0,0.752710103988647,-1,1,-1,-1,0.269237756729126
31,1,6,20,-3,3,1,0.567801237106323,-1,-1,1,-1,0.502710103988647
31,1,6,21,-27,27,0,0.535895109176636,-1,1,-1,-1,0.317801237106323
31,1,6,22,-9,9,0,0.800948143005371,-1,-1,1,-1,0.285895109176636
31,1,6,23,-3,3,1,0.635885238647461,-1,-1,-1,-1,0.550948143005371
31,1,6,24,27,27,1,0.53532862663269,-1,1,-1,-1,0.385885238647461
31,1,6,25,-9,9,0,0.385859727859497,1,1,1,-1,0.28532862663269
31,1,6,26,-27,27,0,0.602755308151245,-1,-1,1,1,0.135859727859497
31,1,6,27,-3,3,1,0.384345531463623,-1,-1,-1,-1,0.352755308151245
31,1,6,28,-3,3,0,0.369372606277466,-1,1,-1,-1,0.134345531463623
31,1,6,29,-9,9,0,0.535298824310303,-1,-1,1,-1,0.119372606277466
31,1,6,30,-81,81,0,0.535813093185425,-1,-1,-1,-1,0.285298824310303
31,1,6,31,27,27,1,0.619147062301636,-1,-1,-1,-1,0.285813093185425
31,1,6,32,3,3,1,0.533835172653198,1,1,-1,-1,0.369147062301636
31,1,6,33,81,81,1,0.600931167602539,1,1,1,1,0.283835172653198
31,1,6,34,27,27,1,0.700972080230713,1,1,1,1,0.350931167602539
31,1,6,35,-81,81,0,0.485414028167725,1,1,1,1,0.450972080230713
31,1,6,36,-9,9,0,0.534389495849609,-1,-1,1,1,0.235414028167725
31,1,6,37,-3,3,0,0.685428380966187,-1,-1,-1,-1,0.284389495849609
31,1,6,38,-27,27,0,0.585129022598267,-1,-1,-1,-1,0.435428380966187
31,1,6,39,-27,27,0,0.469220876693726,-1,-1,-1,-1,0.335129022598267
31,1,6,40,-9,9,1,0.585752964019775,-1,-1,-1,-1,0.219220876693726
31,1,6,41,-27,27,0,0.552451133728027,-1,1,-1,-1,0.335752964019775
31,1,6,42,-3,3,0,0.55270791053772,-1,-1,1,-1,0.302451133728027
31,1,6,43,9,9,1,0.518872976303101,-1,-1,-1,-1,0.30270791053772
31,1,6,44,-27,27,0,0.450995206832886,1,1,-1,-1,0.268872976303101
31,1,6,45,-3,3,0,0.61893367767334,-1,-1,1,1,0.200995206832886
31,1,6,46,-9,9,1,0.602679967880249,-1,-1,-1,-1,0.36893367767334
31,1,6,47,3,3,0,0.251006841659546,-1,1,-1,-1,0.352679967880249
31,1,6,48,3,3,0,0.551886558532715,1,-1,1,-1,0.0010068416595459
31,1,6,49,27,27,1,0.36764121055603,1,-1,-1,1,0.301886558532715
31,1,6,50,27,27,1,0.38581371307373,1,1,-1,1,0.11764121055603
31,1,6,51,27,27,1,0.567635774612427,1,1,1,1,0.13581371307373
31,1,6,52,-27,27,0,0.367181062698364,1,1,1,1,0.317635774612427
31,1,6,53,-9,9,0,0.485668182373047,-1,-1,1,1,0.117181062698364
31,1,6,54,-27,27,0,0.535604000091553,-1,-1,-1,-1,0.235668182373047
31,1,6,55,-3,3,0,0.534380674362183,-1,-1,-1,-1,0.285604000091553
31,1,6,56,-81,81,0,0.385234832763672,-1,-1,-1,-1,0.284380674362183
31,1,6,57,-9,9,0,0.569202184677124,-1,-1,-1,-1,0.135234832763672
31,1,6,58,-3,3,1,0.819432020187378,-1,-1,-1,-1,0.319202184677124
31,1,6,59,-9,9,0,0.533896923065186,-1,1,-1,-1,0.569432020187378
31,1,6,60,0,0,0,0.533836364746094,-1,-1,1,-1,0.283896923065186
31,1,6,61,9,9,1,0.469118118286133,1,-1,-1,-1,0.283836364746094
31,1,6,62,0,0,0,0.569385051727295,1,1,-1,1,0.219118118286133
31,1,6,63,9,9,0,0.920261144638062,1,-1,1,1,0.319385051727295
31,1,6,64,81,81,1,0.519051790237427,1,-1,-1,1,0.670261144638062
31,1,6,65,81,81,1,0.501088380813599,1,1,-1,1,0.269051790237427
31,1,6,66,-81,81,0,0.502433300018311,1,1,1,1,0.251088380813599
31,1,6,67,-81,81,0,0.484302520751953,-1,-1,1,1,0.252433300018311
31,1,6,68,-0,0,0,0.869159698486328,-1,-1,-1,-1,0.234302520751953
31,1,6,69,81,81,1,0.435750961303711,-1,-1,-1,-1,0.619159698486328
31,1,6,70,-9,9,0,0.434557199478149,1,1,-1,-1,0.185750961303711
31,1,6,71,3,3,0,1.08549165725708,-1,-1,1,1,0.184557199478149
31,1,6,72,81,81,1,0.518492937088013,1,-1,-1,-1,0.83549165725708
31,1,6,73,27,27,1,0.402186155319214,1,1,-1,1,0.268492937088013
31,1,6,74,27,27,1,0.517988204956055,1,1,1,1,0.152186155319214
31,1,6,75,9,9,1,0.701586246490479,1,1,1,1,0.267988204956055
31,1,6,76,81,81,1,0.267612218856812,1,1,1,1,0.451586246490479
31,1,6,77,3,3,1,0.534940719604492,1,1,1,1,0.0176122188568115
31,1,6,78,0,0,0,0.568333864212036,1,1,1,1,0.284940719604492
31,1,6,79,81,81,1,0.300998210906982,1,-1,1,1,0.318333864212036
31,1,6,80,-27,27,0,0.634903907775879,1,1,-1,1,0.0509982109069824
31,1,6,81,-9,9,1,0.534293174743652,-1,-1,1,1,0.384903907775879
31,1,6,82,81,81,1,0.550965070724487,-1,1,-1,-1,0.284293174743652
31,1,6,83,-81,81,0,0.500960826873779,1,1,1,-1,0.300965070724487
31,1,6,84,-81,81,0,0.501030206680298,-1,-1,1,1,0.250960826873779
31,1,6,85,-3,3,0,0.683863162994385,-1,-1,-1,-1,0.251030206680298
31,1,6,86,0,0,0,0.734387874603271,-1,-1,-1,-1,0.433863162994385
31,1,6,87,0,0,0,0.585492134094238,1,-1,-1,-1,0.484387874603271
31,1,6,88,9,9,0,0.352612733840942,1,-1,-1,1,0.335492134094238
31,1,6,89,-0,0,0,0.517615079879761,1,-1,-1,1,0.102612733840942
31,1,6,90,-9,9,0,0.634306669235229,-1,-1,-1,1,0.267615079879761
31,1,6,91,-81,81,0,0.552596092224121,-1,-1,-1,-1,0.384306669235229
31,1,6,92,-27,27,0,0.583807945251465,-1,-1,-1,-1,0.302596092224121
31,1,6,93,27,27,1,0.584292650222778,-1,-1,-1,-1,0.333807945251465
31,1,6,94,9,9,1,0.685863018035889,1,1,-1,-1,0.334292650222778
31,1,6,95,9,9,1,0.484856128692627,1,1,1,1,0.435863018035889
31,1,6,96,0,0,0,0.58605694770813,1,1,1,1,0.234856128692627
31,1,6,97,-3,3,1,0.535531044006348,1,-1,1,1,0.33605694770813
31,1,6,98,-3,3,0,0.567830085754395,-1,1,-1,1,0.285531044006348
31,1,6,99,-81,81,0,0.55096697807312,-1,-1,1,-1,0.317830085754395
31,2,1,2,27,27,1,0.752365827560425,-1,-1,1,1,0.452731132507324
31,2,1,3,-3,3,0,0.517682552337646,1,1,-1,-1,0.502365827560425
31,2,1,4,27,27,1,0.551798105239868,-1,-1,1,1,0.267682552337646
31,2,1,5,-27,27,0,0.469218015670776,1,1,-1,-1,0.301798105239868
31,2,1,6,-27,27,0,0.501739025115967,-1,-1,1,1,0.219218015670776
31,2,1,7,81,81,1,0.569235801696777,-1,-1,-1,-1,0.251739025115967
31,2,1,8,-3,3,0,0.633866548538208,1,1,-1,-1,0.319235801696777
31,2,1,9,0,0,0,0.751104116439819,-1,-1,1,1,0.383866548538208
31,2,1,10,-3,3,0,0.551029443740845,1,-1,-1,-1,0.501104116439819
31,2,1,11,9,9,0,0.518646001815796,-1,-1,-1,1,0.301029443740845
31,2,1,12,81,81,1,0.584678649902344,1,-1,-1,-1,0.268646001815796
31,2,1,13,-3,3,0,0.585544586181641,1,1,-1,1,0.334678649902344
31,2,1,14,81,81,1,0.518600702285767,-1,-1,1,1,0.335544586181641
31,2,1,15,-9,9,1,0.769203424453735,1,1,-1,-1,0.268600702285767
31,2,1,16,3,3,0,0.502086162567139,-1,1,1,1,0.519203424453735
31,2,1,17,-0,0,1,0.48606014251709,1,-1,1,-1,0.252086162567139
31,2,1,18,81,81,1,0.518499612808228,-1,1,-1,1,0.23606014251709
31,2,1,19,-0,0,0,0.535472869873047,1,1,1,-1,0.268499612808228
31,2,1,20,-3,3,0,0.518938064575195,-1,-1,1,1,0.285472869873047
31,2,1,21,81,81,1,0.385754585266113,-1,-1,-1,-1,0.268938064575195
31,2,1,22,-27,27,0,0.502630949020386,1,1,-1,-1,0.135754585266113
31,2,1,23,0,0,1,0.317795991897583,-1,-1,1,1,0.252630949020386
31,2,1,24,-9,9,0,0.518087148666382,1,1,-1,-1,0.067795991897583
31,2,1,25,-9,9,1,0.502162456512451,-1,-1,1,1,0.268087148666382
31,2,1,26,-9,9,0,0.633857250213623,-1,1,-1,-1,0.252162456512451
31,2,1,27,9,9,1,0.585498571395874,-1,-1,1,-1,0.383857250213623
31,2,1,28,27,27,1,0.53524374961853,1,1,-1,-1,0.335498571395874
31,2,1,29,-9,9,1,0.401748895645142,1,1,1,1,0.28524374961853
31,2,1,30,9,9,0,0.701558828353882,-1,1,1,1,0.151748895645142
31,2,1,31,-0,0,0,0.802220106124878,1,-1,1,-1,0.451558828353882
31,2,1,32,3,3,0,0.685251474380493,-1,-1,-1,1,0.552220106124878
31,2,1,33,81,81,1,0.633834362030029,1,-1,-1,-1,0.435251474380493
31,2,1,34,-3,3,0,0.735748529434204,1,1,-1,1,0.383834362030029
31,2,1,35,3,3,1,0.751274824142456,-1,-1,1,1,0.485748529434204
31,2,1,36,-0,0,1,0.533831357955933,1,1,-1,-1,0.501274824142456
31,2,1,37,27,27,1,0.502117156982422,-1,1,1,1,0.283831357955933
31,2,1,41,-3,3,1,0.667189121246338,1,1,-1,-1,0.252201080322266
31,2,1,42,81,81,1,0.517173290252686,-1,1,1,1,0.417189121246338
31,2,1,43,-0,0,0,0.600987911224365,1,1,1,-1,0.267173290252686
31,2,1,44,27,27,0,0.967178106307983,-1,-1,1,1,0.350987911224365
31,2,1,45,-27,27,0,0.584760189056396,1,-1,-1,-1,0.717178106307983
31,2,1,46,3,3,0,0.734990119934082,-1,-1,-1,1,0.334760189056396
31,2,1,47,81,81,1,0.467897891998291,1,-1,-1,-1,0.484990119934082
31,2,1,48,0,0,0,0.569489240646362,1,1,-1,1,0.217897891998291
31,2,1,49,-0,0,0,0.484372138977051,1,-1,1,1,0.319489240646362
31,2,1,50,27,27,1,0.933810234069824,-1,-1,-1,1,0.234372138977051
31,2,1,51,-27,27,0,0.519303560256958,1,1,-1,-1,0.683810234069824
31,2,1,52,81,81,1,0.419044733047485,-1,-1,1,1,0.269303560256958
31,2,1,53,-27,27,0,0.535217761993408,1,1,-1,-1,0.169044733047485
31,2,1,54,-3,3,0,0.669235229492188,-1,-1,1,1,0.285217761993408
31,2,1,55,3,3,1,0.43595290184021,-1,-1,-1,-1,0.419235229492188
31,2,1,56,-27,27,0,0.501019954681396,1,1,-1,-1,0.18595290184021
31,2,1,57,81,81,1,0.335293292999268,-1,-1,1,1,0.251019954681396
31,2,1,58,-81,81,0,0.484282255172729,1,1,-1,-1,0.0852932929992676
31,2,1,59,81,81,1,0.469303846359253,-1,-1,1,1,0.234282255172729
31,2,1,60,-9,9,1,0.784275054931641,1,1,-1,-1,0.219303846359253
31,2,1,61,9,9,1,0.585946559906006,-1,1,1,1,0.534275054931641
31,2,1,62,-27,27,0,0.500557661056519,1,1,1,-1,0.335946559906006
31,2,1,63,9,9,1,0.535236835479736,-1,-1,1,1,0.250557661056519
31,2,1,64,-27,27,0,0.485632419586182,1,1,-1,-1,0.285236835479736
31,2,1,65,9,9,1,0.501445531845093,-1,-1,1,1,0.235632419586182
31,2,1,66,-81,81,0,0.483855724334717,1,1,-1,-1,0.251445531845093
31,2,1,67,-81,81,0,0.418951749801636,-1,-1,1,1,0.233855724334717
31,2,1,68,81,81,1,0.418110609054565,-1,-1,-1,-1,0.168951749801636
31,2,1,69,-3,3,0,0.535135507583618,1,1,-1,-1,0.168110609054565
31,2,1,70,3,3,0,0.835537433624268,-1,-1,1,1,0.285135507583618
31,2,1,71,-0,0,0,0.501763105392456,1,-1,-1,-1,0.585537433624268
31,2,1,72,27,27,1,0.501584053039551,-1,-1,-1,1,0.251763105392456
31,2,1,73,-27,27,0,0.617833137512207,1,1,-1,-1,0.251584053039551
31,2,1,74,3,3,0,0.850502490997314,-1,-1,1,1,0.367833137512207
31,2,1,75,-3,3,0,0.752591371536255,1,-1,-1,-1,0.600502490997314
31,2,1,76,3,3,0,0.5527184009552,-1,-1,-1,1,0.502591371536255
31,2,1,77,-9,9,0,0.618264675140381,1,-1,-1,-1,0.3027184009552
31,2,1,82,81,81,1,0.502485275268555,-1,-1,-1,1,0.568590641021729
31,2,1,83,-9,9,1,0.81885814666748,1,1,-1,-1,0.252485275268555
31,2,1,84,81,81,1,0.517720222473145,-1,1,1,1,0.56885814666748
31,2,1,85,27,27,1,0.385991096496582,1,1,1,-1,0.267720222473145
31,2,1,86,-9,9,0,0.518293380737305,1,1,1,1,0.135991096496582
31,2,1,87,9,9,0,0.71718430519104,-1,-1,1,1,0.268293380737305
31,2,1,88,-81,81,0,0.751829385757446,1,-1,-1,-1,0.46718430519104
31,2,1,89,-9,9,0,0.800530195236206,-1,-1,-1,1,0.501829385757446
31,2,1,90,81,81,1,0.701359272003174,-1,-1,-1,-1,0.550530195236206
31,2,1,91,-27,27,0,0.534677743911743,1,1,-1,-1,0.451359272003174
31,2,1,92,3,3,1,0.751940250396729,-1,-1,1,1,0.284677743911743
31,2,1,93,9,9,1,0.618570566177368,1,1,-1,-1,0.501940250396729
31,2,1,94,27,27,1,0.484308481216431,1,1,1,1,0.368570566177368
31,2,1,95,-3,3,0,0.685799837112427,1,1,1,1,0.234308481216431
31,2,1,96,27,27,1,0.50108528137207,-1,-1,1,1,0.435799837112427
31,2,1,97,-9,9,0,0.633812189102173,1,1,-1,-1,0.25108528137207
31,2,1,98,-81,81,0,0.568269491195679,-1,-1,1,1,0.383812189102173
31,2,1,99,9,9,1,0.568607807159424,-1,-1,-1,-1,0.318269491195679
31,2,2,2,-81,81,0,0.519251823425293,-1,-1,-1,1,1.03573751449585
31,2,2,3,-9,9,0,0.736489534378052,-1,-1,-1,-1,0.269251823425293
31,2,2,4,-9,9,1,0.567168474197388,-1,-1,-1,-1,0.486489534378052
31,2,2,5,81,81,1,0.769247531890869,-1,1,-1,-1,0.317168474197388
31,2,2,6,81,81,1,0.5343177318573,1,1,1,-1,0.519247531890869
31,2,2,7,-81,81,0,0.500518083572388,1,1,1,1,0.2843177318573
31,2,2,8,9,9,1,0.602813959121704,-1,-1,1,1,0.250518083572388
31,2,2,9,3,3,1,0.685592174530029,1,1,-1,-1,0.352813959121704
31,2,2,10,0,0,1,0.55177116394043,1,1,1,1,0.435592174530029
31,2,2,11,0,0,1,0.550487518310547,1,1,1,1,0.30177116394043
31,2,2,12,3,3,1,0.502197027206421,1,1,1,1,0.300487518310547
31,2,2,13,81,81,1,0.533867597579956,1,1,1,1,0.252197027206421
31,2,2,17,-81,81,0,0.551111936569214,-1,-1,1,1,0.585642576217651
31,2,2,18,-9,9,1,0.535283327102661,-1,-1,-1,-1,0.301111936569214
31,2,2,19,3,3,1,1.08569002151489,-1,1,-1,-1,0.285283327102661
31,2,2,20,-9,9,0,0.550472974777222,1,1,1,-1,0.835690021514893
31,2,2,21,81,81,1,0.602023363113403,-1,-1,1,1,0.300472974777222
31,2,2,22,3,3,1,0.585370063781738,1,1,-1,-1,0.352023363113403
31,2,2,23,81,81,1,0.536006689071655,1,1,1,1,0.335370063781738
31,2,2,24,-9,9,0,0.585528612136841,1,1,1,1,0.286006689071655
31,2,2,25,-3,3,1,0.251933097839355,-1,-1,1,1,0.335528612136841
31,2,2,26,9,9,0,0.619328022003174,-1,1,-1,-1,0.00193309783935547
31,2,2,27,81,81,1,0.702201366424561,1,-1,1,-1,0.369328022003174
31,2,2,28,-27,27,0,0.484357357025146,1,1,-1,1,0.452201366424561
31,2,2,29,9,9,1,0.835762977600098,-1,-1,1,1,0.234357357025146
31,2,2,30,3,3,0,0.602968454360962,1,1,-1,-1,0.585762977600098
31,2,2,31,9,9,1,0.650500774383545,1,-1,1,1,0.352968454360962
31,2,2,32,-0,0,0,0.602691411972046,1,1,-1,1,0.400500774383545
31,2,2,33,-0,0,0,1.13426733016968,-1,-1,1,1,0.352691411972046
31,2,2,34,81,81,1,0.48590612411499,-1,-1,-1,-1,0.884267330169678
31,2,2,35,0,0,1,0.584428787231445,1,1,-1,-1,0.23590612411499
31,2,2,36,-81,81,0,0.469201326370239,1,1,1,1,0.334428787231445
31,2,2,37,-3,3,1,1.05216026306152,-1,-1,1,1,0.219201326370239
31,2,2,38,-27,27,0,0.434647560119629,-1,1,-1,-1,0.802160263061523
31,2,2,39,-9,9,0,0.534261226654053,-1,-1,1,-1,0.184647560119629
31,2,2,40,-9,9,0,0.618487119674683,-1,-1,-1,-1,0.284261226654053
31,2,2,41,-9,9,0,0.450958251953125,-1,-1,-1,-1,0.368487119674683
31,2,2,42,27,27,1,0.73429012298584,-1,-1,-1,-1,0.200958251953125
31,2,2,43,27,27,1,0.552144527435303,1,1,-1,-1,0.48429012298584
31,2,2,44,9,9,0,0.268648386001587,1,1,1,1,0.302144527435303
31,2,2,45,-3,3,0,0.802682161331177,1,-1,1,1,0.0186483860015869
31,2,2,46,-27,27,0,0.468543529510498,-1,-1,-1,1,0.552682161331177
31,2,2,47,-27,27,0,0.485255479812622,-1,-1,-1,-1,0.218543529510498
31,2,2,48,-3,3,1,0.550526142120361,-1,-1,-1,-1,0.235255479812622
31,2,2,49,-3,3,1,0.569231033325195,-1,1,-1,-1,0.300526142120361
31,2,2,50,-27,27,0,0.585986137390137,-1,1,1,-1,0.319231033325195
31,2,2,51,-27,27,0,0.768566370010376,-1,-1,1,-1,0.335986137390137
31,2,2,52,-9,9,0,0.819280385971069,-1,-1,-1,-1,0.518566370010376
31,2,2,53,-3,3,1,1.46932482719421,-1,-1,-1,-1,0.569280385971069
31,2,2,54,9,9,1,0.952017068862915,-1,1,-1,-1,1.21932482719421
31,2,2,55,0,0,0,0.518742084503174,1,1,1,-1,0.702017068862915
31,2,2,56,3,3,1,0.902400016784668,1,-1,1,1,0.268742084503174
31,2,2,57,9,9,1,0.78549599647522,1,1,-1,1,0.652400016784668
31,2,2,58,81,81,1,1.10160660743713,1,1,1,1,0.53549599647522
31,2,2,59,27,27,1,0.552275896072388,1,1,1,1,0.851606607437134
31,2,2,60,27,27,1,0.750987529754639,1,1,1,1,0.302275896072388
31,2,2,61,3,3,1,0.369308710098267,1,1,1,1,0.500987529754639
31,2,2,62,0,0,1,1.28568816184998,1,1,1,1,0.119308710098267
31,2,2,63,3,3,1,0.917649030685425,1,1,1,1,1.03568816184998
31,2,2,64,81,81,1,0.568668365478516,1,1,1,1,0.667649030685425
31,2,2,65,27,27,1,0.652318239212036,1,1,1,1,0.318668365478516
31,2,2,66,27,27,1,0.302639245986938,1,1,1,1,0.402318239212036
31,2,2,67,3,3,1,0.735831260681152,1,1,1,1,0.0526392459869385
31,2,2,68,3,3,0,0.633805751800537,1,1,1,1,0.485831260681152
31,2,2,69,-27,27,1,0.584283113479614,1,-1,1,1,0.383805751800537
31,2,2,70,81,81,1,0.502450942993164,-1,1,-1,1,0.334283113479614
31,2,2,71,27,27,0,0.767659902572632,1,1,1,-1,0.252450942993164
31,2,2,72,81,81,1,0.618615865707397,1,-1,1,1,0.517659902572632
31,2,2,73,-27,27,0,0.400982856750488,1,1,-1,1,0.368615865707397
31,2,2,74,-81,81,0,0.56841516494751,-1,-1,1,1,0.150982856750488
31,2,2,75,-9,9,1,0.984517812728882,-1,-1,-1,-1,0.31841516494751
31,2,2,76,-81,81,0,0.4842848777771,-1,1,-1,-1,0.734517812728882
31,2,2,77,-9,9,0,0.651999950408936,-1,-1,1,-1,0.2342848777771
31,2,2,78,-0,0,1,0.552463054656982,-1,-1,-1,-1,0.401999950408936
31,2,2,79,-27,27,0,0.702202558517456,-1,1,-1,-1,0.302463054656982
31,2,2,80,-9,9,0,0.83538818359375,-1,-1,1,-1,0.452202558517456
31,2,2,81,-0,0,1,1.03431224822998,-1,-1,-1,-1,0.58538818359375
31,2,2,82,-27,27,0,0.619476556777954,-1,1,-1,-1,0.78431224822998
31,2,2,83,81,81,1,0.51948881149292,-1,-1,1,-1,0.369476556777954
31,2,2,84,3,3,1,1.03539252281189,1,1,-1,-1,0.26948881149292
31,2,2,85,81,81,1,0.435168743133545,1,1,1,1,0.78539252281189
31,2,2,86,81,81,1,0.535862445831299,1,1,1,1,0.185168743133545
31,2,2,87,-9,9,1,0.502620458602905,1,1,1,1,0.285862445831299
31,2,2,88,-9,9,0,0.568862199783325,-1,1,1,1,0.252620458602905
31,2,2,89,-27,27,0,0.619093179702759,-1,-1,1,-1,0.318862199783325
31,2,2,90,-3,3,1,0.469681978225708,-1,-1,-1,-1,0.369093179702759
31,2,2,91,3,3,1,0.635423898696899,-1,1,-1,-1,0.219681978225708
31,2,2,92,81,81,1,0.533871173858643,1,1,1,-1,0.385423898696899
31,2,2,93,-3,3,0,0.434323310852051,1,1,1,1,0.283871173858643
31,2,2,94,-81,81,0,0.368775844573975,-1,-1,1,1,0.184323310852051
31,2,2,95,-27,27,0,0.384292125701904,-1,-1,-1,-1,0.118775844573975
31,2,2,96,-9,9,0,0.585116863250732,-1,-1,-1,-1,0.134292125701904
31,2,2,97,27,27,1,0.652965307235718,-1,-1,-1,-1,0.335116863250732
31,2,2,98,-0,0,1,0.48503589630127,1,1,-1,-1,0.402965307235718
31,2,2,99,3,3,0,0.917930841445923,-1,1,1,1,0.23503589630127
31,2,3,2,-0,0,0,0.951239824295044,1,-1,1,1,1.00075483322144
31,2,3,3,-0,0,1,0.701948404312134,-1,-1,-1,1,0.701239824295044
31,2,3,4,0,0,0,0.619234085083008,-1,1,-1,-1,0.451948404312134
31,2,3,5,-3,3,0,0.53428316116333,1,-1,1,-1,0.369234085083008
31,2,3,6,9,9,1,0.483878612518311,-1,-1,-1,1,0.28428316116333
31,2,3,7,-9,9,0,0.467692375183105,1,1,-1,-1,0.233878612518311
31,2,3,8,-3,3,0,0.53427529335022,-1,-1,1,1,0.217692375183105
31,2,3,9,3,3,0,0.417226791381836,-1,-1,-1,-1,0.28427529335022
31,2,3,10,-27,27,0,0.651915073394775,1,-1,-1,-1,0.167226791381836
31,2,3,11,0,0,0,0.752210378646851,-1,-1,-1,1,0.401915073394775
31,2,3,12,-3,3,0,0.719002962112427,1,-1,-1,-1,0.502210378646851
31,2,3,13,3,3,1,0.61767578125,-1,-1,-1,1,0.469002962112427
31,2,3,14,-27,27,0,0.418821334838867,1,1,-1,-1,0.36767578125
31,2,3,15,81,81,1,0.502454996109009,-1,-1,1,1,0.168821334838867
31,2,3,16,-3,3,0,0.269040584564209,1,1,-1,-1,0.252454996109009
31,2,3,17,0,0,1,0.785178899765015,-1,-1,1,1,0.019040584564209
31,2,3,18,-3,3,1,0.518586397171021,1,1,-1,-1,0.535178899765015
31,2,3,19,81,81,1,0.518441915512085,-1,1,1,1,0.268586397171021
31,2,3,20,-3,3,0,0.450525522232056,1,1,1,-1,0.268441915512085
31,2,3,21,0,0,1,0.58435845375061,-1,-1,1,1,0.200525522232056
31,2,3,22,-81,81,0,0.619110345840454,1,1,-1,-1,0.33435845375061
31,2,3,23,-9,9,0,1.0026581287384,-1,-1,1,1,0.369110345840454
31,2,3,24,-81,81,0,0.334312438964844,-1,-1,-1,-1,0.752658128738403
31,2,3,25,3,3,1,0.484917402267456,-1,-1,-1,-1,0.0843124389648438
31,2,3,26,-3,3,1,0.517998218536377,1,1,-1,-1,0.234917402267456
31,2,3,27,0,0,0,0.800949335098267,-1,1,1,1,0.267998218536377
31,2,3,28,-27,27,0,0.318219900131226,1,-1,1,-1,0.550949335098267
31,2,3,29,9,9,1,0.768625259399414,-1,-1,-1,1,0.0682199001312256
31,2,3,30,-9,9,1,0.483853101730347,1,1,-1,-1,0.518625259399414
31,2,3,31,-0,0,0,0.550933599472046,-1,1,1,1,0.233853101730347
31,2,3,32,9,9,1,0.802719593048096,-1,-1,1,-1,0.300933599472046
31,2,3,33,-9,9,0,0.585779190063477,1,1,-1,-1,0.552719593048096
31,2,3,34,9,9,0,0.285978555679321,-1,-1,1,1,0.335779190063477
31,2,3,35,-3,3,0,0.351584911346436,1,-1,-1,-1,0.0359785556793213
31,2,3,36,27,27,1,0.36764121055603,-1,-1,-1,1,0.101584911346436
31,2,3,37,-3,3,0,0.818660020828247,1,1,-1,-1,0.11764121055603
31,2,3,38,27,27,1,0.601065397262573,-1,-1,1,1,0.568660020828247
31,2,3,39,-3,3,1,0.700580596923828,1,1,-1,-1,0.351065397262573
31,2,3,40,9,9,1,0.850505352020264,-1,1,1,1,0.450580596923828
31,2,3,41,-81,81,0,0.652379035949707,1,1,1,-1,0.600505352020264
31,2,3,42,9,9,1,0.484984874725342,-1,-1,1,1,0.402379035949707
31,2,3,43,-3,3,0,0.569493770599365,1,1,-1,-1,0.234984874725342
31,2,3,44,-27,27,0,0.750992059707642,-1,-1,1,1,0.319493770599365
31,2,3,45,27,27,1,0.567612409591675,-1,-1,-1,-1,0.500992059707642
31,2,3,46,-27,27,0,0.402261018753052,1,1,-1,-1,0.317612409591675
31,2,3,47,27,27,1,0.502378702163696,-1,-1,1,1,0.152261018753052
31,2,3,48,-3,3,0,0.467191934585571,1,1,-1,-1,0.252378702163696
31,2,3,49,9,9,0,0.418539047241211,-1,-1,1,1,0.217191934585571
31,2,3,50,-81,81,0,0.483891248703003,1,-1,-1,-1,0.168539047241211
31,2,3,51,9,9,0,0.767143249511719,-1,-1,-1,1,0.233891248703003
31,2,3,52,-81,81,0,0.484817743301392,1,-1,-1,-1,0.517143249511719
31,2,3,53,81,81,1,0.485918760299683,-1,-1,-1,1,0.234817743301392
31,2,3,54,-81,81,0,0.517237663269043,1,1,-1,-1,0.235918760299683
31,2,3,55,27,27,1,0.502012968063354,-1,-1,1,1,0.267237663269043
31,2,3,56,-3,3,1,0.434266090393066,1,1,-1,-1,0.252012968063354
31,2,3,57,81,81,1,0.367616176605225,-1,1,1,1,0.184266090393066
31,2,3,58,81,81,1,0.484315395355225,1,1,1,-1,0.117616176605225
31,2,3,59,-3,3,1,0.534439086914062,1,1,1,1,0.234315395355225
31,2,3,60,27,27,1,0.66939115524292,-1,1,1,1,0.284439086914062
31,2,3,61,-81,81,0,0.519200086593628,1,1,1,-1,0.41939115524292
31,2,3,62,27,27,1,0.584404230117798,-1,-1,1,1,0.269200086593628
31,2,3,63,-9,9,0,0.785498857498169,1,1,-1,-1,0.334404230117798
31,2,3,64,-81,81,0,0.352684020996094,-1,-1,1,1,0.535498857498169
31,2,3,65,81,81,1,0.300500869750977,-1,-1,-1,-1,0.102684020996094
31,2,3,66,-81,81,0,0.552117109298706,1,1,-1,-1,0.0505008697509766
31,2,3,67,27,27,1,0.535429954528809,-1,-1,1,1,0.302117109298706
31,2,3,68,-9,9,0,0.534861326217651,1,1,-1,-1,0.285429954528809
31,2,3,69,81,81,1,0.518604040145874,-1,-1,1,1,0.284861326217651
31,2,3,70,-0,0,1,0.650526285171509,1,1,-1,-1,0.268604040145874
31,2,3,71,0,0,0,0.88386607170105,-1,1,1,1,0.400526285171509
31,2,3,72,-3,3,0,0.569067716598511,1,-1,1,-1,0.63386607170105
31,2,3,73,9,9,1,0.300540685653687,-1,-1,-1,1,0.319067716598511
31,2,3,74,-81,81,0,0.484758138656616,1,1,-1,-1,0.0505406856536865
31,2,3,75,81,81,1,0.350519895553589,-1,-1,1,1,0.234758138656616
31,2,3,76,-9,9,0,0.751896142959595,1,1,-1,-1,0.100519895553589
31,2,3,77,27,27,1,0.334766387939453,-1,-1,1,1,0.501896142959595
31,2,3,78,-27,27,0,0.534870386123657,1,1,-1,-1,0.0847663879394531
31,2,3,79,-3,3,0,0.617136001586914,-1,-1,1,1,0.284870386123657
31,2,3,80,27,27,1,0.484389305114746,-1,-1,-1,-1,0.367136001586914
31,2,3,81,-27,27,0,0.352882146835327,1,1,-1,-1,0.234389305114746
31,2,3,82,9,9,0,0.868873834609985,-1,-1,1,1,0.102882146835327
31,2,3,83,-27,27,0,0.667980909347534,1,-1,-1,-1,0.618873834609985
31,2,3,84,27,27,1,0.40178108215332,-1,-1,-1,1,0.417980909347534
31,2,3,85,-9,9,0,0.550519227981567,1,1,-1,-1,0.15178108215332
31,2,3,86,3,3,0,0.486090898513794,-1,-1,1,1,0.300519227981567
31,2,3,87,81,81,1,0.652056932449341,1,-1,-1,-1,0.236090898513794
31,2,3,88,-9,9,0,0.501007318496704,1,1,-1,1,0.402056932449341
31,2,3,89,-81,81,0,0.534343481063843,-1,-1,1,1,0.251007318496704
31,2,3,90,81,81,1,0.400943040847778,-1,-1,-1,-1,0.284343481063843
31,2,3,91,-27,27,0,0.402291774749756,1,1,-1,-1,0.150943040847778
31,2,3,92,81,81,1,0.518677234649658,-1,-1,1,1,0.152291774749756
31,2,3,93,-27,27,0,0.418956756591797,1,1,-1,-1,0.268677234649658
31,2,3,94,27,27,1,0.501084327697754,-1,-1,1,1,0.168956756591797
31,2,3,95,-0,0,0,0.667852878570557,1,1,-1,-1,0.251084327697754
31,2,3,96,3,3,1,0.985317230224609,-1,-1,1,1,0.417852878570557
31,2,3,97,-3,3,1,0.567641973495483,1,1,-1,-1,0.735317230224609
31,2,3,98,-9,9,0,0.601016759872437,-1,1,1,1,0.317641973495483
31,2,3,99,9,9,1,0.46884298324585,-1,-1,1,-1,0.351016759872437
31,2,4,2,-27,27,0,0.569010019302368,-1,-1,-1,-1,0.567869186401367
31,2,4,3,-81,81,0,0.451691865921021,-1,-1,-1,-1,0.319010019302368
31,2,4,4,3,3,1,0.602791547775269,-1,-1,-1,-1,0.201691865921021
31,2,4,5,-3,3,1,0.61911678314209,1,1,-1,-1,0.352791547775269
31,2,4,6,-81,81,0,1.0177845954895,-1,1,1,1,0.36911678314209
31,2,4,7,-27,27,0,0.836014747619629,-1,-1,1,-1,0.767784595489502
31,2,4,8,-81,81,0,0.485740423202515,-1,-1,-1,-1,0.586014747619629
31,2,4,9,-3,3,0,0.434343814849854,-1,-1,-1,-1,0.235740423202515
31,2,4,10,-9,9,0,0.28630542755127,-1,-1,-1,-1,0.184343814849854
31,2,4,11,-27,27,0,0.467168569564819,-1,-1,-1,-1,0.0363054275512695
31,2,4,12,-9,9,0,0.452692031860352,-1,-1,-1,-1,0.217168569564819
31,2,4,13,-81,81,0,0.500983953475952,-1,-1,-1,-1,0.202692031860352
31,2,4,14,-3,3,0,0.567682504653931,-1,-1,-1,-1,0.250983953475952
31,2,4,15,-9,9,0,0.534436464309692,-1,-1,-1,-1,0.317682504653931
31,2,4,16,81,81,1,0.485800743103027,-1,-1,-1,-1,0.284436464309692
31,2,4,17,27,27,1,0.534437656402588,1,1,-1,-1,0.235800743103027
31,2,4,18,3,3,0,0.435116052627563,1,1,1,1,0.284437656402588
31,2,4,19,9,9,1,1.01780581474304,1,-1,1,1,0.185116052627563
31,2,4,20,-9,9,1,0.601129531860352,1,1,-1,1,0.767805814743042
31,2,4,21,-3,3,1,0.584330320358276,-1,1,1,1,0.351129531860352
31,2,4,22,-9,9,0,0.517619848251343,-1,1,1,-1,0.334330320358276
31,2,4,23,-9,9,0,0.584262371063232,-1,-1,1,-1,0.267619848251343
31,2,4,24,-9,9,0,0.636159896850586,-1,-1,-1,-1,0.334262371063232
31,2,4,25,-3,3,0,0.285486698150635,-1,-1,-1,-1,0.386159896850586
31,2,4,26,-9,9,0,0.683838844299316,-1,-1,-1,-1,0.0354866981506348
31,2,4,27,-27,27,0,0.502604961395264,-1,-1,-1,-1,0.433838844299316
31,2,4,28,3,3,0,0.568866968154907,-1,-1,-1,-1,0.252604961395264
31,2,4,29,3,3,0,0.536230325698853,1,-1,-1,-1,0.318866968154907
31,2,4,30,0,0,0,0.484319686889648,1,-1,-1,1,0.286230325698853
31,2,4,31,9,9,1,0.602110385894775,1,-1,-1,1,0.234319686889648
31,2,4,32,81,81,1,0.334287166595459,1,1,-1,1,0.352110385894775
31,2,4,33,27,27,1,0.48459267616272,1,1,1,1,0.084287166595459
31,2,4,34,0,0,1,0.419196367263794,1,1,1,1,0.23459267616272
31,2,4,35,3,3,1,0.750974655151367,1,1,1,1,0.169196367263794
31,2,4,36,27,27,1,0.485100030899048,1,1,1,1,0.500974655151367
31,2,4,37,3,3,1,0.617139101028442,1,1,1,1,0.235100030899048
31,2,4,38,3,3,1,0.469514131546021,1,1,1,1,0.367139101028442
31,2,4,39,81,81,1,0.485922336578369,1,1,1,1,0.219514131546021
31,2,4,40,27,27,1,0.402549743652344,1,1,1,1,0.235922336578369
31,2,4,41,81,81,1,0.267701148986816,1,1,1,1,0.152549743652344
31,2,4,42,81,81,1,0.484284162521362,1,1,1,1,0.0177011489868164
31,2,4,43,9,9,1,0.702730178833008,1,1,1,1,0.234284162521362
31,2,4,44,3,3,0,0.569018125534058,1,1,1,1,0.452730178833008
31,2,4,45,27,27,1,0.585281133651733,1,-1,1,1,0.319018125534058
31,2,4,46,9,9,1,0.418230772018433,1,1,-1,1,0.335281133651733
31,2,4,47,3,3,1,0.569095849990845,1,1,1,1,0.168230772018433
31,2,4,48,9,9,0,0.417848110198975,1,1,1,1,0.319095849990845
31,2,4,49,-27,27,0,0.500988960266113,1,-1,1,1,0.167848110198975
31,2,4,50,27,27,1,0.884618043899536,-1,-1,-1,1,0.250988960266113
31,2,4,51,3,3,0,0.518562078475952,1,1,-1,-1,0.634618043899536
31,2,4,52,-3,3,0,0.9010329246521,1,-1,1,1,0.268562078475952
31,2,4,53,-0,0,0,0.451979637145996,-1,-1,-1,1,0.6510329246521
31,2,4,54,-27,27,0,0.467618942260742,-1,-1,-1,-1,0.201979637145996
31,2,4,55,3,3,1,0.534296274185181,-1,-1,-1,-1,0.217618942260742
31,2,4,56,9,9,1,0.485631227493286,1,1,-1,-1,0.284296274185181
31,2,4,57,0,0,0,0.619551181793213,1,1,1,1,0.235631227493286
31,2,4,58,9,9,0,0.352869510650635,1,-1,1,1,0.369551181793213
31,2,4,59,81,81,1,0.501131534576416,1,-1,-1,1,0.102869510650635
31,2,4,60,81,81,1,0.483854293823242,1,1,-1,1,0.251131534576416
31,2,4,61,27,27,1,0.401004552841187,1,1,1,1,0.233854293823242
31,2,4,62,9,9,1,0.367631196975708,1,1,1,1,0.151004552841187
31,2,4,63,-81,81,0,0.517866373062134,1,1,1,1,0.117631196975708
31,2,4,64,-0,0,1,0.634380102157593,-1,-1,1,1,0.267866373062134
31,2,4,65,-27,27,0,0.484291553497314,-1,1,-1,-1,0.384380102157593
31,2,4,66,-81,81,0,0.451088190078735,-1,-1,1,-1,0.234291553497314
31,2,4,67,-81,81,0,0.585269927978516,-1,-1,-1,-1,0.201088190078735
31,2,4,68,-3,3,0,0.767614603042603,-1,-1,-1,-1,0.335269927978516
31,2,4,69,-81,81,0,0.385230541229248,-1,-1,-1,-1,0.517614603042603
31,2,4,70,27,27,1,0.502454042434692,-1,-1,-1,-1,0.135230541229248
31,2,4,71,3,3,0,0.517622232437134,1,1,-1,-1,0.252454042434692
31,2,4,72,9,9,0,0.618029832839966,1,-1,1,1,0.267622232437134
31,2,4,73,3,3,1,0.685300350189209,1,-1,-1,1,0.368029832839966
31,2,4,74,9,9,1,0.551850318908691,1,1,-1,1,0.435300350189209
31,2,4,75,27,27,0,0.518534183502197,1,1,1,1,0.301850318908691
31,2,4,76,0,0,1,0.567733287811279,1,-1,1,1,0.268534183502197
31,2,4,77,81,81,0,0.484897613525391,1,1,-1,1,0.317733287811279
31,2,4,78,81,81,1,0.519214391708374,1,-1,1,1,0.234897613525391
31,2,4,79,81,81,1,0.484363079071045,1,1,-1,1,0.269214391708374
31,2,4,80,81,81,1,0.568562030792236,1,1,1,1,0.234363079071045
31,2,4,81,3,3,1,0.650970220565796,1,1,1,1,0.318562030792236
31,2,4,82,27,27,1,0.535600185394287,1,1,1,1,0.400970220565796
31,2,4,83,-9,9,0,0.483816146850586,1,1,1,1,0.285600185394287
31,2,4,84,-0,0,0,0.551394939422607,-1,-1,1,1,0.233816146850586
31,2,4,85,0,0,0,0.517627239227295,-1,-1,-1,-1,0.301394939422607
31,2,4,86,27,27,1,0.535364389419556,1,-1,-1,-1,0.267627239227295
31,2,4,87,27,27,1,0.517172336578369,1,1,-1,1,0.285364389419556
31,2,4,88,27,27,1,0.485392093658447,1,1,1,1,0.267172336578369
31,2,4,89,3,3,1,0.551086902618408,1,1,1,1,0.235392093658447
31,2,4,90,27,27,1,0.36867356300354,1,1,1,1,0.301086902618408
31,2,4,91,-0,0,0,0.567609071731567,1,1,1,1,0.11867356300354
31,2,4,92,-81,81,0,0.500980138778687,-1,-1,1,1,0.317609071731567
31,2,4,93,-0,0,0,0.751357078552246,-1,-1,-1,-1,0.250980138778687
31,2,4,94,-27,27,0,0.535545587539673,-1,-1,-1,-1,0.501357078552246
31,2,4,95,-81,81,0,0.285988092422485,-1,-1,-1,-1,0.285545587539673
31,2,4,96,-9,9,0,0.634300231933594,-1,-1,-1,-1,0.0359880924224854
31,2,4,97,-9,9,0,0.502152442932129,-1,-1,-1,-1,0.384300231933594
31,2,4,98,-0,0,0,0.502586126327515,-1,-1,-1,-1,0.252152442932129
31,2,4,99,-81,81,0,0.467633247375488,-1,-1,-1,-1,0.252586126327515
31,2,5,2,81,81,1,0.35054874420166,-1,-1,1,-1,0.817424535751343
31,2,5,3,-3,3,0,0.65156364440918,1,1,-1,-1,0.10054874420166
31,2,5,4,81,81,1,0.484408855438232,-1,-1,1,1,0.40156364440918
31,2,5,5,-3,3,0,0.636351585388184,1,1,-1,-1,0.234408855438232
31,2,5,6,-27,27,0,0.519415140151978,-1,-1,1,1,0.386351585388184
31,2,5,7,81,81,1,0.436049222946167,-1,-1,-1,-1,0.269415140151978
31,2,5,8,27,27,1,0.534545421600342,1,1,-1,-1,0.186049222946167
31,2,5,9,-0,0,0,0.500520467758179,1,1,1,1,0.284545421600342
31,2,5,10,-0,0,1,0.534734487533569,-1,-1,1,1,0.250520467758179
31,2,5,11,81,81,1,0.350519418716431,-1,1,-1,-1,0.284734487533569
31,2,5,12,-81,81,0,0.53602933883667,1,1,1,-1,0.100519418716431
31,2,5,13,-0,0,1,0.650957107543945,-1,-1,1,1,0.28602933883667
31,2,5,14,-27,27,0,0.517756700515747,-1,1,-1,-1,0.400957107543945
31,2,5,15,81,81,1,0.468154430389404,-1,-1,1,-1,0.267756700515747
31,2,5,16,-81,81,0,0.500481843948364,1,1,-1,-1,0.218154430389404
31,2,5,17,9,9,1,0.717609882354736,-1,-1,1,1,0.250481843948364
31,2,5,18,27,27,1,0.601897001266479,1,1,-1,-1,0.467609882354736
31,2,5,19,-27,27,0,0.650991439819336,1,1,1,1,0.351897001266479
31,2,5,20,9,9,0,0.834307432174683,-1,-1,1,1,0.400991439819336
31,2,5,21,3,3,0,0.718205213546753,1,-1,-1,-1,0.584307432174683
31,2,5,22,81,81,1,0.318820714950562,1,-1,-1,1,0.468205213546753
31,2,5,23,9,9,1,0.501077651977539,1,1,-1,1,0.0688207149505615
31,2,5,24,3,3,1,0.500990867614746,1,1,1,1,0.251077651977539
31,2,5,25,-27,27,0,0.518649339675903,1,1,1,1,0.250990867614746
31,2,5,26,81,81,1,0.335322141647339,-1,-1,1,1,0.268649339675903
31,2,5,27,-27,27,0,0.518285036087036,1,1,-1,-1,0.0853221416473389
31,2,5,28,-3,3,1,0.652286767959595,-1,-1,1,1,0.268285036087036
31,2,5,29,-3,3,0,0.634661912918091,-1,1,-1,-1,0.402286767959595
31,2,5,30,3,3,0,0.553107738494873,-1,-1,1,-1,0.384661912918091
31,2,5,31,-9,9,0,0.80242657661438,1,-1,-1,-1,0.303107738494873
31,2,5,32,81,81,1,0.51879096031189,-1,-1,-1,1,0.55242657661438
31,2,5,33,3,3,1,0.552216529846191,1,1,-1,-1,0.26879096031189
31,2,5,34,9,9,1,0.702016115188599,1,1,1,1,0.302216529846191
31,2,5,35,-0,0,0,0.58528995513916,1,1,1,1,0.452016115188599
31,2,5,36,3,3,1,0.667158126831055,-1,-1,1,1,0.33528995513916
31,2,5,37,-3,3,0,0.53446102142334,1,1,-1,-1,0.417158126831055
31,2,5,38,-81,81,0,0.683810949325562,-1,-1,1,1,0.28446102142334
31,2,5,39,-81,81,0,0.601781606674194,-1,-1,-1,-1,0.433810949325562
31,2,5,40,3,3,1,0.635433673858643,-1,-1,-1,-1,0.351781606674194
31,2,5,41,27,27,1,0.619002103805542,1,1,-1,-1,0.385433673858643
31,2,5,42,-9,9,0,0.25105094909668,1,1,1,1,0.369002103805542
31,2,5,43,3,3,1,0.500947713851929,-1,-1,1,1,0.00105094909667969
31,2,5,44,-9,9,1,0.667656421661377,1,1,-1,-1,0.250947713851929
31,2,5,45,9,9,1,0.485168933868408,-1,1,1,1,0.417656421661377
31,2,5,46,-9,9,0,0.535813808441162,1,1,1,-1,0.235168933868408
31,2,5,47,-27,27,0,0.400485277175903,-1,-1,1,1,0.285813808441162
31,2,5,48,9,9,1,0.518608570098877,-1,-1,-1,-1,0.150485277175903
31,2,5,49,9,9,1,0.617646217346191,1,1,-1,-1,0.268608570098877
31,2,5,50,3,3,1,0.618804693222046,1,1,1,1,0.367646217346191
31,2,5,51,-9,9,0,0.551029920578003,1,1,1,1,0.368804693222046
31,2,5,52,9,9,1,0.334280252456665,-1,-1,1,1,0.301029920578003
31,2,5,53,-81,81,0,0.417651414871216,1,1,-1,-1,0.084280252456665
31,2,5,54,-9,9,1,0.685826063156128,-1,-1,1,1,0.167651414871216
31,2,5,55,27,27,1,0.551956653594971,-1,1,-1,-1,0.435826063156128
31,2,5,56,27,27,1,0.334315299987793,1,1,1,-1,0.301956653594971
31,2,5,57,-27,27,0,0.784467220306396,1,1,1,1,0.084315299987793
31,2,5,58,27,27,1,0.302331924438477,-1,-1,1,1,0.534467220306396
31,2,5,59,0,0,0,0.584319353103638,1,1,-1,-1,0.0523319244384766
31,2,5,63,27,27,1,0.517790794372559,1,1,1,1,0.317149877548218
31,2,5,64,-27,27,0,0.569620847702026,1,1,1,1,0.267790794372559
31,2,5,65,-0,0,1,0.635990142822266,-1,-1,1,1,0.319620847702026
31,2,5,66,-81,81,0,0.485527038574219,-1,1,-1,-1,0.385990142822266
31,2,5,67,9,9,0,0.501552820205688,-1,-1,1,-1,0.235527038574219
31,2,5,68,-27,27,0,0.469029188156128,1,-1,-1,-1,0.251552820205688
31,2,5,69,-9,9,1,0.367187738418579,-1,-1,-1,1,0.219029188156128
31,2,5,70,-27,27,0,0.301150321960449,-1,1,-1,-1,0.117187738418579
31,2,5,71,-27,27,0,0.51865816116333,-1,-1,1,-1,0.0511503219604492
31,2,5,72,-27,27,0,0.367796182632446,-1,-1,-1,-1,0.26865816116333
31,2,5,73,-3,3,1,0.552310943603516,-1,-1,-1,-1,0.117796182632446
31,2,5,74,3,3,0,0.402440309524536,-1,1,-1,-1,0.302310943603516
31,2,5,75,-0,0,0,0.702621936798096,1,-1,1,-1,0.152440309524536
31,2,5,76,-81,81,0,0.384358406066895,-1,-1,-1,1,0.452621936798096
31,2,5,77,3,3,0,0.585899353027344,-1,-1,-1,-1,0.134358406066895
31,2,5,78,9,9,1,0.467187166213989,1,-1,-1,-1,0.335899353027344
31,2,5,79,0,0,1,0.885287046432495,1,1,-1,1,0.217187166213989
31,2,5,80,3,3,0,0.735821008682251,1,1,1,1,0.635287046432495
31,2,5,81,3,3,0,0.68508505821228,1,-1,1,1,0.485821008682251
31,2,5,82,-3,3,1,0.519548892974854,1,-1,-1,1,0.43508505821228
31,2,5,83,-9,9,1,0.352649211883545,-1,1,-1,1,0.269548892974854
31,2,5,84,-81,81,0,0.518707990646362,-1,1,1,-1,0.102649211883545
31,2,5,85,0,0,1,0.552153348922729,-1,-1,1,-1,0.268707990646362
31,2,5,86,-3,3,0,0.486161231994629,1,1,-1,-1,0.302153348922729
31,2,5,87,81,81,1,0.450526475906372,-1,-1,1,1,0.236161231994629
31,2,5,88,9,9,0,0.517876863479614,1,1,-1,-1,0.200526475906372
31,2,5,89,81,81,1,0.551151514053345,1,-1,1,1,0.267876863479614
31,2,5,90,-9,9,0,0.619286298751831,1,1,-1,1,0.301151514053345
31,2,5,91,-27,27,0,0.535846710205078,-1,-1,1,1,0.369286298751831
31,2,5,92,0,0,1,0.434307098388672,-1,-1,-1,-1,0.285846710205078
31,2,5,93,0,0,0,0.56861138343811,1,1,-1,-1,0.184307098388672
31,2,5,94,27,27,1,0.619251012802124,1,-1,1,1,0.31861138343811
31,2,5,95,-81,81,0,0.450970411300659,1,1,-1,1,0.369251012802124
31,2,5,96,-81,81,0,0.317178964614868,-1,-1,1,1,0.200970411300659
31,2,5,97,9,9,1,0.702217578887939,-1,-1,-1,-1,0.0671789646148682
31,2,5,98,-81,81,0,0.483866214752197,1,1,-1,-1,0.452217578887939
31,2,5,99,-3,3,1,0.585874319076538,-1,-1,1,1,0.233866214752197
31,2,6,2,-9,9,0,0.61906886100769,1,-1,-1,1,0.651207208633423
31,2,6,3,-9,9,0,0.484307050704956,-1,-1,-1,1,0.36906886100769
31,2,6,4,-9,9,0,0.784441471099854,-1,-1,-1,-1,0.234307050704956
31,2,6,5,0,0,1,0.551265716552734,-1,-1,-1,-1,0.534441471099854
31,2,6,6,-27,27,0,0.302043914794922,1,1,-1,-1,0.301265716552734
31,2,6,7,-27,27,0,0.484799146652222,-1,-1,1,1,0.0520439147949219
31,2,6,8,0,0,0,0.700957059860229,-1,-1,-1,-1,0.234799146652222
31,2,6,9,-9,9,0,0.484463930130005,1,-1,-1,-1,0.450957059860229
31,2,6,10,-81,81,0,0.519115686416626,-1,-1,-1,1,0.234463930130005
31,2,6,11,81,81,1,0.485105752944946,-1,-1,-1,-1,0.269115686416626
31,2,6,12,-9,9,0,0.451503038406372,1,1,-1,-1,0.235105752944946
31,2,6,13,27,27,1,0.484304428100586,-1,-1,1,1,0.201503038406372
31,2,6,14,27,27,1,0.636436700820923,1,1,-1,-1,0.234304428100586
31,2,6,15,81,81,1,0.301181793212891,1,1,1,1,0.386436700820923
31,2,6,16,-9,9,0,0.484296560287476,1,1,1,1,0.0511817932128906
31,2,6,17,-3,3,1,0.252162933349609,-1,-1,1,1,0.234296560287476
31,2,6,18,3,3,1,0.53480076789856,-1,1,-1,-1,0.00216293334960938
31,2,6,19,-27,27,0,0.502758502960205,1,1,1,-1,0.28480076789856
31,2,6,20,3,3,1,0.550605058670044,-1,-1,1,1,0.252758502960205
31,2,6,21,-27,27,0,0.552592754364014,1,1,-1,-1,0.300605058670044
31,2,6,22,-3,3,1,0.485082864761353,-1,-1,1,1,0.302592754364014
31,2,6,23,-3,3,1,0.351215124130249,-1,1,-1,-1,0.235082864761353
31,2,6,24,-0,0,0,0.483838081359863,-1,1,1,-1,0.101215124130249
31,2,6,25,9,9,0,0.501090288162231,-1,-1,1,-1,0.233838081359863
31,2,6,26,27,27,1,0.500944375991821,1,-1,-1,-1,0.251090288162231
31,2,6,27,-0,0,0,0.501162767410278,1,1,-1,1,0.250944375991821
31,2,6,28,-81,81,0,0.467682838439941,-1,-1,1,1,0.251162767410278
31,2,6,29,27,27,1,0.467679500579834,-1,-1,-1,-1,0.217682838439941
31,2,6,30,27,27,0,0.468594312667847,1,1,-1,-1,0.217679500579834
31,2,6,34,-27,27,0,0.684290170669556,1,1,1,1,0.319021224975586
31,2,6,35,-9,9,0,0.535744190216064,-1,-1,1,1,0.434290170669556
31,2,6,36,9,9,1,0.368905782699585,-1,-1,-1,-1,0.285744190216064
31,2,6,37,-3,3,0,0.484405279159546,1,1,-1,-1,0.118905782699585
31,2,6,38,-81,81,0,0.368758201599121,-1,-1,1,1,0.234405279159546
31,2,6,39,27,27,1,0.685337066650391,-1,-1,-1,-1,0.118758201599121
31,2,6,40,-27,27,0,0.401994228363037,1,1,-1,-1,0.435337066650391
31,2,6,41,3,3,1,0.385537147521973,-1,-1,1,1,0.151994228363037
31,2,6,42,-9,9,0,0.319167137145996,1,1,-1,-1,0.135537147521973
31,2,6,43,-27,27,0,0.469013929367065,-1,-1,1,1,0.0691671371459961
31,2,6,44,27,27,1,0.451125383377075,-1,-1,-1,-1,0.219013929367065
31,2,6,45,81,81,1,0.286188840866089,1,1,-1,-1,0.201125383377075
31,2,6,46,-3,3,0,0.550493240356445,1,1,1,1,0.0361888408660889
31,2,6,47,3,3,0,0.552223205566406,-1,-1,1,1,0.300493240356445
31,2,6,48,81,81,1,0.467895030975342,1,-1,-1,-1,0.302223205566406
31,2,6,49,-3,3,1,0.652287721633911,1,1,-1,1,0.217895030975342
31,2,6,50,-27,27,0,0.285926818847656,-1,1,1,1,0.402287721633911
31,2,6,51,9,9,1,0.667159557342529,-1,-1,1,-1,0.0359268188476562
31,2,6,52,81,81,1,0.333921670913696,1,1,-1,-1,0.417159557342529
31,2,6,53,81,81,1,0.484307050704956,1,1,1,1,0.0839216709136963
31,2,6,54,-81,81,0,0.484411239624023,1,1,1,1,0.234307050704956
31,2,6,55,-81,81,0,0.350987434387207,-1,-1,1,1,0.234411239624023
31,2,6,56,-9,9,0,0.500998735427856,-1,-1,-1,-1,0.100987434387207
31,2,6,57,-9,9,0,0.552679538726807,-1,-1,-1,-1,0.250998735427856
31,2,6,58,-0,0,0,0.48539400100708,-1,-1,-1,-1,0.302679538726807
31,2,6,59,0,0,0,0.418872356414795,-1,-1,-1,-1,0.23539400100708
31,2,6,60,81,81,1,0.50288724899292,1,-1,-1,-1,0.168872356414795
31,2,6,61,-0,0,1,0.567700624465942,1,1,-1,1,0.25288724899292
31,2,6,62,3,3,0,0.63514256477356,-1,1,1,1,0.317700624465942
31,2,6,63,3,3,1,0.501551628112793,1,-1,1,-1,0.38514256477356
31,2,6,64,3,3,1,0.535110235214233,1,1,-1,1,0.251551628112793
31,2,6,65,81,81,1,0.500975131988525,1,1,1,1,0.285110235214233
31,2,6,66,0,0,1,0.533823013305664,1,1,1,1,0.250975131988525
31,2,6,67,-9,9,0,0.485987663269043,1,1,1,1,0.283823013305664
31,2,6,68,-81,81,0,0.452475070953369,-1,-1,1,1,0.235987663269043
31,2,6,69,81,81,1,0.334350109100342,-1,-1,-1,-1,0.202475070953369
31,2,6,70,81,81,1,0.401830911636353,1,1,-1,-1,0.0843501091003418
31,2,6,71,81,81,1,0.400965452194214,1,1,1,1,0.151830911636353
31,2,6,72,-0,0,1,0.536067485809326,1,1,1,1,0.150965452194214
31,2,6,73,-81,81,0,0.517752170562744,-1,1,1,1,0.286067485809326
31,2,6,74,-0,0,1,0.551836490631104,-1,-1,1,-1,0.267752170562744
31,2,6,75,-9,9,0,0.452644109725952,-1,1,-1,-1,0.301836490631104
31,2,6,76,-9,9,1,0.419093370437622,-1,-1,1,-1,0.202644109725952
31,2,6,77,-27,27,0,0.300579786300659,-1,1,-1,-1,0.169093370437622
31,2,6,78,3,3,0,0.56943941116333,-1,-1,1,-1,0.0505797863006592
31,2,6,79,9,9,0,0.569697141647339,1,-1,-1,-1,0.31943941116333
31,2,6,80,-3,3,0,0.501415729522705,1,-1,-1,1,0.319697141647339
31,2,6,81,3,3,0,0.651038408279419,-1,-1,-1,1,0.251415729522705
31,2,6,82,81,81,1,0.502851009368896,1,-1,-1,-1,0.401038408279419
31,2,6,83,9,9,1,0.484284400939941,1,1,-1,1,0.252851009368896
31,2,6,84,-27,27,0,0.418158769607544,1,1,1,1,0.234284400939941
31,2,6,85,9,9,1,0.500955104827881,-1,-1,1,1,0.168158769607544
31,2,6,86,-27,27,0,0.502252101898193,1,1,-1,-1,0.250955104827881
31,2,6,87,-9,9,0,0.502604246139526,-1,-1,1,1,0.252252101898193
31,2,6,88,3,3,0,0.502110719680786,-1,-1,-1,-1,0.252604246139526
31,2,6,89,-81,81,0,0.501171827316284,1,-1,-1,-1,0.252110719680786
31,2,6,90,-9,9,0,0.569178104400635,-1,-1,-1,1,0.251171827316284
31,2,6,91,3,3,0,0.352378368377686,-1,-1,-1,-1,0.319178104400635
31,2,6,92,0,0,0,0.550479173660278,1,-1,-1,-1,0.102378368377686
31,2,6,93,-27,27,0,0.452725172042847,1,-1,-1,1,0.300479173660278
31,2,6,94,-3,3,1,0.517183065414429,-1,-1,-1,1,0.202725172042847
31,2,6,95,27,27,1,0.317659139633179,-1,1,-1,-1,0.267183065414429
31,2,6,96,-81,81,0,0.501827239990234,1,1,1,-1,0.0676591396331787
31,2,6,97,27,27,1,0.469393014907837,-1,-1,1,1,0.251827239990234
31,2,6,98,-27,27,0,0.485147476196289,1,1,-1,-1,0.219393014907837
31,2,6,99,3,3,0,0.550482988357544,-1,-1,1,1,0.235147476196289
32,1,1,6,27,27,0,0.619633913040161,-1,-1,-1,1,0.569131135940552
32,1,1,7,-9,9,1,0.467175006866455,1,-1,-1,-1,0.369633913040161
32,1,1,8,-9,9,0,0.53501558303833,-1,1,-1,1,0.217175006866455
32,1,1,9,9,9,1,0.517623901367188,-1,-1,1,-1,0.28501558303833
32,1,1,10,-9,9,1,0.668603181838989,1,1,-1,-1,0.267623901367188
32,1,1,11,27,27,1,0.95252537727356,-1,1,1,1,0.418603181838989
32,1,1,12,-27,27,0,0.485969305038452,1,1,1,-1,0.70252537727356
32,1,1,13,3,3,0,0.601014375686646,-1,-1,1,1,0.235969305038452
32,1,1,14,-27,27,0,0.567904233932495,1,-1,-1,-1,0.351014375686646
32,1,1,15,-27,27,1,0.517167091369629,-1,-1,-1,1,0.317904233932495
32,1,1,16,-81,81,0,0.502426624298096,-1,1,-1,-1,0.267167091369629
32,1,1,17,3,3,1,0.818007946014404,-1,-1,1,-1,0.252426624298096
32,1,1,18,-0,0,0,0.585668563842773,1,1,-1,-1,0.568007946014404
32,1,1,19,3,3,0,0.634310245513916,-1,-1,1,1,0.335668563842773
32,1,1,20,-3,3,0,0.483859062194824,1,-1,-1,-1,0.384310245513916
32,1,1,21,81,81,0,0.467962503433228,-1,-1,-1,1,0.233859062194824
32,1,1,22,9,9,0,0.600634574890137,1,-1,-1,-1,0.217962503433228
32,1,1,23,-81,81,0,0.535483598709106,1,-1,-1,1,0.350634574890137
32,1,1,24,0,0,0,0.451096773147583,-1,-1,-1,1,0.285483598709106
32,1,1,25,-81,81,0,0.318893194198608,1,-1,-1,-1,0.201096773147583
32,1,1,26,3,3,1,0.602112293243408,-1,-1,-1,1,0.0688931941986084
32,1,1,27,0,0,0,0.602561712265015,1,1,-1,-1,0.352112293243408
32,1,1,28,-0,0,1,0.585870027542114,1,-1,1,1,0.352561712265015
32,1,1,29,0,0,0,0.717820167541504,-1,1,-1,1,0.335870027542114
32,1,1,30,-27,27,0,0.600572109222412,1,-1,1,-1,0.467820167541504
32,1,1,31,81,81,1,0.450975179672241,-1,-1,-1,1,0.350572109222412
32,1,1,32,-3,3,1,0.618754863739014,1,1,-1,-1,0.200975179672241
32,1,1,33,3,3,0,0.569272518157959,-1,1,1,1,0.368754863739014
32,1,1,34,-0,0,0,0.934294462203979,1,-1,1,-1,0.319272518157959
32,1,1,35,-81,81,0,0.418844223022461,-1,-1,-1,1,0.684294462203979
32,1,1,36,9,9,1,0.535303831100464,-1,-1,-1,-1,0.168844223022461
32,1,1,37,3,3,1,0.485845327377319,1,1,-1,-1,0.285303831100464
32,1,1,38,81,81,1,0.350946664810181,1,1,1,1,0.235845327377319
32,1,1,39,-9,9,1,0.500531196594238,1,1,1,1,0.100946664810181
32,1,1,40,9,9,1,0.867739915847778,-1,1,1,1,0.250531196594238
32,1,1,41,-81,81,0,0.26760458946228,1,1,1,-1,0.617739915847778
32,1,1,42,81,81,1,0.484386682510376,-1,-1,1,1,0.0176045894622803
32,1,1,43,-3,3,1,0.667231798171997,1,1,-1,-1,0.234386682510376
32,1,1,44,9,9,1,0.651249408721924,-1,1,1,1,0.417231798171997
32,1,1,45,3,3,1,1.08505344390869,1,1,1,-1,0.401249408721924
32,1,1,46,-3,3,1,0.567667484283447,1,1,1,1,0.835053443908691
32,1,1,47,3,3,1,0.551466941833496,-1,1,1,1,0.317667484283447
32,1,1,48,-3,3,1,0.367150545120239,1,1,1,-1,0.301466941833496
32,1,1,49,9,9,1,0.519258975982666,-1,1,1,1,0.117150545120239
32,1,1,50,-27,27,0,0.534347534179688,1,1,1,-1,0.269258975982666
32,1,1,51,9,9,1,0.434353828430176,-1,-1,1,1,0.284347534179688
32,1,1,52,-81,81,0,0.569077968597412,1,1,-1,-1,0.184353828430176
32,1,1,53,3,3,1,0.53435206413269,-1,-1,1,1,0.319077968597412
32,1,1,54,-3,3,1,0.501904010772705,1,1,-1,-1,0.28435206413269
32,1,1,55,27,27,1,0.283828020095825,-1,1,1,1,0.251904010772705
32,1,1,56,-3,3,1,0.483816623687744,1,1,1,-1,0.0338280200958252
32,1,1,57,0,0,1,0.802143573760986,-1,1,1,1,0.233816623687744
32,1,1,58,-81,81,0,0.368265867233276,1,1,1,-1,0.552143573760986
32,1,1,59,-0,0,0,0.602233409881592,-1,-1,1,1,0.118265867233276
32,1,1,60,0,0,1,0.517960786819458,-1,-1,-1,-1,0.352233409881592
32,1,1,61,-9,9,0,0.502231597900391,1,1,-1,-1,0.267960786819458
32,1,1,62,-0,0,1,0.367654323577881,-1,-1,1,1,0.252231597900391
32,1,1,63,-9,9,1,0.51932430267334,-1,1,-1,-1,0.117654323577881
32,1,1,64,0,0,0,0.384315729141235,-1,1,1,-1,0.26932430267334
32,1,1,65,-3,3,1,0.502235174179077,1,-1,1,-1,0.134315729141235
32,1,1,69,-27,27,1,0.519282817840576,1,1,-1,-1,0.301071405410767
32,1,1,70,9,9,1,0.567148685455322,-1,1,1,1,0.269282817840576
32,1,1,71,81,81,1,0.601198434829712,1,1,1,-1,0.317148685455322
32,1,1,72,27,27,1,0.58592414855957,1,1,1,1,0.351198434829712
32,1,1,73,-27,27,0,0.567671537399292,1,1,1,1,0.33592414855957
32,1,1,74,27,27,1,0.567817211151123,-1,-1,1,1,0.317671537399292
32,1,1,75,3,3,1,0.602344274520874,1,1,-1,-1,0.317817211151123
32,1,1,76,-9,9,1,0.350491046905518,1,1,1,1,0.352344274520874
32,1,1,77,9,9,1,0.519264698028564,-1,1,1,1,0.100491046905518
32,1,1,78,-27,27,0,0.2854323387146,1,1,1,-1,0.269264698028564
32,1,1,79,81,81,1,0.467178344726562,-1,-1,1,1,0.0354323387145996
32,1,1,80,-27,27,0,0.752574682235718,1,1,-1,-1,0.217178344726562
32,1,1,81,-3,3,0,0.618093967437744,-1,-1,1,1,0.502574682235718
32,1,1,82,27,27,1,0.518615007400513,-1,-1,-1,-1,0.368093967437744
32,1,1,83,-27,27,0,0.469222545623779,1,1,-1,-1,0.268615007400513
32,1,1,84,3,3,1,0.500992298126221,-1,-1,1,1,0.219222545623779
32,1,1,85,-9,9,1,0.267676830291748,1,1,-1,-1,0.250992298126221
32,1,1,86,27,27,1,0.469483137130737,-1,1,1,1,0.017676830291748
32,1,1,87,27,27,1,0.53586745262146,1,1,1,-1,0.219483137130737
32,1,1,88,-27,27,0,0.334380865097046,1,1,1,1,0.28586745262146
32,1,1,89,81,81,1,0.467190027236938,-1,-1,1,1,0.0843808650970459
32,1,1,90,-9,9,1,0.518773794174194,1,1,-1,-1,0.217190027236938
32,1,1,91,81,81,1,0.41911506652832,-1,1,1,1,0.268773794174194
32,1,1,92,-9,9,0,0.785658121109009,1,1,1,-1,0.16911506652832
32,1,1,93,27,27,1,0.517181873321533,-1,-1,1,1,0.535658121109009
32,1,1,94,-81,81,0,0.30223822593689,1,1,-1,-1,0.267181873321533
32,1,1,95,81,81,1,0.551515102386475,-1,-1,1,1,0.0522382259368896
32,1,1,96,-27,27,0,0.385735034942627,1,1,-1,-1,0.301515102386475
32,1,1,97,-9,9,0,0.400496959686279,-1,-1,1,1,0.135735034942627
32,1,1,98,81,81,1,0.485187768936157,-1,-1,-1,-1,0.150496959686279
32,1,1,99,-3,3,0,0.25099778175354,1,1,-1,-1,0.235187768936157
32,1,2,2,-9,9,1,0.517835378646851,-1,1,-1,1,0.251237392425537
32,1,2,3,-3,3,0,0.334365367889404,-1,1,1,-1,0.267835378646851
32,1,2,4,-81,81,0,0.484811544418335,-1,-1,1,-1,0.0843653678894043
32,1,2,5,-3,3,0,0.567627906799316,-1,-1,-1,-1,0.234811544418335
32,1,2,6,-9,9,1,0.984368324279785,-1,-1,-1,-1,0.317627906799316
32,1,2,7,-81,81,0,0.317647695541382,-1,1,-1,-1,0.734368324279785
32,1,2,8,9,9,1,0.418583869934082,-1,-1,1,-1,0.0676476955413818
32,1,2,9,3,3,0,0.501760721206665,1,1,-1,-1,0.168583869934082
32,1,2,10,-27,27,0,0.450950860977173,1,-1,1,1,0.251760721206665
32,1,2,11,-81,81,0,0.469609975814819,-1,-1,-1,1,0.200950860977173
32,1,2,12,-0,0,0,0.518808841705322,-1,-1,-1,-1,0.219609975814819
32,1,2,13,-3,3,0,1.08518052101135,-1,-1,-1,-1,0.268808841705322
32,1,2,14,-9,9,1,0.569267272949219,-1,-1,-1,-1,0.835180521011353
32,1,2,15,-27,27,0,0.469013929367065,-1,1,-1,-1,0.319267272949219
32,1,2,16,-3,3,0,0.668629169464111,-1,-1,1,-1,0.219013929367065
32,1,2,17,-3,3,0,0.483859777450562,-1,-1,-1,-1,0.418629169464111
32,1,2,18,0,0,0,0.50247859954834,-1,-1,-1,-1,0.233859777450562
32,1,2,19,-0,0,1,0.635645389556885,1,-1,-1,-1,0.25247859954834
32,1,2,20,-0,0,1,0.619403123855591,-1,1,-1,1,0.385645389556885
32,1,2,21,-9,9,0,0.317673206329346,-1,1,1,-1,0.369403123855591
32,1,2,22,-81,81,0,0.452333927154541,-1,-1,1,-1,0.0676732063293457
32,1,2,23,-3,3,1,0.5338134765625,-1,-1,-1,-1,0.202333927154541
32,1,2,24,-3,3,1,0.417621374130249,-1,1,-1,-1,0.2838134765625
32,1,2,25,-9,9,0,0.384323358535767,-1,1,1,-1,0.167621374130249
32,1,2,26,-3,3,1,0.48608660697937,-1,-1,1,-1,0.134323358535767
32,1,2,27,-3,3,1,0.584302663803101,-1,1,-1,-1,0.23608660697937
32,1,2,28,9,9,1,0.535472631454468,-1,1,1,-1,0.334302663803101
32,1,2,29,9,9,1,0.501144647598267,1,1,1,-1,0.285472631454468
32,1,2,30,81,81,1,0.335720777511597,1,1,1,1,0.251144647598267
32,1,2,31,3,3,0,0.451079368591309,1,1,1,1,0.0857207775115967
32,1,2,32,9,9,1,0.452121019363403,1,-1,1,1,0.201079368591309
32,1,2,33,9,9,1,0.284327745437622,1,1,-1,1,0.202121019363403
32,1,2,34,27,27,1,0.535118103027344,1,1,1,1,0.0343277454376221
32,1,2,35,3,3,1,0.534293651580811,1,1,1,1,0.285118103027344
32,1,2,36,3,3,1,0.500509738922119,1,1,1,1,0.284293651580811
32,1,2,37,27,27,1,0.534936904907227,1,1,1,1,0.250509738922119
32,1,2,41,-81,81,0,0.485822916030884,-1,1,-1,-1,0.203025102615356
32,1,2,42,9,9,1,0.318714618682861,-1,-1,1,-1,0.235822916030884
32,1,2,43,9,9,1,0.434293031692505,1,1,-1,-1,0.0687146186828613
32,1,2,44,81,81,1,0.351108312606812,1,1,1,1,0.184293031692505
32,1,2,45,81,81,1,0.484325885772705,1,1,1,1,0.101108312606812
32,1,2,46,27,27,1,0.552061080932617,1,1,1,1,0.234325885772705
32,1,2,47,-27,27,0,0.502509355545044,1,1,1,1,0.302061080932617
32,1,2,48,-3,3,1,0.535936117172241,-1,-1,1,1,0.252509355545044
32,1,2,49,-81,81,0,0.585526704788208,-1,1,-1,-1,0.285936117172241
32,1,2,50,-3,3,0,0.484347105026245,-1,-1,1,-1,0.335526704788208
32,1,2,51,-3,3,1,0.435620069503784,-1,-1,-1,-1,0.234347105026245
32,1,2,52,-27,27,0,0.38520073890686,-1,1,-1,-1,0.185620069503784
32,1,2,56,-9,9,1,0.602218151092529,-1,-1,-1,-1,0.134369850158691
32,1,2,57,27,27,1,0.519672632217407,-1,1,-1,-1,0.352218151092529
32,1,2,58,27,27,1,0.452815771102905,1,1,1,-1,0.269672632217407
32,1,2,59,27,27,1,0.350981950759888,1,1,1,1,0.202815771102905
32,1,2,60,81,81,1,0.352612733840942,1,1,1,1,0.100981950759888
32,1,2,61,3,3,1,0.535969018936157,1,1,1,1,0.102612733840942
32,1,2,62,-27,27,0,0.519535303115845,1,1,1,1,0.285969018936157
32,1,2,63,-27,27,0,0.251082420349121,-1,-1,1,1,0.269535303115845
32,1,2,68,27,27,1,0.552426099777222,1,1,1,1,0.183858156204224
32,1,2,69,-3,3,1,0.602099895477295,1,1,1,1,0.302426099777222
32,1,2,70,-27,27,0,0.301057577133179,-1,1,1,1,0.352099895477295
32,1,2,71,-27,27,0,0.368664503097534,-1,-1,1,-1,0.0510575771331787
32,1,2,75,-27,27,0,0.483816385269165,-1,-1,-1,-1,0.651701688766479
32,1,2,76,-3,3,1,1.36927437782288,-1,-1,-1,-1,0.233816385269165
32,1,2,80,-0,0,1,0.384314775466919,-1,-1,1,1,0.267750263214111
32,1,2,81,-9,9,1,0.768624782562256,-1,1,-1,-1,0.134314775466919
32,1,2,82,-9,9,1,0.518871068954468,-1,1,1,-1,0.518624782562256
32,1,2,83,-81,81,0,0.40162205696106,-1,1,1,-1,0.268871068954468
32,1,2,84,-9,9,1,0.350988864898682,-1,-1,1,-1,0.15162205696106
32,1,2,85,81,81,1,0.334929943084717,-1,1,-1,-1,0.100988864898682
32,1,2,86,0,0,0,0.284276008605957,1,1,1,-1,0.0849299430847168
32,1,2,87,9,9,1,0.284524917602539,1,-1,1,1,0.034276008605957
32,1,2,88,0,0,1,0.385770082473755,1,1,-1,1,0.0345249176025391
32,1,2,89,81,81,1,0.317734718322754,1,1,1,1,0.135770082473755
32,1,2,90,27,27,1,0.484385967254639,1,1,1,1,0.0677347183227539
32,1,2,91,81,81,1,0.38601541519165,1,1,1,1,0.234385967254639
32,1,2,92,-27,27,1,0.385443449020386,1,1,1,1,0.13601541519165
32,1,2,93,-9,9,0,0.368303775787354,-1,1,1,1,0.135443449020386
32,1,2,94,0,0,1,0.284568309783936,-1,-1,1,-1,0.118303775787354
32,1,2,95,81,81,1,0.251013994216919,1,1,-1,-1,0.0345683097839355
32,1,2,96,27,27,0,0.751269578933716,1,1,1,1,0.00101399421691895
32,1,2,97,81,81,1,0.26935601234436,1,-1,1,1,0.501269578933716
32,1,2,98,81,81,1,0.58556866645813,1,1,-1,1,0.0193560123443604
32,1,2,99,3,3,0,0.250980854034424,1,1,1,1,0.33556866645813
32,1,3,2,3,3,1,0.383872747421265,-1,-1,1,1,0.186237812042236
32,1,3,3,-9,9,1,0.285930156707764,1,1,-1,-1,0.133872747421265
32,1,3,4,3,3,1,0.35102653503418,-1,1,1,1,0.0359301567077637
32,1,3,5,-9,9,1,0.518777132034302,1,1,1,-1,0.10102653503418
32,1,3,6,27,27,1,0.518327713012695,-1,1,1,1,0.268777132034302
32,1,3,7,-9,9,1,0.55110502243042,1,1,1,-1,0.268327713012695
32,1,3,8,9,9,1,0.534609794616699,-1,1,1,1,0.30110502243042
32,1,3,9,-27,27,0,0.302581071853638,1,1,1,-1,0.284609794616699
32,1,3,10,0,0,0,0.58427882194519,-1,-1,1,1,0.0525810718536377
32,1,3,11,-81,81,0,0.534479856491089,1,-1,-1,-1,0.33427882194519
32,1,3,12,27,27,1,0.469438076019287,-1,-1,-1,1,0.284479856491089
32,1,3,13,-3,3,1,0.568805456161499,1,1,-1,-1,0.219438076019287
32,1,3,14,9,9,1,0.552156686782837,-1,1,1,1,0.318805456161499
32,1,3,15,3,3,1,0.402794599533081,1,1,1,-1,0.302156686782837
32,1,3,16,-3,3,1,0.519251346588135,1,1,1,1,0.152794599533081
32,1,3,17,9,9,1,0.601937770843506,-1,1,1,1,0.269251346588135
32,1,3,18,-9,9,0,0.502214193344116,1,1,1,-1,0.351937770843506
32,1,3,19,81,81,1,0.535241365432739,-1,-1,1,1,0.252214193344116
32,1,3,20,-27,27,0,0.333863735198975,1,1,-1,-1,0.285241365432739
32,1,3,21,-9,9,0,0.536385297775269,-1,-1,1,1,0.0838637351989746
32,1,3,22,3,3,0,0.48441743850708,-1,-1,-1,-1,0.286385297775269
32,1,3,23,3,3,1,0.469376087188721,1,-1,-1,-1,0.23441743850708
32,1,3,24,-27,27,0,0.502373218536377,1,1,-1,1,0.219376087188721
32,1,3,25,9,9,1,0.700933933258057,-1,-1,1,1,0.252373218536377
32,1,3,26,-0,0,0,0.650986909866333,1,1,-1,-1,0.450933933258057
32,1,3,27,9,9,1,0.601237297058105,-1,-1,1,1,0.400986909866333
32,1,3,28,-27,27,0,0.502353429794312,1,1,-1,-1,0.351237297058105
32,1,3,29,81,81,1,0.501953363418579,-1,-1,1,1,0.252353429794312
32,1,3,30,-81,81,0,0.517660856246948,1,1,-1,-1,0.251953363418579
32,1,3,31,3,3,1,0.584328889846802,-1,-1,1,1,0.267660856246948
32,1,3,32,-27,27,0,0.319440841674805,1,1,-1,-1,0.334328889846802
32,1,3,33,0,0,0,0.734310388565063,-1,-1,1,1,0.0694408416748047
32,1,3,34,-9,9,0,0.585643291473389,1,-1,-1,-1,0.484310388565063
32,1,3,35,9,9,1,0.884302616119385,-1,-1,-1,1,0.335643291473389
32,1,3,36,-27,27,0,0.567901849746704,1,1,-1,-1,0.634302616119385
32,1,3,37,27,27,1,0.283835172653198,-1,-1,1,1,0.317901849746704
32,1,3,38,-81,81,0,0.333828687667847,1,1,-1,-1,0.0338351726531982
32,1,3,39,0,0,1,0.550948858261108,-1,-1,1,1,0.0838286876678467
32,1,3,40,-81,81,0,0.534335613250732,1,1,-1,-1,0.300948858261108
32,1,3,41,27,27,1,0.51903247833252,-1,-1,1,1,0.284335613250732
32,1,3,42,-3,3,0,0.752434492111206,1,1,-1,-1,0.26903247833252
32,1,3,43,27,27,1,0.584490299224854,-1,-1,1,1,0.502434492111206
32,1,3,44,-3,3,1,0.334945440292358,1,1,-1,-1,0.334490299224854
32,1,3,45,81,81,1,0.502654552459717,-1,1,1,1,0.0849454402923584
32,1,3,46,-3,3,1,0.251030206680298,1,1,1,-1,0.252654552459717
32,1,3,47,3,3,0,0.702028751373291,-1,1,1,1,0.00103020668029785
32,1,3,48,-27,27,0,0.334340572357178,1,-1,1,-1,0.452028751373291
32,1,3,53,-9,9,0,0.351870775222778,-1,-1,1,1,0.267169713973999
32,1,3,54,3,3,0,0.517634391784668,-1,-1,-1,-1,0.101870775222778
32,1,3,55,9,9,1,0.784671545028687,1,-1,-1,-1,0.267634391784668
32,1,3,56,-9,9,0,0.267675876617432,1,1,-1,1,0.534671545028687
32,1,3,57,27,27,1,0.518142938613892,-1,-1,1,1,0.0176758766174316
32,1,3,58,-0,0,0,0.601014614105225,1,1,-1,-1,0.268142938613892
32,1,3,59,81,81,1,0.636224985122681,-1,-1,1,1,0.351014614105225
32,1,3,60,-9,9,1,1.20248985290527,1,1,-1,-1,0.386224985122681
32,1,3,61,3,3,0,0.501887798309326,-1,1,1,1,0.952489852905273
32,1,3,62,-3,3,0,0.268682241439819,1,-1,1,-1,0.251887798309326
32,1,3,63,-81,81,0,0.368083715438843,-1,-1,-1,1,0.0186822414398193
32,1,3,64,81,81,1,0.552080392837524,-1,-1,-1,-1,0.118083715438843
32,1,3,65,-27,27,0,0.517215251922607,1,1,-1,-1,0.302080392837524
32,1,3,66,-3,3,0,0.517783641815186,-1,-1,1,1,0.267215251922607
32,1,3,67,0,0,1,0.817669868469238,-1,-1,-1,-1,0.267783641815186
32,1,3,68,27,27,1,0.552209138870239,1,1,-1,-1,0.567669868469238
32,1,3,69,27,27,1,0.367631912231445,1,1,1,1,0.302209138870239
32,1,3,70,-0,0,1,0.568629264831543,1,1,1,1,0.117631912231445
32,1,3,71,81,81,1,0.567194223403931,-1,1,1,1,0.318629264831543
32,1,3,72,-9,9,1,0.402614831924438,1,1,1,-1,0.317194223403931
32,1,3,73,3,3,1,0.669183492660522,-1,1,1,1,0.152614831924438
32,1,3,74,-0,0,1,0.752097368240356,1,1,1,-1,0.419183492660522
32,1,3,75,0,0,1,0.569231033325195,-1,1,1,1,0.502097368240356
32,1,3,76,-9,9,1,0.569530487060547,1,1,1,-1,0.319231033325195
32,1,3,77,81,81,1,0.517693281173706,-1,1,1,1,0.319530487060547
32,1,3,78,9,9,0,0.586341619491577,1,1,1,-1,0.267693281173706
32,1,3,79,-27,27,1,0.369337797164917,1,-1,1,1,0.336341619491577
32,1,3,80,81,81,1,0.550568342208862,-1,1,-1,1,0.119337797164917
32,1,3,81,-3,3,0,0.501416206359863,1,1,1,-1,0.300568342208862
32,1,3,82,9,9,1,0.517148733139038,-1,-1,1,1,0.251416206359863
32,1,3,83,-0,0,1,0.851114273071289,1,1,-1,-1,0.267148733139038
32,1,3,84,9,9,1,0.550529956817627,-1,1,1,1,0.601114273071289
32,1,3,85,-9,9,0,1.00267839431763,1,1,1,-1,0.300529956817627
32,1,3,86,3,3,1,0.519357681274414,-1,-1,1,1,0.752678394317627
32,1,3,93,-3,3,1,0.485533475875854,1,1,1,1,0.283868312835693
32,1,3,94,81,81,1,0.769439697265625,-1,1,1,1,0.235533475875854
32,1,3,98,81,81,1,0.484406471252441,-1,-1,1,1,0.433848857879639
32,1,3,99,3,3,1,0.367631673812866,1,1,-1,-1,0.234406471252441
32,1,4,2,-9,9,0,0.434326887130737,-1,1,-1,-1,0.485024452209473
32,1,4,3,27,27,1,0.534332990646362,-1,-1,1,-1,0.184326887130737
32,1,4,4,-3,3,1,0.467610836029053,1,1,-1,-1,0.284332990646362
32,1,4,5,-3,3,0,0.486018419265747,-1,1,1,1,0.217610836029053
32,1,4,6,-9,9,1,0.302242040634155,-1,-1,1,-1,0.236018419265747
32,1,4,7,-3,3,0,0.61717963218689,-1,1,-1,-1,0.0522420406341553
32,1,4,8,-3,3,0,0.500503540039062,-1,-1,1,-1,0.36717963218689
32,1,4,9,9,9,1,0.452686548233032,-1,-1,-1,-1,0.250503540039062
32,1,4,10,27,27,1,0.534287452697754,1,1,-1,-1,0.202686548233032
32,1,4,11,9,9,1,0.53461742401123,1,1,1,1,0.284287452697754
32,1,4,12,9,9,1,0.602482318878174,1,1,1,1,0.28461742401123
32,1,4,13,-0,0,1,0.602680206298828,1,1,1,1,0.352482318878174
32,1,4,14,-9,9,0,0.41778826713562,-1,1,1,1,0.352680206298828
32,1,4,15,-27,27,0,0.534416913986206,-1,-1,1,-1,0.16778826713562
32,1,4,16,-3,3,1,0.450960874557495,-1,-1,-1,-1,0.284416913986206
32,1,4,17,-81,81,0,0.384661912918091,-1,1,-1,-1,0.200960874557495
32,1,4,18,-3,3,0,0.417635917663574,-1,-1,1,-1,0.134661912918091
32,1,4,19,0,0,0,0.33381986618042,-1,-1,-1,-1,0.167635917663574
32,1,4,20,3,3,0,1.36762833595276,1,-1,-1,-1,0.0838198661804199
32,1,4,21,9,9,1,0.517747163772583,1,-1,-1,1,1.11762833595276
32,1,4,22,-81,81,0,0.602211713790894,1,1,-1,1,0.267747163772583
32,1,4,23,3,3,0,0.68386435508728,-1,-1,1,1,0.352211713790894
32,1,4,24,9,9,1,0.567655324935913,1,-1,-1,-1,0.43386435508728
32,1,4,25,27,27,1,0.502435922622681,1,1,-1,1,0.317655324935913
32,1,4,26,-81,81,0,0.502768039703369,1,1,1,1,0.252435922622681
32,1,4,27,-9,9,1,0.567198514938354,-1,-1,1,1,0.252768039703369
32,1,4,28,-3,3,0,1.01762533187866,-1,1,-1,-1,0.317198514938354
32,1,4,29,-3,3,0,0.719279766082764,-1,-1,1,-1,0.767625331878662
32,1,4,30,-81,81,0,0.53525447845459,-1,-1,-1,-1,0.469279766082764
32,1,4,31,-27,27,0,0.436054944992065,-1,-1,-1,-1,0.28525447845459
32,1,4,32,-3,3,0,0.502034425735474,-1,-1,-1,-1,0.186054944992065
32,1,4,33,-3,3,0,0.867188930511475,-1,-1,-1,-1,0.252034425735474
32,1,4,34,-81,81,0,0.585535764694214,-1,-1,-1,-1,0.617188930511475
32,1,4,35,-27,27,0,0.550473928451538,-1,-1,-1,-1,0.335535764694214
32,1,4,36,-81,81,0,0.567245721817017,-1,-1,-1,-1,0.300473928451538
32,1,4,37,-3,3,1,0.319286584854126,-1,-1,-1,-1,0.317245721817017
32,1,4,38,27,27,1,0.519160270690918,-1,1,-1,-1,0.069286584854126
32,1,4,39,81,81,1,0.534750461578369,1,1,1,-1,0.269160270690918
32,1,4,40,81,81,1,0.535386085510254,1,1,1,1,0.284750461578369
32,1,4,41,3,3,1,0.652222633361816,1,1,1,1,0.285386085510254
32,1,4,42,-0,0,1,0.617664098739624,1,1,1,1,0.402222633361816
32,1,4,43,-9,9,0,0.550976753234863,-1,1,1,1,0.367664098739624
32,1,4,47,-27,27,0,0.585625886917114,-1,-1,-1,-1,0.434527635574341
32,1,4,48,-81,81,0,0.61949610710144,-1,-1,-1,-1,0.335625886917114
32,1,4,49,-27,27,0,0.536195755004883,-1,-1,-1,-1,0.36949610710144
32,1,4,50,-0,0,1,0.768558979034424,-1,-1,-1,-1,0.286195755004883
32,1,4,51,-3,3,1,0.885953903198242,-1,1,-1,-1,0.518558979034424
32,1,4,52,-0,0,0,0.36768627166748,-1,1,1,-1,0.635953903198242
32,1,4,53,-9,9,0,1.01879715919495,-1,-1,1,-1,0.11768627166748
32,1,4,54,-9,9,0,0.717184782028198,-1,-1,-1,-1,0.768797159194946
32,1,4,55,-3,3,0,0.751554250717163,-1,-1,-1,-1,0.467184782028198
32,1,4,56,-81,81,0,0.583804607391357,-1,-1,-1,-1,0.501554250717163
32,1,4,57,-81,81,0,0.350998878479004,-1,-1,-1,-1,0.333804607391357
32,1,4,58,-9,9,0,0.835373878479004,-1,-1,-1,-1,0.100998878479004
32,1,4,62,3,3,1,0.634305477142334,1,1,1,1,0.483838796615601
32,1,4,63,81,81,1,0.767205238342285,1,1,1,1,0.384305477142334
32,1,4,64,9,9,1,0.634332895278931,1,1,1,1,0.517205238342285
32,1,4,65,27,27,1,0.601087808609009,1,1,1,1,0.384332895278931
32,1,4,66,81,81,1,0.617916584014893,1,1,1,1,0.351087808609009
32,1,4,67,9,9,0,0.733812093734741,1,1,1,1,0.367916584014893
32,1,4,68,9,9,0,1.16775894165039,1,-1,1,1,0.483812093734741
32,1,4,69,27,27,1,0.551986932754517,1,-1,-1,1,0.917758941650391
32,1,4,70,-0,0,0,0.452834606170654,1,1,-1,1,0.301986932754517
32,1,4,71,-27,27,1,0.700567960739136,-1,-1,1,1,0.202834606170654
32,1,4,72,-81,81,0,0.567148447036743,-1,1,-1,-1,0.450567960739136
32,1,4,73,-3,3,1,0.55114221572876,-1,-1,1,-1,0.317148447036743
32,1,4,74,81,81,1,0.618996381759644,-1,1,-1,-1,0.30114221572876
32,1,4,78,27,27,1,0.651070833206177,1,1,1,1,0.401004314422607
32,1,4,79,0,0,1,0.802342891693115,1,1,1,1,0.401070833206177
32,1,4,80,9,9,0,0.65275239944458,1,1,1,1,0.552342891693115
32,1,4,81,9,9,0,0.650520086288452,1,-1,1,1,0.40275239944458
32,1,4,82,-81,81,0,0.517346143722534,1,-1,-1,1,0.400520086288452
32,1,4,83,-3,3,0,0.585644960403442,-1,-1,-1,1,0.267346143722534
32,1,4,84,-81,81,0,0.567172527313232,-1,-1,-1,-1,0.335644960403442
32,1,4,85,-27,27,0,0.617741346359253,-1,-1,-1,-1,0.317172527313232
32,1,4,86,-3,3,1,0.969075202941895,-1,-1,-1,-1,0.367741346359253
32,1,4,87,27,27,1,0.719690561294556,-1,1,-1,-1,0.719075202941895
32,1,4,88,0,0,1,0.585659503936768,1,1,1,-1,0.469690561294556
32,1,4,92,27,27,1,0.718602418899536,1,-1,-1,-1,0.418864250183105
32,1,4,93,81,81,1,0.56773042678833,1,1,-1,1,0.468602418899536
32,1,4,94,81,81,1,0.569191932678223,1,1,1,1,0.31773042678833
32,1,4,98,-27,27,0,0.718758583068848,-1,-1,-1,-1,0.552230834960938
32,1,4,99,-9,9,0,0.301020860671997,-1,-1,-1,-1,0.468758583068848
32,1,5,4,-9,9,0,0.635791063308716,1,-1,-1,-1,0.767607450485229
32,1,5,5,0,0,1,0.669427394866943,-1,-1,-1,1,0.385791063308716
32,1,5,6,81,81,1,0.55207633972168,1,1,-1,-1,0.419427394866943
32,1,5,7,-81,81,0,0.486151218414307,1,1,1,1,0.30207633972168
32,1,5,8,0,0,0,0.769128799438477,-1,-1,1,1,0.236151218414307
32,1,5,9,-9,9,0,0.633878231048584,1,-1,-1,-1,0.519128799438477
32,1,5,10,27,27,1,0.568410634994507,-1,-1,-1,1,0.383878231048584
32,1,5,11,-3,3,1,0.619159936904907,1,1,-1,-1,0.318410634994507
32,1,5,12,3,3,1,0.535854816436768,-1,1,1,1,0.369159936904907
32,1,5,13,0,0,1,0.71854567527771,1,1,1,-1,0.285854816436768
32,1,5,14,-3,3,0,1.43577456474304,1,1,1,1,0.46854567527771
32,1,5,15,-81,81,0,0.534450769424438,-1,-1,1,1,1.18577456474304
32,1,5,16,27,27,1,0.518006324768066,-1,-1,-1,-1,0.284450769424438
32,1,5,17,81,81,1,0.552807331085205,1,1,-1,-1,0.268006324768066
32,1,5,18,81,81,1,0.535202503204346,1,1,1,1,0.302807331085205
32,1,5,19,81,81,1,0.534893035888672,1,1,1,1,0.285202503204346
32,1,5,23,-9,9,1,0.735896825790405,-1,1,1,1,0.417276859283447
32,1,5,24,-81,81,0,0.517627239227295,-1,1,1,-1,0.485896825790405
32,1,5,25,-9,9,0,0.503082752227783,-1,-1,1,-1,0.267627239227295
32,1,5,26,-0,0,1,0.467861890792847,-1,-1,-1,-1,0.253082752227783
32,1,5,27,-3,3,0,0.584393262863159,-1,1,-1,-1,0.217861890792847
32,1,5,31,-0,0,1,1.05057644844055,-1,-1,-1,1,0.134319305419922
32,1,5,32,-27,27,0,0.534303426742554,-1,1,-1,-1,0.800576448440552
32,1,5,33,-0,0,0,0.502136945724487,-1,-1,1,-1,0.284303426742554
32,1,5,34,3,3,0,0.618896007537842,-1,-1,-1,-1,0.252136945724487
32,1,5,35,3,3,1,0.751360893249512,1,-1,-1,-1,0.368896007537842
32,1,5,36,-9,9,0,0.517212867736816,1,1,-1,1,0.501360893249512
32,1,5,37,-3,3,0,0.701070547103882,-1,-1,1,1,0.267212867736816
32,1,5,38,27,27,0,0.852658033370972,-1,-1,-1,-1,0.451070547103882
32,1,5,39,-81,81,0,0.550973892211914,1,-1,-1,-1,0.602658033370972
32,1,5,40,0,0,0,0.417718887329102,-1,-1,-1,1,0.300973892211914
32,1,5,41,3,3,0,0.350541830062866,1,-1,-1,-1,0.167718887329102
32,1,5,42,-3,3,1,0.534343004226685,1,-1,-1,1,0.100541830062866
32,1,5,43,9,9,1,0.519036769866943,-1,1,-1,1,0.284343004226685
32,1,5,44,-81,81,0,0.536121606826782,1,1,1,-1,0.269036769866943
32,1,5,45,3,3,0,0.567152500152588,-1,-1,1,1,0.286121606826782
32,1,5,46,-9,9,1,0.768553733825684,1,-1,-1,-1,0.317152500152588
32,1,5,47,27,27,1,0.401839733123779,-1,1,-1,1,0.518553733825684
32,1,5,48,3,3,0,0.317613124847412,1,1,1,-1,0.151839733123779
32,1,5,49,-3,3,1,0.518230438232422,1,-1,1,1,0.0676131248474121
32,1,5,50,-9,9,0,0.835510015487671,-1,1,-1,1,0.268230438232422
32,1,5,51,27,27,1,0.719246864318848,-1,-1,1,-1,0.585510015487671
32,1,5,52,-81,81,0,0.567686319351196,1,1,-1,-1,0.469246864318848
32,1,5,53,9,9,1,0.618337869644165,-1,-1,1,1,0.317686319351196
32,1,5,54,3,3,1,0.700528383255005,1,1,-1,-1,0.368337869644165
32,1,5,55,-9,9,1,0.650493144989014,1,1,1,1,0.450528383255005
32,1,5,56,9,9,0,0.469136476516724,-1,1,1,1,0.400493144989014
32,1,5,57,-27,27,0,0.484306812286377,1,-1,1,-1,0.219136476516724
32,1,5,58,27,27,1,0.58672308921814,-1,-1,-1,1,0.234306812286377
32,1,5,59,9,9,1,0.567731380462646,1,1,-1,-1,0.33672308921814
32,1,5,60,-27,27,0,0.519495964050293,1,1,1,1,0.317731380462646
32,1,5,61,27,27,1,0.517730474472046,-1,-1,1,1,0.269495964050293
32,1,5,62,-81,81,0,0.667249917984009,1,1,-1,-1,0.267730474472046
32,1,5,63,81,81,0,0.451000928878784,-1,-1,1,1,0.417249917984009
32,1,5,64,-81,81,0,0.584321975708008,1,-1,-1,-1,0.201000928878784
32,1,5,65,0,0,1,0.569480657577515,-1,-1,-1,1,0.334321975708008
32,1,5,66,27,27,1,0.403010368347168,1,1,-1,-1,0.319480657577515
32,1,5,67,-27,27,0,0.567219734191895,1,1,1,1,0.153010368347168
32,1,5,68,9,9,1,0.518735647201538,-1,-1,1,1,0.317219734191895
32,1,5,69,3,3,1,0.585783004760742,1,1,-1,-1,0.268735647201538
32,1,5,70,27,27,1,0.736053943634033,1,1,1,1,0.335783004760742
32,1,5,74,-81,81,0,0.534301042556763,-1,-1,1,1,0.434287548065186
32,1,5,75,27,27,1,0.36767315864563,-1,-1,-1,-1,0.284301042556763
32,1,5,76,-9,9,0,0.65096378326416,1,1,-1,-1,0.11767315864563
32,1,5,77,-0,0,0,0.668155908584595,-1,-1,1,1,0.40096378326416
32,1,5,78,-81,81,0,0.433845520019531,-1,-1,-1,-1,0.418155908584595
32,1,5,82,81,81,1,0.534289360046387,1,1,1,-1,0.335911989212036
32,1,5,83,-27,27,0,0.552452087402344,1,1,1,1,0.284289360046387
32,1,5,84,-81,81,0,0.919416666030884,-1,-1,1,1,0.302452087402344
32,1,5,85,9,9,1,0.617167949676514,-1,-1,-1,-1,0.669416666030884
32,1,5,86,27,27,1,0.617836475372314,1,1,-1,-1,0.367167949676514
32,1,5,87,-3,3,1,0.55097222328186,1,1,1,1,0.367836475372314
32,1,5,88,-0,0,0,0.717206239700317,-1,1,1,1,0.30097222328186
32,1,5,89,-81,81,1,1.41712999343872,-1,-1,1,-1,0.467206239700317
32,1,5,90,-9,9,0,0.583840131759644,-1,1,-1,-1,1.16712999343872
32,1,5,91,-81,81,0,0.452984094619751,-1,-1,1,-1,0.333840131759644
32,1,5,92,-27,27,0,0.533849239349365,-1,-1,-1,-1,0.202984094619751
32,1,5,93,3,3,1,0.884356498718262,-1,-1,-1,-1,0.283849239349365
32,1,5,94,-81,81,0,0.569165229797363,1,1,-1,-1,0.634356498718262
32,1,5,95,-9,9,0,0.586087226867676,-1,-1,1,1,0.319165229797363
32,1,5,96,9,9,0,0.484312772750854,-1,-1,-1,-1,0.336087226867676
32,1,5,97,27,27,1,0.519132852554321,1,-1,-1,-1,0.234312772750854
32,1,5,98,9,9,1,0.501898050308228,1,1,-1,1,0.269132852554321
32,1,5,99,27,27,1,0.568845510482788,1,1,1,1,0.251898050308228
32,1,6,2,81,81,1,0.469306945800781,1,1,-1,-1,0.169596433639526
32,1,6,3,-81,81,0,0.517616987228394,1,1,1,1,0.219306945800781
32,1,6,4,3,3,1,0.634344816207886,-1,-1,1,1,0.267616987228394
32,1,6,5,81,81,1,0.501117944717407,1,1,-1,-1,0.384344816207886
32,1,6,6,3,3,1,0.486033916473389,1,1,1,1,0.251117944717407
32,1,6,7,27,27,1,0.517632722854614,1,1,1,1,0.236033916473389
32,1,6,8,-0,0,1,0.500934362411499,1,1,1,1,0.267632722854614
32,1,6,9,81,81,1,0.535905122756958,-1,1,1,1,0.250934362411499
32,1,6,10,-3,3,0,0.501964092254639,1,1,1,-1,0.285905122756958
32,1,6,11,-9,9,0,0.334324598312378,-1,-1,1,1,0.251964092254639
32,1,6,12,27,27,1,0.367882490158081,-1,-1,-1,-1,0.0843245983123779
32,1,6,13,81,81,1,0.552608728408813,1,1,-1,-1,0.117882490158081
32,1,6,14,9,9,0,0.452398777008057,1,1,1,1,0.302608728408813
32,1,6,15,-3,3,1,0.4510338306427,1,-1,1,1,0.202398777008057
32,1,6,16,81,81,1,0.517302513122559,-1,1,-1,1,0.2010338306427
32,1,6,17,0,0,1,0.433876276016235,1,1,1,-1,0.267302513122559
32,1,6,18,-0,0,1,0.700972080230713,1,1,1,1,0.183876276016235
32,1,6,19,3,3,1,0.269493579864502,-1,1,1,1,0.450972080230713
32,1,6,20,-3,3,0,0.502360343933105,1,1,1,-1,0.019493579864502
32,1,6,21,-0,0,0,0.900505304336548,-1,-1,1,1,0.252360343933105
32,1,6,22,3,3,1,0.601438045501709,-1,-1,-1,-1,0.650505304336548
32,1,6,23,-9,9,1,0.635812997817993,1,1,-1,-1,0.351438045501709
32,1,6,24,-81,81,0,0.468369722366333,-1,1,1,1,0.385812997817993
32,1,6,25,9,9,1,0.567743301391602,-1,-1,1,-1,0.218369722366333
32,1,6,26,-9,9,1,0.618951082229614,1,1,-1,-1,0.317743301391602
32,1,6,27,3,3,1,0.667610883712769,-1,1,1,1,0.368951082229614
32,1,6,28,-0,0,1,0.500962972640991,1,1,1,-1,0.417610883712769
32,1,6,29,81,81,1,0.552617073059082,-1,1,1,1,0.250962972640991
32,1,6,30,-27,27,0,0.484339475631714,1,1,1,-1,0.302617073059082
32,1,6,31,-0,0,0,0.485461950302124,-1,-1,1,1,0.234339475631714
32,1,6,32,0,0,0,0.500507116317749,-1,-1,-1,-1,0.235461950302124
32,1,6,33,81,81,1,0.40221118927002,1,-1,-1,-1,0.250507116317749
32,1,6,34,-3,3,0,0.568583726882935,1,1,-1,1,0.15221118927002
32,1,6,35,3,3,1,0.501938581466675,-1,-1,1,1,0.318583726882935
32,1,6,36,-0,0,1,0.635915279388428,1,1,-1,-1,0.251938581466675
32,1,6,37,81,81,1,0.417969703674316,-1,1,1,1,0.385915279388428
32,1,6,38,-81,81,0,0.568676471710205,1,1,1,-1,0.167969703674316
32,1,6,39,-3,3,1,0.500489711761475,-1,-1,1,1,0.318676471710205
32,1,6,40,-3,3,0,0.252686023712158,-1,1,-1,-1,0.250489711761475
32,1,6,41,27,27,1,0.467658996582031,-1,-1,1,-1,0.0026860237121582
32,1,6,42,27,27,1,0.383868217468262,1,1,-1,-1,0.217658996582031
32,1,6,46,-3,3,1,0.518449783325195,-1,-1,1,1,0.25098991394043
32,1,6,47,-9,9,0,0.652225017547607,-1,1,-1,-1,0.268449783325195
32,1,6,48,-3,3,1,0.550931453704834,-1,-1,1,-1,0.402225017547607
32,1,6,49,-27,27,0,0.284292459487915,-1,1,-1,-1,0.300931453704834
32,1,6,50,-27,27,0,0.434374570846558,-1,-1,1,-1,0.034292459487915
32,1,6,51,3,3,0,0.518885135650635,-1,-1,-1,-1,0.184374570846558
32,1,6,52,3,3,1,0.685919761657715,1,-1,-1,-1,0.268885135650635
32,1,6,53,-9,9,0,0.451260328292847,1,1,-1,1,0.435919761657715
32,1,6,54,-9,9,0,0.368587255477905,-1,-1,1,1,0.201260328292847
32,1,6,55,9,9,1,0.301264047622681,-1,-1,-1,-1,0.118587255477905
32,1,6,56,-81,81,0,0.634361505508423,1,1,-1,-1,0.0512640476226807
32,1,6,57,-81,81,0,0.518869876861572,-1,-1,1,1,0.384361505508423
32,1,6,58,27,27,1,0.552542686462402,-1,-1,-1,-1,0.268869876861572
32,1,6,59,-27,27,0,0.535362482070923,1,1,-1,-1,0.302542686462402
32,1,6,60,-9,9,1,0.383863687515259,-1,-1,1,1,0.285362482070923
32,1,6,61,81,81,1,0.550981521606445,-1,1,-1,-1,0.133863687515259
32,1,6,62,-3,3,0,0.568529844284058,1,1,1,-1,0.300981521606445
32,1,6,63,-27,27,0,0.419053554534912,-1,-1,1,1,0.318529844284058
32,1,6,64,9,9,1,0.519362449645996,-1,-1,-1,-1,0.169053554534912
32,1,6,65,81,81,1,0.551966428756714,1,1,-1,-1,0.269362449645996
32,1,6,66,-27,27,0,0.667167663574219,1,1,1,1,0.301966428756714
32,1,6,67,-81,81,0,0.568767547607422,-1,-1,1,1,0.417167663574219
32,1,6,68,9,9,0,0.902673959732056,-1,-1,-1,-1,0.318767547607422
32,1,6,69,-3,3,1,0.635333299636841,1,-1,-1,-1,0.652673959732056
32,1,6,70,-0,0,0,0.552065849304199,-1,1,-1,1,0.385333299636841
32,1,6,71,-81,81,0,0.552344083786011,-1,-1,1,-1,0.302065849304199
32,1,6,72,-3,3,0,0.602735757827759,-1,-1,-1,-1,0.302344083786011
32,1,6,73,9,9,1,0.468378782272339,-1,-1,-1,-1,0.352735757827759
32,1,6,74,-9,9,0,0.401670217514038,1,1,-1,-1,0.218378782272339
32,1,6,75,-27,27,0,0.502730846405029,-1,-1,1,1,0.151670217514038
32,1,6,76,9,9,1,0.502581834793091,-1,-1,-1,-1,0.252730846405029
32,1,6,77,3,3,0,0.46717381477356,1,1,-1,-1,0.252581834793091
32,1,6,78,81,81,1,0.369040012359619,1,-1,1,1,0.21717381477356
32,1,6,79,81,81,1,0.502395391464233,1,1,-1,1,0.119040012359619
32,1,6,80,-27,27,0,0.568822145462036,1,1,1,1,0.252395391464233
32,1,6,81,-81,81,0,0.517616510391235,-1,-1,1,1,0.318822145462036
32,1,6,82,27,27,1,0.902540922164917,-1,-1,-1,-1,0.267616510391235
32,1,6,83,81,81,1,0.485992908477783,1,1,-1,-1,0.652540922164917
32,1,6,84,-27,27,0,0.500504016876221,1,1,1,1,0.235992908477783
32,1,6,85,-0,0,0,0.435202598571777,-1,-1,1,1,0.250504016876221
32,1,6,86,-0,0,1,0.652559995651245,-1,-1,-1,-1,0.185202598571777
32,1,6,87,-27,27,0,0.383835077285767,-1,1,-1,-1,0.402559995651245
32,1,6,88,3,3,1,0.567639589309692,-1,-1,1,-1,0.133835077285767
32,1,6,89,-27,27,0,0.569324254989624,1,1,-1,-1,0.317639589309692
32,1,6,90,9,9,0,0.63654613494873,-1,-1,1,1,0.319324254989624
32,1,6,91,-27,27,0,0.434314727783203,1,-1,-1,-1,0.38654613494873
32,1,6,92,-3,3,0,0.335985660552979,-1,-1,-1,1,0.184314727783203
32,1,6,93,9,9,1,0.567643880844116,-1,-1,-1,-1,0.0859856605529785
32,1,6,94,-9,9,0,0.518525362014771,1,1,-1,-1,0.317643880844116
32,1,6,95,27,27,1,0.517815113067627,-1,-1,1,1,0.268525362014771
32,1,6,96,27,27,1,0.534674406051636,1,1,-1,-1,0.267815113067627
32,1,6,97,-9,9,0,0.4026198387146,1,1,1,1,0.284674406051636
32,1,6,98,-27,27,1,0.301862001419067,-1,-1,1,1,0.1526198387146
32,1,6,99,-9,9,0,0.735796689987183,-1,1,-1,-1,0.0518620014190674
32,2,1,2,27,27,0,0.567758083343506,1,-1,-1,-1,0.65252161026001
32,2,1,3,3,3,0,0.551113843917847,1,-1,-1,1,0.317758083343506
32,2,1,4,0,0,0,0.819259166717529,1,-1,-1,1,0.301113843917847
32,2,1,5,3,3,0,0.785012245178223,1,-1,-1,1,0.569259166717529
32,2,1,6,0,0,1,0.551032543182373,1,-1,-1,1,0.535012245178223
32,2,1,7,81,81,1,0.601115703582764,1,1,-1,1,0.301032543182373
32,2,1,8,-81,81,0,0.484498262405396,1,1,1,1,0.351115703582764
32,2,1,9,-81,81,0,0.500983715057373,-1,-1,1,1,0.234498262405396
32,2,1,10,-81,81,0,0.484475135803223,-1,-1,-1,-1,0.250983715057373
32,2,1,11,-27,27,0,0.419391393661499,-1,-1,-1,-1,0.234475135803223
32,2,1,12,3,3,1,0.483822345733643,-1,-1,-1,-1,0.169391393661499
32,2,1,13,27,27,1,0.502158403396606,1,1,-1,-1,0.233822345733643
32,2,1,14,27,27,1,0.467801809310913,1,1,1,1,0.252158403396606
32,2,1,15,3,3,1,0.484293460845947,1,1,1,1,0.217801809310913
32,2,1,16,3,3,1,0.384327411651611,1,1,1,1,0.234293460845947
32,2,1,17,27,27,1,0.517705917358398,1,1,1,1,0.134327411651611
32,2,1,18,81,81,1,0.48605489730835,1,1,1,1,0.267705917358398
32,2,1,19,9,9,0,0.251025199890137,1,1,1,1,0.23605489730835
32,2,1,20,81,81,1,0.4858078956604,1,-1,1,1,0.00102519989013672
32,2,1,21,9,9,1,0.519646883010864,1,1,-1,1,0.2358078956604
32,2,1,22,-27,27,1,0.434576988220215,1,1,1,1,0.269646883010864
32,2,1,23,-9,9,1,0.48569655418396,-1,1,1,1,0.184576988220215
32,2,1,24,-9,9,1,0.517760038375854,-1,1,1,-1,0.23569655418396
32,2,1,25,-27,27,1,0.567800521850586,-1,1,1,-1,0.267760038375854
32,2,1,26,-81,81,0,0.45116138458252,-1,1,1,-1,0.317800521850586
32,2,1,27,-27,27,1,0.567161321640015,-1,-1,1,-1,0.20116138458252
32,2,1,28,-81,81,0,0.435388088226318,-1,1,-1,-1,0.317161321640015
32,2,1,29,-81,81,0,0.418959856033325,-1,-1,1,-1,0.185388088226318
32,2,1,30,3,3,1,0.467953205108643,-1,-1,-1,-1,0.168959856033325
32,2,1,31,27,27,1,0.41719126701355,1,1,-1,-1,0.217953205108643
32,2,1,32,9,9,1,0.50199818611145,1,1,1,1,0.16719126701355
32,2,1,33,0,0,0,0.584891557693481,1,1,1,1,0.25199818611145
32,2,1,34,9,9,1,0.450490951538086,1,-1,1,1,0.334891557693481
32,2,1,35,9,9,1,0.534453392028809,1,1,-1,1,0.200490951538086
32,2,1,36,0,0,1,0.400550127029419,1,1,1,1,0.284453392028809
32,2,1,37,81,81,1,0.484430074691772,1,1,1,1,0.150550127029419
32,2,1,38,9,9,1,0.567777156829834,1,1,1,1,0.234430074691772
32,2,1,39,9,9,1,0.518351316452026,1,1,1,1,0.317777156829834
32,2,1,44,27,27,1,0.535240888595581,1,-1,-1,1,0.317815780639648
32,2,1,45,3,3,1,0.586118698120117,1,1,-1,1,0.285240888595581
32,2,1,46,81,81,1,0.469425439834595,1,1,1,1,0.336118698120117
32,2,1,47,27,27,1,0.550512313842773,1,1,1,1,0.219425439834595
32,2,1,48,3,3,1,0.551897525787354,1,1,1,1,0.300512313842773
32,2,1,49,-81,81,0,0.400529384613037,1,1,1,1,0.301897525787354
32,2,1,50,81,81,1,0.485976457595825,-1,-1,1,1,0.150529384613037
32,2,1,51,9,9,1,0.48607063293457,1,1,-1,-1,0.235976457595825
32,2,1,52,-0,0,1,0.451558589935303,1,1,1,1,0.23607063293457
32,2,1,53,-27,27,0,0.551354169845581,-1,1,1,1,0.201558589935303
32,2,1,54,0,0,0,0.55048394203186,-1,-1,1,-1,0.301354169845581
32,2,1,55,81,81,1,0.518873453140259,1,-1,-1,-1,0.30048394203186
32,2,1,56,27,27,1,0.518846035003662,1,1,-1,1,0.268873453140259
32,2,1,57,-9,9,1,0.518644571304321,1,1,1,1,0.268846035003662
32,2,1,58,9,9,0,0.584490299224854,-1,1,1,1,0.268644571304321
32,2,1,59,3,3,1,0.651566028594971,1,-1,1,-1,0.334490299224854
32,2,1,60,27,27,1,0.534314155578613,1,1,-1,1,0.401566028594971
32,2,1,61,-81,81,0,0.569370985031128,1,1,1,1,0.284314155578613
32,2,1,62,-9,9,0,0.368988275527954,-1,-1,1,1,0.319370985031128
32,2,1,63,-9,9,0,0.601272344589233,-1,-1,-1,-1,0.118988275527954
32,2,1,64,3,3,1,0.669378519058228,-1,-1,-1,-1,0.351272344589233
32,2,1,65,3,3,0,0.667180061340332,1,1,-1,-1,0.419378519058228
32,2,1,66,-81,81,0,0.46947717666626,1,-1,1,1,0.417180061340332
32,2,1,67,-27,27,0,0.568528652191162,-1,-1,-1,1,0.21947717666626
32,2,1,68,-3,3,1,0.535430908203125,-1,-1,-1,-1,0.318528652191162
32,2,1,69,9,9,1,0.485791444778442,-1,1,-1,-1,0.285430908203125
32,2,1,70,27,27,1,0.502012729644775,1,1,1,-1,0.235791444778442
32,2,1,71,3,3,1,0.552553176879883,1,1,1,1,0.252012729644775
32,2,1,72,-27,27,0,0.534307956695557,1,1,1,1,0.302553176879883
32,2,1,73,-3,3,1,0.535088300704956,-1,-1,1,1,0.284307956695557
32,2,1,74,-27,27,0,0.500931262969971,-1,1,-1,-1,0.285088300704956
32,2,1,75,-9,9,0,0.834464550018311,-1,-1,1,-1,0.250931262969971
32,2,1,76,-0,0,1,0.501855134963989,-1,-1,-1,-1,0.584464550018311
32,2,1,77,-81,81,0,0.652591705322266,-1,1,-1,-1,0.251855134963989
32,2,1,78,-3,3,0,0.517245769500732,-1,-1,1,-1,0.402591705322266
32,2,1,79,-3,3,0,0.568724632263184,-1,-1,-1,-1,0.267245769500732
32,2,1,80,-0,0,0,0.551372051239014,-1,-1,-1,-1,0.318724632263184
32,2,1,81,-9,9,0,0.619062185287476,-1,-1,-1,-1,0.301372051239014
32,2,1,82,-27,27,0,0.568694114685059,-1,-1,-1,-1,0.369062185287476
32,2,1,83,0,0,0,0.517841577529907,-1,-1,-1,-1,0.318694114685059
32,2,1,84,-3,3,1,0.468841075897217,1,-1,-1,-1,0.267841577529907
32,2,1,85,0,0,0,0.584789037704468,-1,1,-1,1,0.218841075897217
32,2,1,86,-9,9,1,0.583829879760742,1,-1,1,-1,0.334789037704468
32,2,1,87,-9,9,0,0.535358905792236,-1,1,-1,1,0.333829879760742
32,2,1,88,-9,9,0,0.502759218215942,-1,-1,1,-1,0.285358905792236
32,2,1,89,-81,81,0,0.485224962234497,-1,-1,-1,-1,0.252759218215942
32,2,1,90,-3,3,0,0.367834091186523,-1,-1,-1,-1,0.235224962234497
32,2,1,91,-81,81,0,0.568698406219482,-1,-1,-1,-1,0.117834091186523
32,2,1,92,-9,9,1,0.451599836349487,-1,-1,-1,-1,0.318698406219482
32,2,1,93,-81,81,0,0.667652606964111,-1,1,-1,-1,0.201599836349487
32,2,1,94,-3,3,0,0.618155241012573,-1,-1,1,-1,0.417652606964111
32,2,1,95,-27,27,0,0.768966913223267,-1,-1,-1,-1,0.368155241012573
32,2,1,96,-81,81,0,0.333831071853638,-1,-1,-1,-1,0.518966913223267
32,2,1,97,-9,9,1,0.61781907081604,-1,-1,-1,-1,0.0838310718536377
32,2,1,98,-3,3,0,0.534473896026611,-1,1,-1,-1,0.36781907081604
32,2,1,99,-81,81,0,0.568848133087158,-1,-1,1,-1,0.284473896026611
32,2,2,2,9,9,0,0.483869552612305,-1,-1,1,-1,0.151370286941528
32,2,2,3,-0,0,1,0.351986169815063,1,-1,-1,-1,0.233869552612305
32,2,2,4,27,27,1,0.534282207489014,-1,1,-1,1,0.101986169815063
32,2,2,5,-27,27,0,0.486063003540039,1,1,1,-1,0.284282207489014
32,2,2,6,9,9,1,0.517836093902588,-1,-1,1,1,0.236063003540039
32,2,2,7,3,3,1,0.518724918365479,1,1,-1,-1,0.267836093902588
32,2,2,8,3,3,1,0.502533435821533,1,1,1,1,0.268724918365479
32,2,2,9,-81,81,0,0.451103925704956,1,1,1,1,0.252533435821533
32,2,2,10,0,0,0,0.417181015014648,-1,-1,1,1,0.201103925704956
32,2,2,11,-27,27,0,0.318760871887207,1,-1,-1,-1,0.167181015014648
32,2,2,12,-27,27,0,0.452486276626587,-1,-1,-1,1,0.068760871887207
32,2,2,13,81,81,1,0.43446683883667,-1,-1,-1,-1,0.202486276626587
32,2,2,14,-81,81,0,0.48546838760376,1,1,-1,-1,0.18446683883667
32,2,2,15,-81,81,0,0.317170858383179,-1,-1,1,1,0.23546838760376
32,2,2,16,9,9,0,0.601137399673462,-1,-1,-1,-1,0.0671708583831787
32,2,2,17,9,9,1,0.517781972885132,1,-1,-1,-1,0.351137399673462
32,2,2,18,3,3,0,0.285595655441284,1,1,-1,1,0.267781972885132
32,2,2,19,27,27,1,0.467828273773193,1,-1,1,1,0.0355956554412842
32,2,2,20,-9,9,0,0.485999584197998,1,1,-1,1,0.217828273773193
32,2,2,21,9,9,1,0.50244402885437,-1,-1,1,1,0.235999584197998
32,2,2,22,-0,0,1,0.567768096923828,1,1,-1,-1,0.25244402885437
32,2,2,23,-0,0,1,0.333810806274414,-1,1,1,1,0.317768096923828
32,2,2,24,-27,27,0,0.684437036514282,-1,1,1,-1,0.0838108062744141
32,2,2,25,-27,27,0,0.669123411178589,-1,-1,1,-1,0.434437036514282
32,2,2,26,-9,9,1,0.634299993515015,-1,-1,-1,-1,0.419123411178589
32,2,2,27,27,27,1,0.48381781578064,-1,1,-1,-1,0.384299993515015
32,2,2,28,-0,0,0,0.484247207641602,1,1,1,-1,0.23381781578064
32,2,2,29,81,81,1,0.73525333404541,-1,-1,1,1,0.234247207641602
32,2,2,30,-81,81,0,0.535484552383423,1,1,-1,-1,0.48525333404541
32,2,2,31,81,81,1,0.43445348739624,-1,-1,1,1,0.285484552383423
32,2,2,32,27,27,1,0.568455696105957,1,1,-1,-1,0.18445348739624
32,2,2,33,9,9,1,0.669275045394897,1,1,1,1,0.318455696105957
32,2,2,34,81,81,1,0.352664947509766,1,1,1,1,0.419275045394897
32,2,2,35,27,27,1,0.452617645263672,1,1,1,1,0.102664947509766
32,2,2,36,81,81,1,0.335215330123901,1,1,1,1,0.202617645263672
32,2,2,37,9,9,1,0.650566816329956,1,1,1,1,0.0852153301239014
32,2,2,38,27,27,1,0.569486379623413,1,1,1,1,0.400566816329956
32,2,2,39,3,3,1,0.58539080619812,1,1,1,1,0.319486379623413
32,2,2,40,3,3,1,0.485246658325195,1,1,1,1,0.33539080619812
32,2,2,41,3,3,1,0.317175388336182,1,1,1,1,0.235246658325195
32,2,2,42,-3,3,1,0.485372304916382,1,1,1,1,0.0671753883361816
32,2,2,43,-27,27,1,0.500492572784424,-1,1,1,1,0.235372304916382
32,2,2,44,81,81,1,0.301123142242432,-1,1,1,-1,0.250492572784424
32,2,2,45,81,81,1,0.500478982925415,1,1,1,-1,0.0511231422424316
32,2,2,46,3,3,0,0.485305309295654,1,1,1,1,0.250478982925415
32,2,2,47,3,3,1,0.334805727005005,1,-1,1,1,0.235305309295654
32,2,2,48,0,0,0,0.785739421844482,1,1,-1,1,0.0848057270050049
32,2,2,49,-27,27,0,0.485832214355469,1,-1,1,1,0.535739421844482
32,2,2,50,3,3,0,1.35208559036255,-1,-1,-1,1,0.235832214355469
32,2,2,51,81,81,1,0.484446048736572,1,-1,-1,-1,1.10208559036255
32,2,2,52,9,9,1,0.351847171783447,1,1,-1,1,0.234446048736572
32,2,2,53,3,3,1,0.433859348297119,1,1,1,1,0.101847171783447
32,2,2,54,-0,0,1,0.501922607421875,1,1,1,1,0.183859348297119
32,2,2,55,-81,81,0,0.51776385307312,-1,1,1,1,0.251922607421875
32,2,2,59,-9,9,0,0.61933445930481,1,1,-1,-1,0.301088809967041
32,2,2,60,9,9,1,0.501294136047363,-1,-1,1,1,0.36933445930481
32,2,2,61,27,27,1,0.567209959030151,1,1,-1,-1,0.251294136047363
32,2,2,62,27,27,1,0.55096435546875,1,1,1,1,0.317209959030151
32,2,2,63,0,0,1,0.518769979476929,1,1,1,1,0.30096435546875
32,2,2,64,81,81,1,0.519176721572876,1,1,1,1,0.268769979476929
32,2,2,65,27,27,1,0.58576512336731,1,1,1,1,0.269176721572876
32,2,2,66,3,3,0,0.483892679214478,1,1,1,1,0.33576512336731
32,2,2,67,-9,9,1,0.73554801940918,1,-1,1,1,0.233892679214478
32,2,2,68,-9,9,0,0.601000547409058,-1,1,-1,1,0.48554801940918
32,2,2,69,3,3,0,0.352027893066406,-1,-1,1,-1,0.351000547409058
32,2,2,70,-0,0,1,0.534941434860229,1,-1,-1,-1,0.102027893066406
32,2,2,71,-3,3,0,0.550472259521484,-1,1,-1,1,0.284941434860229
32,2,2,72,3,3,1,0.518163204193115,-1,-1,1,-1,0.300472259521484
32,2,2,73,-27,27,0,0.502054214477539,1,1,-1,-1,0.268163204193115
32,2,2,74,-0,0,1,0.469089031219482,-1,-1,1,1,0.252054214477539
32,2,2,75,-81,81,0,0.535970211029053,-1,1,-1,-1,0.219089031219482
32,2,2,76,27,27,1,0.501877546310425,-1,-1,1,-1,0.285970211029053
32,2,2,77,-0,0,1,0.568569898605347,1,1,-1,-1,0.251877546310425
32,2,2,78,-81,81,0,0.419481039047241,-1,1,1,1,0.318569898605347
32,2,2,79,9,9,0,0.302165031433105,-1,-1,1,-1,0.169481039047241
32,2,2,80,-3,3,1,0.333865404129028,1,-1,-1,-1,0.0521650314331055
32,2,2,81,3,3,0,0.384470701217651,-1,1,-1,1,0.0838654041290283
32,2,2,82,-9,9,0,0.468004465103149,1,-1,1,-1,0.134470701217651
32,2,2,83,3,3,1,0.552021741867065,-1,-1,-1,1,0.218004465103149
32,2,2,84,-9,9,1,0.434293270111084,1,1,-1,-1,0.302021741867065
32,2,2,85,81,81,1,0.517723798751831,-1,1,1,1,0.184293270111084
32,2,2,86,-3,3,1,0.519501447677612,1,1,1,-1,0.267723798751831
32,2,2,87,-9,9,0,0.569300889968872,-1,1,1,1,0.269501447677612
32,2,2,88,-9,9,0,0.468774795532227,-1,-1,1,-1,0.319300889968872
32,2,2,89,27,27,1,0.383812189102173,-1,-1,-1,-1,0.218774795532227
32,2,2,90,3,3,1,0.784390449523926,1,1,-1,-1,0.133812189102173
32,2,2,91,81,81,1,0.501195192337036,1,1,1,1,0.534390449523926
32,2,2,92,81,81,1,0.602398633956909,1,1,1,1,0.251195192337036
32,2,2,93,27,27,1,0.652297735214233,1,1,1,1,0.352398633956909
32,2,2,94,-27,27,0,0.502493381500244,1,1,1,1,0.402297735214233
32,2,2,95,-3,3,1,0.567785739898682,-1,-1,1,1,0.252493381500244
32,2,2,96,-9,9,0,0.952053785324097,-1,1,-1,-1,0.317785739898682
32,2,2,97,-81,81,0,0.584925174713135,-1,-1,1,-1,0.702053785324097
32,2,2,98,9,9,1,0.519035339355469,-1,-1,-1,-1,0.334925174713135
32,2,2,99,-9,9,1,0.519354581832886,1,1,-1,-1,0.269035339355469
32,2,3,2,-9,9,0,0.618765592575073,-1,1,-1,-1,0.519503831863403
32,2,3,3,3,3,1,0.601913928985596,-1,-1,1,-1,0.368765592575073
32,2,3,4,-9,9,0,0.517831325531006,1,1,-1,-1,0.351913928985596
32,2,3,5,-3,3,1,0.417824745178223,-1,-1,1,1,0.267831325531006
32,2,3,6,-81,81,0,0.486003160476685,-1,1,-1,-1,0.167824745178223
32,2,3,7,-81,81,0,0.485726594924927,-1,-1,1,-1,0.236003160476685
32,2,3,8,-27,27,0,0.451030969619751,-1,-1,-1,-1,0.235726594924927
32,2,3,9,-9,9,0,0.534438133239746,-1,-1,-1,-1,0.201030969619751
32,2,3,10,27,27,1,0.433846712112427,-1,-1,-1,-1,0.284438133239746
32,2,3,11,27,27,1,0.436052560806274,1,1,-1,-1,0.183846712112427
32,2,3,12,0,0,1,0.518574237823486,1,1,1,1,0.186052560806274
32,2,3,13,9,9,1,0.501356363296509,1,1,1,1,0.268574237823486
32,2,3,14,3,3,1,0.519474983215332,1,1,1,1,0.251356363296509
32,2,3,15,81,81,1,0.485365867614746,1,1,1,1,0.269474983215332
32,2,3,16,9,9,1,0.517179012298584,1,1,1,1,0.235365867614746
32,2,3,20,9,9,1,0.633805990219116,1,1,1,1,0.333854675292969
32,2,3,21,27,27,1,0.752292633056641,1,1,1,1,0.383805990219116
32,2,3,22,27,27,1,0.935876846313477,1,1,1,1,0.502292633056641
32,2,3,23,3,3,1,0.519605875015259,1,1,1,1,0.685876846313477
32,2,3,24,3,3,1,0.567822456359863,1,1,1,1,0.269605875015259
32,2,3,25,81,81,1,0.567182540893555,1,1,1,1,0.317822456359863
32,2,3,26,27,27,1,0.617793798446655,1,1,1,1,0.317182540893555
32,2,3,27,-3,3,1,0.48473858833313,1,1,1,1,0.367793798446655
32,2,3,28,-27,27,1,0.584444046020508,-1,1,1,1,0.23473858833313
32,2,3,29,-9,9,1,0.552705049514771,-1,1,1,-1,0.334444046020508
32,2,3,30,-81,81,0,0.469382762908936,-1,1,1,-1,0.302705049514771
32,2,3,31,3,3,1,0.452471256256104,-1,-1,1,-1,0.219382762908936
32,2,3,32,81,81,1,0.468413114547729,1,1,-1,-1,0.202471256256104
32,2,3,33,81,81,1,0.536010503768921,1,1,1,1,0.218413114547729
32,2,3,34,0,0,1,0.701536655426025,1,1,1,1,0.286010503768921
32,2,3,35,27,27,1,0.60256290435791,1,1,1,1,0.451536655426025
32,2,3,36,3,3,1,0.652705430984497,1,1,1,1,0.35256290435791
32,2,3,37,-3,3,0,0.402878999710083,1,1,1,1,0.402705430984497
32,2,3,38,-9,9,1,0.851114749908447,-1,-1,1,1,0.152878999710083
32,2,3,39,-0,0,1,0.569211959838867,-1,1,-1,-1,0.601114749908447
32,2,3,40,-81,81,1,0.635510683059692,-1,1,1,-1,0.319211959838867
32,2,3,41,-3,3,1,0.634265899658203,-1,1,1,-1,0.385510683059692
32,2,3,42,-0,0,0,0.66930890083313,-1,1,1,-1,0.384265899658203
32,2,3,43,9,9,0,0.501096963882446,-1,-1,1,-1,0.41930890083313
32,2,3,44,-27,27,0,0.285608530044556,1,-1,-1,-1,0.251096963882446
32,2,3,45,-3,3,0,0.551118850708008,-1,-1,-1,1,0.0356085300445557
32,2,3,46,-27,27,0,0.383897066116333,-1,-1,-1,-1,0.301118850708008
32,2,3,47,-27,27,0,0.517784118652344,-1,-1,-1,-1,0.133897066116333
32,2,3,48,0,0,1,0.569430828094482,-1,-1,-1,-1,0.267784118652344
32,2,3,49,81,81,1,0.667738914489746,1,1,-1,-1,0.319430828094482
32,2,3,50,9,9,1,0.601129770278931,1,1,1,1,0.417738914489746
32,2,3,51,9,9,1,0.80109715461731,1,1,1,1,0.351129770278931
32,2,3,52,3,3,1,0.785895347595215,1,1,1,1,0.55109715461731
32,2,3,53,81,81,1,0.567639350891113,1,1,1,1,0.535895347595215
32,2,3,54,81,81,1,0.434553384780884,1,1,1,1,0.317639350891113
32,2,3,55,3,3,1,0.567159652709961,1,1,1,1,0.184553384780884
32,2,3,56,3,3,1,0.352051973342896,1,1,1,1,0.317159652709961
32,2,3,57,-9,9,1,0.652710914611816,1,1,1,1,0.102051973342896
32,2,3,58,-81,81,0,0.518433332443237,-1,1,1,1,0.402710914611816
32,2,3,59,-3,3,0,0.500492572784424,-1,-1,1,-1,0.268433332443237
32,2,3,60,-81,81,0,0.535426616668701,-1,-1,-1,-1,0.250492572784424
32,2,3,61,-9,9,0,0.501321077346802,-1,-1,-1,-1,0.285426616668701
32,2,3,62,-81,81,0,0.435563564300537,-1,-1,-1,-1,0.251321077346802
32,2,3,63,-3,3,1,0.651135921478271,-1,-1,-1,-1,0.185563564300537
32,2,3,64,-81,81,0,0.617182016372681,-1,1,-1,-1,0.401135921478271
32,2,3,65,-81,81,0,0.569518327713013,-1,-1,1,-1,0.367182016372681
32,2,3,66,-27,27,0,0.53533411026001,-1,-1,-1,-1,0.319518327713013
32,2,3,67,-27,27,0,0.384337663650513,-1,-1,-1,-1,0.28533411026001
32,2,3,68,-0,0,0,0.619179010391235,-1,-1,-1,-1,0.134337663650513
32,2,3,69,-27,27,0,0.319193124771118,-1,-1,-1,-1,0.369179010391235
32,2,3,70,-9,9,1,0.4177405834198,-1,-1,-1,-1,0.0691931247711182
32,2,3,71,27,27,1,0.300544500350952,-1,1,-1,-1,0.1677405834198
32,2,3,72,-9,9,1,0.835567474365234,1,1,1,-1,0.0505445003509521
32,2,3,73,81,81,1,0.551699161529541,-1,1,1,1,0.585567474365234
32,2,3,74,3,3,1,0.485206842422485,1,1,1,-1,0.301699161529541
32,2,3,75,9,9,1,0.418869018554688,1,1,1,1,0.235206842422485
32,2,3,76,9,9,1,0.851101160049438,1,1,1,1,0.168869018554688
32,2,3,77,0,0,0,0.885460138320923,1,1,1,1,0.601101160049438
32,2,3,78,81,81,1,0.484297037124634,1,-1,1,1,0.635460138320923
32,2,3,79,81,81,1,0.533929347991943,1,1,-1,1,0.234297037124634
32,2,3,80,-3,3,1,0.668860673904419,1,1,1,1,0.283929347991943
32,2,3,81,-3,3,0,0.284281253814697,-1,1,1,1,0.418860673904419
32,2,3,82,-9,9,0,0.403403043746948,-1,-1,1,-1,0.0342812538146973
32,2,3,83,-27,27,0,0.268631219863892,-1,-1,-1,-1,0.153403043746948
32,2,3,84,-27,27,0,0.70049786567688,-1,-1,-1,-1,0.0186312198638916
32,2,3,85,-27,27,0,0.568826675415039,-1,-1,-1,-1,0.45049786567688
32,2,3,86,-27,27,0,0.502743005752563,-1,-1,-1,-1,0.318826675415039
32,2,3,87,-9,9,1,0.602628231048584,-1,-1,-1,-1,0.252743005752563
32,2,3,88,-81,81,0,0.252137660980225,-1,1,-1,-1,0.352628231048584
32,2,3,89,9,9,0,0.51872730255127,-1,-1,1,-1,0.00213766098022461
32,2,3,90,0,0,1,0.36782431602478,1,-1,-1,-1,0.26872730255127
32,2,3,91,3,3,1,0.319244146347046,1,1,-1,1,0.11782431602478
32,2,3,92,3,3,1,0.517774343490601,1,1,1,1,0.0692441463470459
32,2,3,93,27,27,1,0.952548742294312,1,1,1,1,0.267774343490601
32,2,3,94,3,3,1,0.652433395385742,1,1,1,1,0.702548742294312
32,2,3,95,0,0,1,0.768648386001587,1,1,1,1,0.402433395385742
32,2,3,96,27,27,1,0.552566766738892,1,1,1,1,0.518648386001587
32,2,3,97,0,0,0,0.867205142974854,1,1,1,1,0.302566766738892
32,2,3,98,-9,9,1,0.550484895706177,1,-1,1,1,0.617205142974854
32,2,3,99,-81,81,0,0.48611855506897,-1,1,-1,1,0.300484895706177
32,2,4,5,9,9,1,0.483848094940186,1,1,-1,-1,0.134862899780273
32,2,4,6,9,9,1,0.651483535766602,1,1,1,1,0.233848094940186
32,2,4,7,81,81,1,0.550989389419556,1,1,1,1,0.401483535766602
32,2,4,8,81,81,1,0.517788410186768,1,1,1,1,0.300989389419556
32,2,4,9,27,27,1,0.533835172653198,1,1,1,1,0.267788410186768
32,2,4,10,0,0,1,0.602183103561401,1,1,1,1,0.283835172653198
32,2,4,11,-81,81,0,0.783828735351562,1,1,1,1,0.352183103561401
32,2,4,12,27,27,1,0.483849048614502,-1,-1,1,1,0.533828735351562
32,2,4,13,3,3,1,0.519000291824341,1,1,-1,-1,0.233849048614502
32,2,4,14,9,9,1,0.886106014251709,1,1,1,1,0.269000291824341
32,2,4,15,9,9,1,0.569438934326172,1,1,1,1,0.636106014251709
32,2,4,16,81,81,1,0.534425735473633,1,1,1,1,0.319438934326172
32,2,4,17,-81,81,0,0.384609699249268,1,1,1,1,0.284425735473633
32,2,4,21,9,9,0,0.451784133911133,-1,1,-1,-1,0.251195430755615
32,2,4,22,0,0,1,0.584439992904663,1,-1,1,-1,0.201784133911133
32,2,4,23,-27,27,0,0.684447050094604,1,1,-1,1,0.334439992904663
32,2,4,24,-0,0,1,0.536090850830078,-1,-1,1,1,0.434447050094604
32,2,4,25,-27,27,0,0.501842975616455,-1,1,-1,-1,0.286090850830078
32,2,4,26,-27,27,0,0.617619276046753,-1,-1,1,-1,0.251842975616455
32,2,4,27,-9,9,0,0.334335327148438,-1,-1,-1,-1,0.367619276046753
32,2,4,28,9,9,1,0.617836952209473,-1,-1,-1,-1,0.0843353271484375
32,2,4,29,81,81,1,0.567815542221069,1,1,-1,-1,0.367836952209473
32,2,4,30,-3,3,1,0.634840726852417,1,1,1,1,0.317815542221069
32,2,4,31,9,9,1,0.668720245361328,-1,1,1,1,0.384840726852417
32,2,4,32,-0,0,1,0.533831834793091,1,1,1,-1,0.418720245361328
32,2,4,33,-27,27,0,0.536073923110962,-1,1,1,1,0.283831834793091
32,2,4,34,-3,3,0,0.536007642745972,-1,-1,1,-1,0.286073923110962
32,2,4,35,81,81,1,0.417678833007812,-1,-1,-1,-1,0.286007642745972
32,2,4,36,9,9,1,0.534451246261597,1,1,-1,-1,0.167678833007812
32,2,4,37,-27,27,0,0.569092988967896,1,1,1,1,0.284451246261597
32,2,4,38,-9,9,1,0.519431829452515,-1,-1,1,1,0.319092988967896
32,2,4,39,3,3,1,0.550481557846069,-1,1,-1,-1,0.269431829452515
32,2,4,40,-3,3,1,0.584718465805054,1,1,1,-1,0.300481557846069
32,2,4,41,27,27,1,0.551025390625,-1,1,1,1,0.334718465805054
32,2,4,42,-3,3,1,0.651116609573364,1,1,1,-1,0.301025390625
32,2,4,43,-81,81,0,0.602111339569092,-1,1,1,1,0.401116609573364
32,2,4,44,81,81,1,0.619363307952881,-1,-1,1,-1,0.352111339569092
32,2,4,45,3,3,1,0.701747894287109,1,1,-1,-1,0.369363307952881
32,2,4,46,-27,27,0,0.517208814620972,1,1,1,1,0.451747894287109
32,2,4,47,-9,9,1,0.502400636672974,-1,-1,1,1,0.267208814620972
32,2,4,48,-3,3,0,0.369094610214233,-1,1,-1,-1,0.252400636672974
32,2,4,49,-81,81,0,0.902218580245972,-1,-1,1,-1,0.119094610214233
32,2,4,50,-9,9,0,0.467172861099243,-1,-1,-1,-1,0.652218580245972
32,2,4,51,-27,27,0,0.518297910690308,-1,-1,-1,-1,0.217172861099243
32,2,4,52,3,3,1,0.967235326766968,-1,-1,-1,-1,0.268297910690308
32,2,4,53,9,9,1,0.918576955795288,1,1,-1,-1,0.717235326766968
32,2,4,54,3,3,1,0.784810304641724,1,1,1,1,0.668576955795288
32,2,4,55,-0,0,1,0.401117563247681,1,1,1,1,0.534810304641724
32,2,4,56,-0,0,1,0.501090288162231,-1,1,1,1,0.151117563247681
32,2,4,57,81,81,1,0.552366971969604,-1,1,1,-1,0.251090288162231
32,2,4,58,-9,9,1,0.435696363449097,1,1,1,-1,0.302366971969604
32,2,4,59,-81,81,0,0.469390630722046,-1,1,1,1,0.185696363449097
32,2,4,60,3,3,1,0.567186117172241,-1,-1,1,-1,0.219390630722046
32,2,4,61,-9,9,1,0.369653463363647,1,1,-1,-1,0.317186117172241
32,2,4,62,3,3,0,0.301745414733887,-1,1,1,1,0.119653463363647
32,2,4,63,-27,27,0,0.550534725189209,1,-1,1,-1,0.0517454147338867
32,2,4,64,3,3,0,0.518651008605957,-1,-1,-1,1,0.300534725189209
32,2,4,65,81,81,1,0.584309577941895,1,-1,-1,-1,0.268651008605957
32,2,4,66,81,81,1,0.701887607574463,1,1,-1,1,0.334309577941895
32,2,4,67,9,9,1,0.885027408599854,1,1,1,1,0.451887607574463
32,2,4,68,-81,81,0,0.569436550140381,1,1,1,1,0.635027408599854
32,2,4,69,27,27,1,0.551119565963745,-1,-1,1,1,0.319436550140381
32,2,4,70,-9,9,0,0.435707569122314,1,1,-1,-1,0.301119565963745
32,2,4,71,27,27,1,0.483819246292114,-1,-1,1,1,0.185707569122314
32,2,4,72,0,0,1,0.53619122505188,1,1,-1,-1,0.233819246292114
32,2,4,73,-27,27,0,0.352755784988403,1,1,1,1,0.28619122505188
32,2,4,74,81,81,1,0.552835702896118,-1,-1,1,1,0.102755784988403
32,2,4,75,3,3,1,0.467167854309082,1,1,-1,-1,0.302835702896118
32,2,4,76,27,27,1,0.952335596084595,1,1,1,1,0.217167854309082
32,2,4,77,3,3,0,0.367818117141724,1,1,1,1,0.702335596084595
32,2,4,78,0,0,1,0.368659973144531,1,-1,1,1,0.117818117141724
32,2,4,79,3,3,0,0.283839464187622,1,1,-1,1,0.118659973144531
32,2,4,80,81,81,1,0.552298307418823,1,-1,1,1,0.0338394641876221
32,2,4,81,-3,3,1,0.768923997879028,1,1,-1,1,0.302298307418823
32,2,4,82,-81,81,0,0.636343717575073,-1,1,1,1,0.518923997879028
32,2,4,83,-9,9,0,0.634467363357544,-1,-1,1,-1,0.386343717575073
32,2,4,84,-3,3,1,0.569446802139282,-1,-1,-1,-1,0.384467363357544
32,2,4,85,27,27,1,0.50266695022583,-1,1,-1,-1,0.319446802139282
32,2,4,86,-3,3,0,0.769727945327759,1,1,1,-1,0.25266695022583
32,2,4,87,-27,27,0,0.633828639984131,-1,-1,1,1,0.519727945327759
32,2,4,88,-3,3,0,1.25048542022705,-1,-1,-1,-1,0.383828639984131
32,2,4,89,-9,9,1,0.550498247146606,-1,-1,-1,-1,1.00048542022705
32,2,4,90,-0,0,0,0.652799844741821,-1,1,-1,-1,0.300498247146606
32,2,4,91,9,9,1,0.384468555450439,-1,-1,1,-1,0.402799844741821
32,2,4,92,3,3,1,1.06936454772949,1,1,-1,-1,0.134468555450439
32,2,4,93,9,9,0,0.417623043060303,1,1,1,1,0.819364547729492
32,2,4,94,-27,27,0,0.552285432815552,1,-1,1,1,0.167623043060303
32,2,4,95,27,27,1,0.519461393356323,-1,-1,-1,1,0.302285432815552
32,2,4,96,-81,81,0,0.651138305664062,1,1,-1,-1,0.269461393356323
32,2,4,97,27,27,1,0.367714166641235,-1,-1,1,1,0.401138305664062
32,2,4,98,-27,27,0,0.417695760726929,1,1,-1,-1,0.117714166641235
32,2,4,99,9,9,1,0.500511169433594,-1,-1,1,1,0.167695760726929
32,2,5,2,3,3,0,0.518450260162354,1,-1,1,1,0.0178568363189697
32,2,5,6,3,3,1,0.535309553146362,-1,1,1,1,0.219408273696899
32,2,5,7,-3,3,1,0.701110124588013,1,1,1,-1,0.285309553146362
32,2,5,8,81,81,1,0.517152547836304,-1,1,1,1,0.451110124588013
32,2,5,9,-27,27,1,0.552089691162109,1,1,1,-1,0.267152547836304
32,2,5,10,3,3,1,0.652285814285278,-1,1,1,1,0.302089691162109
32,2,5,11,-0,0,1,0.684895515441895,1,1,1,-1,0.402285814285278
32,2,5,12,27,27,1,0.568699836730957,-1,1,1,1,0.434895515441895
32,2,5,13,-3,3,0,0.769277095794678,1,1,1,-1,0.318699836730957
32,2,5,14,9,9,1,0.551186561584473,-1,-1,1,1,0.519277095794678
32,2,5,15,9,9,1,0.533889055252075,1,1,-1,-1,0.301186561584473
32,2,5,16,-81,81,0,0.535687446594238,1,1,1,1,0.283889055252075
32,2,5,17,-9,9,0,0.552421092987061,-1,-1,1,1,0.285687446594238
32,2,5,18,27,27,1,0.534411191940308,-1,-1,-1,-1,0.302421092987061
32,2,5,19,-3,3,1,0.635542869567871,1,1,-1,-1,0.284411191940308
32,2,5,20,-27,27,0,0.451245069503784,-1,1,1,1,0.385542869567871
32,2,5,21,9,9,0,0.652178049087524,-1,-1,1,-1,0.201245069503784
32,2,5,22,0,0,1,0.451870679855347,1,-1,-1,-1,0.402178049087524
32,2,5,23,-27,27,0,0.652366638183594,1,1,-1,1,0.201870679855347
32,2,5,24,9,9,1,0.452355146408081,-1,-1,1,1,0.402366638183594
32,2,5,25,3,3,1,0.501594305038452,1,1,-1,-1,0.202355146408081
32,2,5,26,-81,81,0,0.467180728912354,1,1,1,1,0.251594305038452
32,2,5,27,9,9,1,0.435886383056641,-1,-1,1,1,0.217180728912354
32,2,5,28,-27,27,0,0.368562698364258,1,1,-1,-1,0.185886383056641
32,2,5,29,27,27,1,0.501128196716309,-1,-1,1,1,0.118562698364258
32,2,5,30,-3,3,0,0.502680778503418,1,1,-1,-1,0.251128196716309
32,2,5,31,-9,9,1,0.467769145965576,-1,-1,1,1,0.252680778503418
32,2,5,32,27,27,1,0.567769289016724,-1,1,-1,-1,0.217769145965576
32,2,5,33,-9,9,0,0.302618980407715,1,1,1,-1,0.317769289016724
32,2,5,34,9,9,0,0.317670583724976,-1,-1,1,1,0.0526189804077148
32,2,5,35,81,81,1,0.383823156356812,1,-1,-1,-1,0.0676705837249756
32,2,5,36,-81,81,0,0.534437417984009,1,1,-1,1,0.133823156356812
32,2,5,37,27,27,1,0.585683584213257,-1,-1,1,1,0.284437417984009
32,2,5,38,-3,3,0,0.684355497360229,1,1,-1,-1,0.335683584213257
32,2,5,39,81,81,1,0.534419298171997,-1,-1,1,1,0.434355497360229
32,2,5,40,-81,81,0,0.586122751235962,1,1,-1,-1,0.284419298171997
32,2,5,41,-27,27,0,0.585107326507568,-1,-1,1,1,0.336122751235962
32,2,5,42,81,81,1,0.602331876754761,-1,-1,-1,-1,0.335107326507568
32,2,5,43,-0,0,1,1.03588485717773,1,1,-1,-1,0.352331876754761
32,2,5,44,0,0,1,0.534729719161987,-1,1,1,1,0.785884857177734
32,2,5,45,27,27,1,0.367237091064453,1,1,1,-1,0.284729719161987
32,2,5,46,-81,81,0,0.434867858886719,1,1,1,1,0.117237091064453
32,2,5,47,27,27,1,0.418229579925537,-1,-1,1,1,0.184867858886719
32,2,5,48,-3,3,0,0.550978660583496,1,1,-1,-1,0.168229579925537
32,2,5,49,9,9,1,0.401304244995117,-1,-1,1,1,0.300978660583496
32,2,5,50,-3,3,0,0.452184677124023,1,1,-1,-1,0.151304244995117
32,2,5,51,81,81,1,0.400498628616333,-1,-1,1,1,0.202184677124023
32,2,5,52,-81,81,0,0.452733278274536,1,1,-1,-1,0.150498628616333
32,2,5,53,81,81,1,0.417149305343628,-1,-1,1,1,0.202733278274536
32,2,5,54,3,3,0,1.2686493396759,1,1,-1,-1,0.167149305343628
32,2,5,55,3,3,1,0.53519082069397,1,-1,1,1,1.0186493396759
32,2,5,56,-27,27,0,0.535669088363647,1,1,-1,1,0.28519082069397
32,2,5,57,81,81,1,0.317182302474976,-1,-1,1,1,0.285669088363647
32,2,5,58,-81,81,0,0.502636671066284,1,1,-1,-1,0.0671823024749756
32,2,5,59,-81,81,0,0.752793073654175,-1,-1,1,1,0.252636671066284
32,2,5,60,9,9,1,0.552027940750122,-1,-1,-1,-1,0.502793073654175
32,2,5,61,-9,9,0,0.868679285049438,1,1,-1,-1,0.302027940750122
32,2,5,62,0,0,0,0.619091749191284,-1,-1,1,1,0.618679285049438
32,2,5,63,-3,3,1,0.318891286849976,1,-1,-1,-1,0.369091749191284
32,2,5,64,81,81,1,0.569287300109863,-1,1,-1,1,0.0688912868499756
32,2,5,65,-3,3,1,0.702505588531494,1,1,1,-1,0.319287300109863
32,2,5,66,27,27,1,0.500997304916382,-1,1,1,1,0.452505588531494
32,2,5,67,-3,3,0,0.734321117401123,1,1,1,-1,0.250997304916382
32,2,5,68,-3,3,1,0.517838001251221,-1,-1,1,1,0.484321117401123
32,2,5,69,-9,9,0,0.386174917221069,-1,1,-1,-1,0.267838001251221
32,2,5,70,27,27,1,0.485306739807129,-1,-1,1,-1,0.136174917221069
32,2,5,71,-81,81,0,0.469361305236816,1,1,-1,-1,0.235306739807129
32,2,5,72,27,27,1,0.536689519882202,-1,-1,1,1,0.219361305236816
32,2,5,73,-0,0,0,0.802672624588013,1,1,-1,-1,0.286689519882202
32,2,5,74,9,9,1,0.835507392883301,-1,-1,1,1,0.552672624588013
32,2,5,75,-9,9,1,0.435694217681885,1,1,-1,-1,0.585507392883301
32,2,5,76,-3,3,1,0.685167789459229,-1,1,1,1,0.185694217681885
32,2,5,77,-81,81,0,0.535079956054688,-1,1,1,-1,0.435167789459229
32,2,5,78,-27,27,0,0.336124897003174,-1,-1,1,-1,0.285079956054688
32,2,5,79,-9,9,0,0.485850811004639,-1,-1,-1,-1,0.0861248970031738
32,2,5,80,9,9,1,0.517768621444702,-1,-1,-1,-1,0.235850811004639
32,2,5,81,-9,9,0,0.4862060546875,1,1,-1,-1,0.267768621444702
32,2,5,82,-0,0,1,1.13430380821228,-1,-1,1,1,0.2362060546875
32,2,5,83,-81,81,0,0.451624870300293,-1,1,-1,-1,0.88430380821228
32,2,5,84,-0,0,0,0.535339593887329,-1,-1,1,-1,0.201624870300293
32,2,5,85,81,81,1,0.668733596801758,-1,-1,-1,-1,0.285339593887329
32,2,5,86,-0,0,1,0.785661697387695,1,1,-1,-1,0.418733596801758
32,2,5,87,3,3,1,0.617144823074341,-1,1,1,1,0.535661697387695
32,2,5,88,-81,81,0,0.501037120819092,1,1,1,-1,0.367144823074341
32,2,5,89,27,27,1,0.517820358276367,-1,-1,1,1,0.251037120819092
32,2,5,90,-9,9,1,0.583832502365112,1,1,-1,-1,0.267820358276367
32,2,5,91,-81,81,0,0.503275871276855,-1,1,1,1,0.333832502365112
32,2,5,92,9,9,1,0.600479602813721,-1,-1,1,-1,0.253275871276855
32,2,5,93,-27,27,0,0.302608966827393,1,1,-1,-1,0.350479602813721
32,2,5,94,9,9,1,0.584433078765869,-1,-1,1,1,0.0526089668273926
32,2,5,95,-27,27,0,0.58436918258667,1,1,-1,-1,0.334433078765869
32,2,5,96,0,0,1,0.534436941146851,-1,-1,1,1,0.33436918258667
32,2,6,2,9,9,1,0.618623971939087,-1,-1,1,1,0.286297082901001
32,2,6,6,-9,9,1,0.502444505691528,1,1,-1,-1,0.252752065658569
32,2,6,7,3,3,1,0.485642671585083,-1,1,1,1,0.252444505691528
32,2,6,8,-0,0,1,0.551973342895508,1,1,1,-1,0.235642671585083
32,2,6,9,81,81,1,0.501961469650269,-1,1,1,1,0.301973342895508
32,2,6,10,-3,3,1,0.385204792022705,1,1,1,-1,0.251961469650269
32,2,6,11,-9,9,1,0.502029895782471,-1,1,1,1,0.135204792022705
32,2,6,12,3,3,1,0.485980033874512,-1,1,1,-1,0.252029895782471
32,2,6,13,-81,81,0,0.367763757705688,1,1,1,-1,0.235980033874512
32,2,6,14,0,0,0,0.567796945571899,-1,-1,1,1,0.117763757705688
32,2,6,15,-0,0,0,1.31940484046936,1,-1,-1,-1,0.317796945571899
32,2,6,16,27,27,1,0.501182794570923,-1,-1,-1,1,1.06940484046936
32,2,6,17,9,9,1,0.50098729133606,1,1,-1,-1,0.251182794570923
32,2,6,18,-81,81,0,0.601148843765259,1,1,1,1,0.25098729133606
32,2,6,19,81,81,1,0.500476360321045,-1,-1,1,1,0.351148843765259
32,2,6,20,-9,9,0,0.835630655288696,1,1,-1,-1,0.250476360321045
32,2,6,21,9,9,1,0.384299278259277,-1,-1,1,1,0.585630655288696
32,2,6,22,-81,81,0,0.53645133972168,1,1,-1,-1,0.134299278259277
32,2,6,23,9,9,1,0.751108169555664,-1,-1,1,1,0.28645133972168
32,2,6,24,-27,27,0,0.267608880996704,1,1,-1,-1,0.501108169555664
32,2,6,28,-27,27,0,0.402039766311646,1,1,-1,-1,0.218732833862305
32,2,6,29,3,3,1,0.46809720993042,-1,-1,1,1,0.152039766311646
32,2,6,30,-0,0,1,0.384679317474365,1,1,-1,-1,0.21809720993042
32,2,6,31,27,27,1,0.268855571746826,-1,1,1,1,0.134679317474365
32,2,6,32,-27,27,0,0.41777491569519,1,1,1,-1,0.0188555717468262
32,2,6,36,27,27,1,0.48447060585022,-1,1,1,-1,0.335381746292114
32,2,6,37,9,9,1,0.668539047241211,1,1,1,-1,0.23447060585022
32,2,6,38,-3,3,0,0.769115686416626,1,1,1,1,0.418539047241211
32,2,6,39,81,81,1,0.584328413009644,-1,-1,1,1,0.519115686416626
32,2,6,40,-3,3,1,0.467971563339233,1,1,-1,-1,0.334328413009644
32,2,6,41,27,27,1,0.601033926010132,-1,1,1,1,0.217971563339233
32,2,6,42,-3,3,1,0.402417659759521,1,1,1,-1,0.351033926010132
32,2,6,43,-9,9,0,0.551474571228027,-1,1,1,1,0.152417659759521
32,2,6,44,27,27,1,0.352509737014771,-1,-1,1,-1,0.301474571228027
32,2,6,45,-0,0,1,0.569535493850708,1,1,-1,-1,0.102509737014771
32,2,6,46,27,27,1,0.567682266235352,-1,1,1,1,0.319535493850708
32,2,6,47,-9,9,1,0.501930713653564,1,1,1,-1,0.317682266235352
32,2,6,48,81,81,1,0.618367433547974,-1,1,1,1,0.251930713653564
32,2,6,49,3,3,1,0.386370897293091,1,1,1,-1,0.368367433547974
32,2,6,50,-9,9,1,0.501266241073608,1,1,1,1,0.136370897293091
32,2,6,51,3,3,1,0.567842960357666,-1,1,1,1,0.251266241073608
32,2,6,52,-0,0,0,0.301595211029053,1,1,1,-1,0.317842960357666
32,2,6,53,-9,9,0,0.51811671257019,-1,-1,1,1,0.0515952110290527
32,2,6,54,27,27,1,0.502278566360474,-1,-1,-1,-1,0.26811671257019
32,2,6,55,-27,27,0,0.302752494812012,1,1,-1,-1,0.252278566360474
32,2,6,56,0,0,1,0.552455425262451,-1,-1,1,1,0.0527524948120117
32,2,6,57,-0,0,1,0.484491348266602,1,1,-1,-1,0.302455425262451
32,2,6,58,3,3,1,0.951135158538818,-1,1,1,1,0.234491348266602
32,2,6,59,81,81,1,0.551154851913452,1,1,1,-1,0.701135158538818
32,2,6,60,-9,9,0,0.51939582824707,1,1,1,1,0.301154851913452
32,2,6,61,-0,0,1,0.484933376312256,-1,-1,1,1,0.26939582824707
32,2,6,62,-3,3,1,0.50101375579834,-1,1,-1,-1,0.234933376312256
32,2,6,63,81,81,1,0.534442663192749,-1,1,1,-1,0.25101375579834
32,2,6,64,-81,81,0,0.369287490844727,1,1,1,-1,0.284442663192749
32,2,6,65,81,81,1,0.519493341445923,-1,-1,1,1,0.119287490844727
32,2,6,66,-81,81,0,0.667855739593506,1,1,-1,-1,0.269493341445923
32,2,6,67,81,81,1,0.501935482025146,-1,-1,1,1,0.417855739593506
32,2,6,68,9,9,1,0.51851487159729,1,1,-1,-1,0.251935482025146
32,2,6,69,-27,27,0,0.369123220443726,1,1,1,1,0.26851487159729
32,2,6,70,9,9,1,0.284306287765503,-1,-1,1,1,0.119123220443726
32,2,6,71,-3,3,1,0.518821239471436,1,1,-1,-1,0.0343062877655029
32,2,6,72,81,81,1,0.701097965240479,-1,1,1,1,0.268821239471436
32,2,6,73,81,81,1,1.20114088058472,1,1,1,-1,0.451097965240479
32,2,6,74,-3,3,1,0.500546216964722,1,1,1,1,0.951140880584717
32,2,6,75,-3,3,1,0.584559679031372,-1,1,1,1,0.250546216964722
32,2,6,76,3,3,0,0.602522373199463,-1,1,1,-1,0.334559679031372
32,2,6,77,-81,81,0,0.568790435791016,1,-1,1,-1,0.352522373199463
32,2,6,78,81,81,1,0.518651962280273,-1,-1,-1,1,0.318790435791016
32,2,6,79,-27,27,0,0.918689012527466,1,1,-1,-1,0.268651962280273
32,2,6,80,-3,3,0,0.469332695007324,-1,-1,1,1,0.668689012527466
32,2,6,81,27,27,1,0.569017887115479,-1,-1,-1,-1,0.219332695007324
32,2,6,82,-3,3,1,0.301006078720093,1,1,-1,-1,0.319017887115479
32,2,6,83,-27,27,0,0.502343893051147,-1,1,1,1,0.0510060787200928
32,2,6,84,0,0,1,0.519334077835083,-1,-1,1,-1,0.252343893051147
32,2,6,85,-81,81,0,0.467204093933105,1,1,-1,-1,0.269334077835083
32,2,6,86,9,9,0,0.668567895889282,-1,-1,1,1,0.217204093933105
32,2,6,87,9,9,1,0.500957489013672,1,-1,-1,-1,0.418567895889282
32,2,6,88,-3,3,1,0.567816495895386,1,1,-1,1,0.250957489013672
32,2,6,89,27,27,1,0.569126129150391,-1,1,1,1,0.317816495895386
32,2,6,90,-9,9,0,0.533886194229126,1,1,1,-1,0.319126129150391
32,2,6,91,-81,81,0,0.451361894607544,-1,-1,1,1,0.283886194229126
32,2,6,92,-3,3,0,0.467262029647827,-1,-1,-1,-1,0.201361894607544
32,2,6,93,9,9,1,0.551374912261963,-1,-1,-1,-1,0.217262029647827
32,2,6,94,0,0,0,1.1023051738739,1,1,-1,-1,0.301374912261963
32,2,6,95,-9,9,0,0.469197511672974,1,-1,1,1,0.852305173873901
32,2,6,96,-81,81,0,0.735261201858521,-1,-1,-1,1,0.219197511672974
32,2,6,97,27,27,1,0.519148111343384,-1,-1,-1,-1,0.485261201858521
32,3,1,2,9,9,0,0.718778848648071,-1,-1,1,1,0.450749635696411
32,3,1,3,-27,27,0,0.700978517532349,1,-1,-1,-1,0.468778848648071
32,3,1,4,81,81,0,0.619306087493896,-1,-1,-1,1,0.450978517532349
32,3,1,5,27,27,0,0.767998456954956,1,-1,-1,-1,0.369306087493896
32,3,1,6,-81,81,0,0.483808279037476,1,-1,-1,1,0.517998456954956
32,3,1,7,27,27,1,0.451367855072021,-1,-1,-1,1,0.233808279037476
32,3,1,8,-9,9,0,0.686075448989868,1,1,-1,-1,0.201367855072021
32,3,1,9,9,9,1,0.351406812667847,-1,-1,1,1,0.436075448989868
32,3,1,10,-27,27,1,0.502148151397705,1,1,-1,-1,0.101406812667847
32,3,1,11,27,27,1,0.518818616867065,-1,1,1,1,0.252148151397705
32,3,1,12,0,0,1,0.401917457580566,1,1,1,-1,0.268818616867065
32,3,1,13,-27,27,1,0.417760848999023,1,1,1,1,0.151917457580566
32,3,1,14,-27,27,0,0.619274616241455,-1,1,1,1,0.167760848999023
32,3,1,15,9,9,1,0.484668016433716,-1,-1,1,-1,0.369274616241455
32,3,1,16,-27,27,1,0.768760919570923,1,1,-1,-1,0.234668016433716
32,3,1,17,-3,3,1,0.467803239822388,-1,1,1,1,0.518760919570923
32,3,1,18,81,81,1,0.502664089202881,-1,1,1,-1,0.217803239822388
32,3,1,19,-3,3,1,0.433860778808594,1,1,1,-1,0.252664089202881
32,3,1,20,9,9,1,0.417653799057007,-1,1,1,1,0.183860778808594
32,3,1,21,-3,3,1,0.467791318893433,1,1,1,-1,0.167653799057007
32,3,1,22,9,9,1,0.535863876342773,-1,1,1,1,0.217791318893433
32,3,1,23,-0,0,1,0.551161766052246,1,1,1,-1,0.285863876342773
32,3,1,24,-81,81,0,0.600596904754639,-1,1,1,1,0.301161766052246
32,3,1,25,-3,3,1,0.351583480834961,-1,-1,1,-1,0.350596904754639
32,3,1,26,0,0,1,0.583835363388062,-1,1,-1,-1,0.101583480834961
32,3,1,27,-3,3,0,0.518054723739624,1,1,1,-1,0.333835363388062
32,3,1,28,-0,0,1,0.433828830718994,-1,-1,1,1,0.268054723739624
32,3,1,29,0,0,0,0.367164134979248,-1,1,-1,-1,0.183828830718994
32,3,1,30,-9,9,1,0.301977634429932,1,-1,1,-1,0.117164134979248
32,3,1,31,3,3,1,0.500520706176758,-1,1,-1,1,0.0519776344299316
32,3,1,32,81,81,1,0.484524726867676,1,1,1,-1,0.250520706176758
32,3,1,33,-3,3,1,0.567894458770752,1,1,1,1,0.234524726867676
32,3,1,34,3,3,0,0.452910661697388,-1,1,1,1,0.317894458770752
32,3,1,35,27,27,1,0.385668516159058,1,-1,1,-1,0.202910661697388
32,3,1,36,9,9,1,0.468439817428589,1,1,-1,1,0.135668516159058
32,3,1,37,27,27,1,0.519398927688599,1,1,1,1,0.218439817428589
32,3,1,38,-27,27,0,0.468614816665649,1,1,1,1,0.269398927688599
32,3,1,39,27,27,1,0.385459899902344,-1,-1,1,1,0.218614816665649
32,3,1,40,-81,81,0,0.301137924194336,1,1,-1,-1,0.135459899902344
32,3,1,41,3,3,1,0.535145998001099,-1,-1,1,1,0.0511379241943359
32,3,1,42,-9,9,0,0.40183687210083,1,1,-1,-1,0.285145998001099
32,3,1,43,3,3,1,0.336128950119019,-1,-1,1,1,0.15183687210083
32,3,1,44,-81,81,0,0.502113580703735,1,1,-1,-1,0.0861289501190186
32,3,1,45,27,27,1,0.534340858459473,-1,-1,1,1,0.252113580703735
32,3,1,46,-81,81,0,0.536001443862915,1,1,-1,-1,0.284340858459473
32,3,1,47,27,27,1,0.53550124168396,-1,-1,1,1,0.286001443862915
32,3,1,48,-81,81,0,0.502108573913574,1,1,-1,-1,0.28550124168396
32,3,1,49,3,3,0,0.502706289291382,-1,-1,1,1,0.252108573913574
32,3,1,50,-27,27,1,0.501035213470459,1,-1,-1,-1,0.252706289291382
32,3,1,51,9,9,1,0.534468412399292,-1,1,-1,1,0.251035213470459
32,3,1,52,-27,27,0,0.384336709976196,1,1,1,-1,0.284468412399292
32,3,1,53,9,9,1,0.251030921936035,-1,-1,1,1,0.134336709976196
32,3,1,54,-9,9,0,0.436020851135254,1,1,-1,-1,0.00103092193603516
32,3,1,55,9,9,1,0.384316682815552,-1,-1,1,1,0.186020851135254
32,3,1,56,-0,0,0,0.652618885040283,1,1,-1,-1,0.134316682815552
32,3,1,57,-81,81,0,0.552677392959595,-1,-1,1,1,0.402618885040283
32,3,1,58,3,3,1,0.450546741485596,-1,-1,-1,-1,0.302677392959595
32,3,1,59,81,81,1,0.534478664398193,1,1,-1,-1,0.200546741485596
32,3,1,60,-0,0,1,0.601150035858154,1,1,1,1,0.284478664398193
32,3,1,61,27,27,1,0.483855247497559,-1,1,1,1,0.351150035858154
32,3,1,62,3,3,1,0.433845996856689,1,1,1,-1,0.233855247497559
32,3,1,63,81,81,1,0.552260398864746,1,1,1,1,0.183845996856689
32,3,1,64,-9,9,1,0.518455028533936,1,1,1,1,0.302260398864746
32,3,1,65,81,81,1,0.535655975341797,-1,1,1,1,0.268455028533936
32,3,1,66,9,9,1,0.534297943115234,1,1,1,-1,0.285655975341797
32,3,1,67,-9,9,1,0.586004257202148,1,1,1,1,0.284297943115234
32,3,1,68,3,3,1,0.550986528396606,-1,1,1,1,0.336004257202148
32,3,1,69,-0,0,0,0.602383375167847,1,1,1,-1,0.300986528396606
32,3,1,70,9,9,0,0.652622222900391,-1,-1,1,1,0.352383375167847
32,3,1,71,-81,81,0,0.483904838562012,1,-1,-1,-1,0.402622222900391
32,3,1,72,3,3,1,0.385895490646362,-1,-1,-1,1,0.233904838562012
32,3,1,73,-9,9,1,0.400520086288452,1,1,-1,-1,0.135895490646362
32,3,1,74,27,27,1,0.567732095718384,-1,1,1,1,0.150520086288452
32,3,1,75,0,0,1,0.50273871421814,1,1,1,-1,0.317732095718384
32,3,1,76,-81,81,0,0.518783569335938,1,1,1,1,0.25273871421814
32,3,1,77,3,3,1,0.434810638427734,-1,-1,1,1,0.268783569335938
32,3,1,78,-81,81,0,0.551161050796509,1,1,-1,-1,0.184810638427734
32,3,1,79,-81,81,0,0.302459239959717,-1,-1,1,1,0.301161050796509
32,3,1,80,3,3,1,0.518602848052979,-1,-1,-1,-1,0.0524592399597168
32,3,1,81,0,0,1,0.502557992935181,1,1,-1,-1,0.268602848052979
32,3,1,82,-3,3,0,0.419275999069214,1,1,1,1,0.252557992935181
32,3,1,83,-27,27,0,0.335533380508423,-1,-1,1,1,0.169275999069214
32,3,1,84,27,27,1,0.384303092956543,-1,-1,-1,-1,0.0855333805084229
32,3,1,85,-27,27,1,0.467753887176514,1,1,-1,-1,0.134303092956543
32,3,1,86,81,81,1,0.651117324829102,-1,1,1,1,0.217753887176514
32,3,1,87,-9,9,1,0.484472751617432,1,1,1,-1,0.401117324829102
32,3,1,88,3,3,0,1.23386812210083,-1,1,1,1,0.234472751617432
32,3,1,89,-81,81,0,1.00120568275452,1,-1,1,-1,0.98386812210083
32,3,1,90,81,81,1,0.502408742904663,-1,-1,-1,1,0.751205682754517
32,3,1,91,-81,81,0,0.535911321640015,1,1,-1,-1,0.252408742904663
32,3,1,95,9,9,1,0.551896333694458,1,1,-1,-1,0.283840894699097
32,3,1,96,-27,27,1,0.517765998840332,1,1,1,1,0.301896333694458
32,3,1,97,81,81,1,0.534552335739136,-1,1,1,1,0.267765998840332
32,3,1,98,-3,3,1,0.569355249404907,1,1,1,-1,0.284552335739136
32,3,1,99,9,9,1,0.369145393371582,-1,1,1,1,0.319355249404907
32,3,2,2,-27,27,0,0.483821868896484,-1,-1,1,1,0.286035776138306
32,3,2,3,9,9,1,0.367774724960327,-1,-1,-1,-1,0.233821868896484
32,3,2,4,-27,27,0,0.451342105865479,1,1,-1,-1,0.117774724960327
32,3,2,5,-9,9,1,0.534318685531616,-1,-1,1,1,0.201342105865479
32,3,2,6,-3,3,0,0.301639795303345,-1,1,-1,-1,0.284318685531616
32,3,2,7,-9,9,1,0.786045789718628,-1,-1,1,-1,0.0516397953033447
32,3,2,8,9,9,1,0.483906507492065,-1,1,-1,-1,0.536045789718628
32,3,2,9,27,27,1,0.502414226531982,1,1,1,-1,0.233906507492065
32,3,2,10,0,0,1,0.435721397399902,1,1,1,1,0.252414226531982
32,3,2,11,-27,27,0,0.451744794845581,1,1,1,1,0.185721397399902
32,3,2,12,-3,3,1,0.585353851318359,-1,-1,1,1,0.201744794845581
32,3,2,13,-81,81,0,0.452597856521606,-1,1,-1,-1,0.335353851318359
32,3,2,14,81,81,1,0.484395980834961,-1,-1,1,-1,0.202597856521606
32,3,2,15,-3,3,1,1.03542947769165,1,1,-1,-1,0.234395980834961
32,3,2,16,-0,0,1,0.868691444396973,-1,1,1,1,0.78542947769165
32,3,2,17,81,81,1,0.351886987686157,-1,1,1,-1,0.618691444396973
32,3,2,18,27,27,1,0.435277938842773,1,1,1,-1,0.101886987686157
32,3,2,19,27,27,1,0.383847713470459,1,1,1,1,0.185277938842773
32,3,2,20,-81,81,0,0.468801498413086,1,1,1,1,0.133847713470459
32,3,2,21,-3,3,1,0.518666744232178,-1,-1,1,1,0.218801498413086
32,3,2,22,81,81,1,0.568198204040527,-1,1,-1,-1,0.268666744232178
32,3,2,23,0,0,1,0.752290487289429,1,1,1,-1,0.318198204040527
32,3,2,24,-27,27,0,0.53433084487915,1,1,1,1,0.502290487289429
32,3,2,25,-81,81,0,0.450499773025513,-1,-1,1,1,0.28433084487915
32,3,2,26,3,3,0,0.800509691238403,-1,-1,-1,-1,0.200499773025513
32,3,2,27,27,27,1,0.485705375671387,1,-1,-1,-1,0.550509691238403
32,3,2,28,27,27,1,0.352733612060547,1,1,-1,1,0.235705375671387
32,3,2,29,81,81,1,0.402461528778076,1,1,1,1,0.102733612060547
32,3,2,30,27,27,1,0.483870029449463,1,1,1,1,0.152461528778076
32,3,2,31,-81,81,0,0.817657470703125,1,1,1,1,0.233870029449463
32,3,2,32,-0,0,1,0.819329023361206,-1,-1,1,1,0.567657470703125
32,3,2,33,-27,27,0,0.436034917831421,-1,1,-1,-1,0.569329023361206
32,3,2,34,-27,27,0,0.467616319656372,-1,-1,1,-1,0.186034917831421
32,3,2,35,3,3,1,0.585281133651733,-1,-1,-1,-1,0.217616319656372
32,3,2,36,-9,9,1,0.56923246383667,1,1,-1,-1,0.335281133651733
32,3,2,37,0,0,1,0.653092384338379,-1,1,1,1,0.31923246383667
32,3,2,38,-3,3,1,0.751368522644043,1,1,1,-1,0.403092384338379
32,3,2,39,-81,81,0,0.518770217895508,-1,1,1,1,0.501368522644043
32,3,2,40,-3,3,0,0.500522613525391,-1,-1,1,-1,0.268770217895508
32,3,2,41,-0,0,0,0.500969409942627,-1,-1,-1,-1,0.250522613525391
32,3,2,42,9,9,0,0.585283517837524,-1,-1,-1,-1,0.250969409942627
32,3,2,43,-81,81,0,0.451446056365967,1,-1,-1,-1,0.335283517837524
32,3,2,44,-3,3,0,0.368042469024658,-1,-1,-1,1,0.201446056365967
32,3,2,45,-81,81,0,0.434275388717651,-1,-1,-1,-1,0.118042469024658
32,3,2,46,-81,81,0,0.501951694488525,-1,-1,-1,-1,0.184275388717651
32,3,2,47,-27,27,0,1.15235948562622,-1,-1,-1,-1,0.251951694488525
32,3,2,48,3,3,1,0.51935076713562,-1,-1,-1,-1,0.902359485626221
32,3,2,49,-81,81,0,0.60109543800354,1,1,-1,-1,0.26935076713562
32,3,2,50,-81,81,0,0.535292863845825,-1,-1,1,1,0.35109543800354
32,3,2,51,-3,3,1,0.601117610931396,-1,-1,-1,-1,0.285292863845825
32,3,2,52,9,9,1,0.534445524215698,-1,1,-1,-1,0.351117610931396
32,3,2,53,81,81,1,0.501743078231812,1,1,1,-1,0.284445524215698
32,3,2,54,3,3,1,0.617191553115845,1,1,1,1,0.251743078231812
32,3,2,55,9,9,1,0.502139806747437,1,1,1,1,0.367191553115845
32,3,2,56,-9,9,1,0.486056566238403,1,1,1,1,0.252139806747437
32,3,2,57,-0,0,1,0.60095739364624,-1,1,1,1,0.236056566238403
32,3,2,58,-9,9,0,0.518988132476807,-1,1,1,-1,0.35095739364624
32,3,2,59,3,3,0,0.351601600646973,-1,-1,1,-1,0.268988132476807
32,3,2,63,0,0,1,0.618602752685547,-1,-1,-1,-1,0.285751581192017
32,3,2,64,-3,3,1,0.450511455535889,1,1,-1,-1,0.368602752685547
32,3,2,65,-27,27,0,0.284497499465942,-1,1,1,1,0.200511455535889
32,3,2,66,-9,9,1,0.669242143630981,-1,-1,1,-1,0.0344974994659424
32,3,2,67,81,81,1,0.435528755187988,-1,1,-1,-1,0.419242143630981
32,3,2,68,27,27,1,0.517241716384888,1,1,1,-1,0.185528755187988
32,3,2,69,-3,3,0,0.385809659957886,1,1,1,1,0.267241716384888
32,3,2,70,-27,27,1,0.767629623413086,-1,-1,1,1,0.135809659957886
32,3,2,71,-0,0,1,0.4860680103302,-1,1,-1,-1,0.517629623413086
32,3,2,72,3,3,1,0.41866135597229,-1,1,1,-1,0.2360680103302
32,3,2,73,-9,9,1,0.551194190979004,1,1,1,-1,0.16866135597229
32,3,2,74,9,9,1,0.433943748474121,-1,1,1,1,0.301194190979004
32,3,2,75,9,9,1,0.684438943862915,1,1,1,-1,0.183943748474121
32,3,2,76,-9,9,1,1.00111198425293,1,1,1,1,0.434438943862915
32,3,2,77,-9,9,1,0.551589727401733,-1,1,1,1,0.75111198425293
32,3,2,78,-3,3,1,0.434454679489136,-1,1,1,-1,0.301589727401733
32,3,2,79,-81,81,0,0.434293508529663,-1,1,1,-1,0.184454679489136
32,3,2,80,81,81,1,0.450974225997925,-1,-1,1,-1,0.184293508529663
32,3,2,81,-27,27,0,0.319313764572144,1,1,-1,-1,0.200974225997925
32,3,2,82,3,3,1,0.469114780426025,-1,-1,1,1,0.0693137645721436
32,3,2,83,-27,27,0,0.601084232330322,1,1,-1,-1,0.219114780426025
32,3,2,84,9,9,1,0.502320766448975,-1,-1,1,1,0.351084232330322
32,3,2,85,3,3,1,0.451371908187866,1,1,-1,-1,0.252320766448975
32,3,2,86,81,81,1,0.45191216468811,1,1,1,1,0.201371908187866
32,3,2,87,-81,81,0,0.41714882850647,1,1,1,1,0.20191216468811
32,3,2,88,-9,9,1,0.669490337371826,-1,-1,1,1,0.16714882850647
32,3,2,89,-81,81,0,0.400509357452393,-1,1,-1,-1,0.419490337371826
32,3,2,90,-3,3,1,0.302387475967407,-1,-1,1,-1,0.150509357452393
32,3,2,94,3,3,1,0.469202995300293,-1,-1,1,-1,0.285600662231445
32,3,2,95,3,3,1,0.485888481140137,1,1,-1,-1,0.219202995300293
32,3,2,96,-27,27,0,0.335863590240479,1,1,1,1,0.235888481140137
32,3,2,97,81,81,1,0.502647638320923,-1,-1,1,1,0.0858635902404785
32,3,2,98,9,9,0,0.552325248718262,1,1,-1,-1,0.252647638320923
32,3,2,99,0,0,1,1.00049257278442,1,-1,1,1,0.302325248718262
32,3,3,2,27,27,1,0.401833772659302,1,1,1,1,0.0507338047027588
32,3,3,3,81,81,1,0.434292316436768,1,1,1,1,0.151833772659302
32,3,3,4,-9,9,0,0.586001873016357,1,1,1,1,0.184292316436768
32,3,3,5,-3,3,0,0.569292068481445,-1,-1,1,1,0.336001873016357
32,3,3,6,-81,81,0,0.519383907318115,-1,-1,-1,-1,0.319292068481445
32,3,3,7,-81,81,0,0.668809413909912,-1,-1,-1,-1,0.269383907318115
32,3,3,8,-27,27,0,0.584427356719971,-1,-1,-1,-1,0.418809413909912
32,3,3,9,-27,27,0,0.402740240097046,-1,-1,-1,-1,0.334427356719971
32,3,3,10,-3,3,0,0.435238361358643,-1,-1,-1,-1,0.152740240097046
32,3,3,11,0,0,0,0.385498046875,-1,-1,-1,-1,0.185238361358643
32,3,3,12,3,3,1,0.518662214279175,1,-1,-1,-1,0.135498046875
32,3,3,13,81,81,1,0.51716160774231,1,1,-1,1,0.268662214279175
32,3,3,14,81,81,1,0.802706003189087,1,1,1,1,0.26716160774231
32,3,3,15,-9,9,1,0.584440946578979,1,1,1,1,0.552706003189087
32,3,3,16,-0,0,0,0.852137327194214,-1,1,1,1,0.334440946578979
32,3,3,17,-9,9,0,0.567630052566528,-1,-1,1,-1,0.602137327194214
32,3,3,18,-9,9,1,0.519036531448364,-1,-1,-1,-1,0.317630052566528
32,3,3,19,-3,3,1,0.633828401565552,-1,1,-1,-1,0.269036531448364
32,3,3,20,-81,81,0,0.584423303604126,-1,1,1,-1,0.383828401565552
32,3,3,21,-27,27,0,0.484622716903687,-1,-1,1,-1,0.334423303604126
32,3,3,22,-27,27,1,0.685976028442383,-1,-1,-1,-1,0.234622716903687
32,3,3,23,81,81,1,0.501934766769409,-1,1,-1,-1,0.435976028442383
32,3,3,24,27,27,1,0.451818227767944,1,1,1,-1,0.251934766769409
32,3,3,25,81,81,1,0.367768526077271,1,1,1,1,0.201818227767944
32,3,3,26,27,27,1,0.367808818817139,1,1,1,1,0.117768526077271
32,3,3,27,27,27,1,0.584453582763672,1,1,1,1,0.117808818817139
32,3,3,28,-27,27,1,0.667659521102905,1,1,1,1,0.334453582763672
32,3,3,29,81,81,1,0.502453804016113,-1,1,1,1,0.417659521102905
32,3,3,30,-27,27,1,0.684934854507446,1,1,1,-1,0.252453804016113
32,3,3,31,-9,9,1,0.350991487503052,-1,1,1,1,0.434934854507446
32,3,3,32,-9,9,0,0.319307565689087,-1,1,1,-1,0.100991487503052
32,3,3,33,-3,3,1,0.402769804000854,-1,-1,1,-1,0.0693075656890869
32,3,3,34,81,81,1,0.467183589935303,-1,1,-1,-1,0.152769804000854
32,3,3,35,-9,9,1,0.636144638061523,1,1,1,-1,0.217183589935303
32,3,3,36,-81,81,0,0.750524044036865,-1,1,1,1,0.386144638061523
32,3,3,37,-0,0,1,0.718057870864868,-1,-1,1,-1,0.500524044036865
32,3,3,38,-27,27,0,0.350964546203613,-1,1,-1,-1,0.468057870864868
32,3,3,39,-0,0,1,0.518888235092163,-1,-1,1,-1,0.100964546203613
32,3,3,45,-27,27,0,0.335701942443848,-1,-1,1,1,0.252175331115723
32,3,3,46,-27,27,0,0.750967979431152,-1,-1,-1,-1,0.0857019424438477
32,3,3,50,9,9,1,0.636126041412354,-1,-1,1,1,0.250528335571289
32,3,3,54,-0,0,1,0.634310722351074,1,1,1,1,0.286385297775269
32,3,3,55,-9,9,1,0.434339284896851,-1,1,1,1,0.384310722351074
32,3,3,59,0,0,1,0.401121377944946,1,1,1,1,0.768941640853882
32,3,3,60,3,3,1,0.502030849456787,1,1,1,1,0.151121377944946
32,3,3,61,27,27,1,0.601850032806396,1,1,1,1,0.252030849456787
32,3,3,62,81,81,1,0.419173955917358,1,1,1,1,0.351850032806396
32,3,3,63,27,27,1,1.18428754806519,1,1,1,1,0.169173955917358
32,3,3,64,9,9,1,0.917160272598267,1,1,1,1,0.934287548065186
32,3,3,65,3,3,1,0.286100149154663,1,1,1,1,0.667160272598267
32,3,3,66,27,27,1,0.486155033111572,1,1,1,1,0.0361001491546631
32,3,3,67,-0,0,1,0.25219988822937,1,1,1,1,0.236155033111572
32,3,3,71,-9,9,1,0.434784173965454,-1,1,-1,-1,0.48462963104248
32,3,3,72,9,9,1,0.518350124359131,-1,1,1,-1,0.184784173965454
32,3,3,73,3,3,1,0.602046489715576,1,1,1,-1,0.268350124359131
32,3,3,74,3,3,1,0.551458120346069,1,1,1,1,0.352046489715576
32,3,3,75,3,3,1,0.335133790969849,1,1,1,1,0.301458120346069
32,3,3,76,81,81,1,0.467337131500244,1,1,1,1,0.0851337909698486
32,3,3,80,3,3,1,0.485102653503418,1,-1,-1,1,0.334300756454468
32,3,3,81,-9,9,1,0.501170873641968,1,1,-1,1,0.235102653503418
32,3,3,82,-81,81,0,0.469347715377808,-1,1,1,1,0.251170873641968
32,3,3,83,-27,27,0,0.419355392456055,-1,-1,1,-1,0.219347715377808
32,3,3,87,81,81,1,0.534633636474609,1,1,-1,1,0.167191982269287
32,3,3,91,-3,3,1,0.535557270050049,1,1,1,1,0.618319034576416
32,3,3,92,-3,3,1,0.651334762573242,-1,1,1,1,0.285557270050049
32,3,3,93,-81,81,0,0.483901262283325,-1,1,1,-1,0.401334762573242
32,3,3,94,-81,81,0,0.418350219726562,-1,-1,1,-1,0.233901262283325
32,3,3,95,-9,9,1,0.950504064559937,-1,-1,-1,-1,0.168350219726562
32,3,3,96,-9,9,1,0.433860778808594,-1,1,-1,-1,0.700504064559937
32,3,3,97,9,9,1,0.334989309310913,-1,1,1,-1,0.183860778808594
32,3,3,98,3,3,0,0.384552955627441,1,1,1,-1,0.0849893093109131
32,3,3,99,81,81,1,0.5015869140625,1,-1,1,1,0.134552955627441
32,3,4,2,-27,27,1,0.717706441879272,-1,-1,-1,-1,0.16879677772522
32,3,4,3,-3,3,1,0.367796659469604,-1,1,-1,-1,0.467706441879272
32,3,4,4,-9,9,0,0.434453725814819,-1,1,1,-1,0.117796659469604
32,3,4,5,27,27,1,0.336010694503784,-1,-1,1,-1,0.184453725814819
32,3,4,6,-3,3,1,0.468026161193848,1,1,-1,-1,0.0860106945037842
32,3,4,7,-9,9,0,0.452518939971924,-1,1,1,1,0.218026161193848
32,3,4,8,-27,27,0,0.250961780548096,-1,-1,1,-1,0.202518939971924
32,3,4,9,27,27,1,0.40247917175293,-1,-1,-1,-1,0.000961780548095703
32,3,4,10,81,81,1,0.43592381477356,1,1,-1,-1,0.15247917175293
32,3,4,11,-9,9,1,0.61888861656189,1,1,1,1,0.18592381477356
32,3,4,12,-27,27,0,0.467146873474121,-1,1,1,1,0.36888861656189
32,3,4,13,3,3,1,0.650930404663086,-1,-1,1,-1,0.217146873474121
32,3,4,14,9,9,1,0.434527397155762,1,1,-1,-1,0.400930404663086
32,3,4,15,0,0,1,0.485964059829712,1,1,1,1,0.184527397155762
32,3,4,16,27,27,1,0.619295358657837,1,1,1,1,0.235964059829712
32,3,4,17,-0,0,1,0.502708911895752,1,1,1,1,0.369295358657837
32,3,4,18,3,3,1,0.551173448562622,-1,1,1,1,0.252708911895752
32,3,4,19,0,0,1,0.435440063476562,1,1,1,-1,0.301173448562622
32,3,4,20,3,3,1,0.500564098358154,1,1,1,1,0.185440063476562
32,3,4,21,81,81,1,0.452407836914062,1,1,1,1,0.250564098358154
32,3,4,22,9,9,1,0.501007795333862,1,1,1,1,0.202407836914062
32,3,4,23,-81,81,0,0.400946140289307,1,1,1,1,0.251007795333862
32,3,4,24,27,27,1,0.568423986434937,-1,-1,1,1,0.150946140289307
32,3,4,25,27,27,1,0.250977993011475,1,1,-1,-1,0.318423986434937
32,3,4,26,-81,81,0,0.433835744857788,1,1,1,1,0.000977993011474609
32,3,4,27,-3,3,1,0.769434690475464,-1,-1,1,1,0.183835744857788
32,3,4,28,81,81,1,0.450998306274414,-1,1,-1,-1,0.519434690475464
32,3,4,29,9,9,1,0.684471130371094,1,1,1,-1,0.200998306274414
32,3,4,30,9,9,1,0.484632968902588,1,1,1,1,0.434471130371094
32,3,4,31,0,0,1,0.434470653533936,1,1,1,1,0.234632968902588
32,3,4,32,0,0,1,0.819355726242065,1,1,1,1,0.184470653533936
32,3,4,33,3,3,0,0.53623628616333,1,1,1,1,0.569355726242065
32,3,4,34,-3,3,1,0.467213869094849,1,-1,1,1,0.28623628616333
32,3,4,35,81,81,1,0.4171462059021,-1,1,-1,1,0.217213869094849
32,3,4,36,9,9,1,0.502068042755127,1,1,1,-1,0.1671462059021
32,3,4,37,-3,3,1,0.285676002502441,1,1,1,1,0.252068042755127
32,3,4,38,0,0,1,0.401854038238525,-1,1,1,1,0.0356760025024414
32,3,4,39,27,27,1,0.369254350662231,1,1,1,-1,0.151854038238525
32,3,4,40,-9,9,1,0.502193927764893,1,1,1,1,0.119254350662231
32,3,4,41,-3,3,0,0.602579355239868,-1,1,1,1,0.252193927764893
32,3,4,42,9,9,1,0.38446044921875,-1,-1,1,-1,0.352579355239868
32,3,4,43,27,27,1,0.551031112670898,1,1,-1,-1,0.13446044921875
32,3,4,44,-81,81,0,0.467619657516479,1,1,1,1,0.301031112670898
32,3,4,45,81,81,1,0.285875558853149,-1,-1,1,1,0.217619657516479
32,3,4,46,-3,3,0,0.534282445907593,1,1,-1,-1,0.0358755588531494
32,3,4,47,-27,27,0,0.468975305557251,-1,-1,1,1,0.284282445907593
32,3,4,48,-27,27,0,0.502622365951538,-1,-1,-1,-1,0.218975305557251
32,3,4,49,27,27,1,0.517774343490601,-1,-1,-1,-1,0.252622365951538
32,3,4,50,-9,9,1,0.652076959609985,1,1,-1,-1,0.267774343490601
32,3,4,51,-9,9,0,0.385802268981934,-1,1,1,1,0.402076959609985
32,3,4,52,-81,81,0,0.534305334091187,-1,-1,1,-1,0.135802268981934
32,3,4,53,3,3,1,0.751826524734497,-1,-1,-1,-1,0.284305334091187
32,3,4,54,27,27,1,0.567779064178467,1,1,-1,-1,0.501826524734497
32,3,4,55,9,9,1,0.50276517868042,1,1,1,1,0.317779064178467
32,3,4,56,-27,27,0,0.351434707641602,1,1,1,1,0.25276517868042
32,3,4,57,-3,3,1,0.500522613525391,-1,-1,1,1,0.101434707641602
32,3,4,58,-81,81,0,0.452161312103271,-1,1,-1,-1,0.250522613525391
32,3,4,59,81,81,1,0.50060510635376,-1,-1,1,-1,0.202161312103271
32,3,4,60,-81,81,0,0.367805004119873,1,1,-1,-1,0.25060510635376
32,3,4,64,-0,0,0,1.30223488807678,-1,-1,-1,-1,0.367687702178955
32,3,4,65,-27,27,0,0.435471773147583,-1,-1,-1,-1,1.05223488807678
32,3,4,66,-0,0,1,0.734505891799927,-1,-1,-1,-1,0.185471773147583
32,3,4,67,9,9,1,0.469108581542969,-1,1,-1,-1,0.484505891799927
32,3,4,68,3,3,1,0.401093721389771,1,1,1,-1,0.219108581542969
32,3,4,69,81,81,1,0.535860776901245,1,1,1,1,0.151093721389771
32,3,4,70,3,3,1,0.784309864044189,1,1,1,1,0.285860776901245
32,3,4,71,3,3,1,0.551073789596558,1,1,1,1,0.534309864044189
32,3,4,72,81,81,1,0.535841941833496,1,1,1,1,0.301073789596558
32,3,4,73,-81,81,0,0.451085805892944,1,1,1,1,0.285841941833496
32,3,4,74,-9,9,1,0.452682733535767,-1,-1,1,1,0.201085805892944
32,3,4,75,-81,81,0,0.584308385848999,-1,1,-1,-1,0.202682733535767
32,3,4,76,-0,0,1,0.451102256774902,-1,-1,1,-1,0.334308385848999
32,3,4,77,-9,9,1,0.50096607208252,-1,1,-1,-1,0.201102256774902
32,3,4,78,-3,3,1,0.584344148635864,-1,1,1,-1,0.25096607208252
32,3,4,79,-27,27,0,0.43384051322937,-1,1,1,-1,0.334344148635864
32,3,4,80,-0,0,1,0.335793495178223,-1,-1,1,-1,0.18384051322937
32,3,4,81,-9,9,0,0.318887710571289,-1,1,-1,-1,0.0857934951782227
32,3,4,82,3,3,1,0.301591873168945,-1,-1,1,-1,0.0688877105712891
32,3,4,83,0,0,1,0.451140165328979,1,1,-1,-1,0.0515918731689453
32,3,4,84,81,81,1,0.402722120285034,1,1,1,1,0.201140165328979
32,3,4,85,27,27,1,0.668491125106812,1,1,1,1,0.152722120285034
32,3,4,86,81,81,1,0.36881685256958,1,1,1,1,0.418491125106812
32,3,4,87,9,9,0,0.667176723480225,1,1,1,1,0.11881685256958
32,3,4,88,-27,27,0,0.533814191818237,1,-1,1,1,0.417176723480225
32,3,4,89,-9,9,0,0.717726945877075,-1,-1,-1,1,0.283814191818237
32,3,4,93,81,81,1,0.535757780075073,1,1,-1,-1,0.334441661834717
32,3,4,94,-9,9,0,0.552470207214355,1,1,1,1,0.285757780075073
32,3,4,95,9,9,1,0.535399913787842,-1,-1,1,1,0.302470207214355
32,3,4,96,-3,3,1,0.752561092376709,1,1,-1,-1,0.285399913787842
32,3,4,97,-9,9,1,0.484435081481934,-1,1,1,1,0.502561092376709
32,3,4,98,3,3,1,0.434579372406006,-1,1,1,-1,0.234435081481934
32,3,4,99,-81,81,0,0.535921812057495,1,1,1,-1,0.184579372406006
32,3,5,2,-9,9,0,0.301280736923218,-1,-1,-1,-1,0.301297903060913
32,3,5,3,-81,81,0,0.385835886001587,-1,-1,-1,-1,0.0512807369232178
32,3,5,4,-81,81,0,0.535240888595581,-1,-1,-1,-1,0.135835886001587
32,3,5,5,-81,81,0,0.502554893493652,-1,-1,-1,-1,0.285240888595581
32,3,5,6,-81,81,0,0.3692946434021,-1,-1,-1,-1,0.252554893493652
32,3,5,7,-27,27,0,0.552518844604492,-1,-1,-1,-1,0.1192946434021
32,3,5,8,-9,9,1,0.635318040847778,-1,-1,-1,-1,0.302518844604492
32,3,5,9,81,81,1,0.45116138458252,-1,1,-1,-1,0.385318040847778
32,3,5,10,81,81,1,0.300540208816528,1,1,1,-1,0.20116138458252
32,3,5,11,9,9,1,0.484431743621826,1,1,1,1,0.0505402088165283
32,3,5,12,3,3,1,0.517784118652344,1,1,1,1,0.234431743621826
32,3,5,13,-0,0,1,0.250986576080322,1,1,1,1,0.267784118652344
32,3,5,14,-27,27,0,0.636026620864868,-1,1,1,1,0.000986576080322266
32,3,5,15,-0,0,1,0.585577964782715,-1,-1,1,-1,0.386026620864868
32,3,5,16,-9,9,1,0.752561807632446,-1,1,-1,-1,0.335577964782715
32,3,5,17,-27,27,0,0.584460735321045,-1,1,1,-1,0.502561807632446
32,3,5,18,-27,27,0,0.485794067382812,-1,-1,1,-1,0.334460735321045
32,3,5,19,-3,3,1,0.669495105743408,-1,-1,-1,-1,0.235794067382812
32,3,5,20,-81,81,0,0.551052570343018,-1,1,-1,-1,0.419495105743408
32,3,5,21,-27,27,0,0.63527512550354,-1,-1,1,-1,0.301052570343018
32,3,5,22,0,0,0,1.20269370079041,-1,-1,-1,-1,0.38527512550354
32,3,5,23,-81,81,0,0.552396059036255,1,-1,-1,-1,0.952693700790405
32,3,5,24,-0,0,1,0.951565265655518,-1,-1,-1,1,0.302396059036255
32,3,5,25,-3,3,0,0.300498962402344,-1,1,-1,-1,0.701565265655518
32,3,5,26,-27,27,0,0.452571630477905,-1,-1,1,-1,0.0504989624023438
32,3,5,27,0,0,1,0.502798318862915,-1,-1,-1,-1,0.202571630477905
32,3,5,28,81,81,1,0.467856884002686,1,1,-1,-1,0.252798318862915
32,3,5,29,27,27,1,0.501172780990601,1,1,1,1,0.217856884002686
32,3,5,30,27,27,1,0.552629709243774,1,1,1,1,0.251172780990601
32,3,5,31,9,9,1,0.401754379272461,1,1,1,1,0.302629709243774
32,3,5,32,27,27,1,0.333855628967285,1,1,1,1,0.151754379272461
32,3,5,33,81,81,1,0.617831945419312,1,1,1,1,0.0838556289672852
32,3,5,34,27,27,1,0.534281015396118,1,1,1,1,0.367831945419312
32,3,5,35,3,3,1,0.584278583526611,1,1,1,1,0.284281015396118
32,3,5,36,3,3,1,0.485907077789307,1,1,1,1,0.334278583526611
32,3,5,37,9,9,1,0.38382887840271,1,1,1,1,0.235907077789307
32,3,5,38,27,27,1,0.302601099014282,1,1,1,1,0.13382887840271
32,3,5,39,9,9,1,0.517800092697144,1,1,1,1,0.0526010990142822
32,3,5,40,3,3,1,0.635952234268188,1,1,1,1,0.267800092697144
32,3,5,41,81,81,1,0.585909605026245,1,1,1,1,0.385952234268188
32,3,5,42,-9,9,0,0.652716636657715,1,1,1,1,0.335909605026245
32,3,5,43,9,9,1,0.535322189331055,-1,-1,1,1,0.402716636657715
32,3,5,44,9,9,1,0.251045703887939,1,1,-1,-1,0.285322189331055
32,3,5,45,-0,0,1,0.568206310272217,1,1,1,1,0.00104570388793945
32,3,5,46,-27,27,0,0.469141244888306,-1,1,1,1,0.318206310272217
32,3,5,47,-3,3,0,0.419041872024536,-1,-1,1,-1,0.219141244888306
32,3,5,48,-9,9,0,0.485619068145752,-1,-1,-1,-1,0.169041872024536
32,3,5,49,-9,9,1,0.602643013000488,-1,-1,-1,-1,0.235619068145752
32,3,5,50,-81,81,0,0.585738897323608,-1,1,-1,-1,0.352643013000488
32,3,5,51,-9,9,1,0.502587080001831,-1,-1,1,-1,0.335738897323608
32,3,5,52,-3,3,0,0.552614688873291,-1,1,-1,-1,0.252587080001831
32,3,5,53,-9,9,0,0.601169109344482,-1,-1,1,-1,0.302614688873291
32,3,5,54,-27,27,0,0.5844566822052,-1,-1,-1,-1,0.351169109344482
32,3,5,55,-3,3,0,0.452095508575439,-1,-1,-1,-1,0.3344566822052
32,3,5,56,-81,81,0,0.502773523330688,-1,-1,-1,-1,0.202095508575439
32,3,5,57,-9,9,1,0.634683847427368,-1,-1,-1,-1,0.252773523330688
32,3,5,58,-0,0,1,0.434891939163208,-1,1,-1,-1,0.384683847427368
32,3,5,59,-3,3,1,0.602137088775635,-1,1,1,-1,0.184891939163208
32,3,5,60,27,27,1,0.519113063812256,-1,1,1,-1,0.352137088775635
32,3,5,61,81,81,1,0.502165079116821,1,1,1,-1,0.269113063812256
32,3,5,62,-3,3,1,0.667662858963013,1,1,1,1,0.252165079116821
32,3,5,63,-3,3,1,0.53544282913208,-1,1,1,1,0.417662858963013
32,3,5,64,3,3,1,0.602215766906738,-1,1,1,-1,0.28544282913208
32,3,5,65,81,81,1,0.452395439147949,1,1,1,-1,0.352215766906738
32,3,5,66,3,3,1,0.651959180831909,1,1,1,1,0.202395439147949
32,3,5,67,-9,9,1,0.519985675811768,1,1,1,1,0.401959180831909
32,3,5,68,-27,27,0,0.484439849853516,-1,1,1,1,0.269985675811768
32,3,5,69,-27,27,0,0.517801523208618,-1,-1,1,-1,0.234439849853516
32,3,5,70,-3,3,0,0.518766403198242,-1,-1,-1,-1,0.267801523208618
32,3,5,71,27,27,1,0.385448932647705,-1,-1,-1,-1,0.268766403198242
32,3,5,72,-9,9,1,0.501109838485718,1,1,-1,-1,0.135448932647705
32,3,5,73,-27,27,0,0.335517883300781,-1,1,1,1,0.251109838485718
32,3,5,74,3,3,1,0.451030969619751,-1,-1,1,-1,0.0855178833007812
32,3,5,78,-81,81,0,0.551944017410278,-1,-1,1,1,0.268603801727295
32,3,5,79,-3,3,0,0.552253007888794,-1,-1,-1,-1,0.301944017410278
32,3,5,80,-9,9,0,0.483850717544556,-1,-1,-1,-1,0.302253007888794
32,3,5,81,-81,81,0,0.501113653182983,-1,-1,-1,-1,0.233850717544556
32,3,5,82,-3,3,1,0.269358396530151,-1,-1,-1,-1,0.251113653182983
32,3,5,83,-9,9,1,0.385710000991821,-1,1,-1,-1,0.0193583965301514
32,3,5,84,-3,3,1,0.301109075546265,-1,1,1,-1,0.135710000991821
32,3,5,85,-27,27,0,0.267595529556274,-1,1,1,-1,0.0511090755462646
32,3,5,86,-3,3,1,0.334327220916748,-1,-1,1,-1,0.0175955295562744
32,3,5,87,-81,81,0,0.351154088973999,-1,1,-1,-1,0.084327220916748
32,3,5,88,0,0,1,0.351135015487671,-1,-1,1,-1,0.101154088973999
32,3,5,89,3,3,0,0.435271978378296,1,1,-1,-1,0.101135015487671
32,3,5,90,3,3,1,0.585145950317383,1,-1,1,1,0.185271978378296
32,3,5,91,27,27,1,0.484286308288574,1,1,-1,1,0.335145950317383
32,3,5,92,27,27,1,0.483822822570801,1,1,1,1,0.234286308288574
32,3,5,93,-9,9,1,0.468482255935669,1,1,1,1,0.233822822570801
32,3,5,94,27,27,1,0.469098567962646,-1,1,1,1,0.218482255935669
32,3,5,95,81,81,1,0.584975004196167,1,1,1,-1,0.219098567962646
32,3,5,96,0,0,1,1.00054335594177,1,1,1,1,0.334975004196167
32,3,5,97,-0,0,1,0.38624095916748,1,1,1,1,0.750543355941772
32,3,5,98,-9,9,1,0.669249296188354,-1,1,1,1,0.13624095916748
32,3,5,99,-81,81,0,0.435962915420532,-1,1,1,-1,0.419249296188354
32,3,6,2,9,9,1,0.501149892807007,-1,-1,-1,-1,0.286027908325195
32,3,6,3,9,9,1,0.484446287155151,1,1,-1,-1,0.251149892807007
32,3,6,4,3,3,1,0.517644166946411,1,1,1,1,0.234446287155151
32,3,6,5,-3,3,1,0.335791349411011,1,1,1,1,0.267644166946411
32,3,6,6,27,27,1,0.517593860626221,-1,1,1,1,0.0857913494110107
32,3,6,7,-81,81,0,0.400504112243652,1,1,1,-1,0.267593860626221
32,3,6,8,3,3,1,0.502448081970215,-1,-1,1,1,0.150504112243652
32,3,6,9,9,9,1,0.46719217300415,1,1,-1,-1,0.252448081970215
32,3,6,10,-3,3,0,0.386489391326904,1,1,1,1,0.21719217300415
32,3,6,11,0,0,0,0.752155542373657,-1,-1,1,1,0.136489391326904
32,3,6,12,-9,9,1,0.483858585357666,1,-1,-1,-1,0.502155542373657
32,3,6,16,-3,3,1,0.451050996780396,1,1,-1,-1,0.251859903335571
32,3,6,17,3,3,0,0.452708721160889,-1,1,1,1,0.201050996780396
32,3,6,18,9,9,1,0.519017696380615,1,-1,1,-1,0.202708721160889
32,3,6,19,-27,27,0,0.369439840316772,1,1,-1,1,0.269017696380615
32,3,6,20,81,81,1,0.468957185745239,-1,-1,1,1,0.119439840316772
32,3,6,21,0,0,0,0.534327268600464,1,1,-1,-1,0.218957185745239
32,3,6,22,-0,0,0,0.65253210067749,1,-1,1,1,0.284327268600464
32,3,6,23,81,81,1,0.586143732070923,-1,-1,-1,1,0.40253210067749
32,3,6,24,81,81,1,0.484299182891846,1,1,-1,-1,0.336143732070923
32,3,6,25,-81,81,0,0.33444619178772,1,1,1,1,0.234299182891846
32,3,6,26,0,0,0,0.533838987350464,-1,-1,1,1,0.0844461917877197
32,3,6,27,-81,81,0,0.402869462966919,1,-1,-1,-1,0.283838987350464
32,3,6,28,27,27,1,0.519221782684326,-1,-1,-1,1,0.152869462966919
32,3,6,32,27,27,1,0.286022901535034,-1,-1,1,1,0.0860934257507324
32,3,6,33,-0,0,1,0.417801856994629,1,1,-1,-1,0.0360229015350342
32,3,6,34,27,27,1,0.617696762084961,-1,1,1,1,0.167801856994629
32,3,6,35,81,81,1,0.584795951843262,1,1,1,-1,0.367696762084961
32,3,6,36,-9,9,0,0.534467697143555,1,1,1,1,0.334795951843262
32,3,6,37,9,9,1,0.48616886138916,-1,-1,1,1,0.284467697143555
32,3,6,38,-3,3,0,0.517800807952881,1,1,-1,-1,0.23616886138916
32,3,6,39,27,27,1,0.502398490905762,-1,-1,1,1,0.267800807952881
32,3,6,40,-9,9,1,0.500517606735229,1,1,-1,-1,0.252398490905762
32,3,6,41,3,3,1,0.583822727203369,-1,1,1,1,0.250517606735229
32,3,6,42,3,3,1,0.468794822692871,1,1,1,-1,0.333822727203369
32,3,6,43,-9,9,1,0.551117658615112,1,1,1,1,0.218794822692871
32,3,6,44,81,81,1,0.519388198852539,-1,1,1,1,0.301117658615112
32,3,6,45,-27,27,0,0.31719970703125,1,1,1,-1,0.269388198852539
32,3,6,46,81,81,1,0.317235231399536,-1,-1,1,1,0.06719970703125
32,3,6,47,-27,27,0,0.50256085395813,1,1,-1,-1,0.0672352313995361
32,3,6,48,-0,0,1,0.683829784393311,-1,-1,1,1,0.25256085395813
32,3,6,49,3,3,1,0.434711933135986,-1,1,-1,-1,0.433829784393311
32,3,6,50,-27,27,0,0.418153047561646,1,1,1,-1,0.184711933135986
32,3,6,51,81,81,1,0.46921706199646,-1,-1,1,1,0.168153047561646
32,3,6,52,-9,9,1,0.567366361618042,1,1,-1,-1,0.21921706199646
32,3,6,53,0,0,1,0.434272050857544,-1,1,1,1,0.317366361618042
32,3,6,54,-81,81,0,0.467623710632324,1,1,1,-1,0.184272050857544
32,3,6,55,-27,27,0,0.719412326812744,-1,-1,1,1,0.217623710632324
32,3,6,56,27,27,1,0.452160120010376,-1,-1,-1,-1,0.469412326812744
32,3,6,57,27,27,1,0.535707950592041,1,1,-1,-1,0.202160120010376
32,3,6,58,-81,81,0,0.352518558502197,1,1,1,1,0.285707950592041
32,3,6,59,-3,3,0,0.701058864593506,-1,-1,1,1,0.102518558502197
32,3,6,60,0,0,0,0.552778482437134,-1,-1,-1,-1,0.451058864593506
32,3,6,61,-9,9,1,0.602776288986206,1,-1,-1,-1,0.302778482437134
32,3,6,62,9,9,1,0.551883935928345,-1,1,-1,1,0.352776288986206
32,3,6,63,-3,3,1,0.33469820022583,1,1,1,-1,0.301883935928345
32,3,6,64,9,9,1,0.451873779296875,-1,1,1,1,0.0846982002258301
32,3,6,65,-3,3,0,0.417225360870361,1,1,1,-1,0.201873779296875
32,3,6,66,-81,81,0,0.517802476882935,-1,-1,1,1,0.167225360870361
32,3,6,67,81,81,1,0.417215347290039,-1,-1,-1,-1,0.267802476882935
32,3,6,68,-27,27,0,0.403294324874878,1,1,-1,-1,0.167215347290039
32,3,6,69,-0,0,1,0.668962717056274,-1,-1,1,1,0.153294324874878
32,3,6,70,81,81,1,0.534339427947998,-1,1,-1,-1,0.418962717056274
32,3,6,71,-27,27,0,0.284308910369873,1,1,1,-1,0.284339427947998
32,3,6,72,27,27,1,0.384637594223022,-1,-1,1,1,0.034308910369873
32,3,6,73,-81,81,0,0.400540113449097,1,1,-1,-1,0.134637594223022
32,3,6,74,9,9,1,0.584352016448975,-1,-1,1,1,0.150540113449097
32,3,6,75,3,3,1,0.584853172302246,1,1,-1,-1,0.334352016448975
32,3,6,76,81,81,1,0.38471531867981,1,1,1,1,0.334853172302246
32,3,6,77,9,9,1,0.919245719909668,1,1,1,1,0.13471531867981
32,3,6,78,-9,9,0,0.517611503601074,1,1,1,1,0.669245719909668
32,3,6,79,-81,81,0,0.502276420593262,-1,-1,1,1,0.267611503601074
32,3,6,80,-3,3,1,0.533873319625854,-1,-1,-1,-1,0.252276420593262
32,3,6,81,0,0,1,0.335478544235229,-1,1,-1,-1,0.283873319625854
32,3,6,82,-9,9,1,0.652770280838013,1,1,1,-1,0.0854785442352295
32,3,6,83,3,3,0,0.452303886413574,-1,1,1,1,0.402770280838013
32,3,6,84,-3,3,0,0.41770601272583,1,-1,1,-1,0.202303886413574
32,3,6,85,9,9,0,0.38391900062561,-1,-1,-1,1,0.16770601272583
32,3,6,86,-9,9,1,0.335744619369507,1,-1,-1,-1,0.13391900062561
32,3,6,87,27,27,1,0.334888696670532,-1,1,-1,1,0.0857446193695068
32,3,6,88,-3,3,0,0.317779064178467,1,1,1,-1,0.0848886966705322
32,3,6,89,27,27,1,0.352344036102295,-1,-1,1,1,0.0677790641784668
32,3,6,90,9,9,0,0.368937730789185,1,1,-1,-1,0.102344036102295
32,3,6,91,-81,81,0,0.33574652671814,1,-1,1,1,0.118937730789185
32,3,6,92,-81,81,0,0.367199420928955,-1,-1,-1,1,0.0857465267181396
32,3,6,93,-81,81,0,0.584360837936401,-1,-1,-1,-1,0.117199420928955
32,3,6,94,27,27,1,0.318867683410645,-1,-1,-1,-1,0.334360837936401
32,3,6,95,-3,3,1,0.618703126907349,1,1,-1,-1,0.0688676834106445
32,3,6,96,3,3,0,0.535152673721313,-1,1,1,1,0.368703126907349
32,3,6,97,-27,27,0,0.467162370681763,1,-1,1,-1,0.285152673721313
32,3,6,98,81,81,1,0.501435041427612,-1,-1,-1,1,0.217162370681763
32,3,6,99,-27,27,0,0.400482416152954,1,1,-1,-1,0.251435041427612
33,1,1,4,-9,9,0,0.518757820129395,1,1,-1,-1,0.567646503448486
33,1,1,5,9,9,0,0.434360980987549,-1,-1,1,1,0.268757820129395
33,1,1,6,-0,0,1,0.6028892993927,1,-1,-1,-1,0.184360980987549
33,1,1,7,-27,27,0,0.568835020065308,-1,1,-1,1,0.3528892993927
33,1,1,8,81,81,1,0.850504636764526,-1,-1,1,-1,0.318835020065308
33,1,1,9,-3,3,0,0.719053506851196,1,1,-1,-1,0.600504636764526
33,1,1,10,27,27,1,0.83554744720459,-1,-1,1,1,0.469053506851196
33,1,1,11,-27,27,0,0.48438024520874,1,1,-1,-1,0.58554744720459
33,1,1,12,0,0,1,0.586097955703735,-1,-1,1,1,0.23438024520874
33,1,1,13,-0,0,1,0.550491809844971,1,1,-1,-1,0.336097955703735
33,1,1,14,81,81,1,0.568623781204224,-1,1,1,1,0.300491809844971
33,1,1,15,-27,27,0,0.501871347427368,1,1,1,-1,0.318623781204224
33,1,1,16,3,3,1,0.583823919296265,-1,-1,1,1,0.251871347427368
33,1,1,17,-27,27,0,0.550487995147705,1,1,-1,-1,0.333823919296265
33,1,1,18,9,9,1,0.519084692001343,-1,-1,1,1,0.300487995147705
33,1,1,19,-3,3,0,0.701124668121338,1,1,-1,-1,0.269084692001343
33,1,1,20,81,81,1,0.55267071723938,-1,-1,1,1,0.451124668121338
33,1,1,21,-81,81,0,0.567665815353394,1,1,-1,-1,0.30267071723938
33,1,1,22,27,27,1,0.702231168746948,-1,-1,1,1,0.317665815353394
33,1,1,23,-81,81,0,0.517256498336792,1,1,-1,-1,0.452231168746948
33,1,1,24,27,27,1,0.634832620620728,-1,-1,1,1,0.267256498336792
33,1,1,25,-81,81,0,0.534299850463867,1,1,-1,-1,0.384832620620728
33,1,1,26,3,3,0,0.700546026229858,-1,-1,1,1,0.284299850463867
33,1,1,27,-27,27,0,0.683860540390015,1,-1,-1,-1,0.450546026229858
33,1,1,28,0,0,0,0.802318572998047,-1,-1,-1,1,0.433860540390015
33,1,1,29,-81,81,0,0.517674922943115,1,-1,-1,-1,0.552318572998047
33,1,1,30,27,27,1,0.767623424530029,-1,-1,-1,1,0.267674922943115
33,1,1,31,-27,27,0,0.51716423034668,1,1,-1,-1,0.517623424530029
33,1,1,32,0,0,1,0.585428714752197,-1,-1,1,1,0.26716423034668
33,1,1,33,-3,3,0,0.784365177154541,1,1,-1,-1,0.335428714752197
33,1,1,34,9,9,1,0.900507211685181,-1,-1,1,1,0.534365177154541
33,1,1,35,-0,0,0,0.919223308563232,1,1,-1,-1,0.650507211685181
33,1,1,36,9,9,1,0.735866546630859,-1,-1,1,1,0.669223308563232
33,1,1,37,-81,81,0,0.583906412124634,1,1,-1,-1,0.485866546630859
33,1,1,38,-27,27,0,0.800504207611084,-1,-1,1,1,0.333906412124634
33,1,1,39,27,27,1,0.550494194030762,-1,-1,-1,-1,0.550504207611084
33,1,1,40,-9,9,0,0.752611637115479,1,1,-1,-1,0.300494194030762
33,1,1,41,0,0,1,0.585645437240601,-1,-1,1,1,0.502611637115479
33,1,1,42,9,9,0,0.752031326293945,1,1,-1,-1,0.335645437240601
33,1,1,43,-27,27,0,0.836174726486206,1,-1,1,1,0.502031326293945
33,1,1,44,0,0,1,0.63580322265625,-1,-1,-1,1,0.586174726486206
33,1,1,45,-27,27,0,0.550501108169556,1,1,-1,-1,0.38580322265625
33,1,1,46,-81,81,0,0.535521268844604,-1,-1,1,1,0.300501108169556
33,1,1,47,9,9,1,0.767711400985718,-1,-1,-1,-1,0.285521268844604
33,1,1,48,-81,81,0,0.533827066421509,1,1,-1,-1,0.517711400985718
33,1,1,49,3,3,0,0.702483177185059,-1,-1,1,1,0.283827066421509
33,1,1,50,-9,9,0,0.58383584022522,1,-1,-1,-1,0.452483177185059
33,1,1,51,9,9,1,0.600585699081421,-1,-1,-1,1,0.33383584022522
33,1,1,52,-0,0,0,0.735592365264893,1,1,-1,-1,0.350585699081421
33,1,1,53,81,81,1,0.533854484558105,-1,-1,1,1,0.485592365264893
33,1,1,54,-81,81,0,0.535837650299072,1,1,-1,-1,0.283854484558105
33,1,1,55,81,81,1,0.569331884384155,-1,-1,1,1,0.285837650299072
33,1,1,56,-3,3,1,0.735854864120483,1,1,-1,-1,0.319331884384155
33,1,1,57,27,27,1,0.585490942001343,-1,1,1,1,0.485854864120483
33,1,1,58,-27,27,0,0.9856116771698,1,1,1,-1,0.335490942001343
33,1,1,59,-81,81,0,0.517634153366089,-1,-1,1,1,0.7356116771698
33,1,1,60,9,9,1,0.519359827041626,-1,-1,-1,-1,0.267634153366089
33,1,1,61,-9,9,1,0.535902976989746,1,1,-1,-1,0.269359827041626
33,1,1,62,-9,9,0,0.552685976028442,-1,1,1,1,0.285902976989746
33,1,1,63,3,3,1,0.752031803131104,-1,-1,1,-1,0.302685976028442
33,1,1,64,-3,3,1,0.734436750411987,1,1,-1,-1,0.502031803131104
33,1,1,65,-81,81,0,0.619130373001099,-1,1,1,1,0.484436750411987
33,1,1,66,81,81,1,0.585534572601318,-1,-1,1,-1,0.369130373001099
33,1,1,67,-9,9,0,0.652235269546509,1,1,-1,-1,0.335534572601318
33,1,1,68,3,3,0,0.650988817214966,-1,-1,1,1,0.402235269546509
33,1,1,69,-81,81,0,0.668722867965698,1,-1,-1,-1,0.400988817214966
33,1,1,70,81,81,1,0.501864194869995,-1,-1,-1,1,0.418722867965698
33,1,1,71,-9,9,0,1.10051417350769,1,1,-1,-1,0.251864194869995
33,1,1,72,81,81,1,0.500940799713135,-1,-1,1,1,0.85051417350769
33,1,1,73,-27,27,0,0.70110011100769,1,1,-1,-1,0.250940799713135
33,1,1,74,27,27,1,0.552177906036377,-1,-1,1,1,0.45110011100769
33,1,1,75,-9,9,1,0.65246319770813,1,1,-1,-1,0.302177906036377
33,1,1,76,27,27,1,0.850951433181763,-1,1,1,1,0.40246319770813
33,1,1,77,-3,3,1,0.533912658691406,1,1,1,-1,0.600951433181763
33,1,1,78,9,9,1,0.452329397201538,-1,1,1,1,0.283912658691406
33,1,1,79,-3,3,1,0.651108741760254,1,1,1,-1,0.202329397201538
33,1,1,80,3,3,1,0.60094690322876,-1,1,1,1,0.401108741760254
33,1,1,81,-9,9,1,0.750514268875122,1,1,1,-1,0.35094690322876
33,1,1,82,81,81,1,0.585377216339111,-1,1,1,1,0.500514268875122
33,1,1,83,-9,9,1,1.40263819694519,1,1,1,-1,0.335377216339111
33,1,1,84,0,0,1,0.767814636230469,-1,1,1,1,1.15263819694519
33,1,1,85,-27,27,0,0.769165515899658,1,1,1,-1,0.517814636230469
33,1,1,86,-3,3,1,0.534286260604858,-1,-1,1,1,0.519165515899658
33,1,1,87,9,9,1,0.635380506515503,-1,1,-1,-1,0.284286260604858
33,1,1,88,-81,81,0,0.452739000320435,1,1,1,-1,0.385380506515503
33,1,1,89,27,27,1,0.55050802230835,-1,-1,1,1,0.202739000320435
33,1,1,90,-27,27,0,0.550989866256714,1,1,-1,-1,0.30050802230835
33,1,1,91,3,3,1,0.684343099594116,-1,-1,1,1,0.300989866256714
33,1,1,92,-81,81,0,0.585779190063477,1,1,-1,-1,0.434343099594116
33,1,1,93,3,3,1,0.734772443771362,-1,-1,1,1,0.335779190063477
33,1,1,94,-0,0,1,0.467776775360107,1,1,-1,-1,0.484772443771362
33,1,1,95,3,3,0,0.967629909515381,-1,1,1,1,0.217776775360107
33,1,1,96,3,3,1,0.584501028060913,1,-1,1,-1,0.717629909515381
33,1,1,97,-3,3,1,0.669610500335693,1,1,-1,1,0.334501028060913
33,1,1,98,9,9,0,1.26780486106873,-1,1,1,1,0.419610500335693
33,1,1,99,-3,3,1,0.534346103668213,1,-1,1,-1,1.01780486106873
33,1,2,2,27,27,1,0.518600702285767,-1,-1,1,1,1.05074310302734
33,1,2,3,-81,81,0,0.517644882202148,1,1,-1,-1,0.268600702285767
33,1,2,4,0,0,1,0.583849191665649,-1,-1,1,1,0.267644882202148
33,1,2,5,3,3,1,0.65261697769165,1,1,-1,-1,0.333849191665649
33,1,2,6,-3,3,1,0.802727222442627,1,1,1,1,0.40261697769165
33,1,2,7,0,0,1,0.51853609085083,-1,1,1,1,0.552727222442627
33,1,2,8,-0,0,1,0.400551319122314,1,1,1,-1,0.26853609085083
33,1,2,9,9,9,1,0.401049613952637,-1,1,1,1,0.150551319122314
33,1,2,10,-81,81,0,0.535509586334229,1,1,1,-1,0.151049613952637
33,1,2,11,3,3,1,0.701725482940674,-1,-1,1,1,0.285509586334229
33,1,2,12,-27,27,0,0.635911226272583,1,1,-1,-1,0.451725482940674
33,1,2,13,-9,9,1,0.5523521900177,-1,-1,1,1,0.385911226272583
33,1,2,14,27,27,1,1.25048184394836,-1,1,-1,-1,0.3023521900177
33,1,2,15,-3,3,1,0.552249670028687,1,1,1,-1,1.00048184394836
33,1,2,16,-0,0,0,0.634297132492065,-1,1,1,1,0.302249670028687
33,1,2,17,3,3,1,0.934298038482666,-1,-1,1,-1,0.384297132492065
33,1,2,18,-81,81,0,0.617766380310059,1,1,-1,-1,0.684298038482666
33,1,2,19,9,9,1,0.619032144546509,-1,-1,1,1,0.367766380310059
33,1,2,20,3,3,1,0.551020622253418,1,1,-1,-1,0.369032144546509
33,1,2,21,-3,3,0,0.66715407371521,1,1,1,1,0.301020622253418
33,1,2,22,81,81,1,0.417622089385986,-1,-1,1,1,0.41715407371521
33,1,2,23,-9,9,1,0.452239513397217,1,1,-1,-1,0.167622089385986
33,1,2,24,3,3,1,0.885632514953613,-1,1,1,1,0.202239513397217
33,1,2,25,-9,9,0,0.617619037628174,1,1,1,-1,0.635632514953613
33,1,2,26,27,27,1,0.667606353759766,-1,-1,1,1,0.367619037628174
33,1,2,27,-81,81,0,0.567735195159912,1,1,-1,-1,0.417606353759766
33,1,2,28,9,9,1,0.700973510742188,-1,-1,1,1,0.317735195159912
33,1,2,29,-9,9,1,0.751936197280884,1,1,-1,-1,0.450973510742188
33,1,2,30,0,0,1,0.900590419769287,-1,1,1,1,0.501936197280884
33,1,2,31,81,81,1,0.55057430267334,1,1,1,-1,0.650590419769287
33,1,2,32,-3,3,1,0.702480792999268,1,1,1,1,0.30057430267334
33,1,2,33,0,0,1,0.60047721862793,-1,1,1,1,0.452480792999268
33,1,2,34,-81,81,0,0.55200719833374,1,1,1,-1,0.35047721862793
33,1,2,35,-27,27,0,0.383883953094482,-1,-1,1,1,0.30200719833374
33,1,2,36,-3,3,1,0.550947189331055,-1,-1,-1,-1,0.133883953094482
33,1,2,37,27,27,1,0.36766791343689,-1,1,-1,-1,0.300947189331055
33,1,2,38,-27,27,0,0.850970506668091,1,1,1,-1,0.11766791343689
33,1,2,39,-9,9,1,0.700499773025513,-1,-1,1,1,0.600970506668091
33,1,2,40,-3,3,1,0.702234983444214,-1,1,-1,-1,0.450499773025513
33,1,2,41,0,0,1,0.569314956665039,-1,1,1,-1,0.452234983444214
33,1,2,42,-27,27,0,0.568979263305664,1,1,1,-1,0.319314956665039
33,1,2,43,3,3,1,0.600472211837769,-1,-1,1,1,0.318979263305664
33,1,2,44,-81,81,0,0.652786016464233,1,1,-1,-1,0.350472211837769
33,1,2,45,3,3,1,0.617643356323242,-1,-1,1,1,0.402786016464233
33,1,2,46,-3,3,1,0.618602991104126,1,1,-1,-1,0.367643356323242
33,1,2,47,27,27,1,0.6009840965271,-1,1,1,1,0.368602991104126
33,1,2,48,-27,27,0,0.869032859802246,1,1,1,-1,0.3509840965271
33,1,2,49,9,9,1,0.902482986450195,-1,-1,1,1,0.619032859802246
33,1,2,50,-9,9,1,0.568555593490601,1,1,-1,-1,0.652482986450195
33,1,2,51,81,81,1,0.601067543029785,-1,1,1,1,0.318555593490601
33,1,2,52,-27,27,0,0.95151686668396,1,1,1,-1,0.351067543029785
33,1,2,53,-81,81,0,0.568902492523193,-1,-1,1,1,0.70151686668396
33,1,2,54,3,3,1,0.751934289932251,-1,-1,-1,-1,0.318902492523193
33,1,2,55,3,3,1,0.73558235168457,1,1,-1,-1,0.501934289932251
33,1,2,56,-81,81,0,0.569272041320801,1,1,1,1,0.48558235168457
33,1,2,57,3,3,0,0.601884365081787,-1,-1,1,1,0.319272041320801
33,1,2,58,3,3,1,0.767183542251587,1,-1,-1,-1,0.351884365081787
33,1,2,59,-9,9,1,0.452059984207153,1,1,-1,1,0.517183542251587
33,1,2,60,0,0,1,0.700482368469238,-1,1,1,1,0.202059984207153
33,1,2,61,-81,81,0,0.767157316207886,1,1,1,-1,0.450482368469238
33,1,2,62,9,9,1,0.6192467212677,-1,-1,1,1,0.517157316207886
33,1,2,63,-81,81,0,0.567158460617065,1,1,-1,-1,0.3692467212677
33,1,2,64,-27,27,0,1.11883807182312,-1,-1,1,1,0.317158460617065
33,1,2,65,0,0,1,0.634413957595825,-1,-1,-1,-1,0.86883807182312
33,1,2,66,-9,9,0,1.21884703636169,1,1,-1,-1,0.384413957595825
33,1,2,67,9,9,1,0.433874607086182,-1,-1,1,1,0.968847036361694
33,1,2,68,-81,81,0,0.567163228988647,1,1,-1,-1,0.183874607086182
33,1,2,69,3,3,1,0.567200183868408,-1,-1,1,1,0.317163228988647
33,1,2,70,-81,81,0,0.400586605072021,1,1,-1,-1,0.317200183868408
33,1,2,71,3,3,1,0.719248533248901,-1,-1,1,1,0.150586605072021
33,1,2,72,-9,9,0,0.800494432449341,1,1,-1,-1,0.469248533248901
33,1,2,73,-81,81,0,0.567770957946777,-1,-1,1,1,0.550494432449341
33,1,2,74,-81,81,0,0.718611001968384,-1,-1,-1,-1,0.317770957946777
33,1,2,75,27,27,1,0.518416166305542,-1,-1,-1,-1,0.468611001968384
33,1,2,76,-81,81,0,0.417170524597168,1,1,-1,-1,0.268416166305542
33,1,2,77,0,0,1,0.984454154968262,-1,-1,1,1,0.167170524597168
33,1,2,78,-3,3,1,0.618851900100708,1,1,-1,-1,0.734454154968262
33,1,2,79,-27,27,0,0.535253524780273,-1,1,1,1,0.368851900100708
33,1,2,80,9,9,0,0.617643594741821,-1,-1,1,-1,0.285253524780273
33,1,2,81,-27,27,0,0.518645763397217,1,-1,-1,-1,0.367643594741821
33,1,2,82,27,27,1,0.569365978240967,-1,-1,-1,1,0.268645763397217
33,1,2,83,-27,27,0,0.71799635887146,1,1,-1,-1,0.319365978240967
33,1,2,84,-81,81,0,0.535719633102417,-1,-1,1,1,0.46799635887146
33,1,2,85,9,9,1,1.05206871032715,-1,-1,-1,-1,0.285719633102417
33,1,2,86,-9,9,1,0.584985733032227,1,1,-1,-1,0.802068710327148
33,1,2,87,27,27,1,0.419212102890015,-1,1,1,1,0.334985733032227
33,1,2,88,27,27,1,0.351972579956055,1,1,1,-1,0.169212102890015
33,1,2,89,81,81,1,0.385818243026733,1,1,1,1,0.101972579956055
33,1,2,90,-9,9,0,0.68651556968689,1,1,1,1,0.135818243026733
33,1,2,91,9,9,1,0.702456951141357,-1,-1,1,1,0.43651556968689
33,1,2,92,-27,27,0,0.585529565811157,1,1,-1,-1,0.452456951141357
33,1,2,93,81,81,1,0.552130222320557,-1,-1,1,1,0.335529565811157
33,1,2,94,9,9,1,0.6025710105896,1,1,-1,-1,0.302130222320557
33,1,2,95,27,27,1,0.535613298416138,1,1,1,1,0.3525710105896
33,1,2,96,-81,81,0,0.567899703979492,1,1,1,1,0.285613298416138
33,1,3,2,9,9,1,0.568936586380005,-1,-1,1,1,0.236155986785889
33,1,3,3,9,9,1,0.668964147567749,1,1,-1,-1,0.318936586380005
33,1,3,4,81,81,1,0.534943103790283,1,1,1,1,0.418964147567749
33,1,3,5,-9,9,0,0.768831253051758,1,1,1,1,0.284943103790283
33,1,3,6,9,9,1,0.417162656784058,-1,-1,1,1,0.518831253051758
33,1,3,7,-27,27,0,0.46907901763916,1,1,-1,-1,0.167162656784058
33,1,3,8,-27,27,0,0.784523487091064,-1,-1,1,1,0.21907901763916
33,1,3,9,-9,9,0,0.502547740936279,-1,-1,-1,-1,0.534523487091064
33,1,3,10,-81,81,0,0.485936403274536,-1,-1,-1,-1,0.252547740936279
33,1,3,11,27,27,1,0.484346389770508,-1,-1,-1,-1,0.235936403274536
33,1,3,12,-81,81,0,0.517694711685181,1,1,-1,-1,0.234346389770508
33,1,3,13,-27,27,0,0.650968313217163,-1,-1,1,1,0.267694711685181
33,1,3,14,27,27,1,0.502219676971436,-1,-1,-1,-1,0.400968313217163
33,1,3,15,27,27,1,0.517601490020752,1,1,-1,-1,0.252219676971436
33,1,3,16,-27,27,0,0.519289493560791,1,1,1,1,0.267601490020752
33,1,3,17,81,81,1,0.535321712493896,-1,-1,1,1,0.269289493560791
33,1,3,18,-9,9,0,0.534671545028687,1,1,-1,-1,0.285321712493896
33,1,3,19,-27,27,0,0.517793893814087,-1,-1,1,1,0.284671545028687
33,1,3,20,3,3,1,0.552412033081055,-1,-1,-1,-1,0.267793893814087
33,1,3,21,-81,81,0,0.533841371536255,1,1,-1,-1,0.302412033081055
33,1,3,22,27,27,1,0.502424716949463,-1,-1,1,1,0.283841371536255
33,1,3,23,-27,27,0,0.517151594161987,1,1,-1,-1,0.252424716949463
33,1,3,24,81,81,1,0.585844755172729,-1,-1,1,1,0.267151594161987
33,1,3,25,-3,3,0,0.55217456817627,1,1,-1,-1,0.335844755172729
33,1,3,26,9,9,1,0.519300699234009,-1,-1,1,1,0.30217456817627
33,1,3,27,3,3,1,0.502351999282837,1,1,-1,-1,0.269300699234009
33,1,3,28,-81,81,0,0.585516929626465,1,1,1,1,0.252351999282837
33,1,3,29,3,3,1,0.602062225341797,-1,-1,1,1,0.335516929626465
33,1,3,30,-81,81,0,0.585699796676636,1,1,-1,-1,0.352062225341797
33,1,3,31,-3,3,0,0.751062154769897,-1,-1,1,1,0.335699796676636
33,1,3,32,0,0,1,0.685825109481812,-1,-1,-1,-1,0.501062154769897
33,1,3,33,3,3,1,0.75133490562439,1,1,-1,-1,0.435825109481812
33,1,3,34,0,0,0,0.484287261962891,1,1,1,1,0.50133490562439
33,1,3,35,27,27,1,0.618203401565552,1,-1,1,1,0.234287261962891
33,1,3,36,27,27,1,0.517648696899414,1,1,-1,1,0.368203401565552
33,1,3,37,9,9,1,0.417711496353149,1,1,1,1,0.267648696899414
33,1,3,38,27,27,1,0.419209480285645,1,1,1,1,0.167711496353149
33,1,3,39,-3,3,0,0.468866109848022,1,1,1,1,0.169209480285645
33,1,3,40,81,81,1,0.417645931243896,-1,-1,1,1,0.218866109848022
33,1,3,41,81,81,1,0.386012077331543,1,1,-1,-1,0.167645931243896
33,1,3,42,3,3,1,0.551679611206055,1,1,1,1,0.136012077331543
33,1,3,43,9,9,1,0.600497007369995,1,1,1,1,0.301679611206055
33,1,3,44,-3,3,0,0.419176816940308,1,1,1,1,0.350497007369995
33,1,3,45,-9,9,0,0.418782234191895,-1,-1,1,1,0.169176816940308
33,1,3,49,3,3,1,0.485383272171021,1,-1,-1,1,0.117878913879395
33,1,3,50,-27,27,0,0.535862922668457,1,1,-1,1,0.235383272171021
33,1,3,51,81,81,1,0.569083690643311,-1,-1,1,1,0.285862922668457
33,1,3,52,9,9,1,0.867729187011719,1,1,-1,-1,0.319083690643311
33,1,3,53,-0,0,0,0.352402210235596,1,1,1,1,0.617729187011719
33,1,3,54,0,0,0,0.568607091903687,-1,-1,1,1,0.102402210235596
33,1,3,55,9,9,0,0.502306461334229,1,-1,-1,-1,0.318607091903687
33,1,3,56,3,3,1,0.301117897033691,1,-1,-1,1,0.252306461334229
33,1,3,57,-9,9,0,0.769268989562988,1,1,-1,1,0.0511178970336914
33,1,3,58,3,3,0,0.501920223236084,-1,-1,1,1,0.519268989562988
33,1,3,59,0,0,0,0.435503482818604,1,-1,-1,-1,0.251920223236084
33,1,3,60,0,0,0,0.619212865829468,1,-1,-1,1,0.185503482818604
33,1,3,61,-9,9,0,0.468800067901611,1,-1,-1,1,0.369212865829468
33,1,3,62,3,3,1,0.517623901367188,-1,-1,-1,1,0.218800067901611
33,1,3,63,-27,27,0,0.333884954452515,1,1,-1,-1,0.267623901367188
33,1,3,64,9,9,1,0.517635107040405,-1,-1,1,1,0.0838849544525146
33,1,3,65,27,27,1,0.369534969329834,1,1,-1,-1,0.267635107040405
33,1,3,66,-81,81,0,0.502371072769165,1,1,1,1,0.119534969329834
33,1,3,67,-27,27,0,0.551819562911987,-1,-1,1,1,0.252371072769165
33,1,3,68,0,0,0,0.518630266189575,-1,-1,-1,-1,0.301819562911987
33,1,3,69,-81,81,0,0.569239139556885,1,-1,-1,-1,0.268630266189575
33,1,3,70,3,3,1,0.736018180847168,-1,-1,-1,1,0.319239139556885
33,1,3,71,-3,3,0,0.518923044204712,1,1,-1,-1,0.486018180847168
33,1,3,72,-0,0,0,0.534298419952393,-1,-1,1,1,0.268923044204712
33,1,3,73,-3,3,0,0.619072198867798,-1,-1,-1,-1,0.284298419952393
33,1,3,74,-81,81,0,0.502633810043335,-1,-1,-1,-1,0.369072198867798
33,1,3,75,-81,81,0,0.534284591674805,-1,-1,-1,-1,0.252633810043335
33,1,3,76,81,81,1,0.452601432800293,-1,-1,-1,-1,0.284284591674805
33,1,3,77,9,9,1,0.551697731018066,1,1,-1,-1,0.202601432800293
33,1,3,78,27,27,1,0.401003837585449,1,1,1,1,0.301697731018066
33,1,3,79,-9,9,0,0.384337902069092,1,1,1,1,0.151003837585449
33,1,3,80,-27,27,0,0.533850431442261,-1,-1,1,1,0.134337902069092
33,1,3,81,-3,3,0,0.485957622528076,-1,-1,-1,-1,0.283850431442261
33,1,3,82,-9,9,0,0.517635583877563,-1,-1,-1,-1,0.235957622528076
33,1,3,83,3,3,0,0.435208320617676,-1,-1,-1,-1,0.267635583877563
33,1,3,84,-3,3,1,0.617176294326782,1,-1,-1,-1,0.185208320617676
33,1,3,85,27,27,1,0.485618591308594,-1,1,-1,1,0.367176294326782
33,1,3,86,3,3,0,0.50049614906311,1,1,1,-1,0.235618591308594
33,1,3,87,81,81,1,0.550994396209717,1,-1,1,1,0.25049614906311
33,1,3,88,-81,81,0,0.383863210678101,1,1,-1,1,0.300994396209717
33,1,3,89,-27,27,0,0.500969171524048,-1,-1,1,1,0.133863210678101
33,1,3,90,81,81,1,0.468458414077759,-1,-1,-1,-1,0.250969171524048
33,1,3,91,81,81,1,0.434355497360229,1,1,-1,-1,0.218458414077759
33,1,3,92,3,3,1,0.534479141235352,1,1,1,1,0.184355497360229
33,1,3,93,9,9,1,0.751009702682495,1,1,1,1,0.284479141235352
33,1,3,94,-27,27,0,0.469208240509033,1,1,1,1,0.501009702682495
33,1,3,95,0,0,0,0.7344810962677,-1,-1,1,1,0.219208240509033
33,1,3,96,-3,3,0,0.535398483276367,1,-1,-1,-1,0.4844810962677
33,1,3,97,9,9,1,0.417642116546631,-1,-1,-1,1,0.285398483276367
33,1,3,98,-9,9,0,0.567630529403687,1,1,-1,-1,0.167642116546631
33,1,3,99,81,81,1,0.518921613693237,-1,-1,1,1,0.317630529403687
33,1,4,2,27,27,1,0.501016855239868,1,-1,-1,-1,0.618419647216797
33,1,4,3,81,81,1,0.534475326538086,1,1,-1,1,0.251016855239868
33,1,4,4,-3,3,1,0.533827543258667,1,1,1,1,0.284475326538086
33,1,4,5,-3,3,0,0.450980186462402,-1,1,1,1,0.283827543258667
33,1,4,6,81,81,1,0.501044750213623,-1,-1,1,-1,0.200980186462402
33,1,4,7,-27,27,0,0.801116466522217,1,1,-1,-1,0.251044750213623
33,1,4,8,-9,9,0,0.451045513153076,-1,-1,1,1,0.551116466522217
33,1,4,9,81,81,1,0.551090240478516,-1,-1,-1,-1,0.201045513153076
33,1,4,10,27,27,1,0.367623567581177,1,1,-1,-1,0.301090240478516
33,1,4,11,27,27,1,0.452179670333862,1,1,1,1,0.117623567581177
33,1,4,12,3,3,1,0.651897430419922,1,1,1,1,0.202179670333862
33,1,4,13,3,3,1,0.6004798412323,1,1,1,1,0.401897430419922
33,1,4,14,27,27,1,0.552507400512695,1,1,1,1,0.3504798412323
33,1,4,15,27,27,1,0.50217604637146,1,1,1,1,0.302507400512695
33,1,4,16,3,3,0,0.633816957473755,1,1,1,1,0.25217604637146
33,1,4,17,81,81,1,0.467636823654175,1,-1,1,1,0.383816957473755
33,1,4,18,27,27,1,0.400948762893677,1,1,-1,1,0.217636823654175
33,1,4,19,0,0,1,0.551941633224487,1,1,1,1,0.150948762893677
33,1,4,20,9,9,1,0.534325361251831,1,1,1,1,0.301941633224487
33,1,4,21,3,3,1,0.618877649307251,1,1,1,1,0.284325361251831
33,1,4,22,27,27,0,0.319171905517578,1,1,1,1,0.368877649307251
33,1,4,23,81,81,1,0.51884126663208,1,-1,1,1,0.0691719055175781
33,1,4,24,3,3,1,0.983875036239624,1,1,-1,1,0.26884126663208
33,1,4,25,3,3,0,0.885711669921875,1,1,1,1,0.733875036239624
33,1,4,26,-81,81,0,0.552334308624268,1,-1,1,1,0.635711669921875
33,1,4,27,-3,3,1,0.568862438201904,-1,-1,-1,1,0.302334308624268
33,1,4,28,-9,9,0,0.617685556411743,-1,1,-1,-1,0.318862438201904
33,1,4,29,-3,3,1,0.617173910140991,-1,-1,1,-1,0.367685556411743
33,1,4,30,-3,3,0,1.18580555915833,-1,1,-1,-1,0.367173910140991
33,1,4,31,-81,81,0,0.602810144424438,-1,-1,1,-1,0.935805559158325
33,1,4,32,0,0,0,0.934295654296875,-1,-1,-1,-1,0.352810144424438
33,1,4,33,81,81,1,0.367167472839355,1,-1,-1,-1,0.684295654296875
33,1,4,34,27,27,1,0.567763090133667,1,1,-1,1,0.117167472839355
33,1,4,35,27,27,1,0.517949104309082,1,1,1,1,0.317763090133667
33,1,4,36,0,0,0,0.63438892364502,1,1,1,1,0.267949104309082
33,1,4,37,9,9,1,0.452007532119751,1,-1,1,1,0.38438892364502
33,1,4,38,81,81,1,0.517147064208984,1,1,-1,1,0.202007532119751
33,1,4,39,0,0,1,0.335679531097412,1,1,1,1,0.267147064208984
33,1,4,40,3,3,1,0.803124189376831,1,1,1,1,0.0856795310974121
33,1,4,41,9,9,1,0.352466106414795,1,1,1,1,0.553124189376831
33,1,4,42,81,81,1,0.434304237365723,1,1,1,1,0.102466106414795
33,1,4,43,27,27,1,0.350952625274658,1,1,1,1,0.184304237365723
33,1,4,44,9,9,1,0.401025772094727,1,1,1,1,0.100952625274658
33,1,4,45,-27,27,0,0.334440231323242,1,1,1,1,0.151025772094727
33,1,4,46,-81,81,0,0.602047443389893,-1,-1,1,1,0.0844402313232422
33,1,4,47,-27,27,0,0.550987482070923,-1,-1,-1,-1,0.352047443389893
33,1,4,48,81,81,1,0.617161750793457,-1,-1,-1,-1,0.300987482070923
33,1,4,49,81,81,1,0.467743158340454,1,1,-1,-1,0.367161750793457
33,1,4,53,-81,81,0,0.551047086715698,1,1,-1,-1,0.267178535461426
33,1,4,54,-27,27,0,0.602288722991943,-1,-1,1,1,0.301047086715698
33,1,4,55,3,3,0,0.617650270462036,-1,-1,-1,-1,0.352288722991943
33,1,4,56,9,9,1,0.501987218856812,1,-1,-1,-1,0.367650270462036
33,1,4,57,3,3,0,0.352243423461914,1,1,-1,1,0.251987218856812
33,1,4,58,-0,0,1,0.752596855163574,1,-1,1,1,0.102243423461914
33,1,4,59,-27,27,0,0.817671775817871,-1,1,-1,1,0.502596855163574
33,1,4,60,3,3,1,0.583920001983643,-1,-1,1,-1,0.567671775817871
33,1,4,61,3,3,1,0.685957431793213,1,1,-1,-1,0.333920001983643
33,1,4,62,27,27,1,0.584289073944092,1,1,1,1,0.435957431793213
33,1,4,63,27,27,1,0.502583742141724,1,1,1,1,0.334289073944092
33,1,4,64,-9,9,1,0.569063186645508,1,1,1,1,0.252583742141724
33,1,4,65,-81,81,0,0.585648059844971,-1,1,1,1,0.319063186645508
33,1,4,66,9,9,1,0.467617750167847,-1,-1,1,-1,0.335648059844971
33,1,4,67,3,3,1,0.684393167495728,1,1,-1,-1,0.217617750167847
33,1,4,68,-0,0,1,0.634281396865845,1,1,1,1,0.434393167495728
33,1,4,69,3,3,1,0.801997661590576,-1,1,1,1,0.384281396865845
33,1,4,70,3,3,1,0.584294319152832,1,1,1,-1,0.551997661590576
33,1,4,71,27,27,1,0.535606145858765,1,1,1,1,0.334294319152832
33,1,4,72,81,81,1,0.502348661422729,1,1,1,1,0.285606145858765
33,1,4,73,-9,9,1,0.58441686630249,1,1,1,1,0.252348661422729
33,1,4,74,-9,9,0,0.785180330276489,-1,1,1,1,0.33441686630249
33,1,4,75,-27,27,0,0.401066780090332,-1,-1,1,-1,0.535180330276489
33,1,4,76,-9,9,0,0.567873954772949,-1,-1,-1,-1,0.151066780090332
33,1,4,77,-27,27,0,0.584281206130981,-1,-1,-1,-1,0.317873954772949
33,1,4,78,9,9,0,0.80208683013916,-1,-1,-1,-1,0.334281206130981
33,1,4,79,9,9,1,0.568464040756226,1,-1,-1,-1,0.55208683013916
33,1,4,80,9,9,1,0.467729806900024,1,1,-1,1,0.318464040756226
33,1,4,81,9,9,1,0.568691253662109,1,1,1,1,0.217729806900024
33,1,4,82,3,3,1,0.517867088317871,1,1,1,1,0.318691253662109
33,1,4,83,27,27,1,0.567714214324951,1,1,1,1,0.267867088317871
33,1,4,84,9,9,1,0.583864212036133,1,1,1,1,0.317714214324951
33,1,4,85,3,3,1,0.635164022445679,1,1,1,1,0.333864212036133
33,1,4,86,81,81,1,0.63519811630249,1,1,1,1,0.385164022445679
33,1,4,87,9,9,1,0.402660369873047,1,1,1,1,0.38519811630249
33,1,4,88,9,9,1,0.567175388336182,1,1,1,1,0.152660369873047
33,1,4,89,0,0,1,0.467626094818115,1,1,1,1,0.317175388336182
33,1,4,90,9,9,1,0.467170000076294,1,1,1,1,0.217626094818115
33,1,4,91,-3,3,1,0.469122171401978,1,1,1,1,0.217170000076294
33,1,4,92,81,81,1,0.517247915267944,-1,1,1,1,0.219122171401978
33,1,4,93,0,0,0,0.619114875793457,1,1,1,-1,0.267247915267944
33,1,4,94,81,81,1,0.318805932998657,1,-1,1,1,0.369114875793457
33,1,4,95,0,0,1,0.685639381408691,1,1,-1,1,0.0688059329986572
33,1,4,96,-0,0,1,0.335678100585938,1,1,1,1,0.435639381408691
33,1,4,97,-0,0,0,0.900475740432739,-1,1,1,1,0.0856781005859375
33,1,4,98,-81,81,0,0.569324254989624,-1,-1,1,-1,0.650475740432739
33,1,4,99,-9,9,0,0.752545356750488,-1,-1,-1,-1,0.319324254989624
33,1,5,2,3,3,1,0.534303903579712,1,1,1,1,0.55074667930603
33,1,5,3,-27,27,0,0.651933908462524,1,1,1,1,0.284303903579712
33,1,5,4,27,27,1,0.60051965713501,-1,-1,1,1,0.401933908462524
33,1,5,5,-27,27,0,0.635962963104248,1,1,-1,-1,0.35051965713501
33,1,5,6,-3,3,0,0.868642091751099,-1,-1,1,1,0.385962963104248
33,1,5,7,-81,81,0,0.968617916107178,-1,-1,-1,-1,0.618642091751099
33,1,5,8,-9,9,0,0.735363721847534,-1,-1,-1,-1,0.718617916107178
33,1,5,9,-0,0,1,0.485963344573975,-1,-1,-1,-1,0.485363721847534
33,1,5,10,81,81,1,0.734313011169434,-1,1,-1,-1,0.235963344573975
33,1,5,11,-81,81,0,0.718918800354004,1,1,1,-1,0.484313011169434
33,1,5,12,9,9,1,1.10275197029114,-1,-1,1,1,0.468918800354004
33,1,5,13,81,81,1,0.533823490142822,1,1,-1,-1,0.852751970291138
33,1,5,14,3,3,0,0.717684745788574,1,1,1,1,0.283823490142822
33,1,5,15,-9,9,0,0.685883045196533,1,-1,1,1,0.467684745788574
33,1,5,16,9,9,1,0.569041013717651,-1,-1,-1,1,0.435883045196533
33,1,5,20,3,3,1,0.600972175598145,1,1,-1,-1,0.185297727584839
33,1,5,21,-3,3,1,0.752732515335083,1,1,1,1,0.350972175598145
33,1,5,22,-9,9,1,0.569134473800659,-1,1,1,1,0.502732515335083
33,1,5,23,-3,3,1,0.751758575439453,-1,1,1,-1,0.319134473800659
33,1,5,24,-9,9,0,0.750517606735229,-1,1,1,-1,0.501758575439453
33,1,5,25,81,81,1,0.583878517150879,-1,-1,1,-1,0.500517606735229
33,1,5,26,-0,0,0,0.967612743377686,1,1,-1,-1,0.333878517150879
33,1,5,27,9,9,1,0.551105499267578,-1,-1,1,1,0.717612743377686
33,1,5,28,3,3,0,0.569409847259521,1,1,-1,-1,0.301105499267578
33,1,5,29,81,81,1,0.569405078887939,1,-1,1,1,0.319409847259521
33,1,5,30,-9,9,0,0.685340404510498,1,1,-1,1,0.319405078887939
33,1,5,31,27,27,1,0.618698120117188,-1,-1,1,1,0.435340404510498
33,1,5,32,3,3,0,0.96804404258728,1,1,-1,-1,0.368698120117188
33,1,5,33,-0,0,1,0.685322284698486,1,-1,1,1,0.71804404258728
33,1,5,34,-81,81,0,0.51715087890625,-1,1,-1,1,0.435322284698486
33,1,5,35,3,3,1,0.585942268371582,-1,-1,1,-1,0.26715087890625
33,1,5,36,-27,27,0,0.400961399078369,1,1,-1,-1,0.335942268371582
33,1,5,37,-0,0,1,0.485339164733887,-1,-1,1,1,0.150961399078369
33,1,5,38,-27,27,0,0.584355592727661,-1,1,-1,-1,0.235339164733887
33,1,5,39,-0,0,1,0.584317922592163,-1,-1,1,-1,0.334355592727661
33,1,5,40,-27,27,0,0.585200309753418,-1,1,-1,-1,0.334317922592163
33,1,5,41,-9,9,0,0.552481174468994,-1,-1,1,-1,0.335200309753418
33,1,5,42,-3,3,0,0.417681694030762,-1,-1,-1,-1,0.302481174468994
33,1,5,43,-9,9,0,0.385196924209595,-1,-1,-1,-1,0.167681694030762
33,1,5,44,81,81,1,0.451051235198975,-1,-1,-1,-1,0.135196924209595
33,1,5,45,-9,9,1,0.767860889434814,1,1,-1,-1,0.201051235198975
33,1,5,46,3,3,1,0.634271383285522,-1,1,1,1,0.517860889434814
33,1,5,47,-3,3,0,0.35257887840271,1,1,1,-1,0.384271383285522
33,1,5,48,9,9,1,0.502236127853394,-1,-1,1,1,0.10257887840271
33,1,5,49,-81,81,0,0.552477121353149,1,1,-1,-1,0.252236127853394
33,1,5,50,9,9,1,0.685790061950684,-1,-1,1,1,0.302477121353149
33,1,5,51,-0,0,1,0.669385671615601,1,1,-1,-1,0.435790061950684
33,1,5,52,-3,3,1,0.534331560134888,-1,1,1,1,0.419385671615601
33,1,5,53,-0,0,0,0.417633056640625,-1,1,1,-1,0.284331560134888
33,1,5,54,27,27,1,0.318687438964844,-1,-1,1,-1,0.167633056640625
33,1,5,55,-9,9,0,0.752368450164795,1,1,-1,-1,0.0686874389648438
33,1,5,56,-9,9,1,0.4853196144104,-1,-1,1,1,0.502368450164795
33,1,5,57,81,81,1,0.567672252655029,-1,1,-1,-1,0.2353196144104
33,1,5,58,-81,81,0,0.585489511489868,1,1,1,-1,0.317672252655029
33,1,5,59,-3,3,0,0.60226845741272,-1,-1,1,1,0.335489511489868
33,1,5,60,-27,27,0,0.600507497787476,-1,-1,-1,-1,0.35226845741272
33,1,5,61,27,27,1,0.451049327850342,-1,-1,-1,-1,0.350507497787476
33,1,5,62,-9,9,0,0.434409618377686,1,1,-1,-1,0.201049327850342
33,1,5,63,0,0,1,0.585241556167603,-1,-1,1,1,0.184409618377686
33,1,5,64,-3,3,0,0.484309196472168,1,1,-1,-1,0.335241556167603
33,1,5,65,-81,81,0,0.568941116333008,-1,-1,1,1,0.234309196472168
33,1,5,66,3,3,1,0.585834980010986,-1,-1,-1,-1,0.318941116333008
33,1,5,67,-27,27,0,0.434368371963501,1,1,-1,-1,0.335834980010986
33,1,5,68,-81,81,0,0.567621946334839,-1,-1,1,1,0.184368371963501
33,1,5,69,-3,3,0,0.600960731506348,-1,-1,-1,-1,0.317621946334839
33,1,5,70,-3,3,0,0.600977182388306,-1,-1,-1,-1,0.350960731506348
33,1,5,71,-9,9,0,0.618127584457397,-1,-1,-1,-1,0.350977182388306
33,1,5,72,0,0,1,0.369335174560547,-1,-1,-1,-1,0.368127584457397
33,1,5,73,-27,27,0,0.485996246337891,1,1,-1,-1,0.119335174560547
33,1,5,74,81,81,1,0.586102962493896,-1,-1,1,1,0.235996246337891
33,1,5,75,-3,3,1,0.502035856246948,1,1,-1,-1,0.336102962493896
33,1,5,76,-81,81,0,0.517820835113525,-1,1,1,1,0.252035856246948
33,1,5,77,27,27,1,0.500482082366943,-1,-1,1,-1,0.267820835113525
33,1,5,78,27,27,1,0.436007499694824,1,1,-1,-1,0.250482082366943
33,1,5,79,-81,81,0,0.617633819580078,1,1,1,1,0.186007499694824
33,1,5,83,9,9,1,0.467657804489136,1,1,1,1,0.168599843978882
33,1,5,84,-9,9,0,0.285764694213867,1,1,1,1,0.217657804489136
33,1,5,85,-27,27,0,0.367651462554932,-1,-1,1,1,0.0357646942138672
33,1,5,86,-27,27,0,0.534346103668213,-1,-1,-1,-1,0.117651462554932
33,1,5,87,3,3,1,0.43384051322937,-1,-1,-1,-1,0.284346103668213
33,1,5,88,27,27,1,0.369346857070923,1,1,-1,-1,0.18384051322937
33,1,5,89,0,0,1,0.517624378204346,1,1,1,1,0.119346857070923
33,1,5,90,-81,81,0,0.569130897521973,1,1,1,1,0.267624378204346
33,1,5,91,0,0,1,0.534416198730469,-1,-1,1,1,0.319130897521973
33,1,5,92,81,81,1,0.519326210021973,1,1,-1,-1,0.284416198730469
33,1,5,93,81,81,1,0.351101636886597,1,1,1,1,0.269326210021973
33,1,5,94,81,81,1,0.335883140563965,1,1,1,1,0.101101636886597
33,1,5,95,9,9,1,0.583842277526855,1,1,1,1,0.0858831405639648
33,1,5,96,27,27,1,0.41921854019165,1,1,1,1,0.333842277526855
33,1,5,97,-3,3,1,0.567604780197144,1,1,1,1,0.16921854019165
33,1,5,98,81,81,1,0.434343099594116,-1,1,1,1,0.317604780197144
33,1,5,99,27,27,1,0.519100666046143,1,1,1,-1,0.184343099594116
33,1,6,2,81,81,1,0.58580493927002,1,-1,-1,-1,0.985607385635376
33,1,6,3,27,27,1,0.469271183013916,1,1,-1,1,0.33580493927002
33,1,6,4,3,3,1,0.684313774108887,1,1,1,1,0.219271183013916
33,1,6,5,-9,9,0,0.369034051895142,1,1,1,1,0.434313774108887
33,1,6,6,-0,0,0,0.601134061813354,-1,-1,1,1,0.119034051895142
33,1,6,7,-9,9,0,0.568710088729858,-1,-1,-1,-1,0.351134061813354
33,1,6,8,-27,27,0,0.601027727127075,-1,-1,-1,-1,0.318710088729858
33,1,6,9,81,81,1,0.536073684692383,-1,-1,-1,-1,0.351027727127075
33,1,6,10,-81,81,0,0.551035642623901,1,1,-1,-1,0.286073684692383
33,1,6,11,-3,3,0,0.634329795837402,-1,-1,1,1,0.301035642623901
33,1,6,12,81,81,1,0.53482985496521,-1,-1,-1,-1,0.384329795837402
33,1,6,13,81,81,1,0.584607601165771,1,1,-1,-1,0.28482985496521
33,1,6,14,9,9,1,0.550547361373901,1,1,1,1,0.334607601165771
33,1,6,15,27,27,1,0.419248819351196,1,1,1,1,0.300547361373901
33,1,6,16,81,81,1,0.400498151779175,1,1,1,1,0.169248819351196
33,1,6,17,81,81,1,0.535565376281738,1,1,1,1,0.150498151779175
33,1,6,18,0,0,1,0.56891131401062,1,1,1,1,0.285565376281738
33,1,6,19,-3,3,1,0.650949001312256,1,1,1,1,0.31891131401062
33,1,6,20,0,0,0,0.835584878921509,-1,1,1,1,0.400949001312256
33,1,6,21,-27,27,0,0.602572679519653,1,-1,1,-1,0.585584878921509
33,1,6,22,-3,3,0,0.917893648147583,-1,-1,-1,1,0.352572679519653
33,1,6,23,-3,3,0,0.835750579833984,-1,-1,-1,-1,0.667893648147583
33,1,6,24,-81,81,0,0.635363578796387,-1,-1,-1,-1,0.585750579833984
33,1,6,25,-9,9,0,0.735970973968506,-1,-1,-1,-1,0.385363578796387
33,1,6,26,-9,9,1,0.767626285552979,-1,-1,-1,-1,0.485970973968506
33,1,6,27,-81,81,0,0.534287452697754,-1,1,-1,-1,0.517626285552979
33,1,6,28,27,27,1,0.45095419883728,-1,-1,1,-1,0.284287452697754
33,1,6,29,9,9,1,0.683840990066528,1,1,-1,-1,0.20095419883728
33,1,6,30,-9,9,0,0.850948572158813,1,1,1,1,0.433840990066528
33,1,6,31,-3,3,1,0.317661046981812,-1,-1,1,1,0.600948572158813
33,1,6,32,-81,81,0,0.500487804412842,-1,1,-1,-1,0.0676610469818115
33,1,6,33,-3,3,1,0.518528699874878,-1,-1,1,-1,0.250487804412842
33,1,6,34,-0,0,1,0.485318660736084,-1,1,-1,-1,0.268528699874878
33,1,6,35,-0,0,1,0.617148637771606,-1,1,1,-1,0.235318660736084
33,1,6,36,-27,27,0,0.385357141494751,-1,1,1,-1,0.367148637771606
33,1,6,37,27,27,1,0.4509596824646,-1,-1,1,-1,0.135357141494751
33,1,6,38,81,81,1,0.600600004196167,1,1,-1,-1,0.2009596824646
33,1,6,39,3,3,1,0.902651786804199,1,1,1,1,0.350600004196167
33,1,6,40,81,81,1,0.602700233459473,1,1,1,1,0.652651786804199
33,1,6,41,3,3,1,0.568009853363037,1,1,1,1,0.352700233459473
33,1,6,42,-3,3,1,0.369462251663208,1,1,1,1,0.318009853363037
33,1,6,43,-0,0,1,0.53426718711853,-1,1,1,1,0.119462251663208
33,1,6,44,-27,27,0,0.467811822891235,-1,1,1,-1,0.28426718711853
33,1,6,45,-3,3,1,0.602380752563477,-1,-1,1,-1,0.217811822891235
33,1,6,46,-27,27,0,0.919378042221069,-1,1,-1,-1,0.352380752563477
33,1,6,47,-0,0,1,0.502569437026978,-1,-1,1,-1,0.669378042221069
33,1,6,48,9,9,1,0.500573396682739,-1,1,-1,-1,0.252569437026978
33,1,6,49,27,27,1,0.352589845657349,1,1,1,-1,0.250573396682739
33,1,6,50,3,3,1,0.633825063705444,1,1,1,1,0.102589845657349
33,1,6,51,27,27,1,0.550978422164917,1,1,1,1,0.383825063705444
33,1,6,52,-3,3,1,0.417227745056152,1,1,1,1,0.300978422164917
33,1,6,53,-81,81,0,0.585551977157593,-1,1,1,1,0.167227745056152
33,1,6,54,-81,81,0,0.567813158035278,-1,-1,1,-1,0.335551977157593
33,1,6,55,27,27,1,0.417655229568481,-1,-1,-1,-1,0.317813158035278
33,1,6,56,-3,3,0,0.667155981063843,1,1,-1,-1,0.167655229568481
33,1,6,57,-0,0,1,0.434371948242188,-1,-1,1,1,0.417155981063843
33,1,6,58,27,27,1,0.467151880264282,-1,1,-1,-1,0.184371948242188
33,1,6,59,27,27,1,0.43540358543396,1,1,1,-1,0.217151880264282
33,1,6,60,9,9,1,0.517997264862061,1,1,1,1,0.18540358543396
33,1,6,61,3,3,1,0.602009534835815,1,1,1,1,0.267997264862061
33,1,6,62,81,81,1,0.584368228912354,1,1,1,1,0.352009534835815
33,1,6,63,0,0,1,0.667645931243896,1,1,1,1,0.334368228912354
33,1,6,64,81,81,1,0.584301948547363,1,1,1,1,0.417645931243896
33,1,6,65,27,27,1,0.4185631275177,1,1,1,1,0.334301948547363
33,1,6,66,-9,9,0,0.601469755172729,1,1,1,1,0.1685631275177
33,1,6,67,-3,3,0,0.585690975189209,-1,-1,1,1,0.351469755172729
33,1,6,68,-9,9,0,0.517642736434937,-1,-1,-1,-1,0.335690975189209
33,1,6,69,27,27,1,0.467754125595093,-1,-1,-1,-1,0.267642736434937
33,1,6,70,-9,9,0,0.434298038482666,1,1,-1,-1,0.217754125595093
33,1,6,71,-9,9,0,0.40258264541626,-1,-1,1,1,0.184298038482666
33,1,6,72,-9,9,0,0.451044082641602,-1,-1,-1,-1,0.15258264541626
33,1,6,73,-81,81,0,0.552489280700684,-1,-1,-1,-1,0.201044082641602
33,1,6,74,-0,0,1,0.385994434356689,-1,-1,-1,-1,0.302489280700684
33,1,6,75,-3,3,0,0.917619466781616,-1,1,-1,-1,0.135994434356689
33,1,6,76,-81,81,0,0.467184782028198,-1,-1,1,-1,0.667619466781616
33,1,6,77,-3,3,0,0.535194158554077,-1,-1,-1,-1,0.217184782028198
33,1,6,78,-9,9,0,0.435018062591553,-1,-1,-1,-1,0.285194158554077
33,1,6,79,-3,3,0,0.419100284576416,-1,-1,-1,-1,0.185018062591553
33,1,6,80,-81,81,0,0.350963830947876,-1,-1,-1,-1,0.169100284576416
33,1,6,81,-9,9,0,0.502705335617065,-1,-1,-1,-1,0.100963830947876
33,1,6,82,-3,3,1,0.585741758346558,-1,-1,-1,-1,0.252705335617065
33,1,6,83,-9,9,0,0.552623271942139,-1,1,-1,-1,0.335741758346558
33,1,6,84,-27,27,0,0.517646312713623,-1,-1,1,-1,0.302623271942139
33,1,6,85,-27,27,0,0.369369983673096,-1,-1,-1,-1,0.267646312713623
33,1,6,86,-9,9,1,0.550979852676392,-1,-1,-1,-1,0.119369983673096
33,1,6,87,81,81,1,0.351038217544556,-1,1,-1,-1,0.300979852676392
33,1,6,88,81,81,1,0.53588342666626,1,1,1,-1,0.101038217544556
33,1,6,89,-3,3,1,0.685260534286499,1,1,1,1,0.28588342666626
33,1,6,90,-27,27,0,0.250992059707642,-1,1,1,1,0.435260534286499
33,1,6,91,-9,9,0,0.683890104293823,-1,-1,1,-1,0.000992059707641602
33,1,6,92,-9,9,0,0.452424049377441,-1,-1,-1,-1,0.433890104293823
33,1,6,93,-9,9,0,0.367208957672119,-1,-1,-1,-1,0.202424049377441
33,1,6,94,-81,81,0,0.619057655334473,-1,-1,-1,-1,0.117208957672119
33,1,6,95,-27,27,0,0.502379417419434,-1,-1,-1,-1,0.369057655334473
33,1,6,96,-9,9,0,0.368574142456055,-1,-1,-1,-1,0.252379417419434
33,1,6,97,-3,3,1,0.535917997360229,-1,-1,-1,-1,0.118574142456055
33,1,6,98,-27,27,0,0.500961303710938,-1,1,-1,-1,0.285917997360229
33,1,6,99,-27,27,0,0.550564050674438,-1,-1,1,-1,0.250961303710938
33,2,1,2,-27,27,0,0.552432060241699,1,-1,1,1,0.486303091049194
33,2,1,3,27,27,1,0.485327959060669,-1,-1,-1,1,0.302432060241699
33,2,1,4,9,9,0,0.552250623703003,1,1,-1,-1,0.235327959060669
33,2,1,5,-0,0,0,0.701184034347534,1,-1,1,1,0.302250623703003
33,2,1,6,9,9,1,0.484415531158447,-1,-1,-1,1,0.451184034347534
33,2,1,7,-9,9,0,0.584969282150269,1,1,-1,-1,0.234415531158447
33,2,1,8,3,3,0,0.400998592376709,-1,-1,1,1,0.334969282150269
33,2,1,9,-3,3,1,0.367167472839355,1,-1,-1,-1,0.150998592376709
33,2,1,10,0,0,1,0.535477876663208,-1,1,-1,1,0.117167472839355
33,2,1,11,-81,81,0,0.719251871109009,1,1,1,-1,0.285477876663208
33,2,1,12,0,0,1,0.767708778381348,-1,-1,1,1,0.469251871109009
33,2,1,13,81,81,1,0.502052068710327,1,1,-1,-1,0.517708778381348
33,2,1,14,-81,81,0,0.469214916229248,1,1,1,1,0.252052068710327
33,2,1,15,0,0,1,0.535218715667725,-1,-1,1,1,0.219214916229248
33,2,1,16,3,3,1,0.784798622131348,1,1,-1,-1,0.285218715667725
33,2,1,17,-81,81,0,0.518289804458618,1,1,1,1,0.534798622131348
33,2,1,18,3,3,0,0.550987005233765,-1,-1,1,1,0.268289804458618
33,2,1,19,-27,27,0,0.502190351486206,1,-1,-1,-1,0.300987005233765
33,2,1,20,3,3,1,0.567647933959961,-1,-1,-1,1,0.252190351486206
33,2,1,21,-9,9,0,0.918508052825928,1,1,-1,-1,0.317647933959961
33,2,1,22,81,81,1,0.518771171569824,-1,-1,1,1,0.668508052825928
33,2,1,23,-81,81,0,0.55100154876709,1,1,-1,-1,0.268771171569824
33,2,1,24,-0,0,1,0.801501750946045,-1,-1,1,1,0.30100154876709
33,2,1,25,27,27,1,0.583827018737793,-1,1,-1,-1,0.551501750946045
33,2,1,26,-3,3,1,0.484780311584473,1,1,1,-1,0.333827018737793
33,2,1,27,3,3,0,0.918416023254395,-1,1,1,1,0.234780311584473
33,2,1,28,27,27,1,0.450968027114868,1,-1,1,-1,0.668416023254395
33,2,1,29,-81,81,0,0.501003980636597,1,1,-1,1,0.200968027114868
33,2,1,30,9,9,1,0.468939304351807,-1,-1,1,1,0.251003980636597
33,2,1,31,-27,27,0,0.567184686660767,1,1,-1,-1,0.218939304351807
33,2,1,32,0,0,1,0.767632722854614,-1,-1,1,1,0.317184686660767
33,2,1,33,9,9,1,0.850494146347046,1,1,-1,-1,0.517632722854614
33,2,1,34,-9,9,0,0.867144107818604,1,1,1,1,0.600494146347046
33,2,1,35,3,3,0,0.900948286056519,-1,-1,1,1,0.617144107818604
33,2,1,36,-9,9,1,0.800987720489502,1,-1,-1,-1,0.650948286056519
33,2,1,37,-3,3,1,0.601053476333618,-1,1,-1,1,0.550987720489502
33,2,1,38,9,9,1,0.5505690574646,-1,1,1,-1,0.351053476333618
33,2,1,39,-9,9,0,0.618989229202271,1,1,1,-1,0.3005690574646
33,2,1,40,81,81,1,0.535749912261963,-1,-1,1,1,0.368989229202271
33,2,1,41,-27,27,0,0.533823013305664,1,1,-1,-1,0.285749912261963
33,2,1,42,-9,9,1,0.618939876556396,-1,-1,1,1,0.283823013305664
33,2,1,43,3,3,0,0.702250003814697,-1,1,-1,-1,0.368939876556396
33,2,1,44,-81,81,0,0.502703189849854,1,-1,1,-1,0.452250003814697
33,2,1,45,-81,81,0,0.417597055435181,-1,-1,-1,1,0.252703189849854
33,2,1,46,9,9,0,0.668828964233398,-1,-1,-1,-1,0.167597055435181
33,2,1,47,27,27,1,0.45257568359375,1,-1,-1,-1,0.418828964233398
33,2,1,48,-0,0,0,0.750513315200806,1,1,-1,1,0.20257568359375
33,2,1,49,9,9,0,0.800962209701538,-1,-1,1,1,0.500513315200806
33,2,1,50,-3,3,0,0.667619228363037,1,-1,-1,-1,0.550962209701538
33,2,1,51,81,81,1,0.435369968414307,-1,-1,-1,1,0.417619228363037
33,2,1,52,27,27,1,0.352051496505737,1,1,-1,-1,0.185369968414307
33,2,1,53,27,27,1,0.401933193206787,1,1,1,1,0.102051496505737
33,2,1,54,-9,9,1,0.433846950531006,1,1,1,1,0.151933193206787
33,2,1,55,-9,9,0,0.501691341400146,-1,1,1,1,0.183846950531006
33,2,1,56,81,81,1,0.402775049209595,-1,-1,1,-1,0.251691341400146
33,2,1,57,-3,3,1,0.501874923706055,1,1,-1,-1,0.152775049209595
33,2,1,58,81,81,1,0.333903074264526,-1,1,1,1,0.251874923706055
33,2,1,59,-81,81,0,0.335418939590454,1,1,1,-1,0.0839030742645264
33,2,1,60,27,27,1,0.251077890396118,-1,-1,1,1,0.0854189395904541
33,2,1,61,9,9,1,0.802587270736694,1,1,-1,-1,0.00107789039611816
33,2,1,62,-27,27,0,0.502540826797485,1,1,1,1,0.552587270736694
33,2,1,63,-81,81,0,0.384538888931274,-1,-1,1,1,0.252540826797485
33,2,1,64,3,3,1,0.552223205566406,-1,-1,-1,-1,0.134538888931274
33,2,1,65,-81,81,0,0.351041555404663,1,1,-1,-1,0.302223205566406
33,2,1,66,-27,27,0,0.669369697570801,-1,-1,1,1,0.101041555404663
33,2,1,67,27,27,1,0.767738819122314,-1,-1,-1,-1,0.419369697570801
33,2,1,68,-81,81,0,0.669392585754395,1,1,-1,-1,0.517738819122314
33,2,1,69,0,0,1,0.719113111495972,-1,-1,1,1,0.419392585754395
33,2,1,70,27,27,1,0.617634057998657,1,1,-1,-1,0.469113111495972
33,2,1,71,-0,0,0,0.819063186645508,1,1,1,1,0.367634057998657
33,2,1,75,-3,3,0,0.651153564453125,1,-1,-1,-1,0.434321165084839
33,2,1,76,3,3,1,0.767639398574829,-1,-1,-1,1,0.401153564453125
33,2,1,77,27,27,1,0.384307861328125,1,1,-1,-1,0.517639398574829
33,2,1,78,-9,9,1,0.933875322341919,1,1,1,1,0.134307861328125
33,2,1,79,9,9,0,0.635890245437622,-1,1,1,1,0.683875322341919
33,2,1,80,-27,27,0,0.452605009078979,1,-1,1,-1,0.385890245437622
33,2,1,81,-27,27,0,0.503135919570923,-1,-1,-1,1,0.202605009078979
33,2,1,82,27,27,1,0.467188119888306,-1,-1,-1,-1,0.253135919570923
33,2,1,83,-81,81,0,0.401988983154297,1,1,-1,-1,0.217188119888306
33,2,1,84,3,3,0,0.800960779190063,-1,-1,1,1,0.151988983154297
33,2,1,89,27,27,1,0.402029514312744,-1,-1,-1,1,0.484287261962891
33,2,1,90,-9,9,0,0.701092958450317,1,1,-1,-1,0.152029514312744
33,2,1,91,3,3,0,0.584339141845703,-1,-1,1,1,0.451092958450317
33,2,1,92,-3,3,0,0.56713604927063,1,-1,-1,-1,0.334339141845703
33,2,1,93,3,3,0,0.735341787338257,-1,-1,-1,1,0.31713604927063
33,2,1,94,-27,27,0,0.519085168838501,1,-1,-1,-1,0.485341787338257
33,2,1,95,3,3,1,0.619106292724609,-1,-1,-1,1,0.269085168838501
33,2,1,96,-81,81,0,0.467780828475952,1,1,-1,-1,0.369106292724609
33,2,1,97,81,81,1,0.434324026107788,-1,-1,1,1,0.217780828475952
33,2,1,98,-81,81,0,0.534289121627808,1,1,-1,-1,0.184324026107788
33,2,1,99,0,0,1,0.585530757904053,-1,-1,1,1,0.284289121627808
33,2,2,2,81,81,1,0.386082649230957,-1,-1,-1,1,0.367456197738647
33,2,2,3,-81,81,0,0.368517875671387,1,1,-1,-1,0.136082649230957
33,2,2,4,27,27,1,0.568934917449951,-1,-1,1,1,0.118517875671387
33,2,2,5,-3,3,1,0.535857439041138,1,1,-1,-1,0.318934917449951
33,2,2,6,27,27,1,0.619299173355103,-1,1,1,1,0.285857439041138
33,2,2,7,81,81,1,0.402377843856812,1,1,1,-1,0.369299173355103
33,2,2,8,-27,27,0,0.752056360244751,1,1,1,1,0.152377843856812
33,2,2,9,3,3,1,0.884340763092041,-1,-1,1,1,0.502056360244751
33,2,2,10,-0,0,0,0.618818998336792,1,1,-1,-1,0.634340763092041
33,2,2,11,81,81,1,0.534326553344727,-1,-1,1,1,0.368818998336792
33,2,2,12,-9,9,0,0.5851149559021,1,1,-1,-1,0.284326553344727
33,2,2,13,27,27,1,0.385562181472778,-1,-1,1,1,0.3351149559021
33,2,2,14,-0,0,1,1.05047130584717,1,1,-1,-1,0.135562181472778
33,2,2,15,81,81,1,0.500988483428955,-1,1,1,1,0.800471305847168
33,2,2,16,27,27,1,0.350502729415894,1,1,1,-1,0.250988483428955
33,2,2,17,3,3,0,0.90252947807312,1,1,1,1,0.100502729415894
33,2,2,18,-81,81,0,0.585209369659424,1,-1,1,1,0.65252947807312
33,2,2,19,81,81,1,0.384471893310547,-1,-1,-1,1,0.335209369659424
33,2,2,20,-3,3,0,0.600494623184204,1,1,-1,-1,0.134471893310547
33,2,2,21,0,0,1,0.701256275177002,-1,-1,1,1,0.350494623184204
33,2,2,22,-9,9,0,0.350535869598389,1,1,-1,-1,0.451256275177002
33,2,2,23,9,9,1,0.567224025726318,-1,-1,1,1,0.100535869598389
33,2,2,24,-3,3,1,0.634340047836304,1,1,-1,-1,0.317224025726318
33,2,2,25,3,3,1,0.602100372314453,-1,1,1,1,0.384340047836304
33,2,2,26,-81,81,0,0.535143613815308,1,1,1,-1,0.352100372314453
33,2,2,27,3,3,0,0.802567005157471,-1,-1,1,1,0.285143613815308
33,2,2,28,3,3,0,0.650951385498047,1,-1,-1,-1,0.552567005157471
33,2,2,29,-9,9,0,0.4522385597229,1,-1,-1,1,0.400951385498047
33,2,2,30,27,27,1,0.535814046859741,-1,-1,-1,1,0.2022385597229
33,2,2,31,-81,81,0,0.518552303314209,1,1,-1,-1,0.285814046859741
33,2,2,32,9,9,1,0.652124166488647,-1,-1,1,1,0.268552303314209
33,2,2,33,-81,81,0,0.534304141998291,1,1,-1,-1,0.402124166488647
33,2,2,34,9,9,0,0.85206127166748,-1,-1,1,1,0.284304141998291
33,2,2,35,-27,27,0,0.518815040588379,1,-1,-1,-1,0.60206127166748
33,2,2,36,27,27,1,0.569343090057373,-1,-1,-1,1,0.268815040588379
33,2,2,37,-27,27,0,1.33611178398132,1,1,-1,-1,0.319343090057373
33,2,2,38,3,3,0,0.650532722473145,-1,-1,1,1,1.08611178398132
33,2,2,39,-3,3,0,1.01935076713562,1,-1,-1,-1,0.400532722473145
33,2,2,40,-9,9,0,0.400955200195312,-1,-1,-1,1,0.76935076713562
33,2,2,41,-3,3,0,0.452295064926147,-1,-1,-1,-1,0.150955200195312
33,2,2,42,27,27,1,0.33566951751709,-1,-1,-1,-1,0.202295064926147
33,2,2,43,3,3,0,0.718796014785767,1,1,-1,-1,0.0856695175170898
33,2,2,44,-81,81,0,0.551089763641357,1,-1,1,1,0.468796014785767
33,2,2,45,0,0,0,0.667208194732666,-1,-1,-1,1,0.301089763641357
33,2,2,46,-27,27,0,0.45269775390625,1,-1,-1,-1,0.417208194732666
33,2,2,47,0,0,1,0.651247501373291,-1,-1,-1,1,0.20269775390625
33,2,2,48,27,27,1,0.500942945480347,1,1,-1,-1,0.401247501373291
33,2,2,49,81,81,1,0.435007095336914,1,1,1,1,0.250942945480347
33,2,2,50,81,81,1,0.301812171936035,1,1,1,1,0.185007095336914
33,2,2,51,-0,0,0,0.734455585479736,1,1,1,1,0.0518121719360352
33,2,2,52,3,3,1,0.684293270111084,-1,-1,1,1,0.484455585479736
33,2,2,53,-9,9,0,0.533868789672852,1,1,-1,-1,0.434293270111084
33,2,2,57,-9,9,0,0.517636060714722,1,-1,-1,-1,0.368690967559814
33,2,2,58,-0,0,1,0.551016330718994,-1,-1,-1,1,0.267636060714722
33,2,2,59,27,27,1,0.41861629486084,-1,1,-1,-1,0.301016330718994
33,2,2,60,81,81,1,0.550968170166016,1,1,1,-1,0.16861629486084
33,2,2,61,0,0,0,0.517632961273193,1,1,1,1,0.300968170166016
33,2,2,62,-3,3,1,0.668544769287109,1,-1,1,1,0.267632961273193
33,2,2,63,81,81,1,0.452846527099609,-1,1,-1,1,0.418544769287109
33,2,2,64,-3,3,0,0.467779874801636,1,1,1,-1,0.202846527099609
33,2,2,65,9,9,1,0.435612440109253,-1,-1,1,1,0.217779874801636
33,2,2,66,-0,0,0,0.419300079345703,1,1,-1,-1,0.185612440109253
33,2,2,67,9,9,1,0.40093994140625,-1,-1,1,1,0.169300079345703
33,2,2,68,-3,3,1,0.434581279754639,1,1,-1,-1,0.15093994140625
33,2,2,69,9,9,1,0.302517175674438,-1,1,1,1,0.184581279754639
33,2,2,70,-3,3,1,0.533861637115479,1,1,1,-1,0.0525171756744385
33,2,2,71,-3,3,0,0.402905941009521,-1,1,1,1,0.283861637115479
33,2,2,72,27,27,1,0.434448003768921,-1,-1,1,-1,0.152905941009521
33,2,2,73,-27,27,0,0.518734455108643,1,1,-1,-1,0.184448003768921
33,2,2,74,9,9,1,0.55113410949707,-1,-1,1,1,0.268734455108643
33,2,2,75,-9,9,0,0.517155885696411,1,1,-1,-1,0.30113410949707
33,2,2,76,-3,3,1,0.767616033554077,-1,-1,1,1,0.267155885696411
33,2,2,77,9,9,1,0.33383584022522,-1,1,-1,-1,0.517616033554077
33,2,2,78,-27,27,0,0.518996000289917,1,1,1,-1,0.0838358402252197
33,2,2,79,9,9,1,0.468863964080811,-1,-1,1,1,0.268996000289917
33,2,2,80,-81,81,0,0.502307653427124,1,1,-1,-1,0.218863964080811
33,2,2,81,-9,9,0,0.301347255706787,-1,-1,1,1,0.252307653427124
33,2,2,82,3,3,1,0.785665988922119,-1,-1,-1,-1,0.0513472557067871
33,2,2,83,-9,9,0,0.435563087463379,1,1,-1,-1,0.535665988922119
33,2,2,84,27,27,1,0.517840385437012,-1,-1,1,1,0.185563087463379
33,2,2,85,-27,27,0,0.46764612197876,1,1,-1,-1,0.267840385437012
33,2,2,86,81,81,1,0.46764612197876,-1,-1,1,1,0.21764612197876
33,2,2,87,-81,81,0,0.31718111038208,1,1,-1,-1,0.21764612197876
33,2,2,88,81,81,1,0.334388732910156,-1,-1,1,1,0.0671811103820801
33,2,2,89,-81,81,0,0.383865118026733,1,1,-1,-1,0.0843887329101562
33,2,2,90,-81,81,0,0.352100133895874,-1,-1,1,1,0.133865118026733
33,2,2,91,9,9,1,0.435631513595581,-1,-1,-1,-1,0.102100133895874
33,2,2,92,-27,27,0,0.285897016525269,1,1,-1,-1,0.185631513595581
33,2,2,93,9,9,1,0.400994062423706,-1,-1,1,1,0.0358970165252686
33,2,2,94,-81,81,0,0.384358406066895,1,1,-1,-1,0.150994062423706
33,2,2,95,27,27,1,0.484603881835938,-1,-1,1,1,0.134358406066895
33,2,2,96,-0,0,1,0.500944852828979,1,1,-1,-1,0.234603881835938
33,2,2,97,9,9,1,0.417705774307251,-1,1,1,1,0.250944852828979
33,2,2,98,-3,3,0,0.769443988800049,1,1,1,-1,0.167705774307251
33,2,2,99,0,0,0,0.502368450164795,-1,-1,1,1,0.519443988800049
33,2,3,2,27,27,1,0.352451324462891,1,1,1,1,0.667455196380615
33,2,3,3,27,27,1,0.30095386505127,1,1,1,1,0.102451324462891
33,2,3,4,81,81,1,0.50246262550354,1,1,1,1,0.0509538650512695
33,2,3,5,-27,27,0,0.401957511901855,1,1,1,1,0.25246262550354
33,2,3,6,-0,0,1,0.518598318099976,-1,-1,1,1,0.151957511901855
33,2,3,7,-0,0,1,0.434625864028931,-1,1,-1,-1,0.268598318099976
33,2,3,8,9,9,1,0.684460401535034,-1,1,1,-1,0.184625864028931
33,2,3,9,-3,3,0,0.535293340682983,1,1,1,-1,0.434460401535034
33,2,3,10,-9,9,0,0.418707370758057,-1,-1,1,1,0.285293340682983
33,2,3,11,3,3,0,0.669466257095337,-1,-1,-1,-1,0.168707370758057
33,2,3,12,3,3,1,0.63592004776001,1,-1,-1,-1,0.419466257095337
33,2,3,13,81,81,1,0.502623319625854,1,1,-1,1,0.38592004776001
33,2,3,14,-9,9,0,0.500935792922974,1,1,1,1,0.252623319625854
33,2,3,15,-3,3,0,0.468842029571533,-1,-1,1,1,0.250935792922974
33,2,3,16,81,81,1,0.450980186462402,-1,-1,-1,-1,0.218842029571533
33,2,3,17,-27,27,0,0.45243763923645,1,1,-1,-1,0.200980186462402
33,2,3,18,-27,27,0,0.318033456802368,-1,-1,1,1,0.20243763923645
33,2,3,19,3,3,1,0.400537490844727,-1,-1,-1,-1,0.0680334568023682
33,2,3,20,81,81,1,0.433913230895996,1,1,-1,-1,0.150537490844727
33,2,3,21,27,27,1,0.351954936981201,1,1,1,1,0.183913230895996
33,2,3,22,9,9,1,0.468709707260132,1,1,1,1,0.101954936981201
33,2,3,23,0,0,1,0.38382363319397,1,1,1,1,0.218709707260132
33,2,3,24,3,3,1,0.602683067321777,1,1,1,1,0.13382363319397
33,2,3,25,-9,9,0,0.517862319946289,1,1,1,1,0.352683067321777
33,2,3,26,-81,81,0,0.38579797744751,-1,-1,1,1,0.267862319946289
33,2,3,27,81,81,1,0.402682781219482,-1,-1,-1,-1,0.13579797744751
33,2,3,28,-27,27,0,0.384788990020752,1,1,-1,-1,0.152682781219482
33,2,3,29,3,3,1,0.383874893188477,-1,-1,1,1,0.134788990020752
33,2,3,30,9,9,1,0.652165412902832,1,1,-1,-1,0.133874893188477
33,2,3,31,-9,9,0,0.369376659393311,1,1,1,1,0.402165412902832
33,2,3,32,-81,81,0,0.417671918869019,-1,-1,1,1,0.119376659393311
33,2,3,33,0,0,0,0.501085996627808,-1,-1,-1,-1,0.167671918869019
33,2,3,34,27,27,1,0.400502920150757,1,-1,-1,-1,0.251085996627808
33,2,3,35,9,9,1,0.335775375366211,1,1,-1,1,0.150502920150757
33,2,3,36,-9,9,0,0.38386082649231,1,1,1,1,0.0857753753662109
33,2,3,37,3,3,1,0.467661380767822,-1,-1,1,1,0.13386082649231
33,2,3,38,27,27,1,0.334305286407471,1,1,-1,-1,0.217661380767822
33,2,3,39,-9,9,0,0.550510406494141,1,1,1,1,0.0843052864074707
33,2,3,40,-3,3,1,0.451067209243774,-1,-1,1,1,0.300510406494141
33,2,3,41,-81,81,0,0.4191575050354,-1,1,-1,-1,0.201067209243774
33,2,3,42,-3,3,1,0.401823759078979,-1,-1,1,-1,0.1691575050354
33,2,3,43,3,3,1,0.468704223632812,-1,1,-1,-1,0.151823759078979
33,2,3,44,-9,9,0,0.618796348571777,1,1,1,-1,0.218704223632812
33,2,3,45,-9,9,1,0.368983745574951,-1,-1,1,1,0.368796348571777
33,2,3,46,-3,3,1,0.352187871932983,-1,1,-1,-1,0.118983745574951
33,2,3,47,-27,27,0,0.28432035446167,-1,1,1,-1,0.102187871932983
33,2,3,48,27,27,1,0.350988149642944,-1,-1,1,-1,0.0343203544616699
33,2,3,49,9,9,0,0.685624837875366,1,1,-1,-1,0.100988149642944
33,2,3,50,-3,3,1,0.452615022659302,1,-1,1,1,0.435624837875366
33,2,3,51,-3,3,0,0.383853912353516,-1,1,-1,1,0.202615022659302
33,2,3,52,3,3,0,0.334272384643555,-1,-1,1,-1,0.133853912353516
33,2,3,53,-9,9,0,0.352294445037842,1,-1,-1,-1,0.0842723846435547
33,2,3,54,81,81,1,0.435908794403076,-1,-1,-1,1,0.102294445037842
33,2,3,55,81,81,1,0.319278001785278,1,1,-1,-1,0.185908794403076
33,2,3,56,81,81,1,0.385747194290161,1,1,1,1,0.0692780017852783
33,2,3,57,-27,27,0,0.384569644927979,1,1,1,1,0.135747194290161
33,2,3,58,27,27,1,0.285069227218628,-1,-1,1,1,0.134569644927979
33,2,3,59,-27,27,0,0.269057035446167,1,1,-1,-1,0.0350692272186279
33,2,3,60,81,81,1,0.300958156585693,-1,-1,1,1,0.019057035446167
33,2,3,61,-9,9,1,0.517146587371826,1,1,-1,-1,0.0509581565856934
33,2,3,62,-27,27,0,0.386068820953369,-1,1,1,1,0.267146587371826
33,2,3,63,0,0,1,0.367688894271851,-1,-1,1,-1,0.136068820953369
33,2,3,64,3,3,0,0.435047626495361,1,1,-1,-1,0.117688894271851
33,2,3,65,81,81,1,0.335428237915039,1,-1,1,1,0.185047626495361
33,2,3,66,3,3,1,0.536148071289062,1,1,-1,1,0.0854282379150391
33,2,3,67,3,3,0,0.318606853485107,1,1,1,1,0.286148071289062
33,2,3,68,-0,0,1,0.302245140075684,1,-1,1,1,0.0686068534851074
33,2,3,69,27,27,1,0.351941108703613,-1,1,-1,1,0.0522451400756836
33,2,3,70,81,81,1,0.501044034957886,1,1,1,-1,0.101941108703613
33,2,3,71,-9,9,1,0.367233037948608,1,1,1,1,0.251044034957886
33,2,3,72,27,27,1,0.367203235626221,-1,1,1,1,0.117233037948608
33,2,3,73,0,0,0,0.918799161911011,1,1,1,-1,0.117203235626221
33,2,3,74,81,81,1,0.368694067001343,1,-1,1,1,0.668799161911011
33,2,3,75,-0,0,0,0.58442211151123,1,1,-1,1,0.118694067001343
33,2,3,76,-9,9,0,0.502563953399658,-1,-1,1,1,0.33442211151123
33,2,3,77,-27,27,0,0.467195272445679,-1,-1,-1,-1,0.252563953399658
33,2,3,78,-3,3,0,0.469258069992065,-1,-1,-1,-1,0.217195272445679
33,2,3,79,9,9,1,0.40212345123291,-1,-1,-1,-1,0.219258069992065
33,2,3,80,9,9,1,0.517212867736816,1,1,-1,-1,0.15212345123291
33,2,3,81,-0,0,1,0.884313106536865,1,1,1,1,0.267212867736816
33,2,3,82,27,27,1,0.367600202560425,-1,1,1,1,0.634313106536865
33,2,3,83,-27,27,0,0.350993156433105,1,1,1,-1,0.117600202560425
33,2,3,84,3,3,0,0.834458589553833,-1,-1,1,1,0.100993156433105
33,2,3,85,0,0,0,0.70105504989624,1,-1,-1,-1,0.584458589553833
33,2,3,86,-81,81,0,0.350497245788574,1,-1,-1,1,0.45105504989624
33,2,3,87,3,3,1,0.535931825637817,-1,-1,-1,1,0.100497245788574
33,2,3,88,27,27,1,0.335428476333618,1,1,-1,-1,0.285931825637817
33,2,3,89,27,27,1,0.333842039108276,1,1,1,1,0.0854284763336182
33,2,3,90,-0,0,1,0.452215194702148,1,1,1,1,0.0838420391082764
33,2,3,91,-81,81,0,0.384350061416626,-1,1,1,1,0.202215194702148
33,2,3,92,9,9,1,0.417638301849365,-1,-1,1,-1,0.134350061416626
33,2,3,93,81,81,1,0.467179298400879,1,1,-1,-1,0.167638301849365
33,2,3,94,-81,81,0,0.368589162826538,1,1,1,1,0.217179298400879
33,2,3,95,-81,81,0,0.402553558349609,-1,-1,1,1,0.118589162826538
33,2,3,96,81,81,1,0.335138082504272,-1,-1,-1,-1,0.152553558349609
33,2,3,97,9,9,1,0.335714101791382,1,1,-1,-1,0.0851380825042725
33,2,3,98,-3,3,0,0.352552890777588,1,1,1,1,0.0857141017913818
33,2,3,99,81,81,1,0.484403133392334,-1,-1,1,1,0.102552890777588
33,2,4,2,9,9,1,0.350945711135864,1,1,1,1,0.151440858840942
33,2,4,3,9,9,1,0.285774946212769,1,1,1,1,0.100945711135864
33,2,4,7,-81,81,0,0.402756929397583,-1,-1,-1,-1,0.267726421356201
33,2,4,8,-0,0,1,0.51766562461853,-1,-1,-1,-1,0.152756929397583
33,2,4,9,-3,3,1,0.552517890930176,-1,1,-1,-1,0.26766562461853
33,2,4,10,-27,27,0,0.334297657012939,-1,1,1,-1,0.302517890930176
33,2,4,11,81,81,1,0.484565019607544,-1,-1,1,-1,0.0842976570129395
33,2,4,12,27,27,1,0.335376024246216,1,1,-1,-1,0.234565019607544
33,2,4,13,9,9,1,0.417618989944458,1,1,1,1,0.0853760242462158
33,2,4,14,81,81,1,0.384325981140137,1,1,1,1,0.167618989944458
33,2,4,15,3,3,1,0.502304553985596,1,1,1,1,0.134325981140137
33,2,4,16,9,9,1,0.417956113815308,1,1,1,1,0.252304553985596
33,2,4,17,-81,81,0,0.435654640197754,1,1,1,1,0.167956113815308
33,2,4,18,-27,27,0,0.434659004211426,-1,-1,1,1,0.185654640197754
33,2,4,19,-9,9,1,0.617679357528687,-1,-1,-1,-1,0.184659004211426
33,2,4,20,-27,27,0,0.30094313621521,-1,1,-1,-1,0.367679357528687
33,2,4,21,-27,27,0,0.452067375183105,-1,-1,1,-1,0.05094313621521
33,2,4,22,-3,3,0,0.552553415298462,-1,-1,-1,-1,0.202067375183105
33,2,4,23,-3,3,0,0.567144870758057,-1,-1,-1,-1,0.302553415298462
33,2,4,24,-3,3,0,0.385874271392822,-1,-1,-1,-1,0.317144870758057
33,2,4,25,-3,3,1,0.517826080322266,-1,-1,-1,-1,0.135874271392822
33,2,4,26,3,3,1,0.400487422943115,-1,1,-1,-1,0.267826080322266
33,2,4,27,-81,81,0,0.519238710403442,1,1,1,-1,0.150487422943115
33,2,4,28,-27,27,0,0.485302448272705,-1,-1,1,1,0.269238710403442
33,2,4,29,-81,81,0,0.551040649414062,-1,-1,-1,-1,0.235302448272705
33,2,4,30,-9,9,0,0.48525595664978,-1,-1,-1,-1,0.301040649414062
33,2,4,31,9,9,1,0.41850733757019,-1,-1,-1,-1,0.23525595664978
33,2,4,32,27,27,1,0.450474500656128,1,1,-1,-1,0.16850733757019
33,2,4,33,3,3,1,0.351959943771362,1,1,1,1,0.200474500656128
33,2,4,34,3,3,0,0.519362926483154,1,1,1,1,0.101959943771362
33,2,4,35,81,81,1,0.418795824050903,1,-1,1,1,0.269362926483154
33,2,4,36,81,81,1,0.368874073028564,1,1,-1,1,0.168795824050903
33,2,4,37,27,27,1,0.368109941482544,1,1,1,1,0.118874073028564
33,2,4,38,81,81,1,0.384281635284424,1,1,1,1,0.118109941482544
33,2,4,39,3,3,1,0.46942138671875,1,1,1,1,0.134281635284424
33,2,4,40,-3,3,0,0.551137924194336,1,1,1,1,0.21942138671875
33,2,4,41,-27,27,0,0.417192459106445,-1,-1,1,1,0.301137924194336
33,2,4,42,0,0,0,0.48584246635437,-1,-1,-1,-1,0.167192459106445
33,2,4,43,81,81,1,0.485933303833008,1,-1,-1,-1,0.23584246635437
33,2,4,44,27,27,1,0.418827056884766,1,1,-1,1,0.235933303833008
33,2,4,45,3,3,1,0.469064950942993,1,1,1,1,0.168827056884766
33,2,4,46,9,9,1,0.45227575302124,1,1,1,1,0.219064950942993
33,2,4,47,9,9,1,0.335314989089966,1,1,1,1,0.20227575302124
33,2,4,48,-81,81,0,0.485231161117554,1,1,1,1,0.0853149890899658
33,2,4,49,-0,0,1,0.419333934783936,-1,-1,1,1,0.235231161117554
33,2,4,50,-9,9,1,0.485903263092041,-1,1,-1,-1,0.169333934783936
33,2,4,51,-3,3,1,0.400968074798584,-1,1,1,-1,0.235903263092041
33,2,4,52,-81,81,0,0.434282302856445,-1,1,1,-1,0.150968074798584
33,2,4,53,-9,9,0,0.802472591400146,-1,-1,1,-1,0.184282302856445
33,2,4,54,-27,27,0,0.385523557662964,-1,-1,-1,-1,0.552472591400146
33,2,4,55,-9,9,0,0.418655157089233,-1,-1,-1,-1,0.135523557662964
33,2,4,56,0,0,1,0.552484273910522,-1,-1,-1,-1,0.168655157089233
33,2,4,57,0,0,1,0.435549259185791,1,1,-1,-1,0.302484273910522
33,2,4,58,27,27,1,0.352258205413818,1,1,1,1,0.185549259185791
33,2,4,59,3,3,1,0.468608617782593,1,1,1,1,0.102258205413818
33,2,4,60,0,0,1,0.41897439956665,1,1,1,1,0.218608617782593
33,2,4,61,3,3,1,0.368276596069336,1,1,1,1,0.16897439956665
33,2,4,62,3,3,1,0.501136302947998,1,1,1,1,0.118276596069336
33,2,4,63,9,9,0,0.567763566970825,1,1,1,1,0.251136302947998
33,2,4,64,3,3,1,0.617827892303467,1,-1,1,1,0.317763566970825
33,2,4,65,-0,0,1,0.317689180374146,1,1,-1,1,0.367827892303467
33,2,4,66,9,9,1,0.333919048309326,-1,1,1,1,0.0676891803741455
33,2,4,67,27,27,1,0.402200937271118,1,1,1,-1,0.0839190483093262
33,2,4,68,27,27,1,0.417661190032959,1,1,1,1,0.152200937271118
33,2,4,69,27,27,1,0.452443838119507,1,1,1,1,0.167661190032959
33,2,4,70,81,81,1,0.400499105453491,1,1,1,1,0.202443838119507
33,2,4,71,81,81,1,0.384297132492065,1,1,1,1,0.150499105453491
33,2,4,72,27,27,1,0.369045257568359,1,1,1,1,0.134297132492065
33,2,4,73,0,0,1,0.36913537979126,1,1,1,1,0.119045257568359
33,2,4,74,81,81,1,0.30203104019165,1,1,1,1,0.11913537979126
33,2,4,75,9,9,1,0.369179725646973,1,1,1,1,0.0520310401916504
33,2,4,76,-81,81,0,0.383842945098877,1,1,1,1,0.119179725646973
33,2,4,77,3,3,1,0.400495529174805,-1,-1,1,1,0.133842945098877
33,2,4,78,0,0,0,0.418981790542603,1,1,-1,-1,0.150495529174805
33,2,4,79,9,9,1,0.567192792892456,1,-1,1,1,0.168981790542603
33,2,4,80,-27,27,0,0.31781005859375,1,1,-1,1,0.317192792892456
33,2,4,81,-27,27,0,0.534405946731567,-1,-1,1,1,0.06781005859375
33,2,4,82,-9,9,0,0.386085510253906,-1,-1,-1,-1,0.284405946731567
33,2,4,83,-9,9,0,0.533898591995239,-1,-1,-1,-1,0.136085510253906
33,2,4,84,-81,81,0,0.419086933135986,-1,-1,-1,-1,0.283898591995239
33,2,4,85,-9,9,0,0.384339809417725,-1,-1,-1,-1,0.169086933135986
33,2,4,86,-0,0,0,0.467675924301147,-1,-1,-1,-1,0.134339809417725
33,2,4,87,-81,81,0,0.351025104522705,-1,-1,-1,-1,0.217675924301147
33,2,4,88,81,81,1,0.469011068344116,-1,-1,-1,-1,0.101025104522705
33,2,4,89,81,81,1,0.452663898468018,1,1,-1,-1,0.219011068344116
33,2,4,90,-3,3,0,0.384459733963013,1,1,1,1,0.202663898468018
33,2,4,91,-9,9,0,0.419531106948853,-1,-1,1,1,0.134459733963013
33,2,4,92,-9,9,0,0.485654830932617,-1,-1,-1,-1,0.169531106948853
33,2,4,93,-27,27,0,0.433880090713501,-1,-1,-1,-1,0.235654830932617
33,2,4,94,-9,9,0,0.333867311477661,-1,-1,-1,-1,0.183880090713501
33,2,4,95,3,3,1,0.367178916931152,-1,-1,-1,-1,0.0838673114776611
33,2,4,96,81,81,1,0.48383903503418,1,1,-1,-1,0.117178916931152
33,2,4,97,3,3,1,0.45173454284668,1,1,1,1,0.23383903503418
33,2,4,98,0,0,1,0.568865537643433,1,1,1,1,0.20173454284668
33,2,4,99,27,27,1,0.418915033340454,1,1,1,1,0.318865537643433
33,2,5,2,27,27,1,0.43430757522583,1,1,-1,-1,0.235432863235474
33,2,5,3,27,27,1,0.484496355056763,1,1,1,1,0.18430757522583
33,2,5,7,-3,3,1,0.651669502258301,-1,1,1,-1,0.452385187149048
33,2,5,8,-81,81,0,0.55260157585144,-1,1,1,-1,0.401669502258301
33,2,5,9,-81,81,0,0.617772340774536,-1,-1,1,-1,0.30260157585144
33,2,5,10,-27,27,0,0.567150115966797,-1,-1,-1,-1,0.367772340774536
33,2,5,11,-27,27,0,0.56876015663147,-1,-1,-1,-1,0.317150115966797
33,2,5,12,9,9,1,0.519217252731323,-1,-1,-1,-1,0.31876015663147
33,2,5,13,9,9,1,0.486015319824219,1,1,-1,-1,0.269217252731323
33,2,5,14,9,9,1,0.533830404281616,1,1,1,1,0.236015319824219
33,2,5,15,3,3,1,0.934278964996338,1,1,1,1,0.283830404281616
33,2,5,16,27,27,1,0.518630981445312,1,1,1,1,0.684278964996338
33,2,5,17,3,3,0,0.619243144989014,1,1,1,1,0.268630981445312
33,2,5,18,81,81,1,0.550541877746582,1,-1,1,1,0.369243144989014
33,2,5,19,81,81,1,0.467668294906616,1,1,-1,1,0.300541877746582
33,2,5,20,27,27,1,0.468727350234985,1,1,1,1,0.217668294906616
33,2,5,21,9,9,1,0.502009868621826,1,1,1,1,0.218727350234985
33,2,5,22,27,27,1,0.350943326950073,1,1,1,1,0.252009868621826
33,2,5,23,9,9,1,0.434451341629028,1,1,1,1,0.100943326950073
33,2,5,24,27,27,1,0.418695449829102,1,1,1,1,0.184451341629028
33,2,5,25,0,0,1,0.685856580734253,1,1,1,1,0.168695449829102
33,2,5,26,3,3,1,0.56917667388916,1,1,1,1,0.435856580734253
33,2,5,27,27,27,1,0.585960388183594,1,1,1,1,0.31917667388916
33,2,5,28,9,9,1,0.468742609024048,1,1,1,1,0.335960388183594
33,2,5,29,81,81,1,0.519011259078979,1,1,1,1,0.218742609024048
33,2,5,30,81,81,1,0.450963020324707,1,1,1,1,0.269011259078979
33,2,5,31,9,9,0,0.585118055343628,1,1,1,1,0.200963020324707
33,2,5,32,27,27,1,0.384689092636108,1,-1,1,1,0.335118055343628
33,2,5,33,81,81,1,0.485948324203491,1,1,-1,1,0.134689092636108
33,2,5,34,27,27,1,0.484346389770508,1,1,1,1,0.235948324203491
33,2,5,35,27,27,1,0.485734224319458,1,1,1,1,0.234346389770508
33,2,5,36,3,3,1,0.417607069015503,1,1,1,1,0.235734224319458
33,2,5,37,0,0,1,0.519103050231934,1,1,1,1,0.167607069015503
33,2,5,38,-27,27,0,0.450975656509399,1,1,1,1,0.269103050231934
33,2,5,39,-81,81,0,0.350985288619995,-1,-1,1,1,0.200975656509399
33,2,5,40,-3,3,0,1.18559598922729,-1,-1,-1,-1,0.100985288619995
33,2,5,41,-3,3,1,0.584528923034668,-1,-1,-1,-1,0.935595989227295
33,2,5,42,-81,81,0,0.517810821533203,-1,1,-1,-1,0.334528923034668
33,2,5,43,-0,0,0,0.535383462905884,-1,-1,1,-1,0.267810821533203
33,2,5,44,-81,81,0,0.400944471359253,-1,-1,-1,-1,0.285383462905884
33,2,5,45,-0,0,0,0.984412908554077,-1,-1,-1,-1,0.150944471359253
33,2,5,46,9,9,0,0.450490474700928,-1,-1,-1,-1,0.734412908554077
33,2,5,47,9,9,1,0.467613220214844,1,-1,-1,-1,0.200490474700928
33,2,5,48,3,3,1,0.484830141067505,1,1,-1,1,0.217613220214844
33,2,5,49,0,0,1,0.38434910774231,1,1,1,1,0.234830141067505
33,2,5,50,-81,81,0,0.518057107925415,1,1,1,1,0.13434910774231
33,2,5,51,-3,3,1,0.33432412147522,-1,-1,1,1,0.268057107925415
33,2,5,52,-9,9,0,0.533867359161377,-1,1,-1,-1,0.0843241214752197
33,2,5,53,-27,27,0,0.435508966445923,-1,-1,1,-1,0.283867359161377
33,2,5,54,-27,27,0,0.450967788696289,-1,-1,-1,-1,0.185508966445923
33,2,5,55,-27,27,0,0.519157886505127,-1,-1,-1,-1,0.200967788696289
33,2,5,56,3,3,1,0.467169284820557,-1,-1,-1,-1,0.269157886505127
33,2,5,57,81,81,1,0.435608625411987,1,1,-1,-1,0.217169284820557
33,2,5,58,-81,81,0,0.402512311935425,1,1,1,1,0.185608625411987
33,2,5,59,-27,27,0,0.501142740249634,-1,-1,1,1,0.152512311935425
33,2,5,60,-3,3,1,0.367822170257568,-1,-1,-1,-1,0.251142740249634
33,2,5,61,-81,81,0,0.302700281143188,-1,1,-1,-1,0.117822170257568
33,2,5,62,-3,3,0,0.435522556304932,-1,-1,1,-1,0.0527002811431885
33,2,5,63,-0,0,0,0.351353168487549,-1,-1,-1,-1,0.185522556304932
33,2,5,64,-3,3,0,0.402435302734375,-1,-1,-1,-1,0.101353168487549
33,2,5,65,-81,81,0,0.385307550430298,-1,-1,-1,-1,0.152435302734375
33,2,5,66,81,81,1,0.36763596534729,-1,-1,-1,-1,0.135307550430298
33,2,5,67,9,9,1,0.635921001434326,1,1,-1,-1,0.11763596534729
33,2,5,68,9,9,1,0.351004123687744,1,1,1,1,0.385921001434326
33,2,5,69,0,0,1,0.350981473922729,1,1,1,1,0.101004123687744
33,2,5,70,-9,9,0,0.383841037750244,1,1,1,1,0.100981473922729
33,2,5,71,0,0,0,0.419304370880127,-1,-1,1,1,0.133841037750244
33,2,5,72,27,27,1,0.502356052398682,1,-1,-1,-1,0.169304370880127
33,2,5,73,3,3,1,0.351912021636963,1,1,-1,1,0.252356052398682
33,2,5,74,81,81,1,0.319268465042114,1,1,1,1,0.101912021636963
33,2,5,75,3,3,1,0.451034784317017,1,1,1,1,0.0692684650421143
33,2,5,76,27,27,1,0.317620038986206,1,1,1,1,0.201034784317017
33,2,5,77,3,3,0,0.250985860824585,1,1,1,1,0.0676200389862061
33,2,5,78,9,9,1,0.300522327423096,1,-1,1,1,0.000985860824584961
33,2,5,79,-0,0,0,0.451399087905884,1,1,-1,1,0.0505223274230957
33,2,5,80,-9,9,0,0.286048889160156,-1,-1,1,1,0.201399087905884
33,2,5,81,-9,9,1,0.534259080886841,-1,-1,-1,-1,0.0360488891601562
33,2,5,82,9,9,0,0.317194700241089,-1,1,-1,-1,0.284259080886841
33,2,5,83,9,9,0,0.451033592224121,1,-1,1,-1,0.0671947002410889
33,2,5,84,9,9,0,0.351796627044678,1,-1,-1,1,0.201033592224121
33,2,5,85,0,0,1,0.267641305923462,1,-1,-1,1,0.101796627044678
33,2,5,86,-81,81,0,0.502034425735474,1,1,-1,1,0.0176413059234619
33,2,5,87,-3,3,0,0.500494003295898,-1,-1,1,1,0.252034425735474
33,2,5,88,-81,81,0,0.585570812225342,-1,-1,-1,-1,0.250494003295898
33,2,5,89,9,9,0,0.51897406578064,-1,-1,-1,-1,0.335570812225342
33,2,5,90,0,0,1,0.484894752502441,1,-1,-1,-1,0.26897406578064
33,2,5,91,81,81,1,0.45100998878479,1,1,-1,1,0.234894752502441
33,2,5,92,-9,9,0,0.767596244812012,1,1,1,1,0.20100998878479
33,2,5,93,-3,3,1,0.535351991653442,-1,-1,1,1,0.517596244812012
33,2,5,94,-3,3,1,0.518752098083496,-1,1,-1,-1,0.285351991653442
33,2,5,95,3,3,0,0.550991773605347,-1,1,1,-1,0.268752098083496
33,2,5,96,9,9,1,0.30102014541626,1,-1,1,-1,0.300991773605347
33,2,5,97,27,27,1,0.517699956893921,1,1,-1,1,0.0510201454162598
33,2,5,98,-27,27,0,0.61904501914978,1,1,1,1,0.267699956893921
33,2,5,99,-81,81,0,0.535778760910034,-1,-1,1,1,0.36904501914978
33,2,6,2,-27,27,0,0.519391775131226,1,-1,1,1,0.817946672439575
33,2,6,3,0,0,1,0.484522581100464,-1,-1,-1,1,0.269391775131226
33,2,6,4,81,81,1,0.568994998931885,1,1,-1,-1,0.234522581100464
33,2,6,5,3,3,1,0.534320592880249,1,1,1,1,0.318994998931885
33,2,6,6,-9,9,0,0.517715215682983,1,1,1,1,0.284320592880249
33,2,6,7,9,9,1,0.517629146575928,-1,-1,1,1,0.267715215682983
33,2,6,8,3,3,0,0.552133083343506,1,1,-1,-1,0.267629146575928
33,2,6,9,-27,27,0,0.435463190078735,1,-1,1,1,0.302133083343506
33,2,6,10,27,27,1,0.435767650604248,-1,-1,-1,1,0.185463190078735
33,2,6,11,-3,3,0,0.535771131515503,1,1,-1,-1,0.185767650604248
33,2,6,12,3,3,1,0.418470144271851,-1,-1,1,1,0.285771131515503
33,2,6,13,-9,9,0,0.568743467330933,1,1,-1,-1,0.168470144271851
33,2,6,14,9,9,1,0.533839225769043,-1,-1,1,1,0.318743467330933
33,2,6,15,-81,81,0,0.53546929359436,1,1,-1,-1,0.283839225769043
33,2,6,16,-81,81,0,0.518563747406006,-1,-1,1,1,0.28546929359436
33,2,6,17,-27,27,0,0.500526189804077,-1,-1,-1,-1,0.268563747406006
33,2,6,18,-81,81,0,0.435950040817261,-1,-1,-1,-1,0.250526189804077
33,2,6,19,9,9,1,0.569120168685913,-1,-1,-1,-1,0.185950040817261
33,2,6,20,0,0,0,0.452146530151367,1,1,-1,-1,0.319120168685913
33,2,6,21,-3,3,0,0.419115781784058,1,-1,1,1,0.202146530151367
33,2,6,22,9,9,1,0.368984222412109,-1,-1,-1,1,0.169115781784058
33,2,6,23,9,9,0,0.284303426742554,1,1,-1,-1,0.118984222412109
33,2,6,24,-27,27,0,0.434938430786133,1,-1,1,1,0.0343034267425537
33,2,6,25,-27,27,0,0.402002811431885,-1,-1,-1,1,0.184938430786133
33,2,6,26,-9,9,0,0.533902883529663,-1,-1,-1,-1,0.152002811431885
33,2,6,27,-9,9,0,0.368869781494141,-1,-1,-1,-1,0.283902883529663
33,2,6,28,-0,0,1,0.517646551132202,-1,-1,-1,-1,0.118869781494141
33,2,6,29,0,0,1,0.602644443511963,-1,1,-1,-1,0.267646551132202
33,2,6,30,-81,81,0,0.467669725418091,1,1,1,-1,0.352644443511963
33,2,6,31,3,3,0,0.952001571655273,-1,-1,1,1,0.217669725418091
33,2,6,32,-81,81,0,0.35158896446228,1,-1,-1,-1,0.702001571655273
33,2,6,33,-0,0,1,0.519032001495361,-1,-1,-1,1,0.10158896446228
33,2,6,34,0,0,0,0.335608720779419,-1,1,-1,-1,0.269032001495361
33,2,6,35,27,27,1,0.48431921005249,1,-1,1,-1,0.0856087207794189
33,2,6,36,-9,9,0,0.401096105575562,1,1,-1,1,0.23431921005249
33,2,6,37,81,81,1,0.551749467849731,-1,-1,1,1,0.151096105575562
33,2,6,38,-81,81,0,0.535399198532104,1,1,-1,-1,0.301749467849731
33,2,6,39,3,3,1,0.483864068984985,-1,-1,1,1,0.285399198532104
33,2,6,40,3,3,0,0.417174339294434,1,1,-1,-1,0.233864068984985
33,2,6,41,27,27,1,0.469495058059692,1,-1,1,1,0.167174339294434
33,2,6,42,9,9,1,0.33561110496521,1,1,-1,1,0.219495058059692
33,2,6,43,3,3,1,0.535278081893921,1,1,1,1,0.08561110496521
33,2,6,44,-81,81,0,0.519338846206665,1,1,1,1,0.285278081893921
33,2,6,45,-3,3,0,0.535698175430298,-1,-1,1,1,0.269338846206665
33,2,6,46,-3,3,0,0.534812450408936,-1,-1,-1,-1,0.285698175430298
33,2,6,47,0,0,0,0.535402297973633,-1,-1,-1,-1,0.284812450408936
33,2,6,48,-0,0,1,0.4693284034729,1,-1,-1,-1,0.285402297973633
33,2,6,49,27,27,1,0.534263134002686,-1,1,-1,1,0.2193284034729
33,2,6,50,-81,81,0,0.36762547492981,1,1,1,-1,0.284263134002686
33,2,6,51,-9,9,0,0.584641218185425,-1,-1,1,1,0.11762547492981
33,2,6,52,-9,9,0,0.53385853767395,-1,-1,-1,-1,0.334641218185425
33,2,6,53,9,9,1,0.452201128005981,-1,-1,-1,-1,0.28385853767395
33,2,6,54,-3,3,0,0.569106340408325,1,1,-1,-1,0.202201128005981
33,2,6,55,0,0,1,0.484310626983643,-1,-1,1,1,0.319106340408325
33,2,6,56,27,27,1,0.434347867965698,1,1,-1,-1,0.234310626983643
33,2,6,57,27,27,1,0.483842134475708,1,1,1,1,0.184347867965698
33,2,6,58,9,9,1,0.450515747070312,1,1,1,1,0.233842134475708
33,2,6,59,27,27,1,0.351381063461304,1,1,1,1,0.200515747070312
33,2,6,60,-81,81,0,0.517632961273193,1,1,1,1,0.101381063461304
33,2,6,61,9,9,1,0.48594331741333,-1,-1,1,1,0.267632961273193
33,2,6,62,-27,27,0,0.550538063049316,1,1,-1,-1,0.23594331741333
33,2,6,63,-3,3,0,0.452555418014526,-1,-1,1,1,0.300538063049316
33,2,6,64,-9,9,0,0.569408655166626,-1,-1,-1,-1,0.202555418014526
33,2,6,65,81,81,1,0.518254280090332,-1,-1,-1,-1,0.319408655166626
33,2,6,66,27,27,1,0.434747695922852,1,1,-1,-1,0.268254280090332
33,2,6,67,-0,0,1,0.48627495765686,1,1,1,1,0.184747695922852
33,2,6,68,-0,0,1,0.518084764480591,-1,1,1,1,0.23627495765686
33,2,6,69,3,3,0,0.384307622909546,-1,1,1,-1,0.268084764480591
33,2,6,70,-81,81,0,0.485531330108643,1,-1,1,-1,0.134307622909546
33,2,6,71,3,3,1,0.619294404983521,-1,-1,-1,1,0.235531330108643
33,2,6,72,9,9,1,0.550518989562988,1,1,-1,-1,0.369294404983521
33,2,6,73,-3,3,0,0.534892082214355,1,1,1,1,0.300518989562988
33,2,6,74,-9,9,1,0.46855616569519,-1,-1,1,1,0.284892082214355
33,2,6,75,-27,27,0,0.519109010696411,-1,1,-1,-1,0.21855616569519
33,2,6,76,-81,81,0,0.485319852828979,-1,-1,1,-1,0.269109010696411
33,2,6,77,3,3,1,0.500523328781128,-1,-1,-1,-1,0.235319852828979
33,2,6,78,3,3,1,0.435585260391235,1,1,-1,-1,0.250523328781128
33,2,6,79,-81,81,0,0.535298585891724,1,1,1,1,0.185585260391235
33,2,6,80,27,27,1,0.485731840133667,-1,-1,1,1,0.285298585891724
33,2,6,81,27,27,1,0.502113819122314,1,1,-1,-1,0.235731840133667
33,2,6,82,-27,27,0,0.402672290802002,1,1,1,1,0.252113819122314
33,2,6,83,81,81,1,0.651325225830078,-1,-1,1,1,0.152672290802002
33,2,6,84,-3,3,0,0.535096168518066,1,1,-1,-1,0.401325225830078
33,2,6,85,81,81,1,0.41764497756958,-1,-1,1,1,0.285096168518066
33,2,6,86,9,9,0,0.469696998596191,1,1,-1,-1,0.16764497756958
33,2,6,87,-81,81,0,0.352441787719727,1,-1,1,1,0.219696998596191
33,2,6,88,27,27,1,0.402732849121094,-1,-1,-1,1,0.102441787719727
33,2,6,89,3,3,0,0.600942134857178,1,1,-1,-1,0.152732849121094
33,2,6,90,3,3,0,0.569010972976685,1,-1,1,1,0.350942134857178
33,2,6,91,3,3,1,0.51880955696106,1,-1,-1,1,0.319010972976685
33,2,6,92,81,81,1,0.46931529045105,1,1,-1,1,0.26880955696106
33,2,6,93,81,81,1,0.385489940643311,1,1,1,1,0.21931529045105
33,2,6,94,81,81,1,0.452187776565552,1,1,1,1,0.135489940643311
33,2,6,95,-9,9,0,0.401905298233032,1,1,1,1,0.202187776565552
33,2,6,96,-81,81,0,0.568907260894775,-1,-1,1,1,0.151905298233032
33,2,6,97,27,27,1,0.484328269958496,-1,-1,-1,-1,0.318907260894775
33,2,6,98,27,27,1,0.383942842483521,1,1,-1,-1,0.234328269958496
33,2,6,99,27,27,1,0.502386093139648,1,1,1,1,0.133942842483521
33,3,1,2,3,3,1,0.484470129013062,-1,-1,-1,-1,0.534070253372192
33,3,1,3,-9,9,0,0.483837842941284,1,1,-1,-1,0.234470129013062
33,3,1,4,-27,27,0,0.583867788314819,-1,-1,1,1,0.233837842941284
33,3,1,5,0,0,1,0.402591943740845,-1,-1,-1,-1,0.333867788314819
33,3,1,6,3,3,1,0.5863356590271,1,1,-1,-1,0.152591943740845
33,3,1,7,9,9,1,0.283918142318726,1,1,1,1,0.3363356590271
33,3,1,8,-81,81,0,0.334450721740723,1,1,1,1,0.0339181423187256
33,3,1,9,3,3,1,0.451771974563599,-1,-1,1,1,0.0844507217407227
33,3,1,10,-3,3,1,0.334657669067383,1,1,-1,-1,0.201771974563599
33,3,1,15,81,81,1,0.483833789825439,1,1,-1,-1,0.136087894439697
33,3,1,16,-81,81,0,0.350499868392944,1,1,1,1,0.233833789825439
33,3,1,17,9,9,1,0.41871976852417,-1,-1,1,1,0.100499868392944
33,3,1,18,-81,81,0,0.251320123672485,1,1,-1,-1,0.16871976852417
33,3,1,19,0,0,1,0.485452651977539,-1,-1,1,1,0.00132012367248535
33,3,1,20,-9,9,0,0.502249956130981,1,1,-1,-1,0.235452651977539
33,3,1,21,-9,9,0,0.435811042785645,-1,-1,1,1,0.252249956130981
33,3,1,22,3,3,0,0.419342041015625,-1,-1,-1,-1,0.185811042785645
33,3,1,23,-3,3,1,0.419283628463745,1,-1,-1,-1,0.169342041015625
33,3,1,24,81,81,1,0.500549554824829,-1,1,-1,1,0.169283628463745
33,3,1,25,-81,81,0,0.534751892089844,1,1,1,-1,0.250549554824829
33,3,1,26,-27,27,0,0.451191902160645,-1,-1,1,1,0.284751892089844
33,3,1,27,-3,3,0,0.518060207366943,-1,-1,-1,-1,0.201191902160645
33,3,1,28,27,27,1,0.367889165878296,-1,-1,-1,-1,0.268060207366943
33,3,1,29,-81,81,0,0.452471017837524,1,1,-1,-1,0.117889165878296
33,3,1,30,0,0,1,0.469342708587646,-1,-1,1,1,0.202471017837524
33,3,1,31,-9,9,0,0.502607583999634,1,1,-1,-1,0.219342708587646
33,3,1,32,-9,9,0,0.533847570419312,-1,-1,1,1,0.252607583999634
33,3,1,33,-81,81,0,0.518795490264893,-1,-1,-1,-1,0.283847570419312
33,3,1,34,0,0,1,0.55048131942749,-1,-1,-1,-1,0.268795490264893
33,3,1,35,-0,0,1,0.585723161697388,1,1,-1,-1,0.30048131942749
33,3,1,36,0,0,0,0.535311937332153,-1,1,1,1,0.335723161697388
33,3,1,37,-3,3,1,0.518932104110718,1,-1,1,-1,0.285311937332153
33,3,1,38,27,27,1,0.418442726135254,-1,1,-1,1,0.268932104110718
33,3,1,39,9,9,1,0.519348859786987,1,1,1,-1,0.168442726135254
33,3,1,40,27,27,1,0.267585039138794,1,1,1,1,0.269348859786987
33,3,1,41,-3,3,1,0.68599796295166,1,1,1,1,0.0175850391387939
33,3,1,42,9,9,1,0.467790126800537,-1,1,1,1,0.43599796295166
33,3,1,43,-81,81,0,0.502454519271851,1,1,1,-1,0.217790126800537
33,3,1,44,3,3,1,0.702771663665771,-1,-1,1,1,0.252454519271851
33,3,1,45,-81,81,0,0.518740892410278,1,1,-1,-1,0.452771663665771
33,3,1,46,0,0,1,0.684468269348145,-1,-1,1,1,0.268740892410278
33,3,1,47,-27,27,0,0.685193300247192,1,1,-1,-1,0.434468269348145
33,3,1,48,9,9,1,0.502545356750488,-1,-1,1,1,0.435193300247192
33,3,1,49,-81,81,0,0.517791271209717,1,1,-1,-1,0.252545356750488
33,3,1,50,9,9,1,0.367608308792114,-1,-1,1,1,0.267791271209717
33,3,1,51,-0,0,0,0.383803606033325,1,1,-1,-1,0.117608308792114
33,3,1,52,81,81,1,0.518457651138306,-1,-1,1,1,0.133803606033325
33,3,1,53,-9,9,0,0.685839653015137,1,1,-1,-1,0.268457651138306
33,3,1,54,27,27,1,0.569391965866089,-1,-1,1,1,0.435839653015137
33,3,1,55,81,81,1,0.518985033035278,1,1,-1,-1,0.319391965866089
33,3,1,56,-81,81,0,0.435195207595825,1,1,1,1,0.268985033035278
33,3,1,57,9,9,1,0.433891296386719,-1,-1,1,1,0.185195207595825
33,3,1,58,27,27,1,0.452808618545532,1,1,-1,-1,0.183891296386719
33,3,1,59,3,3,1,0.385575294494629,1,1,1,1,0.202808618545532
33,3,1,60,-9,9,0,0.651151657104492,1,1,1,1,0.135575294494629
33,3,1,61,9,9,1,0.452565670013428,-1,-1,1,1,0.401151657104492
33,3,1,62,-9,9,1,0.685450315475464,1,1,-1,-1,0.202565670013428
33,3,1,63,-27,27,0,0.651679754257202,-1,1,1,1,0.435450315475464
33,3,1,64,9,9,0,0.634475469589233,-1,-1,1,-1,0.401679754257202
33,3,1,65,-0,0,1,0.41948390007019,1,-1,-1,-1,0.384475469589233
33,3,1,66,-81,81,0,0.485429286956787,-1,1,-1,1,0.16948390007019
33,3,1,67,27,27,1,0.402427673339844,-1,-1,1,-1,0.235429286956787
33,3,1,68,-3,3,1,0.583877325057983,1,1,-1,-1,0.152427673339844
33,3,1,69,9,9,1,0.300516128540039,-1,1,1,1,0.333877325057983
33,3,1,70,-81,81,0,0.418453931808472,1,1,1,-1,0.0505161285400391
33,3,1,71,3,3,1,0.435548067092896,-1,-1,1,1,0.168453931808472
33,3,1,72,-81,81,0,0.402269601821899,1,1,-1,-1,0.185548067092896
33,3,1,73,3,3,1,0.501396179199219,-1,-1,1,1,0.152269601821899
33,3,1,74,-3,3,0,0.401917934417725,1,1,-1,-1,0.251396179199219
33,3,1,75,27,27,1,0.434485912322998,-1,-1,1,1,0.151917934417725
33,3,1,76,-27,27,0,0.552292108535767,1,1,-1,-1,0.184485912322998
33,3,1,77,3,3,1,0.417836666107178,-1,-1,1,1,0.302292108535767
33,3,1,78,-0,0,1,0.385658740997314,1,1,-1,-1,0.167836666107178
33,3,1,79,-0,0,1,0.752590417861938,-1,1,1,1,0.135658740997314
33,3,1,80,9,9,1,0.418960332870483,-1,1,1,-1,0.502590417861938
33,3,1,81,-27,27,0,0.452268123626709,1,1,1,-1,0.168960332870483
33,3,1,82,3,3,1,0.535626888275146,-1,-1,1,1,0.202268123626709
33,3,1,83,-81,81,0,0.269368410110474,1,1,-1,-1,0.285626888275146
33,3,1,84,27,27,1,0.501003742218018,-1,-1,1,1,0.0193684101104736
33,3,1,85,81,81,1,0.433856725692749,1,1,-1,-1,0.251003742218018
33,3,1,86,3,3,1,0.435582160949707,1,1,1,1,0.183856725692749
33,3,1,87,-3,3,1,0.485141038894653,1,1,1,1,0.185582160949707
33,3,1,88,9,9,1,0.502350330352783,-1,1,1,1,0.235141038894653
33,3,1,89,3,3,1,0.401522636413574,1,1,1,-1,0.252350330352783
33,3,1,90,-3,3,0,0.70048713684082,1,1,1,1,0.151522636413574
33,3,1,91,27,27,1,0.417160987854004,-1,-1,1,1,0.45048713684082
33,3,1,92,-27,27,0,0.469218492507935,1,1,-1,-1,0.167160987854004
33,3,1,93,81,81,1,0.417818784713745,-1,-1,1,1,0.219218492507935
33,3,1,94,27,27,1,0.518826484680176,1,1,-1,-1,0.167818784713745
33,3,1,95,-81,81,0,0.519059896469116,1,1,1,1,0.268826484680176
33,3,1,96,3,3,1,0.583853006362915,-1,-1,1,1,0.269059896469116
33,3,1,97,-9,9,1,0.418102264404297,1,1,-1,-1,0.333853006362915
33,3,1,98,27,27,1,0.502000570297241,-1,1,1,1,0.168102264404297
33,3,1,99,-81,81,0,0.517779111862183,1,1,1,-1,0.252000570297241
33,3,2,2,-9,9,1,0.568401336669922,1,1,-1,-1,0.284162521362305
33,3,2,3,-27,27,0,0.651101350784302,-1,1,1,1,0.318401336669922
33,3,2,4,-3,3,1,0.818775177001953,-1,-1,1,-1,0.401101350784302
33,3,2,5,0,0,1,0.535739183425903,-1,1,-1,-1,0.568775177001953
33,3,2,6,-3,3,0,0.784385681152344,1,1,1,-1,0.285739183425903
33,3,2,7,0,0,1,0.468530178070068,-1,-1,1,1,0.534385681152344
33,3,2,8,-9,9,0,0.617804050445557,1,1,-1,-1,0.218530178070068
33,3,2,9,81,81,1,0.535957336425781,-1,-1,1,1,0.367804050445557
33,3,2,10,9,9,1,0.734257698059082,1,1,-1,-1,0.285957336425781
33,3,2,11,81,81,1,0.567182540893555,1,1,1,1,0.484257698059082
33,3,2,12,-27,27,0,0.801144361495972,1,1,1,1,0.317182540893555
33,3,2,13,9,9,1,0.568547964096069,-1,-1,1,1,0.551144361495972
33,3,2,14,-27,27,0,0.702594518661499,1,1,-1,-1,0.318547964096069
33,3,2,15,-3,3,1,0.551865577697754,-1,-1,1,1,0.452594518661499
33,3,2,16,9,9,1,0.551993846893311,-1,1,-1,-1,0.301865577697754
33,3,2,17,0,0,0,0.667762279510498,1,1,1,-1,0.301993846893311
33,3,2,18,27,27,1,0.383881330490112,1,-1,1,1,0.417762279510498
33,3,2,19,27,27,1,0.46884298324585,1,1,-1,1,0.133881330490112
33,3,2,20,81,81,1,0.583877325057983,1,1,1,1,0.21884298324585
33,3,2,21,-3,3,1,0.717832565307617,1,1,1,1,0.333877325057983
33,3,2,22,-9,9,0,0.385665893554688,-1,1,1,1,0.467832565307617
33,3,2,23,-27,27,0,0.55245304107666,-1,-1,1,-1,0.135665893554688
33,3,2,24,-3,3,1,0.685544967651367,-1,-1,-1,-1,0.30245304107666
33,3,2,25,27,27,1,0.469297885894775,-1,1,-1,-1,0.435544967651367
33,3,2,26,9,9,1,0.66777515411377,1,1,1,-1,0.219297885894775
33,3,2,27,9,9,1,0.367175340652466,1,1,1,1,0.41777515411377
33,3,2,28,9,9,1,0.402742862701416,1,1,1,1,0.117175340652466
33,3,2,29,3,3,1,0.467839241027832,1,1,1,1,0.152742862701416
33,3,2,30,9,9,1,0.385166645050049,1,1,1,1,0.217839241027832
33,3,2,31,-27,27,0,0.317938566207886,1,1,1,1,0.135166645050049
33,3,2,32,27,27,1,0.433820724487305,-1,-1,1,1,0.0679385662078857
33,3,2,33,-27,27,0,0.401132583618164,1,1,-1,-1,0.183820724487305
33,3,2,34,-3,3,0,0.887213945388794,-1,-1,1,1,0.151132583618164
33,3,2,35,-81,81,0,0.500517606735229,-1,-1,-1,-1,0.637213945388794
33,3,2,36,-27,27,0,0.468944549560547,-1,-1,-1,-1,0.250517606735229
33,3,2,37,-27,27,0,0.500517606735229,-1,-1,-1,-1,0.218944549560547
33,3,2,38,-9,9,0,0.519469976425171,-1,-1,-1,-1,0.250517606735229
33,3,2,39,-27,27,0,0.318730354309082,-1,-1,-1,-1,0.269469976425171
33,3,2,40,9,9,1,0.401948213577271,-1,-1,-1,-1,0.068730354309082
33,3,2,41,-9,9,0,0.619072675704956,1,1,-1,-1,0.151948213577271
33,3,2,42,-27,27,0,0.467185497283936,-1,-1,1,1,0.369072675704956
33,3,2,43,0,0,0,0.602824926376343,-1,-1,-1,-1,0.217185497283936
33,3,2,44,-81,81,0,0.552475452423096,1,-1,-1,-1,0.352824926376343
33,3,2,45,-0,0,1,0.602114915847778,-1,-1,-1,1,0.302475452423096
33,3,2,46,-27,27,0,0.652359008789062,-1,1,-1,-1,0.352114915847778
33,3,2,47,-3,3,0,0.667639493942261,-1,-1,1,-1,0.402359008789062
33,3,2,48,0,0,0,0.33542013168335,-1,-1,-1,-1,0.417639493942261
33,3,2,49,81,81,1,0.501168251037598,1,-1,-1,-1,0.0854201316833496
33,3,2,50,-27,27,0,0.535307168960571,1,1,-1,1,0.251168251037598
33,3,2,51,0,0,1,0.684374809265137,-1,-1,1,1,0.285307168960571
33,3,2,52,3,3,1,0.518762826919556,1,1,-1,-1,0.434374809265137
33,3,2,53,3,3,1,0.550524950027466,1,1,1,1,0.268762826919556
33,3,2,54,-27,27,0,0.534401893615723,1,1,1,1,0.300524950027466
33,3,2,55,-27,27,0,0.484416484832764,-1,-1,1,1,0.284401893615723
33,3,2,56,-9,9,1,0.950524091720581,-1,-1,-1,-1,0.234416484832764
33,3,2,57,-0,0,0,0.78387451171875,-1,1,-1,-1,0.700524091720581
33,3,2,58,81,81,1,0.3514564037323,-1,-1,1,-1,0.53387451171875
33,3,2,59,81,81,1,0.502213001251221,1,1,-1,-1,0.1014564037323
33,3,2,60,-9,9,1,0.600509881973267,1,1,1,1,0.252213001251221
33,3,2,61,-27,27,0,0.435811996459961,-1,1,1,1,0.350509881973267
33,3,2,62,3,3,0,0.569572687149048,-1,-1,1,-1,0.185811996459961
33,3,2,63,81,81,1,0.417192935943604,1,-1,-1,-1,0.319572687149048
33,3,2,64,9,9,1,0.602256536483765,1,1,-1,1,0.167192935943604
33,3,2,65,0,0,1,0.634624242782593,1,1,1,1,0.352256536483765
33,3,2,66,-3,3,0,0.668818473815918,1,1,1,1,0.384624242782593
33,3,2,67,-3,3,0,0.484357357025146,-1,-1,1,1,0.418818473815918
33,3,2,68,81,81,1,0.369415998458862,-1,-1,-1,-1,0.234357357025146
33,3,2,69,81,81,1,0.584462881088257,1,1,-1,-1,0.119415998458862
33,3,2,70,-0,0,1,0.885700702667236,1,1,1,1,0.334462881088257
33,3,2,71,-3,3,1,0.650954246520996,-1,1,1,1,0.635700702667236
33,3,2,72,9,9,1,0.502618312835693,-1,1,1,-1,0.400954246520996
33,3,2,73,-3,3,0,0.684464693069458,1,1,1,-1,0.252618312835693
33,3,2,74,81,81,1,0.485782861709595,-1,-1,1,1,0.434464693069458
33,3,2,75,9,9,1,0.400529384613037,1,1,-1,-1,0.235782861709595
33,3,2,76,-27,27,0,0.469209671020508,1,1,1,1,0.150529384613037
33,3,2,77,3,3,1,0.569386005401611,-1,-1,1,1,0.219209671020508
33,3,2,78,-81,81,0,0.502714395523071,1,1,-1,-1,0.319386005401611
33,3,2,79,-81,81,0,0.519086837768555,-1,-1,1,1,0.252714395523071
33,3,2,80,81,81,1,0.503214597702026,-1,-1,-1,-1,0.269086837768555
33,3,2,81,-81,81,0,0.535722494125366,1,1,-1,-1,0.253214597702026
33,3,2,82,-3,3,0,0.517155647277832,-1,-1,1,1,0.285722494125366
33,3,2,83,9,9,1,0.418855428695679,-1,-1,-1,-1,0.267155647277832
33,3,2,84,81,81,1,0.452327013015747,1,1,-1,-1,0.168855428695679
33,3,2,85,-81,81,0,0.35111403465271,1,1,1,1,0.202327013015747
33,3,2,86,9,9,1,0.617619752883911,-1,-1,1,1,0.10111403465271
33,3,2,87,-3,3,1,0.617799758911133,1,1,-1,-1,0.367619752883911
33,3,2,88,9,9,1,0.367151498794556,-1,1,1,1,0.367799758911133
33,3,2,89,-0,0,1,0.569415092468262,1,1,1,-1,0.117151498794556
33,3,2,90,-3,3,1,0.63604998588562,-1,1,1,1,0.319415092468262
33,3,2,91,-3,3,1,0.484461307525635,-1,1,1,-1,0.38604998588562
33,3,2,92,27,27,1,0.469339847564697,-1,1,1,-1,0.234461307525635
33,3,2,93,-27,27,0,0.401216506958008,1,1,1,-1,0.219339847564697
33,3,2,94,81,81,1,0.434938192367554,-1,-1,1,1,0.151216506958008
33,3,2,95,3,3,0,0.667834520339966,1,1,-1,-1,0.184938192367554
33,3,2,96,-9,9,0,0.368457078933716,1,-1,1,1,0.417834520339966
33,3,2,97,-81,81,0,0.535444021224976,-1,-1,-1,1,0.118457078933716
33,3,2,98,81,81,1,0.433834552764893,-1,-1,-1,-1,0.285444021224976
33,3,2,99,-3,3,0,0.619114398956299,1,1,-1,-1,0.183834552764893
33,3,3,2,-81,81,0,0.551083564758301,-1,-1,-1,-1,0.250747203826904
33,3,3,3,9,9,1,0.417761564254761,-1,-1,-1,-1,0.301083564758301
33,3,3,4,-81,81,0,0.351300001144409,1,1,-1,-1,0.167761564254761
33,3,3,5,3,3,1,0.819428443908691,-1,-1,1,1,0.101300001144409
33,3,3,6,-81,81,0,0.369292497634888,1,1,-1,-1,0.569428443908691
33,3,3,7,81,81,1,0.517803907394409,-1,-1,1,1,0.119292497634888
33,3,3,8,-27,27,0,0.535856962203979,1,1,-1,-1,0.267803907394409
33,3,3,9,81,81,1,0.502285003662109,-1,-1,1,1,0.285856962203979
33,3,3,10,-3,3,0,1.03574323654175,1,1,-1,-1,0.252285003662109
33,3,3,11,-3,3,0,0.567154884338379,-1,-1,1,1,0.785743236541748
33,3,3,12,-27,27,0,0.568984508514404,-1,-1,-1,-1,0.317154884338379
33,3,3,13,3,3,1,0.485137701034546,-1,-1,-1,-1,0.318984508514404
33,3,3,14,-3,3,0,0.684470176696777,1,1,-1,-1,0.235137701034546
33,3,3,15,27,27,1,0.383862018585205,-1,-1,1,1,0.434470176696777
33,3,3,16,-9,9,0,0.919198751449585,1,1,-1,-1,0.133862018585205
33,3,3,17,9,9,1,0.535388231277466,-1,-1,1,1,0.669198751449585
33,3,3,18,-3,3,1,0.584785223007202,1,1,-1,-1,0.285388231277466
33,3,3,19,-81,81,0,0.567801475524902,-1,1,1,1,0.334785223007202
33,3,3,20,27,27,1,0.535412549972534,-1,-1,1,-1,0.317801475524902
33,3,3,21,-9,9,1,0.767149686813354,1,1,-1,-1,0.285412549972534
33,3,3,22,0,0,0,0.551470518112183,-1,1,1,1,0.517149686813354
33,3,3,23,-3,3,0,0.70272159576416,1,-1,1,-1,0.301470518112183
33,3,3,24,-27,27,0,0.567907094955444,-1,-1,-1,1,0.45272159576416
33,3,3,25,9,9,0,0.683849334716797,-1,-1,-1,-1,0.317907094955444
33,3,3,26,-81,81,0,0.551149129867554,1,-1,-1,-1,0.433849334716797
33,3,3,27,9,9,1,0.618953466415405,-1,-1,-1,1,0.301149129867554
33,3,3,28,-0,0,1,0.535888433456421,1,1,-1,-1,0.368953466415405
33,3,3,29,3,3,1,0.600496768951416,-1,1,1,1,0.285888433456421
33,3,3,30,81,81,1,0.517611980438232,1,1,1,-1,0.350496768951416
33,3,3,31,-9,9,0,0.534475326538086,1,1,1,1,0.267611980438232
33,3,3,32,3,3,1,0.483829021453857,-1,-1,1,1,0.284475326538086
33,3,3,33,-27,27,0,0.451780796051025,1,1,-1,-1,0.233829021453857
33,3,3,34,3,3,1,0.367193698883057,-1,-1,1,1,0.201780796051025
33,3,3,35,-9,9,1,0.517883539199829,1,1,-1,-1,0.117193698883057
33,3,3,36,-81,81,0,0.534409999847412,-1,1,1,1,0.267883539199829
33,3,3,37,-9,9,1,0.535224199295044,-1,-1,1,-1,0.284409999847412
33,3,3,38,9,9,0,0.767816781997681,-1,1,-1,-1,0.285224199295044
33,3,3,39,-0,0,1,0.43383264541626,1,-1,1,-1,0.517816781997681
33,3,3,40,27,27,1,0.468917608261108,-1,1,-1,1,0.18383264541626
33,3,3,41,-81,81,0,0.501979351043701,1,1,1,-1,0.218917608261108
33,3,3,42,81,81,1,0.352158069610596,-1,-1,1,1,0.251979351043701
33,3,3,43,-3,3,1,0.468871831893921,1,1,-1,-1,0.102158069610596
33,3,3,44,27,27,1,0.401075124740601,-1,1,1,1,0.218871831893921
33,3,3,45,-9,9,0,0.500567197799683,1,1,1,-1,0.151075124740601
33,3,3,46,9,9,1,0.435659408569336,-1,-1,1,1,0.250567197799683
33,3,3,47,-81,81,0,0.402713060379028,1,1,-1,-1,0.185659408569336
33,3,3,48,81,81,1,0.484459161758423,-1,-1,1,1,0.152713060379028
33,3,3,49,-0,0,1,0.533816576004028,1,1,-1,-1,0.234459161758423
33,3,3,50,81,81,1,0.418972969055176,-1,1,1,1,0.283816576004028
33,3,3,51,-27,27,0,0.319361209869385,1,1,1,-1,0.168972969055176
33,3,3,52,27,27,1,0.386090278625488,-1,-1,1,1,0.0693612098693848
33,3,3,53,3,3,1,0.385362386703491,1,1,-1,-1,0.136090278625488
33,3,3,54,27,27,1,0.417177438735962,1,1,1,1,0.135362386703491
33,3,3,55,-9,9,0,0.43540096282959,1,1,1,1,0.167177438735962
33,3,3,56,9,9,1,0.486001491546631,-1,-1,1,1,0.18540096282959
33,3,3,57,-9,9,0,0.667815208435059,1,1,-1,-1,0.236001491546631
33,3,3,58,3,3,0,0.634488821029663,-1,-1,1,1,0.417815208435059
33,3,3,59,-9,9,0,0.534283876419067,1,-1,-1,-1,0.384488821029663
33,3,3,60,3,3,1,0.434470176696777,-1,-1,-1,1,0.284283876419067
33,3,3,61,27,27,1,0.335921049118042,1,1,-1,-1,0.184470176696777
33,3,3,62,-27,27,0,0.350951910018921,1,1,1,1,0.085921049118042
33,3,3,63,0,0,0,0.484449863433838,-1,-1,1,1,0.100951910018921
33,3,3,64,-9,9,1,0.301817655563354,1,-1,-1,-1,0.234449863433838
33,3,3,65,27,27,1,0.468912601470947,-1,1,-1,1,0.0518176555633545
33,3,3,66,-0,0,1,0.551038026809692,1,1,1,-1,0.218912601470947
33,3,3,67,-0,0,1,0.386115074157715,-1,1,1,1,0.301038026809692
33,3,3,68,9,9,1,0.536089420318604,-1,1,1,-1,0.136115074157715
33,3,3,69,-9,9,1,0.402644872665405,1,1,1,-1,0.286089420318604
33,3,3,70,27,27,1,0.435982227325439,-1,1,1,1,0.152644872665405
33,3,3,71,-81,81,0,0.501850605010986,1,1,1,-1,0.185982227325439
33,3,3,72,27,27,1,0.468812227249146,-1,-1,1,1,0.251850605010986
33,3,3,73,-0,0,0,0.419302940368652,1,1,-1,-1,0.218812227249146
33,3,3,74,0,0,1,0.534377574920654,-1,-1,1,1,0.169302940368652
33,3,3,75,-27,27,0,0.534734487533569,1,1,-1,-1,0.284377574920654
33,3,3,76,-27,27,0,0.535343170166016,-1,-1,1,1,0.284734487533569
33,3,3,77,3,3,1,0.833877563476562,-1,-1,-1,-1,0.285343170166016
33,3,3,78,3,3,0,0.617798328399658,1,1,-1,-1,0.583877563476562
33,3,3,79,-27,27,0,0.501784801483154,1,-1,1,1,0.367798328399658
33,3,3,80,81,81,1,0.48594331741333,-1,-1,-1,1,0.251784801483154
33,3,3,81,-81,81,0,0.50116753578186,1,1,-1,-1,0.23594331741333
33,3,3,82,-3,3,0,0.701227188110352,-1,-1,1,1,0.25116753578186
33,3,3,83,81,81,1,0.483822584152222,-1,-1,-1,-1,0.451227188110352
33,3,3,84,-81,81,0,0.417143106460571,1,1,-1,-1,0.233822584152222
33,3,3,85,27,27,1,0.45237135887146,-1,-1,1,1,0.167143106460571
33,3,3,86,-9,9,1,0.485991716384888,1,1,-1,-1,0.20237135887146
33,3,3,87,3,3,1,0.518712997436523,-1,1,1,1,0.235991716384888
33,3,3,88,-3,3,1,0.502492666244507,1,1,1,-1,0.268712997436523
33,3,3,89,3,3,1,0.668422222137451,-1,1,1,1,0.252492666244507
33,3,3,90,-3,3,0,0.401399850845337,1,1,1,-1,0.418422222137451
33,3,3,91,9,9,1,0.551156759262085,-1,-1,1,1,0.151399850845337
33,3,3,92,-81,81,0,0.518600463867188,1,1,-1,-1,0.301156759262085
33,3,3,93,-0,0,0,0.534278869628906,-1,-1,1,1,0.268600463867188
33,3,3,94,81,81,1,0.351137638092041,-1,-1,-1,-1,0.284278869628906
33,3,3,95,-27,27,0,0.750515460968018,1,1,-1,-1,0.101137638092041
33,3,3,96,0,0,1,0.467899322509766,-1,-1,1,1,0.500515460968018
33,3,3,97,-9,9,1,0.585173606872559,1,1,-1,-1,0.217899322509766
33,3,3,98,3,3,1,0.400527238845825,-1,1,1,1,0.335173606872559
33,3,3,99,-81,81,0,0.501262187957764,1,1,1,-1,0.150527238845825
33,3,4,2,81,81,1,0.518134832382202,1,1,1,1,0.217447519302368
33,3,4,3,9,9,1,0.517625331878662,1,1,1,1,0.268134832382202
33,3,4,4,3,3,1,0.368221044540405,1,1,1,1,0.267625331878662
33,3,4,5,-27,27,0,0.367139339447021,1,1,1,1,0.118221044540405
33,3,4,6,-3,3,0,0.700514554977417,-1,-1,1,1,0.117139339447021
33,3,4,7,-81,81,0,0.468462228775024,-1,-1,-1,-1,0.450514554977417
33,3,4,8,-27,27,0,0.385386943817139,-1,-1,-1,-1,0.218462228775024
33,3,4,9,-81,81,0,0.552218914031982,-1,-1,-1,-1,0.135386943817139
33,3,4,10,-0,0,0,0.517190217971802,-1,-1,-1,-1,0.302218914031982
33,3,4,11,-27,27,0,0.435971975326538,-1,-1,-1,-1,0.267190217971802
33,3,4,12,-27,27,0,0.451108932495117,-1,-1,-1,-1,0.185971975326538
33,3,4,13,-81,81,0,0.467921257019043,-1,-1,-1,-1,0.201108932495117
33,3,4,14,9,9,1,0.585742473602295,-1,-1,-1,-1,0.217921257019043
33,3,4,15,-9,9,0,0.467615127563477,1,1,-1,-1,0.335742473602295
33,3,4,16,-0,0,1,0.518314361572266,-1,-1,1,1,0.217615127563477
33,3,4,17,-3,3,1,0.735862731933594,-1,1,-1,-1,0.268314361572266
33,3,4,18,27,27,1,0.385937929153442,-1,1,1,-1,0.485862731933594
33,3,4,19,0,0,1,0.385187149047852,1,1,1,-1,0.135937929153442
33,3,4,20,0,0,1,0.550505876541138,1,1,1,1,0.135187149047852
33,3,4,21,81,81,1,0.43546462059021,1,1,1,1,0.300505876541138
33,3,4,22,27,27,1,0.467947959899902,1,1,1,1,0.18546462059021
33,3,4,23,27,27,1,0.41946816444397,1,1,1,1,0.217947959899902
33,3,4,24,27,27,1,0.453292608261108,1,1,1,1,0.16946816444397
33,3,4,25,9,9,1,0.584495067596436,1,1,1,1,0.203292608261108
33,3,4,26,81,81,1,0.502095699310303,1,1,1,1,0.334495067596436
33,3,4,27,0,0,1,0.419536113739014,1,1,1,1,0.252095699310303
33,3,4,28,-27,27,0,0.317811012268066,1,1,1,1,0.169536113739014
33,3,4,29,-81,81,0,0.485798358917236,-1,-1,1,1,0.0678110122680664
33,3,4,30,-0,0,1,0.419354915618896,-1,-1,-1,-1,0.235798358917236
33,3,4,31,-9,9,0,0.619184970855713,-1,1,-1,-1,0.169354915618896
33,3,4,32,-27,27,0,0.417953491210938,-1,-1,1,-1,0.369184970855713
33,3,4,33,-0,0,0,0.550548315048218,-1,-1,-1,-1,0.167953491210938
33,3,4,34,-3,3,0,0.469113349914551,-1,-1,-1,-1,0.300548315048218
33,3,4,35,-9,9,0,0.485583305358887,-1,-1,-1,-1,0.219113349914551
33,3,4,36,-9,9,1,0.333873510360718,-1,-1,-1,-1,0.235583305358887
33,3,4,37,3,3,0,0.434475421905518,-1,1,-1,-1,0.0838735103607178
33,3,4,38,3,3,1,0.517989158630371,1,-1,1,-1,0.184475421905518
33,3,4,39,9,9,1,0.584424257278442,1,1,-1,1,0.267989158630371
33,3,4,40,3,3,0,0.534503221511841,1,1,1,1,0.334424257278442
33,3,4,41,9,9,1,0.386196851730347,1,-1,1,1,0.284503221511841
33,3,4,42,3,3,1,0.585523366928101,1,1,-1,1,0.136196851730347
33,3,4,43,3,3,1,0.284481048583984,1,1,1,1,0.335523366928101
33,3,4,44,3,3,0,0.467899560928345,1,1,1,1,0.0344810485839844
33,3,4,45,-9,9,0,0.419424533843994,1,-1,1,1,0.217899560928345
33,3,4,46,-0,0,0,0.602150201797485,-1,-1,-1,1,0.169424533843994
33,3,4,47,-81,81,0,0.485289096832275,-1,-1,-1,-1,0.352150201797485
33,3,4,48,-81,81,0,0.467162132263184,-1,-1,-1,-1,0.235289096832275
33,3,4,49,-3,3,0,0.717761039733887,-1,-1,-1,-1,0.217162132263184
33,3,4,50,-0,0,0,0.517148017883301,-1,-1,-1,-1,0.467761039733887
33,3,4,51,-9,9,0,0.434457302093506,-1,-1,-1,-1,0.267148017883301
33,3,4,52,-3,3,0,0.38538384437561,-1,-1,-1,-1,0.184457302093506
33,3,4,53,-27,27,0,0.500516414642334,-1,-1,-1,-1,0.13538384437561
33,3,4,54,-3,3,0,0.434314727783203,-1,-1,-1,-1,0.250516414642334
33,3,4,55,-27,27,0,0.367872953414917,-1,-1,-1,-1,0.184314727783203
33,3,4,56,-3,3,0,0.469018459320068,-1,-1,-1,-1,0.117872953414917
33,3,4,57,-27,27,0,0.450924396514893,-1,-1,-1,-1,0.219018459320068
33,3,4,58,-3,3,0,0.500498294830322,-1,-1,-1,-1,0.200924396514893
33,3,4,59,81,81,1,0.386354446411133,-1,-1,-1,-1,0.250498294830322
33,3,4,60,-3,3,1,0.484516859054565,1,1,-1,-1,0.136354446411133
33,3,4,61,-9,9,1,0.351049423217773,-1,1,1,1,0.234516859054565
33,3,4,62,-27,27,0,0.38493275642395,-1,1,1,-1,0.101049423217773
33,3,4,63,-3,3,1,0.784471273422241,-1,-1,1,-1,0.13493275642395
33,3,4,64,81,81,1,0.4344482421875,-1,1,-1,-1,0.534471273422241
33,3,4,65,3,3,0,0.48600959777832,1,1,1,-1,0.1844482421875
33,3,4,66,0,0,0,0.58612322807312,1,-1,1,1,0.23600959777832
33,3,4,67,27,27,1,0.384666442871094,1,-1,-1,1,0.33612322807312
33,3,4,68,9,9,1,0.401035785675049,1,1,-1,1,0.134666442871094
33,3,4,69,-81,81,0,0.451095342636108,1,1,1,1,0.151035785675049
33,3,4,70,-27,27,0,0.469266653060913,-1,-1,1,1,0.201095342636108
33,3,4,71,-9,9,0,0.36909556388855,-1,-1,-1,-1,0.219266653060913
33,3,4,72,-9,9,0,0.468739032745361,-1,-1,-1,-1,0.11909556388855
33,3,4,73,-3,3,1,0.617776155471802,-1,-1,-1,-1,0.218739032745361
33,3,4,74,-81,81,0,0.452386617660522,-1,1,-1,-1,0.367776155471802
33,3,4,75,-9,9,0,0.635425567626953,-1,-1,1,-1,0.202386617660522
33,3,4,76,-9,9,1,0.750483512878418,-1,-1,-1,-1,0.385425567626953
33,3,4,77,3,3,1,0.385425567626953,-1,1,-1,-1,0.500483512878418
33,3,4,78,81,81,1,0.385165214538574,1,1,1,-1,0.135425567626953
33,3,4,79,-9,9,1,0.634454965591431,1,1,1,1,0.135165214538574
33,3,4,80,-27,27,0,0.501805543899536,-1,1,1,1,0.384454965591431
33,3,4,81,-81,81,0,0.400495052337646,-1,-1,1,-1,0.251805543899536
33,3,4,82,-27,27,0,0.535399913787842,-1,-1,-1,-1,0.150495052337646
33,3,4,83,-9,9,1,0.385803937911987,-1,-1,-1,-1,0.285399913787842
33,3,4,84,81,81,1,0.402280569076538,-1,1,-1,-1,0.135803937911987
33,3,4,85,27,27,1,0.367676973342896,1,1,1,-1,0.152280569076538
33,3,4,86,81,81,1,0.301111221313477,1,1,1,1,0.117676973342896
33,3,4,87,27,27,1,0.618664264678955,1,1,1,1,0.0511112213134766
33,3,4,88,0,0,0,0.552831411361694,1,1,1,1,0.368664264678955
33,3,4,89,9,9,1,0.433836936950684,1,-1,1,1,0.302831411361694
33,3,4,90,27,27,1,0.517808198928833,1,1,-1,1,0.183836936950684
33,3,4,91,-3,3,1,0.935823678970337,1,1,1,1,0.267808198928833
33,3,4,92,-81,81,0,0.520027160644531,-1,1,1,1,0.685823678970337
33,3,4,93,3,3,1,0.652723073959351,-1,-1,1,-1,0.270027160644531
33,3,4,94,-81,81,0,0.502630710601807,1,1,-1,-1,0.402723073959351
33,3,4,95,-9,9,0,1.05231785774231,-1,-1,1,1,0.252630710601807
33,3,4,96,-9,9,0,0.517820596694946,-1,-1,-1,-1,0.80231785774231
33,3,4,97,-81,81,0,0.333898544311523,-1,-1,-1,-1,0.267820596694946
33,3,4,98,-81,81,0,0.467824459075928,-1,-1,-1,-1,0.0838985443115234
33,3,4,99,27,27,1,0.418554306030273,-1,-1,-1,-1,0.217824459075928
33,3,5,2,3,3,1,0.43384838104248,1,1,1,-1,0.300736904144287
33,3,5,3,3,3,1,0.417732954025269,1,1,1,1,0.18384838104248
33,3,5,4,-0,0,1,0.400962591171265,1,1,1,1,0.167732954025269
33,3,5,5,-9,9,1,0.535683870315552,-1,1,1,1,0.150962591171265
33,3,5,6,27,27,1,0.434369325637817,-1,1,1,-1,0.285683870315552
33,3,5,7,81,81,1,0.435965061187744,1,1,1,-1,0.184369325637817
33,3,5,8,-9,9,1,0.502698421478271,1,1,1,1,0.185965061187744
33,3,5,9,-9,9,0,0.617142915725708,-1,1,1,1,0.252698421478271
33,3,5,10,3,3,1,0.302950859069824,-1,-1,1,-1,0.367142915725708
33,3,5,11,27,27,1,0.301270961761475,1,1,-1,-1,0.0529508590698242
33,3,5,12,3,3,0,0.85242486000061,1,1,1,1,0.0512709617614746
33,3,5,13,9,9,0,1.43512058258057,1,-1,1,1,0.60242486000061
33,3,5,14,-27,27,0,0.501930952072144,1,-1,-1,1,1.18512058258057
33,3,5,15,81,81,1,0.43386435508728,-1,-1,-1,1,0.251930952072144
33,3,5,16,-27,27,0,0.417259216308594,1,1,-1,-1,0.18386435508728
33,3,5,17,0,0,0,0.75199294090271,-1,-1,1,1,0.167259216308594
33,3,5,18,-9,9,0,0.533831834793091,1,-1,-1,-1,0.50199294090271
33,3,5,19,3,3,0,0.386096239089966,-1,-1,-1,1,0.283831834793091
33,3,5,20,27,27,1,0.401116847991943,1,-1,-1,-1,0.136096239089966
33,3,5,21,9,9,1,0.552344560623169,1,1,-1,1,0.151116847991943
33,3,5,22,-27,27,0,0.452301025390625,1,1,1,1,0.302344560623169
33,3,5,23,0,0,0,0.43436598777771,-1,-1,1,1,0.202301025390625
33,3,5,24,0,0,1,0.450964212417603,1,-1,-1,-1,0.18436598777771
33,3,5,25,-81,81,0,0.435952425003052,1,1,-1,1,0.200964212417603
33,3,5,26,-27,27,0,0.467793703079224,-1,-1,1,1,0.185952425003052
33,3,5,27,-81,81,0,0.31714916229248,-1,-1,-1,-1,0.217793703079224
33,3,5,28,27,27,1,0.367646217346191,-1,-1,-1,-1,0.0671491622924805
33,3,5,29,-9,9,0,0.750530481338501,1,1,-1,-1,0.117646217346191
33,3,5,30,81,81,1,0.534462690353394,-1,-1,1,1,0.500530481338501
33,3,5,31,27,27,1,0.384829759597778,1,1,-1,-1,0.284462690353394
33,3,5,32,3,3,1,0.384984016418457,1,1,1,1,0.134829759597778
33,3,5,33,3,3,1,0.567659139633179,1,1,1,1,0.134984016418457
33,3,5,34,27,27,1,0.46717643737793,1,1,1,1,0.317659139633179
33,3,5,35,3,3,1,0.601089239120483,1,1,1,1,0.21717643737793
33,3,5,36,81,81,1,0.518063306808472,1,1,1,1,0.351089239120483
33,3,5,37,3,3,1,0.501682996749878,1,1,1,1,0.268063306808472
33,3,5,38,-81,81,0,0.467909336090088,1,1,1,1,0.251682996749878
33,3,5,39,3,3,1,0.469055891036987,-1,-1,1,1,0.217909336090088
33,3,5,40,-81,81,0,0.350992441177368,1,1,-1,-1,0.219055891036987
33,3,5,41,9,9,1,0.519556760787964,-1,-1,1,1,0.100992441177368
33,3,5,42,0,0,0,0.683852910995483,1,1,-1,-1,0.269556760787964
33,3,5,43,0,0,0,0.417788028717041,1,-1,1,1,0.433852910995483
33,3,5,44,-3,3,0,0.867777585983276,1,-1,-1,1,0.167788028717041
33,3,5,45,-81,81,0,0.535964727401733,-1,-1,-1,1,0.617777585983276
33,3,5,46,0,0,0,0.41904354095459,-1,-1,-1,-1,0.285964727401733
33,3,5,47,9,9,1,0.569470167160034,1,-1,-1,-1,0.16904354095459
33,3,5,48,9,9,1,0.450481414794922,1,1,-1,1,0.319470167160034
33,3,5,49,-9,9,0,0.336074352264404,1,1,1,1,0.200481414794922
33,3,5,50,9,9,1,0.335158586502075,-1,-1,1,1,0.0860743522644043
33,3,5,51,-81,81,0,0.5671546459198,1,1,-1,-1,0.0851585865020752
33,3,5,52,81,81,1,0.567182779312134,-1,-1,1,1,0.3171546459198
33,3,5,53,3,3,1,0.618388175964355,1,1,-1,-1,0.317182779312134
33,3,5,54,-81,81,0,0.53590989112854,1,1,1,1,0.368388175964355
33,3,5,55,81,81,1,0.517162322998047,-1,-1,1,1,0.28590989112854
33,3,5,56,-3,3,0,0.486129999160767,1,1,-1,-1,0.267162322998047
33,3,5,57,-81,81,0,0.50252628326416,-1,-1,1,1,0.236129999160767
33,3,5,58,-3,3,0,0.552065849304199,-1,-1,-1,-1,0.25252628326416
33,3,5,59,81,81,1,0.552028894424438,-1,-1,-1,-1,0.302065849304199
33,3,5,60,81,81,1,0.518712759017944,1,1,-1,-1,0.302028894424438
33,3,5,61,9,9,1,0.502291917800903,1,1,1,1,0.268712759017944
33,3,5,62,3,3,1,0.468703985214233,1,1,1,1,0.252291917800903
33,3,5,63,9,9,0,0.618146896362305,1,1,1,1,0.218703985214233
33,3,5,64,9,9,1,0.651987314224243,1,-1,1,1,0.368146896362305
33,3,5,65,3,3,1,0.951424837112427,1,1,-1,1,0.401987314224243
33,3,5,66,81,81,1,0.483827114105225,1,1,1,1,0.701424837112427
33,3,5,67,27,27,1,0.384808301925659,1,1,1,1,0.233827114105225
33,3,5,68,-3,3,0,0.568686723709106,1,1,1,1,0.134808301925659
33,3,5,69,27,27,1,0.45112156867981,-1,-1,1,1,0.318686723709106
33,3,5,70,-9,9,1,0.551117897033691,1,1,-1,-1,0.20112156867981
33,3,5,71,-27,27,0,0.485323667526245,-1,1,1,1,0.301117897033691
33,3,5,72,-81,81,0,0.367252349853516,-1,-1,1,-1,0.235323667526245
33,3,5,73,-81,81,0,0.535582780838013,-1,-1,-1,-1,0.117252349853516
33,3,5,74,27,27,1,0.467784643173218,-1,-1,-1,-1,0.285582780838013
33,3,5,75,-81,81,0,0.385771036148071,1,1,-1,-1,0.217784643173218
33,3,5,76,27,27,1,0.451127052307129,-1,-1,1,1,0.135771036148071
33,3,5,77,-0,0,1,0.452674388885498,1,1,-1,-1,0.201127052307129
33,3,5,78,81,81,1,0.383846044540405,-1,1,1,1,0.202674388885498
33,3,5,79,-9,9,0,0.417704105377197,1,1,1,-1,0.133846044540405
33,3,5,80,27,27,1,0.401108026504517,-1,-1,1,1,0.167704105377197
33,3,5,81,9,9,1,0.501085996627808,1,1,-1,-1,0.151108026504517
33,3,5,82,-9,9,1,0.817654371261597,1,1,1,1,0.251085996627808
33,3,5,83,-0,0,1,0.435274600982666,-1,1,1,1,0.567654371261597
33,3,5,84,-81,81,0,0.569545984268188,-1,1,1,-1,0.185274600982666
33,3,5,85,-27,27,0,0.385467529296875,-1,-1,1,-1,0.319545984268188
33,3,5,86,27,27,1,0.335189342498779,-1,-1,-1,-1,0.135467529296875
33,3,5,87,0,0,0,0.567746877670288,1,1,-1,-1,0.0851893424987793
33,3,5,88,-3,3,0,0.585466623306274,1,-1,1,1,0.317746877670288
33,3,5,89,-9,9,0,0.518637418746948,-1,-1,-1,1,0.335466623306274
33,3,5,90,-27,27,0,0.385847330093384,-1,-1,-1,-1,0.268637418746948
33,3,5,91,-27,27,0,0.451222658157349,-1,-1,-1,-1,0.135847330093384
33,3,5,92,-3,3,0,0.401123523712158,-1,-1,-1,-1,0.201222658157349
33,3,5,93,27,27,1,0.469585657119751,-1,-1,-1,-1,0.151123523712158
33,3,5,94,9,9,1,0.434524536132812,1,1,-1,-1,0.219585657119751
33,3,5,95,3,3,1,0.36778998374939,1,1,1,1,0.184524536132812
33,3,5,96,3,3,0,0.583867788314819,1,1,1,1,0.11778998374939
33,3,5,97,3,3,1,0.335510730743408,1,-1,1,1,0.333867788314819
33,3,5,98,-27,27,0,0.384326934814453,1,1,-1,1,0.0855107307434082
33,3,5,99,-0,0,1,0.502151966094971,-1,-1,1,1,0.134326934814453
33,3,6,2,27,27,1,0.317862272262573,1,-1,1,1,0.534056186676025
33,3,6,3,-3,3,0,0.552660703659058,1,1,-1,1,0.0678622722625732
33,3,6,4,-3,3,1,0.385238885879517,-1,-1,1,1,0.302660703659058
33,3,6,5,-81,81,0,0.500473976135254,-1,1,-1,-1,0.135238885879517
33,3,6,6,-81,81,0,0.502620935440063,-1,-1,1,-1,0.250473976135254
33,3,6,7,-27,27,0,0.534998893737793,-1,-1,-1,-1,0.252620935440063
33,3,6,8,-3,3,1,0.501134395599365,-1,-1,-1,-1,0.284998893737793
33,3,6,9,9,9,0,0.618425607681274,-1,1,-1,-1,0.251134395599365
33,3,6,10,27,27,1,0.451182842254639,1,-1,1,-1,0.368425607681274
33,3,6,11,3,3,1,0.752599954605103,1,1,-1,1,0.201182842254639
33,3,6,12,9,9,1,0.583810329437256,1,1,1,1,0.502599954605103
33,3,6,13,9,9,1,0.385465621948242,1,1,1,1,0.333810329437256
33,3,6,14,3,3,1,0.536375999450684,1,1,1,1,0.135465621948242
33,3,6,15,9,9,1,0.369323492050171,1,1,1,1,0.286375999450684
33,3,6,16,27,27,1,0.502714872360229,1,1,1,1,0.119323492050171
33,3,6,17,9,9,1,0.418288707733154,1,1,1,1,0.252714872360229
33,3,6,18,-81,81,0,0.517723798751831,1,1,1,1,0.168288707733154
33,3,6,19,-9,9,1,0.434477090835571,-1,-1,1,1,0.267723798751831
33,3,6,20,-0,0,1,0.419436931610107,-1,1,-1,-1,0.184477090835571
33,3,6,21,-9,9,1,0.400496006011963,-1,1,1,-1,0.169436931610107
33,3,6,22,3,3,1,0.501107931137085,-1,1,1,-1,0.150496006011963
33,3,6,23,0,0,1,0.383841276168823,1,1,1,-1,0.251107931137085
33,3,6,24,-9,9,0,0.46869945526123,1,1,1,1,0.133841276168823
33,3,6,25,-3,3,1,0.434600114822388,-1,-1,1,1,0.21869945526123
33,3,6,26,-9,9,0,0.434465646743774,-1,1,-1,-1,0.184600114822388
33,3,6,27,3,3,0,0.550558090209961,-1,-1,1,-1,0.184465646743774
33,3,6,28,3,3,0,0.468568801879883,1,-1,-1,-1,0.300558090209961
33,3,6,29,27,27,1,0.368815660476685,1,-1,-1,1,0.218568801879883
33,3,6,30,9,9,1,0.551172971725464,1,1,-1,1,0.118815660476685
33,3,6,31,-3,3,1,0.519039869308472,1,1,1,1,0.301172971725464
33,3,6,32,-81,81,0,0.517607688903809,-1,1,1,1,0.269039869308472
33,3,6,33,-3,3,1,0.402172803878784,-1,-1,1,-1,0.267607688903809
33,3,6,34,-27,27,0,0.335566759109497,-1,1,-1,-1,0.152172803878784
33,3,6,35,-27,27,0,0.401208639144897,-1,-1,1,-1,0.0855667591094971
33,3,6,36,-81,81,0,0.550515651702881,-1,-1,-1,-1,0.151208639144897
33,3,6,37,-81,81,0,0.467740058898926,-1,-1,-1,-1,0.300515651702881
33,3,6,38,-3,3,0,0.400570869445801,-1,-1,-1,-1,0.217740058898926
33,3,6,39,-3,3,1,0.667859792709351,-1,-1,-1,-1,0.150570869445801
33,3,6,40,27,27,1,0.434271335601807,-1,1,-1,-1,0.417859792709351
33,3,6,41,3,3,1,0.518588781356812,1,1,1,-1,0.184271335601807
33,3,6,42,81,81,1,0.518724679946899,1,1,1,1,0.268588781356812
33,3,6,43,9,9,1,0.434474229812622,1,1,1,1,0.268724679946899
33,3,6,44,81,81,1,0.500609636306763,1,1,1,1,0.184474229812622
33,3,6,45,81,81,1,0.485746622085571,1,1,1,1,0.250609636306763
33,3,6,46,-0,0,1,0.450543403625488,1,1,1,1,0.235746622085571
33,3,6,47,-81,81,0,0.385450601577759,-1,1,1,1,0.200543403625488
33,3,6,48,-27,27,0,0.518714427947998,-1,-1,1,-1,0.135450601577759
33,3,6,49,-81,81,0,0.550507068634033,-1,-1,-1,-1,0.268714427947998
33,3,6,50,-0,0,0,0.368116855621338,-1,-1,-1,-1,0.300507068634033
33,3,6,51,81,81,1,0.483815670013428,-1,-1,-1,-1,0.118116855621338
33,3,6,52,81,81,1,0.468721628189087,1,1,-1,-1,0.233815670013428
33,3,6,53,-9,9,0,0.536006212234497,1,1,1,1,0.218721628189087
33,3,6,54,27,27,1,0.601447105407715,-1,-1,1,1,0.286006212234497
33,3,6,55,27,27,1,0.468726634979248,1,1,-1,-1,0.351447105407715
33,3,6,56,0,0,1,0.486454963684082,1,1,1,1,0.218726634979248
33,3,6,57,-27,27,0,0.502093553543091,1,1,1,1,0.236454963684082
33,3,6,58,-9,9,0,0.517817974090576,-1,-1,1,1,0.252093553543091
33,3,6,59,81,81,1,0.51874566078186,-1,-1,-1,-1,0.267817974090576
33,3,6,60,-27,27,0,0.402530908584595,1,1,-1,-1,0.26874566078186
33,3,6,61,-27,27,0,0.819457292556763,-1,-1,1,1,0.152530908584595
33,3,6,62,-9,9,0,0.602654218673706,-1,-1,-1,-1,0.569457292556763
33,3,6,63,-81,81,0,0.550500631332397,-1,-1,-1,-1,0.352654218673706
33,3,6,64,-9,9,0,0.550983428955078,-1,-1,-1,-1,0.300500631332397
33,3,6,65,-81,81,0,0.517905712127686,-1,-1,-1,-1,0.300983428955078
33,3,6,66,-27,27,0,0.683856010437012,-1,-1,-1,-1,0.267905712127686
33,3,6,67,-9,9,0,0.53541111946106,-1,-1,-1,-1,0.433856010437012
33,3,6,68,-81,81,0,0.602579593658447,-1,-1,-1,-1,0.28541111946106
33,3,6,69,9,9,1,0.551140308380127,-1,-1,-1,-1,0.352579593658447
33,3,6,70,3,3,1,0.668514728546143,1,1,-1,-1,0.301140308380127
33,3,6,71,27,27,1,0.451230525970459,1,1,1,1,0.418514728546143
33,3,6,72,9,9,1,0.534872531890869,1,1,1,1,0.201230525970459
33,3,6,73,-81,81,0,0.985720157623291,1,1,1,1,0.284872531890869
33,3,6,74,0,0,1,0.48605751991272,-1,-1,1,1,0.735720157623291
33,3,6,75,9,9,1,0.534610033035278,1,1,-1,-1,0.23605751991272
33,3,6,76,0,0,0,0.48388147354126,1,1,1,1,0.284610033035278
33,3,6,77,27,27,1,0.534837961196899,1,-1,1,1,0.23388147354126
33,3,6,78,-0,0,1,0.752614498138428,1,1,-1,1,0.284837961196899
33,3,6,79,-3,3,0,0.336058378219604,-1,1,1,1,0.502614498138428
33,3,6,80,3,3,1,0.468006610870361,-1,-1,1,-1,0.0860583782196045
33,3,6,81,-27,27,0,0.486016273498535,1,1,-1,-1,0.218006610870361
33,3,6,82,-0,0,1,0.519451141357422,-1,-1,1,1,0.236016273498535
33,3,6,83,-81,81,0,0.534976482391357,-1,1,-1,-1,0.269451141357422
33,3,6,84,3,3,1,0.567898511886597,-1,-1,1,-1,0.284976482391357
33,3,6,85,27,27,1,0.550500392913818,1,1,-1,-1,0.317898511886597
33,3,6,86,3,3,0,0.61780047416687,1,1,1,1,0.300500392913818
33,3,6,87,3,3,0,0.802643775939941,1,-1,1,1,0.36780047416687
33,3,6,88,27,27,1,0.369406938552856,1,-1,-1,1,0.552643775939941
33,3,6,89,9,9,1,0.783870697021484,1,1,-1,1,0.119406938552856
33,3,6,90,81,81,1,0.568493366241455,1,1,1,1,0.533870697021484
33,3,6,91,27,27,1,0.568856716156006,1,1,1,1,0.318493366241455
33,3,6,92,3,3,1,0.517813682556152,1,1,1,1,0.318856716156006
33,3,6,93,9,9,0,0.702366352081299,1,1,1,1,0.267813682556152
33,3,6,94,0,0,1,0.48456335067749,1,-1,1,1,0.452366352081299
33,3,6,95,27,27,1,0.685331344604492,1,1,-1,1,0.23456335067749
33,3,6,96,3,3,1,0.83393931388855,1,1,1,1,0.435331344604492
33,3,6,97,81,81,1,0.534533262252808,1,1,1,1,0.58393931388855
33,3,6,98,81,81,1,0.55279016494751,1,1,1,1,0.284533262252808
33,3,6,99,9,9,1,0.567764759063721,1,1,1,1,0.30279016494751
